Record time: 2023-11-30T21:00:02Z
Event time: 2023-12-02T01:57:29.400Z
Status: Underway
Travel distance: 364.2084233261339
Num waypoints: 77
Waypoints: (60.75831226910362, 23.52392065344224), (60.68831421349404, 23.593932322053675), (60.61831615788448, 23.663943990665107), (60.548318102274926, 23.733955659276535), (60.47832004666537, 23.803967327887968), (60.40832199105581, 23.873978996499403), (60.33832393544625, 23.943990665110842), (60.268325879836674, 24.014002333722278), (60.19832782422711, 24.084014002333717), (60.12832976553274, 24.15402566970597), (60.05833170992677, 24.224037338313817), (59.9883336543208, 24.294049006921664), (59.918335598714826, 24.36406067552951), (59.848337543108855, 24.43407234413735), (59.778339487502876, 24.50408401274519), (59.7083414318969, 24.57409568135304), (59.638343376290926, 24.64410734996088), (59.56834532068494, 24.715913367970117), (59.49834726507898, 24.78345780615105), (59.428349209473, 24.850353865976857), (59.35835115386701, 24.92086501209664), (59.288353098261055, 24.994067682318512), (59.21835504265506, 25.074606075093133), (59.14835698704909, 25.14683429296151), (59.07835893144311, 25.203531587439702), (59.008360875837134, 25.24310340013109), (58.938362820231184, 25.26598323981962), (58.868364764625184, 25.284641080916646), (58.79836670901922, 25.29319439770605), (58.728368653413256, 25.303830441479214), (58.65837059780727, 25.31311129909733), (58.5883725422013, 25.322177287144285), (58.51837448659532, 25.339238685023894), (58.44837643098934, 25.361300512485325), (58.37837837538336, 25.376211329832387), (58.3083803197774, 25.39479000845582), (58.23838226417141, 25.41186271526023), (58.168384208565456, 25.450706987122903), (58.09838615295947, 25.491886551956508), (58.02838809735349, 25.527824430145916), (57.958390041747506, 25.561008585146855), (57.88839198614154, 25.591448441063314), (57.81839393053556, 25.612958016030404), (57.74839587492958, 25.619385254957656), (57.678397819323614, 25.603554645060296), (57.60839976371764, 25.58137972835088), (57.53840170811167, 25.558594129702335), (57.468403652505685, 25.55317526990296), (57.398405596899714, 25.57383856033095), (57.32840754129375, 25.62183929163897), (57.25661548517795, 25.68886728892076), (57.189084180272964, 25.766435204114927), (57.122201127653035, 25.839296721772037), (57.053497692162864, 25.90373686009573), (56.97425450367756, 25.940669923667425), (56.89913827014654, 25.975001934535417), (56.82871998122786, 26.009982323758546), (56.76978932582578, 26.05179895802248), (56.727519131040545, 26.104524935075535), (56.70185851660558, 26.16735732125701), (56.687159772932766, 26.24926597875307), (56.67404397088626, 26.33299725796251), (56.652510311405585, 26.413175649964376), (56.615294223098616, 26.47100572174324), (56.56047921592493, 26.50926946879958), (56.488779498070684, 26.527529612707852), (56.422753872165, 26.521262583548584), (56.35474014695487, 26.496588394458662), (56.27798934063656, 26.462974250363594), (56.2005028233302, 26.420168776278537), (56.12594603288787, 26.370432816112334), (56.058937938154855, 26.315022602928096), (56.005132073396574, 26.254370703099408), (55.97127062213742, 26.18854666651377), (55.96521155330295, 26.117997384182836), (55.99592880966533, 26.044567153259294), (56.07348554859199, 25.972797449460426)

Record time: 2023-11-30T21:42:23Z
Event time: 2023-12-02T02:38:10.571Z
Status: Underway
Travel distance: 359.3903887688985
Num waypoints: 75
Waypoints: (60.61831615788448, 23.45390898483079), (60.54831810227496, 23.52392065344224), (60.478320046665395, 23.59393232205368), (60.40832199105582, 23.66394399066511), (60.33832393544625, 23.733955659276546), (60.26832587983668, 23.80396732788798), (60.19832782422712, 23.873978996499417), (60.12832976861756, 23.943990665110856), (60.05833171300801, 24.014002333722292), (59.9883336543208, 24.08401400109813), (59.918335598714826, 24.15402566970597), (59.848337543108855, 24.224037338313817), (59.778339487502876, 24.294049006921664), (59.7083414318969, 24.36406067552951), (59.638343376290926, 24.43407234413735), (59.56834532068494, 24.50408401274519), (59.49834726507898, 24.57409568135304), (59.428349209473, 24.64410734996088), (59.35835115386701, 24.715913367970117), (59.288353098261055, 24.781663456749655), (59.21835504265506, 24.85282109640377), (59.14835698704909, 24.92398062087868), (59.07835893144311, 24.99536255420796), (59.008360875837134, 25.067153493650796), (58.938362820231184, 25.13565919043961), (58.868364764625184, 25.20493012447314), (58.79836670901922, 25.259109298362826), (58.728368653413256, 25.301964468887434), (58.65837059780727, 25.325929965356643), (58.5883725422013, 25.333927260010114), (58.51837448659532, 25.341607904769212), (58.44837643098934, 25.356217150788314), (58.37837837538336, 25.37242284002483), (58.3083803197774, 25.394117127430302), (58.23838226417141, 25.413657064661617), (58.168384208565456, 25.450706987122903), (58.09838615295947, 25.491886551956508), (58.02838809735349, 25.527824430145916), (57.958390041747506, 25.561008585146855), (57.88839198614154, 25.591448441063314), (57.81839393053556, 25.612958016030404), (57.74839587492958, 25.619385254957656), (57.678397819323614, 25.603554645060296), (57.60839976371764, 25.58137972835088), (57.53840170811167, 25.558594129702335), (57.468403652505685, 25.55317526990296), (57.398405596899714, 25.57383856033095), (57.32840754129375, 25.62183929163897), (57.25661548517795, 25.68886728892076), (57.189084180272964, 25.766435204114927), (57.122201127653035, 25.839296721772037), (57.053497692162864, 25.90373686009573), (56.97425450367756, 25.940669923667425), (56.89913827014654, 25.975001934535417), (56.82871998122786, 26.009982323758546), (56.76978932582578, 26.05179895802248), (56.727519131040545, 26.104524935075535), (56.70185851660558, 26.16735732125701), (56.687159772932766, 26.24926597875307), (56.67404397088626, 26.33299725796251), (56.652510311405585, 26.413175649964376), (56.615294223098616, 26.47100572174324), (56.56047921592493, 26.50926946879958), (56.488779498070684, 26.527529612707852), (56.422753872165, 26.521262583548584), (56.35474014695487, 26.496588394458662), (56.27798934063656, 26.462974250363594), (56.2005028233302, 26.420168776278537), (56.12594603288787, 26.370432816112334), (56.058937938154855, 26.315022602928096), (56.005132073396574, 26.254370703099408), (55.97127062213742, 26.18854666651377), (55.96521155330295, 26.117997384182836), (55.99592880966533, 26.044567153259294), (56.07348554859199, 25.972797449460426)

Record time: 2023-11-30T22:36:19Z
Event time: 2023-12-02T03:14:06.250Z
Status: Underway
Travel distance: 348.7845572354212
Num waypoints: 72
Waypoints: (60.408321991055786, 23.45390898483079), (60.33832393544621, 23.52392065344224), (60.268325879836645, 23.59393232205368), (60.198327824227086, 23.66394399066511), (60.128329768617526, 23.733955659276546), (60.058331713007966, 23.80396732788798), (59.98833365739841, 23.873978996499417), (59.91833560178885, 23.943990665110856), (59.84833754617928, 24.014002333722292), (59.778339487502876, 24.08401400109813), (59.7083414318969, 24.15402566970597), (59.638343376290926, 24.224037338313817), (59.56834532068494, 24.294049006921664), (59.49834726507898, 24.36406067552951), (59.428349209473, 24.43407234413735), (59.35835115386701, 24.50408401274519), (59.288353098261055, 24.57409568135304), (59.21835504265506, 24.64410734996088), (59.14835698704909, 24.714119018568724), (59.07835893144311, 24.78592503657796), (59.008360875837134, 24.853469474758892), (58.938362820231184, 24.918571185183307), (58.868364764625184, 24.993343911131394), (58.79836670901922, 25.067194959708395), (58.728368653413256, 25.144118266189025), (58.65837059780727, 25.211860610553934), (58.5883725422013, 25.26548376230769), (58.51837448659532, 25.31221977885904), (58.44837643098934, 25.353071384873484), (58.37837837538336, 25.38075563278066), (58.3083803197774, 25.402252014002155), (58.23838226417141, 25.416674662762066), (58.168384208565456, 25.449885205254198), (58.09838615295947, 25.486303712747556), (58.02838809735349, 25.527151549120397), (57.958390041747506, 25.562802934548248), (57.88839198614154, 25.591448441063314), (57.81839393053556, 25.612958016030404), (57.74839587492958, 25.619385254957656), (57.678397819323614, 25.603554645060296), (57.60839976371764, 25.58137972835088), (57.53840170811167, 25.558594129702335), (57.468403652505685, 25.55317526990296), (57.398405596899714, 25.57383856033095), (57.32840754129375, 25.62183929163897), (57.25661548517795, 25.68886728892076), (57.189084180272964, 25.766435204114927), (57.122201127653035, 25.839296721772037), (57.053497692162864, 25.90373686009573), (56.97425450367756, 25.940669923667425), (56.89913827014654, 25.975001934535417), (56.82871998122786, 26.009982323758546), (56.76978932582578, 26.05179895802248), (56.727519131040545, 26.104524935075535), (56.70185851660558, 26.16735732125701), (56.687159772932766, 26.24926597875307), (56.67404397088626, 26.33299725796251), (56.652510311405585, 26.413175649964376), (56.615294223098616, 26.47100572174324), (56.56047921592493, 26.50926946879958), (56.488779498070684, 26.527529612707852), (56.422753872165, 26.521262583548584), (56.35474014695487, 26.496588394458662), (56.27798934063656, 26.462974250363594), (56.2005028233302, 26.420168776278537), (56.12594603288787, 26.370432816112334), (56.058937938154855, 26.315022602928096), (56.005132073396574, 26.254370703099408), (55.97127062213742, 26.18854666651377), (55.96521155330295, 26.117997384182836), (55.99592880966533, 26.044567153259294), (56.07348554859199, 25.972797449460426)

Record time: 2023-11-30T23:05:35Z
Event time: 2023-12-02T04:07:28.125Z
Status: Underway
Travel distance: 343.079373650108
Num waypoints: 71
Waypoints: (60.33832393544622, 23.52392065344224), (60.26832587983667, 23.593932322053675), (60.1983278242271, 23.663943990665107), (60.12832976861753, 23.733955659276535), (60.058331713007966, 23.803967327887968), (59.98833365739841, 23.873978996499403), (59.918335601788854, 23.943990665110842), (59.848337546179295, 24.014002333722278), (59.778339490569735, 24.084014002333717), (59.7083414318969, 24.15402566970597), (59.638343376290926, 24.224037338313817), (59.56834532068494, 24.294049006921664), (59.49834726507898, 24.36406067552951), (59.428349209473, 24.43407234413735), (59.35835115386701, 24.50408401274519), (59.288353098261055, 24.57409568135304), (59.21835504265506, 24.64410734996088), (59.14835698704909, 24.714119018568724), (59.07835893144311, 24.78592503657796), (59.008360875837134, 24.853469474758892), (58.938362820231184, 24.918571185183307), (58.868364764625184, 24.993343911131394), (58.79836670901922, 25.067194959708395), (58.728368653413256, 25.144118266189025), (58.65837059780727, 25.211860610553934), (58.5883725422013, 25.26548376230769), (58.51837448659532, 25.31221977885904), (58.44837643098934, 25.353071384873484), (58.37837837538336, 25.38075563278066), (58.3083803197774, 25.402252014002155), (58.23838226417141, 25.416674662762066), (58.168384208565456, 25.449885205254198), (58.09838615295947, 25.486303712747556), (58.02838809735349, 25.527151549120397), (57.958390041747506, 25.562802934548248), (57.88839198614154, 25.591448441063314), (57.81839393053556, 25.612958016030404), (57.74839587492958, 25.619385254957656), (57.678397819323614, 25.603554645060296), (57.60839976371764, 25.58137972835088), (57.53840170811167, 25.558594129702335), (57.468403652505685, 25.55317526990296), (57.398405596899714, 25.57383856033095), (57.32840754129375, 25.62183929163897), (57.25661548517795, 25.68886728892076), (57.189084180272964, 25.766435204114927), (57.122201127653035, 25.839296721772037), (57.053497692162864, 25.90373686009573), (56.97425450367756, 25.940669923667425), (56.89913827014654, 25.975001934535417), (56.82871998122786, 26.009982323758546), (56.76978932582578, 26.05179895802248), (56.727519131040545, 26.104524935075535), (56.70185851660558, 26.16735732125701), (56.687159772932766, 26.24926597875307), (56.67404397088626, 26.33299725796251), (56.652510311405585, 26.413175649964376), (56.615294223098616, 26.47100572174324), (56.56047921592493, 26.50926946879958), (56.488779498070684, 26.527529612707852), (56.422753872165, 26.521262583548584), (56.35474014695487, 26.496588394458662), (56.27798934063656, 26.462974250363594), (56.2005028233302, 26.420168776278537), (56.12594603288787, 26.370432816112334), (56.058937938154855, 26.315022602928096), (56.005132073396574, 26.254370703099408), (55.97127062213742, 26.18854666651377), (55.96521155330295, 26.117997384182836), (55.99592880966533, 26.044567153259294), (56.07348554859199, 25.972797449460426)

Record time: 2023-11-30T23:29:13Z
Event time: 2023-12-02T04:49:15.500Z
Status: Underway
Travel distance: 339.74190064794817
Num waypoints: 70
Waypoints: (60.26832587983665, 23.52392065344224), (60.19832782422713, 23.593932322053675), (60.12832976861757, 23.663943990665107), (60.058331713008, 23.733955659276535), (59.98833365739843, 23.803967327887968), (59.91833560178886, 23.873978996499403), (59.84833754617931, 23.943990665110842), (59.77833949056975, 24.014002333722278), (59.70834143496019, 24.084014002333717), (59.638343376290926, 24.15402566970597), (59.56834532068494, 24.224037338313817), (59.49834726507898, 24.294049006921664), (59.428349209473, 24.36406067552951), (59.35835115386701, 24.43407234413735), (59.288353098261055, 24.50408401274519), (59.21835504265506, 24.57409568135304), (59.14835698704909, 24.64410734996088), (59.07835893144311, 24.714119018568724), (59.008360875837134, 24.78592503657796), (58.938362820231184, 24.851675125357502), (58.868364764625184, 24.92283276501161), (58.79836670901922, 24.99219794008513), (58.728368653413256, 25.067841453242718), (58.65837059780727, 25.140280771040672), (58.5883725422013, 25.205171381535514), (58.51837448659532, 25.26816209266417), (58.44837643098934, 25.327117402460505), (58.37837837538336, 25.37105634494499), (58.3083803197774, 25.40382018490757), (58.23838226417141, 25.422939807100537), (58.168384208565456, 25.45487055626962), (58.09838615295947, 25.4868031902595), (58.02838809735349, 25.52403594033836), (57.958390041747506, 25.560335704121332), (57.88839198614154, 25.593242790464704), (57.81839393053556, 25.612958016030404), (57.74839587492958, 25.619385254957656), (57.678397819323614, 25.603554645060296), (57.60839976371764, 25.58137972835088), (57.53840170811167, 25.558594129702335), (57.468403652505685, 25.55317526990296), (57.398405596899714, 25.57383856033095), (57.32840754129375, 25.62183929163897), (57.25661548517795, 25.68886728892076), (57.189084180272964, 25.766435204114927), (57.122201127653035, 25.839296721772037), (57.053497692162864, 25.90373686009573), (56.97425450367756, 25.940669923667425), (56.89913827014654, 25.975001934535417), (56.82871998122786, 26.009982323758546), (56.76978932582578, 26.05179895802248), (56.727519131040545, 26.104524935075535), (56.70185851660558, 26.16735732125701), (56.687159772932766, 26.24926597875307), (56.67404397088626, 26.33299725796251), (56.652510311405585, 26.413175649964376), (56.615294223098616, 26.47100572174324), (56.56047921592493, 26.50926946879958), (56.488779498070684, 26.527529612707852), (56.422753872165, 26.521262583548584), (56.35474014695487, 26.496588394458662), (56.27798934063656, 26.462974250363594), (56.2005028233302, 26.420168776278537), (56.12594603288787, 26.370432816112334), (56.058937938154855, 26.315022602928096), (56.005132073396574, 26.254370703099408), (55.97127062213742, 26.18854666651377), (55.96521155330295, 26.117997384182836), (55.99592880966533, 26.044567153259294), (56.07348554859199, 25.972797449460426)

Record time: 2023-12-01T02:31:43Z
Event time: 2023-12-02T04:23:15.500Z
Status: Underway
Travel distance: 301.4767818574514
Num waypoints: 61
Waypoints: (59.63834337935052, 23.663943990665132), (59.56834532374097, 23.733955659276564), (59.49834726813141, 23.803967327887996), (59.428349212521844, 23.873978996499428), (59.358351156912285, 23.943990665110864), (59.288353101302725, 24.014002333722303), (59.21835504569317, 24.084014002333742), (59.148356990083606, 24.15402567094518), (59.078358934474046, 24.22403733955662), (59.008360875837134, 24.294049006921664), (58.938362820231184, 24.36406067552951), (58.868364764625184, 24.43407234413735), (58.79836670901922, 24.50408401274519), (58.728368653413256, 24.57409568135304), (58.65837059780727, 24.64410734996088), (58.5883725422013, 24.714119018568724), (58.51837448659532, 24.78592503657796), (58.44837643098934, 24.851675125357502), (58.37837837538336, 24.92103841561022), (58.3083803197774, 24.99466517051204), (58.23838226417141, 25.069162712623356), (58.168384208565456, 25.144042873357034), (58.09838615295947, 25.20262875827661), (58.02838809735349, 25.257608981006204), (57.958390041747506, 25.313686169441265), (57.88839198614154, 25.37753258921303), (57.81839393053556, 25.441950109687127), (57.74839587492958, 25.49706603951431), (57.678397819323614, 25.536428637096922), (57.60839976371764, 25.559246277699057), (57.53840170811167, 25.571808608329594), (57.468403652505685, 25.57610034529069), (57.398405596899714, 25.583660361518614), (57.32840754129375, 25.615461058052514), (57.25661548517795, 25.681963190331164), (57.189084180272964, 25.763295092662496), (57.122201127653035, 25.84288542057482), (57.053497692162864, 25.90373686009573), (56.97425450367756, 25.940669923667425), (56.89913827014654, 25.975001934535417), (56.82871998122786, 26.009982323758546), (56.76978932582578, 26.05179895802248), (56.727519131040545, 26.104524935075535), (56.70185851660558, 26.16735732125701), (56.687159772932766, 26.24926597875307), (56.67404397088626, 26.33299725796251), (56.652510311405585, 26.413175649964376), (56.615294223098616, 26.47100572174324), (56.56047921592493, 26.50926946879958), (56.488779498070684, 26.527529612707852), (56.422753872165, 26.521262583548584), (56.35474014695487, 26.496588394458662), (56.27798934063656, 26.462974250363594), (56.2005028233302, 26.420168776278537), (56.12594603288787, 26.370432816112334), (56.058937938154855, 26.315022602928096), (56.005132073396574, 26.254370703099408), (55.97127062213742, 26.18854666651377), (55.96521155330295, 26.117997384182836), (55.99592880966533, 26.044567153259294), (56.07348554859199, 25.972797449460426)

Record time: 2023-12-01T05:57:01Z
Event time: 2023-12-02T04:02:31.142Z
Status: Underway
Travel distance: 260.39956803455726
Num waypoints: 51
Waypoints: (58.86836476764533, 23.873978996499417), (58.79836671203578, 23.943990665110842), (58.72836865642622, 24.01400233372227), (58.65837060081665, 24.084014002333706), (58.588372545207086, 24.154025670945146), (58.51837448959752, 24.22403733955658), (58.44837643398795, 24.29404900816802), (58.37837837837839, 24.364060676779456), (58.308380322768826, 24.43407234539089), (58.23838226417141, 24.50408401274519), (58.168384208565456, 24.57409568135304), (58.09838615295947, 24.64410734996088), (58.02838809735349, 24.714119018568724), (57.958390041747506, 24.78413068717657), (57.88839198614154, 24.854142355784415), (57.81839393053556, 24.92415402439226), (57.74839587492958, 24.994165693000095), (57.678397819323614, 25.064177361607943), (57.60839976371764, 25.134189030215786), (57.53840170811167, 25.204200698823634), (57.468403652505685, 25.27421236743147), (57.398405596899714, 25.344224036039307), (57.32840754129375, 25.414235704647155), (57.25661548517795, 25.484247373255), (57.189084180272964, 25.554259041862842), (57.122201127653035, 25.624270710470686), (57.051703691653046, 25.694282379078533), (56.97851525488835, 25.764294047686374), (56.89799252192179, 25.834305716294217), (56.8275723485488, 25.904317384902054), (56.7684193275373, 25.976123402911295), (56.72574020616527, 26.04366784109223), (56.70157019509508, 26.112358250319428), (56.692161114690165, 26.178607816610896), (56.68872763892453, 26.254750807280427), (56.68030789703606, 26.330381126692416), (56.65749469307412, 26.40759281075543), (56.61579360349262, 26.470332840717717), (56.55736421293889, 26.511063818200974), (56.486312747369695, 26.527529612707852), (56.42454787267482, 26.521262583548584), (56.35474014695487, 26.496588394458662), (56.27798934063656, 26.462974250363594), (56.2005028233302, 26.420168776278537), (56.12594603288787, 26.370432816112334), (56.058937938154855, 26.315022602928096), (56.005132073396574, 26.254370703099408), (55.97127062213742, 26.18854666651377), (55.96521155330295, 26.117997384182836), (55.99592880966533, 26.044567153259294), (56.07348554859199, 25.972797449460426)

Record time: 2023-12-01T06:21:07Z
Event time: 2023-12-02T03:31:32.714Z
Status: Underway
Travel distance: 259.00431965442766
Num waypoints: 51
Waypoints: (58.798366712035765, 23.873978996499417), (58.72836865642624, 23.943990665110842), (58.65837060081668, 24.01400233372227), (58.58837254520711, 24.084014002333706), (58.51837448959754, 24.154025670945146), (58.44837643398797, 24.22403733955658), (58.3783783783784, 24.29404900816802), (58.30838032276884, 24.364060676779456), (58.23838226715928, 24.43407234539089), (58.168384208565456, 24.50408401274519), (58.09838615295947, 24.57409568135304), (58.02838809735349, 24.64410734996088), (57.958390041747506, 24.714119018568724), (57.88839198614154, 24.78413068717657), (57.81839393053556, 24.854142355784415), (57.74839587492958, 24.92415402439226), (57.678397819323614, 24.994165693000095), (57.60839976371764, 25.064177361607943), (57.53840170811167, 25.134189030215786), (57.468403652505685, 25.204200698823634), (57.398405596899714, 25.27421236743147), (57.32840754129375, 25.344224036039307), (57.25661548517795, 25.414235704647155), (57.189084180272964, 25.484247373255), (57.122201127653035, 25.554259041862842), (57.051703691653046, 25.624270710470686), (56.976721254378546, 25.694282379078533), (56.90225327313259, 25.764294047686374), (56.82642660032404, 25.834305716294217), (56.767271694858245, 25.904317384902054), (56.7243702078768, 25.976123402911295), (56.69979127021982, 26.04366784109223), (56.69187279317966, 26.112358250319428), (56.693728980681925, 26.178607816610896), (56.69499156507433, 26.254750807280427), (56.685292278704594, 26.330381126692416), (56.65799407346814, 26.40759281075543), (56.612678600506584, 26.470332840717717), (56.5548974622379, 26.511063818200974), (56.48810674787951, 26.527529612707852), (56.42454787267482, 26.521262583548584), (56.35474014695487, 26.496588394458662), (56.27798934063656, 26.462974250363594), (56.2005028233302, 26.420168776278537), (56.12594603288787, 26.370432816112334), (56.058937938154855, 26.315022602928096), (56.005132073396574, 26.254370703099408), (55.97127062213742, 26.18854666651377), (55.96521155330295, 26.117997384182836), (55.99592880966533, 26.044567153259294), (56.07348554859199, 25.972797449460426)

Record time: 2023-12-01T07:15:46Z
Event time: 2023-12-02T03:01:03.285Z
Status: Underway
Travel distance: 250.46760259179266
Num waypoints: 50
Waypoints: (58.58837254520708, 23.943990665110835), (58.51837448959751, 24.014002333722292), (58.44837643398794, 24.084014002333728), (58.378378378378365, 24.154025670945156), (58.3083803227688, 24.224037339556588), (58.23838226715924, 24.294049008168024), (58.16838421154968, 24.364060676779463), (58.09838615594012, 24.434072345390906), (58.02838810033056, 24.50408401400235), (57.958390041747506, 24.57409568135304), (57.88839198614154, 24.64410734996088), (57.81839393053556, 24.714119018568724), (57.74839587492958, 24.78413068717657), (57.678397819323614, 24.854142355784415), (57.60839976371764, 24.92415402439226), (57.53840170811167, 24.994165693000095), (57.468403652505685, 25.064177361607943), (57.398405596899714, 25.134189030215786), (57.32840754129375, 25.204200698823634), (57.25661548517795, 25.27421236743147), (57.189084180272964, 25.344224036039307), (57.122201127653035, 25.414235704647155), (57.051703691653046, 25.484247373255), (56.976721254378546, 25.554259041862842), (56.90045927262277, 25.624270710470686), (56.82889335102503, 25.694282379078533), (56.77038669784429, 25.764294047686374), (56.72207682697298, 25.834305716294217), (56.697273639252266, 25.904317384902054), (56.688723870015906, 25.976123402911295), (56.69166173429616, 26.04366784109223), (56.69970458532122, 26.112358250319428), (56.70497728850026, 26.178607816610896), (56.700475327136886, 26.254750807280427), (56.68267665611256, 26.330381126692416), (56.6524123197811, 26.40759281075543), (56.6120058503154, 26.470332840717717), (56.55669146274771, 26.511063818200974), (56.48810674787951, 26.527529612707852), (56.42454787267482, 26.521262583548584), (56.35474014695487, 26.496588394458662), (56.27798934063656, 26.462974250363594), (56.2005028233302, 26.420168776278537), (56.12594603288787, 26.370432816112334), (56.058937938154855, 26.315022602928096), (56.005132073396574, 26.254370703099408), (55.97127062213742, 26.18854666651377), (55.96521155330295, 26.117997384182836), (55.99592880966533, 26.044567153259294), (56.07348554859199, 25.972797449460426)

Record time: 2023-12-01T07:37:11Z
Event time: 2023-12-02T03:32:30.500Z
Status: Underway
Travel distance: 248.99568034557237
Num waypoints: 50
Waypoints: (58.5183744895975, 23.943990665110835), (58.44837643398795, 24.014002333722292), (58.378378378378386, 24.084014002333728), (58.30838032276882, 24.154025670945156), (58.23838226715925, 24.224037339556588), (58.168384211549686, 24.294049008168024), (58.098386155940126, 24.364060676779463), (58.02838810033057, 24.434072345390906), (57.95839004472101, 24.50408401400235), (57.88839198614154, 24.57409568135304), (57.81839393053556, 24.64410734996088), (57.74839587492958, 24.714119018568724), (57.678397819323614, 24.78413068717657), (57.60839976371764, 24.854142355784415), (57.53840170811167, 24.92415402439226), (57.468403652505685, 24.994165693000095), (57.398405596899714, 25.064177361607943), (57.32840754129375, 25.134189030215786), (57.25661548517795, 25.204200698823634), (57.189084180272964, 25.27421236743147), (57.122201127653035, 25.344224036039307), (57.051703691653046, 25.414235704647155), (56.976721254378546, 25.484247373255), (56.90045927262277, 25.554259041862842), (56.82889335102503, 25.624270710470686), (56.768592697334476, 25.694282379078533), (56.726337578183774, 25.764294047686374), (56.696127891027515, 25.834305716294217), (56.68757623733684, 25.904317384902054), (56.69029173600768, 25.976123402911295), (56.69792566044595, 26.04366784109223), (56.704688966989764, 26.112358250319428), (56.70547666889428, 26.178607816610896), (56.697360324150836, 26.254750807280427), (56.68020990541157, 26.330381126692416), (56.65420632029091, 26.40759281075543), (56.6120058503154, 26.470332840717717), (56.55669146274771, 26.511063818200974), (56.48810674787951, 26.527529612707852), (56.42454787267482, 26.521262583548584), (56.35474014695487, 26.496588394458662), (56.27798934063656, 26.462974250363594), (56.2005028233302, 26.420168776278537), (56.12594603288787, 26.370432816112334), (56.058937938154855, 26.315022602928096), (56.005132073396574, 26.254370703099408), (55.97127062213742, 26.18854666651377), (55.96521155330295, 26.117997384182836), (55.99592880966533, 26.044567153259294), (56.07348554859199, 25.972797449460426)

Record time: 2023-12-01T07:59:51Z
Event time: 2023-12-02T04:06:40.125Z
Status: Underway
Travel distance: 243.30021598272137
Num waypoints: 49
Waypoints: (58.44837643398792, 24.014002333722278), (58.37837837837836, 24.08401400233372), (58.30838032276879, 24.154025670945156), (58.238382267159224, 24.22403733955659), (58.168384211549665, 24.294049008168027), (58.0983861559401, 24.364060676779463), (58.02838810033054, 24.434072345390902), (57.95839004472098, 24.50408401400234), (57.88839198911141, 24.574095682613777), (57.81839393053556, 24.64410734996088), (57.74839587492958, 24.714119018568724), (57.678397819323614, 24.78413068717657), (57.60839976371764, 24.854142355784415), (57.53840170811167, 24.92415402439226), (57.468403652505685, 24.994165693000095), (57.398405596899714, 25.064177361607943), (57.32840754129375, 25.134189030215786), (57.25661548517795, 25.204200698823634), (57.189084180272964, 25.27421236743147), (57.122201127653035, 25.344224036039307), (57.051703691653046, 25.414235704647155), (56.976721254378546, 25.484247373255), (56.90045927262277, 25.554259041862842), (56.82889335102503, 25.624270710470686), (56.768592697334476, 25.694282379078533), (56.726337578183774, 25.764294047686374), (56.696127891027515, 25.834305716294217), (56.68757623733684, 25.904317384902054), (56.69029173600768, 25.976123402911295), (56.69792566044595, 26.04366784109223), (56.704688966989764, 26.112358250319428), (56.70547666889428, 26.178607816610896), (56.697360324150836, 26.254750807280427), (56.68020990541157, 26.330381126692416), (56.65420632029091, 26.40759281075543), (56.6120058503154, 26.470332840717717), (56.55669146274771, 26.511063818200974), (56.48810674787951, 26.527529612707852), (56.42454787267482, 26.521262583548584), (56.35474014695487, 26.496588394458662), (56.27798934063656, 26.462974250363594), (56.2005028233302, 26.420168776278537), (56.12594603288787, 26.370432816112334), (56.058937938154855, 26.315022602928096), (56.005132073396574, 26.254370703099408), (55.97127062213742, 26.18854666651377), (55.96521155330295, 26.117997384182836), (55.99592880966533, 26.044567153259294), (56.07348554859199, 25.972797449460426)

Record time: 2023-12-01T08:35:03Z
Event time: 2023-12-02T04:41:26.625Z
Status: Underway
Travel distance: 240.33963282937364
Num waypoints: 49
Waypoints: (58.30838032276879, 24.014002333722278), (58.23838226715925, 24.08401400233372), (58.16838421154969, 24.154025670945156), (58.098386155940126, 24.22403733955659), (58.02838810033056, 24.294049008168027), (57.95839004472099, 24.364060676779463), (57.888391989111426, 24.434072345390902), (57.818393933501866, 24.50408401400234), (57.7483958778923, 24.574095682613777), (57.678397819323614, 24.64410734996088), (57.60839976371764, 24.714119018568724), (57.53840170811167, 24.78413068717657), (57.468403652505685, 24.854142355784415), (57.398405596899714, 24.92415402439226), (57.32840754129375, 24.994165693000095), (57.25661548517795, 25.064177361607943), (57.189084180272964, 25.134189030215786), (57.122201127653035, 25.204200698823634), (57.051703691653046, 25.27421236743147), (56.976721254378546, 25.344224036039307), (56.90045927262277, 25.414235704647155), (56.82889335102503, 25.484247373255), (56.768592697334476, 25.554259041862842), (56.72454357767396, 25.624270710470686), (56.6985946417285, 25.694282379078533), (56.69069124032289, 25.764294047686374), (56.68799835510386, 25.834305716294217), (56.69540802947841, 25.904317384902054), (56.701540043826014, 25.976123402911295), (56.7034094225085, 26.04366784109223), (56.702073344397725, 26.112358250319428), (56.69989491520724, 26.178607816610896), (56.69668757395966, 26.254750807280427), (56.68200390592139, 26.330381126692416), (56.65420632029091, 26.40759281075543), (56.6120058503154, 26.470332840717717), (56.55669146274771, 26.511063818200974), (56.48810674787951, 26.527529612707852), (56.42454787267482, 26.521262583548584), (56.35474014695487, 26.496588394458662), (56.27798934063656, 26.462974250363594), (56.2005028233302, 26.420168776278537), (56.12594603288787, 26.370432816112334), (56.058937938154855, 26.315022602928096), (56.005132073396574, 26.254370703099408), (55.97127062213742, 26.18854666651377), (55.96521155330295, 26.117997384182836), (55.99592880966533, 26.044567153259294), (56.07348554859199, 25.972797449460426)

Record time: 2023-12-01T09:17:37Z
Event time: 2023-12-02T05:26:21.714Z
Status: Underway
Travel distance: 237.4314254859611
Num waypoints: 49
Waypoints: (58.16838421154968, 24.014002333722278), (58.09838615594011, 24.08401400233372), (58.02838810033054, 24.154025670945156), (57.958390044720964, 24.22403733955659), (57.8883919891114, 24.294049008168027), (57.81839393350183, 24.364060676779463), (57.74839587789227, 24.434072345390902), (57.67839782228271, 24.50408401400234), (57.60839976667315, 24.574095682613777), (57.53840170811167, 24.64410734996088), (57.468403652505685, 24.714119018568724), (57.398405596899714, 24.78413068717657), (57.32840754129375, 24.854142355784415), (57.25661548517795, 24.92415402439226), (57.189084180272964, 24.994165693000095), (57.122201127653035, 25.064177361607943), (57.051703691653046, 25.134189030215786), (56.976721254378546, 25.204200698823634), (56.90045927262277, 25.27421236743147), (56.82889335102503, 25.344224036039307), (56.768592697334476, 25.414235704647155), (56.72454357767396, 25.484247373255), (56.6985946417285, 25.554259041862842), (56.68889723981308, 25.624270710470686), (56.69046510580484, 25.694282379078533), (56.69852303246445, 25.764294047686374), (56.69924666292219, 25.834305716294217), (56.700891791540954, 25.904317384902054), (56.69892442123398, 25.976123402911295), (56.697827668821475, 26.04366784109223), (56.70140059420655, 26.112358250319428), (56.70168891571706, 26.178607816610896), (56.69668757395966, 26.254750807280427), (56.68200390592139, 26.330381126692416), (56.65420632029091, 26.40759281075543), (56.6120058503154, 26.470332840717717), (56.55669146274771, 26.511063818200974), (56.48810674787951, 26.527529612707852), (56.42454787267482, 26.521262583548584), (56.35474014695487, 26.496588394458662), (56.27798934063656, 26.462974250363594), (56.2005028233302, 26.420168776278537), (56.12594603288787, 26.370432816112334), (56.058937938154855, 26.315022602928096), (56.005132073396574, 26.254370703099408), (55.97127062213742, 26.18854666651377), (55.96521155330295, 26.117997384182836), (55.99592880966533, 26.044567153259294), (56.07348554859199, 25.972797449460426)

Record time: 2023-12-01T10:58:11Z
Event time: 2023-12-02T05:57:59.571Z
Status: Underway
Travel distance: 223.8498920086393
Num waypoints: 47
Waypoints: (57.88839198911138, 24.15402567094516), (57.81839393350182, 24.224037339556602), (57.74839587789225, 24.294049008168034), (57.67839782228269, 24.364060676779467), (57.608399766673124, 24.4340723453909), (57.538401711063564, 24.504084014002334), (57.468403655454004, 24.57409568261377), (57.398405599844445, 24.64410735122521), (57.32840754423488, 24.71411901983665), (57.25840948568776, 24.78413068717657), (57.18482342906217, 24.854142355784415), (57.121552875367975, 24.92415402439226), (57.05531807503311, 24.994165693000095), (56.98120625565307, 25.064177361607943), (56.901738817104025, 25.134189030215786), (56.824197290867, 25.204200698823634), (56.757327429427285, 25.27421236743147), (56.708292043643915, 25.344224036039307), (56.68049445801345, 25.414235704647155), (56.67264570578303, 25.484247373255), (56.679199837897656, 25.554259041862842), (56.69203297179661, 25.624270710470686), (56.70299295810444, 25.694282379078533), (56.70849179580153, 25.764294047686374), (56.70024542371022, 25.834305716294217), (56.69466178556886, 25.904317384902054), (56.693990919832004, 25.976123402911295), (56.70141566984108, 26.04366784109223), (56.70140059420655, 26.112358250319428), (56.70168891571706, 26.178607816610896), (56.69668757395966, 26.254750807280427), (56.68200390592139, 26.330381126692416), (56.65420632029091, 26.40759281075543), (56.6120058503154, 26.470332840717717), (56.55669146274771, 26.511063818200974), (56.48810674787951, 26.527529612707852), (56.42454787267482, 26.521262583548584), (56.35474014695487, 26.496588394458662), (56.27798934063656, 26.462974250363594), (56.2005028233302, 26.420168776278537), (56.12594603288787, 26.370432816112334), (56.058937938154855, 26.315022602928096), (56.005132073396574, 26.254370703099408), (55.97127062213742, 26.18854666651377), (55.96521155330295, 26.117997384182836), (55.99592880966533, 26.044567153259294), (56.07348554859199, 25.972797449460426)

Record time: 2023-12-01T12:51:19Z
Event time: 2023-12-02T06:32:24.800Z
Status: Underway
Travel distance: 209.68574514038878
Num waypoints: 45
Waypoints: (57.464042137331184, 24.294049008168038), (57.40739540629566, 24.364060676779474), (57.330425178078, 24.434072345390906), (57.25257662283452, 24.50408401400234), (57.18112510474155, 24.574095682613773), (57.115809678270395, 24.644107351225212), (57.0526606033508, 24.71411901983665), (56.98702087942307, 24.78413068844809), (56.91576179837869, 24.85414235705953), (56.83869251347355, 24.92415402439226), (56.75859378272832, 24.994165693000095), (56.682133933269256, 25.064177361607943), (56.62204433846221, 25.134189030215786), (56.58798094222764, 25.204200698823634), (56.582979600470246, 25.27421236743147), (56.602647650177055, 25.344224036039307), (56.63671858422891, 25.414235704647155), (56.67234796200094, 25.484247373255), (56.698279937857556, 25.554259041862842), (56.708765041677495, 25.624270710470686), (56.70586109757495, 25.694282379078533), (56.70029441952246, 25.764294047686374), (56.693990919832004, 25.834305716294217), (56.695783035887494, 25.904317384902054), (56.69578492034181, 25.976123402911295), (56.70141566984108, 26.04366784109223), (56.70140059420655, 26.112358250319428), (56.70168891571706, 26.178607816610896), (56.69668757395966, 26.254750807280427), (56.68200390592139, 26.330381126692416), (56.65420632029091, 26.40759281075543), (56.6120058503154, 26.470332840717717), (56.55669146274771, 26.511063818200974), (56.48810674787951, 26.527529612707852), (56.42454787267482, 26.521262583548584), (56.35474014695487, 26.496588394458662), (56.27798934063656, 26.462974250363594), (56.2005028233302, 26.420168776278537), (56.12594603288787, 26.370432816112334), (56.058937938154855, 26.315022602928096), (56.005132073396574, 26.254370703099408), (55.97127062213742, 26.18854666651377), (55.96521155330295, 26.117997384182836), (55.99592880966533, 26.044567153259294), (56.07348554859199, 25.972797449460426)

Record time: 2023-12-01T15:58:56Z
Event time: 2023-12-02T06:46:41.833Z
Status: Underway
Travel distance: 175.3158747300216
Num waypoints: 39
Waypoints: (56.96616039841762, 24.714119019836637), (56.93010098816861, 24.784130688448087), (56.85052387437424, 24.854142357059523), (56.75745029876063, 24.92415402567096), (56.671666734672804, 24.99416569428239), (56.605995574620785, 25.064177362893826), (56.56656167202608, 25.13418903150526), (56.55405473716876, 25.204200700116697), (56.56498758733499, 25.274212368728133), (56.59295024826164, 25.344224036039307), (56.63828645022068, 25.414235704647155), (56.67861188815074, 25.484247373255), (56.70326431952609, 25.554259041862842), (56.709264422071506, 25.624270710470686), (56.70274609458891, 25.694282379078533), (56.69782766882147, 25.764294047686374), (56.695784920341815, 25.834305716294217), (56.695783035887494, 25.904317384902054), (56.69578492034181, 25.976123402911295), (56.70141566984108, 26.04366784109223), (56.70140059420655, 26.112358250319428), (56.70168891571706, 26.178607816610896), (56.69668757395966, 26.254750807280427), (56.68200390592139, 26.330381126692416), (56.65420632029091, 26.40759281075543), (56.6120058503154, 26.470332840717717), (56.55669146274771, 26.511063818200974), (56.48810674787951, 26.527529612707852), (56.42454787267482, 26.521262583548584), (56.35474014695487, 26.496588394458662), (56.27798934063656, 26.462974250363594), (56.2005028233302, 26.420168776278537), (56.12594603288787, 26.370432816112334), (56.058937938154855, 26.315022602928096), (56.005132073396574, 26.254370703099408), (55.97127062213742, 26.18854666651377), (55.96521155330295, 26.117997384182836), (55.99592880966533, 26.044567153259294), (56.07348554859199, 25.972797449460426)

Record time: 2023-12-01T17:47:14Z
Event time: 2023-12-02T07:19:37.600Z
Status: Underway
Travel distance: 153.51889848812095
Num waypoints: 35
Waypoints: (56.77918477254698, 24.99416569428238), (56.67834854713344, 25.064177362893815), (56.613797660910144, 25.134189031505247), (56.58480539976681, 25.20420070011668), (56.5851066383551, 25.274212368728115), (56.605507620872466, 25.34422403733955), (56.63603009318412, 25.41423570595099), (56.667589786283315, 25.484247374562432), (56.69320925108986, 25.55425904317387), (56.708765041677495, 25.624270710470686), (56.70586109757495, 25.694282379078533), (56.70029441952246, 25.764294047686374), (56.693990919832004, 25.834305716294217), (56.695783035887494, 25.904317384902054), (56.69578492034181, 25.976123402911295), (56.70141566984108, 26.04366784109223), (56.70140059420655, 26.112358250319428), (56.70168891571706, 26.178607816610896), (56.69668757395966, 26.254750807280427), (56.68200390592139, 26.330381126692416), (56.65420632029091, 26.40759281075543), (56.6120058503154, 26.470332840717717), (56.55669146274771, 26.511063818200974), (56.48810674787951, 26.527529612707852), (56.42454787267482, 26.521262583548584), (56.35474014695487, 26.496588394458662), (56.27798934063656, 26.462974250363594), (56.2005028233302, 26.420168776278537), (56.12594603288787, 26.370432816112334), (56.058937938154855, 26.315022602928096), (56.005132073396574, 26.254370703099408), (55.97127062213742, 26.18854666651377), (55.96521155330295, 26.117997384182836), (55.99592880966533, 26.044567153259294), (56.07348554859199, 25.972797449460426)

Record time: 2023-12-01T20:48:15Z
Event time: 2023-12-02T06:44:17.250Z
Status: Underway
Travel distance: 115.25431965442765
Num waypoints: 27
Waypoints: (56.762746951641134, 25.559189425961115), (56.712711034822235, 25.61536168932947), (56.6943862013098, 25.690747644584423), (56.69151603462313, 25.768676308772083), (56.69459988700843, 25.84188289714034), (56.698757792697485, 25.90929746546005), (56.70194306298785, 25.973333406822306), (56.70350256314463, 26.037675802911888), (56.70308467112364, 26.105569629756804), (56.69989491520724, 26.178607816610896), (56.69668757395966, 26.254750807280427), (56.68200390592139, 26.330381126692416), (56.65420632029091, 26.40759281075543), (56.6120058503154, 26.470332840717717), (56.55669146274771, 26.511063818200974), (56.48810674787951, 26.527529612707852), (56.42454787267482, 26.521262583548584), (56.35474014695487, 26.496588394458662), (56.27798934063656, 26.462974250363594), (56.2005028233302, 26.420168776278537), (56.12594603288787, 26.370432816112334), (56.058937938154855, 26.315022602928096), (56.005132073396574, 26.254370703099408), (55.97127062213742, 26.18854666651377), (55.96521155330295, 26.117997384182836), (55.99592880966533, 26.044567153259294), (56.07348554859199, 25.972797449460426)

Record time: 2023-12-01T23:52:41Z
Event time: 2023-12-02T06:37:05.666Z
Status: Underway
Travel distance: 80.49190064794817
Num waypoints: 19
Waypoints: (56.70095963480531, 26.120053974984963), (56.693845819758124, 26.172795973017507), (56.69777019587354, 26.24972022191249), (56.689200639866435, 26.333180086931055), (56.660252522394934, 26.409828137085757), (56.61248341743115, 26.470503418358113), (56.551922129209636, 26.509967941252153), (56.48533203675356, 26.526492382683998), (56.41770875619317, 26.521291002308256), (56.35410697340975, 26.492540960730334), (56.28225273029754, 26.454482079194204), (56.20439649997152, 26.412390285155126), (56.1271621397842, 26.367983786288182), (56.05673537081749, 26.319396972366434), (56.0009837898454, 26.262640910139375), (55.96844868606028, 26.194185547728164), (55.96684689989077, 26.11474820443336), (56.00108272369718, 26.034288345854616), (56.0707698443445, 25.978208644322265)

Record time: 2023-12-02T02:56:27Z
Event time: 2023-12-02T07:23:37Z
Status: Underway
Travel distance: 53.225161987041034
Num waypoints: 12
Waypoints: (56.486717637796744, 26.604894864898963), (56.42562842562838, 26.530891580792037), (56.340309117287475, 26.476039987193786), (56.27481443308777, 26.443191238029577), (56.21666220227368, 26.417139179030855), (56.145293555407385, 26.381093681545785), (56.06058179909167, 26.324790591403683), (55.99437302526587, 26.257238403027387), (55.95779321043807, 26.184588697046628), (55.965412085598224, 26.113105372217156), (56.01422068455495, 26.044775596426334), (56.065577546745445, 25.974300255307842)

Record time: 2023-12-02T04:14:38Z
Event time: 2023-12-02T07:39:38Z
Status: Underway
Travel distance: 42.29697624190065
Num waypoints: 9
Waypoints: (56.208438654481824, 26.534422403733956), (56.208438654481824, 26.46441073512252), (56.13844059887225, 26.394399066511085), (56.06844254326268, 26.32438739789965), (55.99844448765313, 26.254375729288213), (55.92844643204356, 26.184364060676778), (55.99844448765313, 26.114352392065342), (55.99844448765313, 26.044340723453907), (56.06844254326268, 25.97432905484247)

