Record time: 2023-07-08T10:39:33Z
Event time: 2023-07-09T19:13:50.333Z
Status: Underway
Travel distance: 222.55831533477323
Num waypoints: 51
Waypoints: (53.0588878644918, 24.500562312011436), (52.98260459410882, 24.585418143853328), (52.99994032894441, 24.64189542834288), (53.0581587005909, 24.688549369518167), (53.126681696728504, 24.73622154229375), (53.190975360647975, 24.79007926856617), (53.24727105781753, 24.85138546394501), (53.29812230949386, 24.918998955109622), (53.348797193377514, 24.990605267791423), (53.4045063085725, 25.063677884096), (53.468489185998514, 25.137304638997822), (53.54719153609484, 25.206667929250543), (53.62230776962586, 25.272418018030077), (53.69506089744333, 25.344224036039307), (53.758039360718385, 25.416030054048544), (53.807314072200015, 25.483574492229472), (53.85102022117482, 25.550470552055284), (53.88381914856267, 25.62098169817507), (53.91318648463923, 25.695978717798333), (53.94598541202709, 25.772255530744648), (53.987897560492094, 25.843835370257906), (54.041433023184524, 25.904147751030077), (54.10505973874462, 25.946411087823552), (54.17419848318203, 25.976626650064837), (54.24482971543853, 25.986974316255626), (54.320458520543795, 25.98179105905623), (54.38981020831902, 25.971040041214284), (54.460954012149756, 25.96477489687581), (54.52669131654494, 25.96717804339553), (54.59848337266071, 25.98582269074696), (54.668481428266695, 26.005192994106302), (54.73847948387265, 26.017887262192822), (54.80847753947863, 26.02965608326665), (54.8784755950846, 26.04143809808608), (54.94847365069058, 26.048364814525275), (55.018471706296545, 26.05344252175988), (55.08846976190252, 26.066383701371176), (55.15846781750851, 26.09144050908346), (55.22846587311449, 26.11901920702584), (55.29846392872046, 26.129958706947768), (55.36846198432644, 26.106328708580925), (55.43846003993242, 26.066851136929515), (55.5084580983862, 26.047141190198378), (55.57845615399576, 26.034574541614095), (55.648454209605326, 26.032127153209657), (55.718452265214886, 26.03980262327932), (55.78845032082445, 26.053909358939187), (55.85844837643401, 26.06651322416689), (55.92844643204357, 26.06506566465783), (55.998444487653124, 26.032207309497796), (56.06844254326265, 25.945747049652102)

Record time: 2023-07-08T10:52:02Z
Event time: 2023-07-09T21:49:34.333Z
Status: Underway
Travel distance: 222.55831533477323
Num waypoints: 51
Waypoints: (53.0588878644918, 24.500562312011436), (52.98260459410882, 24.585418143853328), (52.99994032894441, 24.64189542834288), (53.0581587005909, 24.688549369518167), (53.126681696728504, 24.73622154229375), (53.190975360647975, 24.79007926856617), (53.24727105781753, 24.85138546394501), (53.29812230949386, 24.918998955109622), (53.348797193377514, 24.990605267791423), (53.4045063085725, 25.063677884096), (53.468489185998514, 25.137304638997822), (53.54719153609484, 25.206667929250543), (53.62230776962586, 25.272418018030077), (53.69506089744333, 25.344224036039307), (53.758039360718385, 25.416030054048544), (53.807314072200015, 25.483574492229472), (53.85102022117482, 25.550470552055284), (53.88381914856267, 25.62098169817507), (53.91318648463923, 25.695978717798333), (53.94598541202709, 25.772255530744648), (53.987897560492094, 25.843835370257906), (54.041433023184524, 25.904147751030077), (54.10505973874462, 25.946411087823552), (54.17419848318203, 25.976626650064837), (54.24482971543853, 25.986974316255626), (54.320458520543795, 25.98179105905623), (54.38981020831902, 25.971040041214284), (54.460954012149756, 25.96477489687581), (54.52669131654494, 25.96717804339553), (54.59848337266071, 25.98582269074696), (54.668481428266695, 26.005192994106302), (54.73847948387265, 26.017887262192822), (54.80847753947863, 26.02965608326665), (54.8784755950846, 26.04143809808608), (54.94847365069058, 26.048364814525275), (55.018471706296545, 26.05344252175988), (55.08846976190252, 26.066383701371176), (55.15846781750851, 26.09144050908346), (55.22846587311449, 26.11901920702584), (55.29846392872046, 26.129958706947768), (55.36846198432644, 26.106328708580925), (55.43846003993242, 26.066851136929515), (55.5084580983862, 26.047141190198378), (55.57845615399576, 26.034574541614095), (55.648454209605326, 26.032127153209657), (55.718452265214886, 26.03980262327932), (55.78845032082445, 26.053909358939187), (55.85844837643401, 26.06651322416689), (55.92844643204357, 26.06506566465783), (55.998444487653124, 26.032207309497796), (56.06844254326265, 25.945747049652102)

Record time: 2023-07-08T11:02:33Z
Event time: 2023-07-09T22:50:04.200Z
Status: Underway
Travel distance: 222.55831533477323
Num waypoints: 51
Waypoints: (53.0588878644918, 24.500562312011436), (52.98260459410882, 24.585418143853328), (52.99994032894441, 24.64189542834288), (53.0581587005909, 24.688549369518167), (53.126681696728504, 24.73622154229375), (53.190975360647975, 24.79007926856617), (53.24727105781753, 24.85138546394501), (53.29812230949386, 24.918998955109622), (53.348797193377514, 24.990605267791423), (53.4045063085725, 25.063677884096), (53.468489185998514, 25.137304638997822), (53.54719153609484, 25.206667929250543), (53.62230776962586, 25.272418018030077), (53.69506089744333, 25.344224036039307), (53.758039360718385, 25.416030054048544), (53.807314072200015, 25.483574492229472), (53.85102022117482, 25.550470552055284), (53.88381914856267, 25.62098169817507), (53.91318648463923, 25.695978717798333), (53.94598541202709, 25.772255530744648), (53.987897560492094, 25.843835370257906), (54.041433023184524, 25.904147751030077), (54.10505973874462, 25.946411087823552), (54.17419848318203, 25.976626650064837), (54.24482971543853, 25.986974316255626), (54.320458520543795, 25.98179105905623), (54.38981020831902, 25.971040041214284), (54.460954012149756, 25.96477489687581), (54.52669131654494, 25.96717804339553), (54.59848337266071, 25.98582269074696), (54.668481428266695, 26.005192994106302), (54.73847948387265, 26.017887262192822), (54.80847753947863, 26.02965608326665), (54.8784755950846, 26.04143809808608), (54.94847365069058, 26.048364814525275), (55.018471706296545, 26.05344252175988), (55.08846976190252, 26.066383701371176), (55.15846781750851, 26.09144050908346), (55.22846587311449, 26.11901920702584), (55.29846392872046, 26.129958706947768), (55.36846198432644, 26.106328708580925), (55.43846003993242, 26.066851136929515), (55.5084580983862, 26.047141190198378), (55.57845615399576, 26.034574541614095), (55.648454209605326, 26.032127153209657), (55.718452265214886, 26.03980262327932), (55.78845032082445, 26.053909358939187), (55.85844837643401, 26.06651322416689), (55.92844643204357, 26.06506566465783), (55.998444487653124, 26.032207309497796), (56.06844254326265, 25.945747049652102)

Record time: 2023-07-08T11:12:52Z
Event time: 2023-07-09T23:37:03.090Z
Status: Underway
Travel distance: 221.3574514038877
Num waypoints: 51
Waypoints: (52.993523921887665, 24.500562312011436), (52.9699895087051, 24.585418143853328), (53.005134775875355, 24.64189542834288), (53.064466243292756, 24.688549369518167), (53.12853685634669, 24.73622154229375), (53.18869616454562, 24.79007926856617), (53.24342618854289, 24.85138546394501), (53.295262975564285, 24.918998955109622), (53.3483038432373, 24.990605267791423), (53.40630030908231, 25.063677884096), (53.468489185998514, 25.137304638997822), (53.54719153609484, 25.206667929250543), (53.62230776962586, 25.272418018030077), (53.69506089744333, 25.344224036039307), (53.758039360718385, 25.416030054048544), (53.807314072200015, 25.483574492229472), (53.85102022117482, 25.550470552055284), (53.88381914856267, 25.62098169817507), (53.91318648463923, 25.695978717798333), (53.94598541202709, 25.772255530744648), (53.987897560492094, 25.843835370257906), (54.041433023184524, 25.904147751030077), (54.10505973874462, 25.946411087823552), (54.17419848318203, 25.976626650064837), (54.24482971543853, 25.986974316255626), (54.320458520543795, 25.98179105905623), (54.38981020831902, 25.971040041214284), (54.460954012149756, 25.96477489687581), (54.52669131654494, 25.96717804339553), (54.59848337266071, 25.98582269074696), (54.668481428266695, 26.005192994106302), (54.73847948387265, 26.017887262192822), (54.80847753947863, 26.02965608326665), (54.8784755950846, 26.04143809808608), (54.94847365069058, 26.048364814525275), (55.018471706296545, 26.05344252175988), (55.08846976190252, 26.066383701371176), (55.15846781750851, 26.09144050908346), (55.22846587311449, 26.11901920702584), (55.29846392872046, 26.129958706947768), (55.36846198432644, 26.106328708580925), (55.43846003993242, 26.066851136929515), (55.5084580983862, 26.047141190198378), (55.57845615399576, 26.034574541614095), (55.648454209605326, 26.032127153209657), (55.718452265214886, 26.03980262327932), (55.78845032082445, 26.053909358939187), (55.85844837643401, 26.06651322416689), (55.92844643204357, 26.06506566465783), (55.998444487653124, 26.032207309497796), (56.06844254326265, 25.945747049652102)

Record time: 2023-07-08T11:23:56Z
Event time: 2023-07-10T00:13:02.500Z
Status: Underway
Travel distance: 221.3574514038877
Num waypoints: 51
Waypoints: (52.993523921887665, 24.500562312011436), (52.9699895087051, 24.585418143853328), (53.005134775875355, 24.64189542834288), (53.064466243292756, 24.688549369518167), (53.12853685634669, 24.73622154229375), (53.18869616454562, 24.79007926856617), (53.24342618854289, 24.85138546394501), (53.295262975564285, 24.918998955109622), (53.3483038432373, 24.990605267791423), (53.40630030908231, 25.063677884096), (53.468489185998514, 25.137304638997822), (53.54719153609484, 25.206667929250543), (53.62230776962586, 25.272418018030077), (53.69506089744333, 25.344224036039307), (53.758039360718385, 25.416030054048544), (53.807314072200015, 25.483574492229472), (53.85102022117482, 25.550470552055284), (53.88381914856267, 25.62098169817507), (53.91318648463923, 25.695978717798333), (53.94598541202709, 25.772255530744648), (53.987897560492094, 25.843835370257906), (54.041433023184524, 25.904147751030077), (54.10505973874462, 25.946411087823552), (54.17419848318203, 25.976626650064837), (54.24482971543853, 25.986974316255626), (54.320458520543795, 25.98179105905623), (54.38981020831902, 25.971040041214284), (54.460954012149756, 25.96477489687581), (54.52669131654494, 25.96717804339553), (54.59848337266071, 25.98582269074696), (54.668481428266695, 26.005192994106302), (54.73847948387265, 26.017887262192822), (54.80847753947863, 26.02965608326665), (54.8784755950846, 26.04143809808608), (54.94847365069058, 26.048364814525275), (55.018471706296545, 26.05344252175988), (55.08846976190252, 26.066383701371176), (55.15846781750851, 26.09144050908346), (55.22846587311449, 26.11901920702584), (55.29846392872046, 26.129958706947768), (55.36846198432644, 26.106328708580925), (55.43846003993242, 26.066851136929515), (55.5084580983862, 26.047141190198378), (55.57845615399576, 26.034574541614095), (55.648454209605326, 26.032127153209657), (55.718452265214886, 26.03980262327932), (55.78845032082445, 26.053909358939187), (55.85844837643401, 26.06651322416689), (55.92844643204357, 26.06506566465783), (55.998444487653124, 26.032207309497796), (56.06844254326265, 25.945747049652102)

Record time: 2023-07-08T11:34:57Z
Event time: 2023-07-10T02:11:27.333Z
Status: Underway
Travel distance: 221.3574514038877
Num waypoints: 51
Waypoints: (52.993523921887665, 24.500562312011436), (52.9699895087051, 24.585418143853328), (53.005134775875355, 24.64189542834288), (53.064466243292756, 24.688549369518167), (53.12853685634669, 24.73622154229375), (53.18869616454562, 24.79007926856617), (53.24342618854289, 24.85138546394501), (53.295262975564285, 24.918998955109622), (53.3483038432373, 24.990605267791423), (53.40630030908231, 25.063677884096), (53.468489185998514, 25.137304638997822), (53.54719153609484, 25.206667929250543), (53.62230776962586, 25.272418018030077), (53.69506089744333, 25.344224036039307), (53.758039360718385, 25.416030054048544), (53.807314072200015, 25.483574492229472), (53.85102022117482, 25.550470552055284), (53.88381914856267, 25.62098169817507), (53.91318648463923, 25.695978717798333), (53.94598541202709, 25.772255530744648), (53.987897560492094, 25.843835370257906), (54.041433023184524, 25.904147751030077), (54.10505973874462, 25.946411087823552), (54.17419848318203, 25.976626650064837), (54.24482971543853, 25.986974316255626), (54.320458520543795, 25.98179105905623), (54.38981020831902, 25.971040041214284), (54.460954012149756, 25.96477489687581), (54.52669131654494, 25.96717804339553), (54.59848337266071, 25.98582269074696), (54.668481428266695, 26.005192994106302), (54.73847948387265, 26.017887262192822), (54.80847753947863, 26.02965608326665), (54.8784755950846, 26.04143809808608), (54.94847365069058, 26.048364814525275), (55.018471706296545, 26.05344252175988), (55.08846976190252, 26.066383701371176), (55.15846781750851, 26.09144050908346), (55.22846587311449, 26.11901920702584), (55.29846392872046, 26.129958706947768), (55.36846198432644, 26.106328708580925), (55.43846003993242, 26.066851136929515), (55.5084580983862, 26.047141190198378), (55.57845615399576, 26.034574541614095), (55.648454209605326, 26.032127153209657), (55.718452265214886, 26.03980262327932), (55.78845032082445, 26.053909358939187), (55.85844837643401, 26.06651322416689), (55.92844643204357, 26.06506566465783), (55.998444487653124, 26.032207309497796), (56.06844254326265, 25.945747049652102)

