Record time: 2023-07-27T16:05:49Z
Event time: 2023-07-28T15:20:06.750Z
Status: Underway
Travel distance: 143.34557235421167
Num waypoints: 33
Waypoints: (56.70255939946935, 25.134189031505244), (56.608148957700365, 25.20420070011668), (56.590174210116295, 25.27421236872811), (56.61045465608297, 25.34422403733955), (56.643719249265686, 25.414235705950986), (56.674879026895994, 25.484247374562425), (56.696566766215305, 25.554259043173865), (56.706943668095185, 25.624270711785304), (56.70777306783437, 25.694282380396743), (56.70276117022345, 25.764294047686374), (56.6921969193222, 25.834305716294217), (56.695783035887494, 25.904317384902054), (56.69578492034181, 25.976123402911295), (56.70141566984108, 26.04366784109223), (56.70140059420655, 26.112358250319428), (56.70168891571706, 26.178607816610896), (56.69668757395966, 26.254750807280427), (56.68200390592139, 26.330381126692416), (56.65420632029091, 26.40759281075543), (56.6120058503154, 26.470332840717717), (56.55669146274771, 26.511063818200974), (56.48810674787951, 26.527529612707852), (56.42454787267482, 26.521262583548584), (56.35474014695487, 26.496588394458662), (56.27798934063656, 26.462974250363594), (56.2005028233302, 26.420168776278537), (56.12594603288787, 26.370432816112334), (56.058937938154855, 26.315022602928096), (56.005132073396574, 26.254370703099408), (55.97127062213742, 26.18854666651377), (55.96521155330295, 26.117997384182836), (55.99592880966533, 26.044567153259294), (56.07348554859199, 25.972797449460426)

Record time: 2023-07-27T16:44:20Z
Event time: 2023-07-28T13:38:32.833Z
Status: Underway
Travel distance: 143.2375809935205
Num waypoints: 33
Waypoints: (56.77534398054624, 25.134189031505244), (56.677965283388126, 25.20420070011668), (56.63868893830574, 25.27421236872811), (56.634920937635854, 25.34422403733955), (56.64950298219299, 25.414235705950986), (56.67017409267102, 25.484247374562425), (56.68898567502312, 25.554259043173865), (56.7016700398201, 25.624270711785304), (56.70696237558712, 25.694282380396743), (56.70587617320949, 25.764294047686374), (56.69466367002318, 25.834305716294217), (56.69398903537768, 25.904317384902054), (56.69578492034181, 25.976123402911295), (56.70141566984108, 26.04366784109223), (56.70140059420655, 26.112358250319428), (56.70168891571706, 26.178607816610896), (56.69668757395966, 26.254750807280427), (56.68200390592139, 26.330381126692416), (56.65420632029091, 26.40759281075543), (56.6120058503154, 26.470332840717717), (56.55669146274771, 26.511063818200974), (56.48810674787951, 26.527529612707852), (56.42454787267482, 26.521262583548584), (56.35474014695487, 26.496588394458662), (56.27798934063656, 26.462974250363594), (56.2005028233302, 26.420168776278537), (56.12594603288787, 26.370432816112334), (56.058937938154855, 26.315022602928096), (56.005132073396574, 26.254370703099408), (55.97127062213742, 26.18854666651377), (55.96521155330295, 26.117997384182836), (55.99592880966533, 26.044567153259294), (56.07348554859199, 25.972797449460426)

Record time: 2023-07-27T17:07:52Z
Event time: 2023-07-28T12:46:51.125Z
Status: Underway
Travel distance: 148.6025917926566
Num waypoints: 34
Waypoints: (56.84765152057846, 25.064177362893812), (56.75150959649915, 25.134189031505265), (56.685954421755106, 25.2042007001167), (56.65037800285803, 25.274212368728133), (56.63979475894091, 25.344224037339565), (56.64689143116424, 25.414235705951), (56.66371197332095, 25.48424737456244), (56.68297742364009, 25.554259043173882), (56.69904075778936, 25.62427071178532), (56.70847672016699, 25.694282379078533), (56.70587617320949, 25.764294047686374), (56.69466367002318, 25.834305716294217), (56.69398903537768, 25.904317384902054), (56.69578492034181, 25.976123402911295), (56.70141566984108, 26.04366784109223), (56.70140059420655, 26.112358250319428), (56.70168891571706, 26.178607816610896), (56.69668757395966, 26.254750807280427), (56.68200390592139, 26.330381126692416), (56.65420632029091, 26.40759281075543), (56.6120058503154, 26.470332840717717), (56.55669146274771, 26.511063818200974), (56.48810674787951, 26.527529612707852), (56.42454787267482, 26.521262583548584), (56.35474014695487, 26.496588394458662), (56.27798934063656, 26.462974250363594), (56.2005028233302, 26.420168776278537), (56.12594603288787, 26.370432816112334), (56.058937938154855, 26.315022602928096), (56.005132073396574, 26.254370703099408), (55.97127062213742, 26.18854666651377), (55.96521155330295, 26.117997384182836), (55.99592880966533, 26.044567153259294), (56.07348554859199, 25.972797449460426)

Record time: 2023-07-27T17:25:02Z
Event time: 2023-07-28T11:46:26Z
Status: Underway
Travel distance: 149.44168466522677
Num waypoints: 34
Waypoints: (56.91412855895348, 25.064177362893812), (56.83282791181975, 25.134189031505265), (56.75374098456653, 25.2042007001167), (56.694811379887454, 25.274212368728133), (56.66189298380467, 25.344224037339565), (56.65283885464607, 25.414235705951), (56.66095561625407, 25.48424737456244), (56.67782335542572, 25.554259043173882), (56.69548102358431, 25.62427071178532), (56.70797733977298, 25.694282379078533), (56.70899117619554, 25.764294047686374), (56.69713042072417, 25.834305716294217), (56.69219503486787, 25.904317384902054), (56.69578492034181, 25.976123402911295), (56.70141566984108, 26.04366784109223), (56.70140059420655, 26.112358250319428), (56.70168891571706, 26.178607816610896), (56.69668757395966, 26.254750807280427), (56.68200390592139, 26.330381126692416), (56.65420632029091, 26.40759281075543), (56.6120058503154, 26.470332840717717), (56.55669146274771, 26.511063818200974), (56.48810674787951, 26.527529612707852), (56.42454787267482, 26.521262583548584), (56.35474014695487, 26.496588394458662), (56.27798934063656, 26.462974250363594), (56.2005028233302, 26.420168776278537), (56.12594603288787, 26.370432816112334), (56.058937938154855, 26.315022602928096), (56.005132073396574, 26.254370703099408), (55.97127062213742, 26.18854666651377), (55.96521155330295, 26.117997384182836), (55.99592880966533, 26.044567153259294), (56.07348554859199, 25.972797449460426)

Record time: 2023-07-27T17:36:33Z
Event time: 2023-07-28T11:08:15.142Z
Status: Underway
Travel distance: 154.03131749460044
Num waypoints: 35
Waypoints: (56.910283689678806, 24.99416569428238), (56.840366791235176, 25.064177362893815), (56.75762806561783, 25.134189031505247), (56.68998664576212, 25.20420070011668), (56.64911013057251, 25.274212368728115), (56.63558251244189, 25.34422403733955), (56.643300232282535, 25.41423570595099), (56.66309636206877, 25.484247374562432), (56.68559291489145, 25.55425904317387), (56.70328127961495, 25.624270710470686), (56.70847672016699, 25.694282379078533), (56.70587617320949, 25.764294047686374), (56.69466367002318, 25.834305716294217), (56.69398903537768, 25.904317384902054), (56.69578492034181, 25.976123402911295), (56.70141566984108, 26.04366784109223), (56.70140059420655, 26.112358250319428), (56.70168891571706, 26.178607816610896), (56.69668757395966, 26.254750807280427), (56.68200390592139, 26.330381126692416), (56.65420632029091, 26.40759281075543), (56.6120058503154, 26.470332840717717), (56.55669146274771, 26.511063818200974), (56.48810674787951, 26.527529612707852), (56.42454787267482, 26.521262583548584), (56.35474014695487, 26.496588394458662), (56.27798934063656, 26.462974250363594), (56.2005028233302, 26.420168776278537), (56.12594603288787, 26.370432816112334), (56.058937938154855, 26.315022602928096), (56.005132073396574, 26.254370703099408), (55.97127062213742, 26.18854666651377), (55.96521155330295, 26.117997384182836), (55.99592880966533, 26.044567153259294), (56.07348554859199, 25.972797449460426)

Record time: 2023-07-27T17:48:13Z
Event time: 2023-07-28T10:30:01.428Z
Status: Underway
Travel distance: 154.9341252699784
Num waypoints: 35
Waypoints: (56.97490556843568, 24.99416569428238), (56.921066720016405, 25.064177362893815), (56.833671907514166, 25.134189031505247), (56.75073451472804, 25.20420070011668), (56.69101539792618, 25.274212368728115), (56.659709980529506, 25.34422403733955), (56.65332672844784, 25.41423570595099), (56.66375700606863, 25.484247374562432), (56.681536312898146, 25.55425904317387), (56.698296897946406, 25.624270710470686), (56.70797733977298, 25.694282379078533), (56.70899117619554, 25.764294047686374), (56.69713042072417, 25.834305716294217), (56.69219503486787, 25.904317384902054), (56.69578492034181, 25.976123402911295), (56.70141566984108, 26.04366784109223), (56.70140059420655, 26.112358250319428), (56.70168891571706, 26.178607816610896), (56.69668757395966, 26.254750807280427), (56.68200390592139, 26.330381126692416), (56.65420632029091, 26.40759281075543), (56.6120058503154, 26.470332840717717), (56.55669146274771, 26.511063818200974), (56.48810674787951, 26.527529612707852), (56.42454787267482, 26.521262583548584), (56.35474014695487, 26.496588394458662), (56.27798934063656, 26.462974250363594), (56.2005028233302, 26.420168776278537), (56.12594603288787, 26.370432816112334), (56.058937938154855, 26.315022602928096), (56.005132073396574, 26.254370703099408), (55.97127062213742, 26.18854666651377), (55.96521155330295, 26.117997384182836), (55.99592880966533, 26.044567153259294), (56.07348554859199, 25.972797449460426)

Record time: 2023-07-27T18:21:41Z
Event time: 2023-07-28T11:17:10.666Z
Status: Underway
Travel distance: 160.3682505399568
Num waypoints: 36
Waypoints: (57.03894730936531, 24.924154025670944), (56.998860911608055, 24.99416569428238), (56.91377031847732, 25.064177362893812), (56.82201518134005, 25.13418903150524), (56.74528599767142, 25.20420070011667), (56.69295929821133, 25.274212368728104), (56.665882573460415, 25.344224037339544), (56.65960893951533, 25.414235705950983), (56.66708154324351, 25.484247374562425), (56.68076770388942, 25.554259041862842), (56.698296897946406, 25.624270710470686), (56.70797733977298, 25.694282379078533), (56.70899117619554, 25.764294047686374), (56.69713042072417, 25.834305716294217), (56.69219503486787, 25.904317384902054), (56.69578492034181, 25.976123402911295), (56.70141566984108, 26.04366784109223), (56.70140059420655, 26.112358250319428), (56.70168891571706, 26.178607816610896), (56.69668757395966, 26.254750807280427), (56.68200390592139, 26.330381126692416), (56.65420632029091, 26.40759281075543), (56.6120058503154, 26.470332840717717), (56.55669146274771, 26.511063818200974), (56.48810674787951, 26.527529612707852), (56.42454787267482, 26.521262583548584), (56.35474014695487, 26.496588394458662), (56.27798934063656, 26.462974250363594), (56.2005028233302, 26.420168776278537), (56.12594603288787, 26.370432816112334), (56.058937938154855, 26.315022602928096), (56.005132073396574, 26.254370703099408), (55.97127062213742, 26.18854666651377), (55.96521155330295, 26.117997384182836), (55.99592880966533, 26.044567153259294), (56.07348554859199, 25.972797449460426)

Record time: 2023-07-27T18:33:33Z
Event time: 2023-07-28T11:48:17.500Z
Status: Underway
Travel distance: 161.04589632829374
Num waypoints: 36
Waypoints: (57.10969325349913, 24.924154025670944), (57.06500769079832, 24.99416569428238), (56.98595721917043, 25.064177362893812), (56.89824014213811, 25.13418903150524), (56.818154162862974, 25.20420070011667), (56.75458844080435, 25.274212368728104), (56.71082079580142, 25.344224037339544), (56.68612005957915, 25.414235705950983), (56.6771535746777, 25.484247374562425), (56.679199837897656, 25.554259041862842), (56.69203297179661, 25.624270710470686), (56.70299295810444, 25.694282379078533), (56.70849179580153, 25.764294047686374), (56.70024542371022, 25.834305716294217), (56.69466178556886, 25.904317384902054), (56.693990919832004, 25.976123402911295), (56.70141566984108, 26.04366784109223), (56.70140059420655, 26.112358250319428), (56.70168891571706, 26.178607816610896), (56.69668757395966, 26.254750807280427), (56.68200390592139, 26.330381126692416), (56.65420632029091, 26.40759281075543), (56.6120058503154, 26.470332840717717), (56.55669146274771, 26.511063818200974), (56.48810674787951, 26.527529612707852), (56.42454787267482, 26.521262583548584), (56.35474014695487, 26.496588394458662), (56.27798934063656, 26.462974250363594), (56.2005028233302, 26.420168776278537), (56.12594603288787, 26.370432816112334), (56.058937938154855, 26.315022602928096), (56.005132073396574, 26.254370703099408), (55.97127062213742, 26.18854666651377), (55.96521155330295, 26.117997384182836), (55.99592880966533, 26.044567153259294), (56.07348554859199, 25.972797449460426)

Record time: 2023-07-27T18:45:42Z
Event time: 2023-07-28T12:18:34.166Z
Status: Underway
Travel distance: 161.04589632829374
Num waypoints: 36
Waypoints: (57.10969325349913, 24.924154025670944), (57.06500769079832, 24.99416569428238), (56.98595721917043, 25.064177362893812), (56.89824014213811, 25.13418903150524), (56.818154162862974, 25.20420070011667), (56.75458844080435, 25.274212368728104), (56.71082079580142, 25.344224037339544), (56.68612005957915, 25.414235705950983), (56.6771535746777, 25.484247374562425), (56.679199837897656, 25.554259041862842), (56.69203297179661, 25.624270710470686), (56.70299295810444, 25.694282379078533), (56.70849179580153, 25.764294047686374), (56.70024542371022, 25.834305716294217), (56.69466178556886, 25.904317384902054), (56.693990919832004, 25.976123402911295), (56.70141566984108, 26.04366784109223), (56.70140059420655, 26.112358250319428), (56.70168891571706, 26.178607816610896), (56.69668757395966, 26.254750807280427), (56.68200390592139, 26.330381126692416), (56.65420632029091, 26.40759281075543), (56.6120058503154, 26.470332840717717), (56.55669146274771, 26.511063818200974), (56.48810674787951, 26.527529612707852), (56.42454787267482, 26.521262583548584), (56.35474014695487, 26.496588394458662), (56.27798934063656, 26.462974250363594), (56.2005028233302, 26.420168776278537), (56.12594603288787, 26.370432816112334), (56.058937938154855, 26.315022602928096), (56.005132073396574, 26.254370703099408), (55.97127062213742, 26.18854666651377), (55.96521155330295, 26.117997384182836), (55.99592880966533, 26.044567153259294), (56.07348554859199, 25.972797449460426)

Record time: 2023-07-27T19:09:01Z
Event time: 2023-07-28T13:03:02.285Z
Status: Underway
Travel distance: 167.6560475161987
Num waypoints: 37
Waypoints: (57.2569038096259, 24.854142357059523), (57.18908418320699, 24.924154025670955), (57.12228216211927, 24.994165694282387), (57.050929183855686, 25.06417736289382), (56.9755199176745, 25.134189031505255), (56.90009369140445, 25.20420070011669), (56.83015122719725, 25.274212368728126), (56.77100668622717, 25.344224037339565), (56.72657502233803, 25.414235705951004), (56.6985946417285, 25.484247373255), (56.68889723981308, 25.554259041862842), (56.69046510580484, 25.624270710470686), (56.69672903195464, 25.694282379078533), (56.703507414132986, 25.764294047686374), (56.69974604331621, 25.834305716294217), (56.69777678855491, 25.904317384902054), (56.69645767053299, 25.976123402911295), (56.69962166933128, 26.04366784109223), (56.70140059420655, 26.112358250319428), (56.70168891571706, 26.178607816610896), (56.69668757395966, 26.254750807280427), (56.68200390592139, 26.330381126692416), (56.65420632029091, 26.40759281075543), (56.6120058503154, 26.470332840717717), (56.55669146274771, 26.511063818200974), (56.48810674787951, 26.527529612707852), (56.42454787267482, 26.521262583548584), (56.35474014695487, 26.496588394458662), (56.27798934063656, 26.462974250363594), (56.2005028233302, 26.420168776278537), (56.12594603288787, 26.370432816112334), (56.058937938154855, 26.315022602928096), (56.005132073396574, 26.254370703099408), (55.97127062213742, 26.18854666651377), (55.96521155330295, 26.117997384182836), (55.99592880966533, 26.044567153259294), (56.07348554859199, 25.972797449460426)

Record time: 2023-07-27T19:20:28Z
Event time: 2023-07-28T13:35:47.285Z
Status: Underway
Travel distance: 167.6560475161987
Num waypoints: 37
Waypoints: (57.2569038096259, 24.854142357059523), (57.18908418320699, 24.924154025670955), (57.12228216211927, 24.994165694282387), (57.050929183855686, 25.06417736289382), (56.9755199176745, 25.134189031505255), (56.90009369140445, 25.20420070011669), (56.83015122719725, 25.274212368728126), (56.77100668622717, 25.344224037339565), (56.72657502233803, 25.414235705951004), (56.6985946417285, 25.484247373255), (56.68889723981308, 25.554259041862842), (56.69046510580484, 25.624270710470686), (56.69672903195464, 25.694282379078533), (56.703507414132986, 25.764294047686374), (56.69974604331621, 25.834305716294217), (56.69777678855491, 25.904317384902054), (56.69645767053299, 25.976123402911295), (56.69962166933128, 26.04366784109223), (56.70140059420655, 26.112358250319428), (56.70168891571706, 26.178607816610896), (56.69668757395966, 26.254750807280427), (56.68200390592139, 26.330381126692416), (56.65420632029091, 26.40759281075543), (56.6120058503154, 26.470332840717717), (56.55669146274771, 26.511063818200974), (56.48810674787951, 26.527529612707852), (56.42454787267482, 26.521262583548584), (56.35474014695487, 26.496588394458662), (56.27798934063656, 26.462974250363594), (56.2005028233302, 26.420168776278537), (56.12594603288787, 26.370432816112334), (56.058937938154855, 26.315022602928096), (56.005132073396574, 26.254370703099408), (55.97127062213742, 26.18854666651377), (55.96521155330295, 26.117997384182836), (55.99592880966533, 26.044567153259294), (56.07348554859199, 25.972797449460426)

Record time: 2023-07-27T19:38:04Z
Event time: 2023-07-28T14:06:07.428Z
Status: Underway
Travel distance: 169.32451403887688
Num waypoints: 37
Waypoints: (57.33100243782961, 24.854142357059523), (57.25174605815998, 24.924154025670955), (57.18851696245751, 24.994165694282387), (57.12452466275661, 25.06417736289382), (57.053705927291944, 25.134189031505255), (56.977086841439174, 25.20420070011669), (56.89970455158796, 25.274212368728126), (56.82808869194715, 25.344224037339565), (56.76830249428208, 25.414235705951004), (56.72454357767396, 25.484247373255), (56.6985946417285, 25.554259041862842), (56.68889723981308, 25.624270710470686), (56.69046510580484, 25.694282379078533), (56.69852303246445, 25.764294047686374), (56.69924666292219, 25.834305716294217), (56.700891791540954, 25.904317384902054), (56.69892442123398, 25.976123402911295), (56.697827668821475, 26.04366784109223), (56.70140059420655, 26.112358250319428), (56.70168891571706, 26.178607816610896), (56.69668757395966, 26.254750807280427), (56.68200390592139, 26.330381126692416), (56.65420632029091, 26.40759281075543), (56.6120058503154, 26.470332840717717), (56.55669146274771, 26.511063818200974), (56.48810674787951, 26.527529612707852), (56.42454787267482, 26.521262583548584), (56.35474014695487, 26.496588394458662), (56.27798934063656, 26.462974250363594), (56.2005028233302, 26.420168776278537), (56.12594603288787, 26.370432816112334), (56.058937938154855, 26.315022602928096), (56.005132073396574, 26.254370703099408), (55.97127062213742, 26.18854666651377), (55.96521155330295, 26.117997384182836), (55.99592880966533, 26.044567153259294), (56.07348554859199, 25.972797449460426)

Record time: 2023-07-27T20:02:21Z
Event time: 2023-07-28T15:03:08.285Z
Status: Underway
Travel distance: 175.12473002159828
Num waypoints: 38
Waypoints: (57.40330706552332, 24.784130688448077), (57.318668684324024, 24.8541423570595), (57.255400015080895, 24.924154025670934), (57.19450575827735, 24.99416569428237), (57.127406935634674, 25.064177362893805), (57.052800446992585, 25.134189031505244), (56.97395393613697, 25.204200700116683), (56.89643596557493, 25.274212368728122), (56.82628150025705, 25.344224037339558), (56.768592697334476, 25.414235704647155), (56.72454357767396, 25.484247373255), (56.6985946417285, 25.554259041862842), (56.68889723981308, 25.624270710470686), (56.69046510580484, 25.694282379078533), (56.69852303246445, 25.764294047686374), (56.69924666292219, 25.834305716294217), (56.700891791540954, 25.904317384902054), (56.69892442123398, 25.976123402911295), (56.697827668821475, 26.04366784109223), (56.70140059420655, 26.112358250319428), (56.70168891571706, 26.178607816610896), (56.69668757395966, 26.254750807280427), (56.68200390592139, 26.330381126692416), (56.65420632029091, 26.40759281075543), (56.6120058503154, 26.470332840717717), (56.55669146274771, 26.511063818200974), (56.48810674787951, 26.527529612707852), (56.42454787267482, 26.521262583548584), (56.35474014695487, 26.496588394458662), (56.27798934063656, 26.462974250363594), (56.2005028233302, 26.420168776278537), (56.12594603288787, 26.370432816112334), (56.058937938154855, 26.315022602928096), (56.005132073396574, 26.254370703099408), (55.97127062213742, 26.18854666651377), (55.96521155330295, 26.117997384182836), (55.99592880966533, 26.044567153259294), (56.07348554859199, 25.972797449460426)

Record time: 2023-07-27T20:19:28Z
Event time: 2023-07-28T15:33:14.857Z
Status: Underway
Travel distance: 175.12473002159828
Num waypoints: 38
Waypoints: (57.40330706552332, 24.784130688448077), (57.318668684324024, 24.8541423570595), (57.255400015080895, 24.924154025670934), (57.19450575827735, 24.99416569428237), (57.127406935634674, 25.064177362893805), (57.052800446992585, 25.134189031505244), (56.97395393613697, 25.204200700116683), (56.89643596557493, 25.274212368728122), (56.82628150025705, 25.344224037339558), (56.768592697334476, 25.414235704647155), (56.72454357767396, 25.484247373255), (56.6985946417285, 25.554259041862842), (56.68889723981308, 25.624270710470686), (56.69046510580484, 25.694282379078533), (56.69852303246445, 25.764294047686374), (56.69924666292219, 25.834305716294217), (56.700891791540954, 25.904317384902054), (56.69892442123398, 25.976123402911295), (56.697827668821475, 26.04366784109223), (56.70140059420655, 26.112358250319428), (56.70168891571706, 26.178607816610896), (56.69668757395966, 26.254750807280427), (56.68200390592139, 26.330381126692416), (56.65420632029091, 26.40759281075543), (56.6120058503154, 26.470332840717717), (56.55669146274771, 26.511063818200974), (56.48810674787951, 26.527529612707852), (56.42454787267482, 26.521262583548584), (56.35474014695487, 26.496588394458662), (56.27798934063656, 26.462974250363594), (56.2005028233302, 26.420168776278537), (56.12594603288787, 26.370432816112334), (56.058937938154855, 26.315022602928096), (56.005132073396574, 26.254370703099408), (55.97127062213742, 26.18854666651377), (55.96521155330295, 26.117997384182836), (55.99592880966533, 26.044567153259294), (56.07348554859199, 25.972797449460426)

Record time: 2023-07-27T20:44:52Z
Event time: 2023-07-28T16:30:31.857Z
Status: Underway
Travel distance: 182.05885529157666
Num waypoints: 39
Waypoints: (57.53988001408117, 24.714119019836637), (57.46672867251043, 24.784130688448087), (57.396196379812416, 24.854142357059523), (57.327955754878055, 24.92415402567096), (57.26047901919825, 24.99416569428239), (57.192015463318185, 25.064177362893826), (57.12133373339283, 25.13418903150526), (57.048228937843724, 25.204200700116697), (56.97379457411687, 25.274212368728133), (56.90045927262277, 25.344224036039307), (56.82889335102503, 25.414235704647155), (56.768592697334476, 25.484247373255), (56.72454357767396, 25.554259041862842), (56.6985946417285, 25.624270710470686), (56.68889723981308, 25.694282379078533), (56.69225910631465, 25.764294047686374), (56.69426228125366, 25.834305716294217), (56.70039241114694, 25.904317384902054), (56.70203942422002, 25.976123402911295), (56.700294419522464, 26.04366784109223), (56.699606593696736, 26.112358250319428), (56.70168891571706, 26.178607816610896), (56.69668757395966, 26.254750807280427), (56.68200390592139, 26.330381126692416), (56.65420632029091, 26.40759281075543), (56.6120058503154, 26.470332840717717), (56.55669146274771, 26.511063818200974), (56.48810674787951, 26.527529612707852), (56.42454787267482, 26.521262583548584), (56.35474014695487, 26.496588394458662), (56.27798934063656, 26.462974250363594), (56.2005028233302, 26.420168776278537), (56.12594603288787, 26.370432816112334), (56.058937938154855, 26.315022602928096), (56.005132073396574, 26.254370703099408), (55.97127062213742, 26.18854666651377), (55.96521155330295, 26.117997384182836), (55.99592880966533, 26.044567153259294), (56.07348554859199, 25.972797449460426)

Record time: 2023-07-27T21:09:53Z
Event time: 2023-07-28T17:09:32.625Z
Status: Underway
Travel distance: 183.40766738660906
Num waypoints: 39
Waypoints: (57.606582467455304, 24.714119019836637), (57.54254791029397, 24.784130688448087), (57.46884781562607, 24.854142357059523), (57.39526464278285, 24.92415402567096), (57.32515015073836, 24.99416569428239), (57.25797318034621, 25.064177362893826), (57.19141422531307, 25.13418903150526), (57.12300679190885, 25.204200700116697), (57.0513255474137, 25.274212368728133), (56.976721254378546, 25.344224036039307), (56.90045927262277, 25.414235704647155), (56.82889335102503, 25.484247373255), (56.768592697334476, 25.554259041862842), (56.72454357767396, 25.624270710470686), (56.6985946417285, 25.694282379078533), (56.69069124032289, 25.764294047686374), (56.68799835510386, 25.834305716294217), (56.69540802947841, 25.904317384902054), (56.701540043826014, 25.976123402911295), (56.7034094225085, 26.04366784109223), (56.702073344397725, 26.112358250319428), (56.69989491520724, 26.178607816610896), (56.69668757395966, 26.254750807280427), (56.68200390592139, 26.330381126692416), (56.65420632029091, 26.40759281075543), (56.6120058503154, 26.470332840717717), (56.55669146274771, 26.511063818200974), (56.48810674787951, 26.527529612707852), (56.42454787267482, 26.521262583548584), (56.35474014695487, 26.496588394458662), (56.27798934063656, 26.462974250363594), (56.2005028233302, 26.420168776278537), (56.12594603288787, 26.370432816112334), (56.058937938154855, 26.315022602928096), (56.005132073396574, 26.254370703099408), (55.97127062213742, 26.18854666651377), (55.96521155330295, 26.117997384182836), (55.99592880966533, 26.044567153259294), (56.07348554859199, 25.972797449460426)

Record time: 2023-07-27T21:34:32Z
Event time: 2023-07-28T17:59:49.250Z
Status: Underway
Travel distance: 189.04697624190064
Num waypoints: 40
Waypoints: (57.67495252584894, 24.644107351225205), (57.61488651527012, 24.714119019836648), (57.54064598194595, 24.78413068844808), (57.46488546490099, 24.854142357059516), (57.39290542018722, 24.92415402567095), (57.32524146111577, 24.994165694282387), (57.2598371340846, 25.064177362893826), (57.19380023000197, 25.134189031505265), (57.124742631306, 25.204200700116704), (57.051703691653046, 25.27421236743147), (56.976721254378546, 25.344224036039307), (56.90045927262277, 25.414235704647155), (56.82889335102503, 25.484247373255), (56.768592697334476, 25.554259041862842), (56.72454357767396, 25.624270710470686), (56.6985946417285, 25.694282379078533), (56.69069124032289, 25.764294047686374), (56.68799835510386, 25.834305716294217), (56.69540802947841, 25.904317384902054), (56.701540043826014, 25.976123402911295), (56.7034094225085, 26.04366784109223), (56.702073344397725, 26.112358250319428), (56.69989491520724, 26.178607816610896), (56.69668757395966, 26.254750807280427), (56.68200390592139, 26.330381126692416), (56.65420632029091, 26.40759281075543), (56.6120058503154, 26.470332840717717), (56.55669146274771, 26.511063818200974), (56.48810674787951, 26.527529612707852), (56.42454787267482, 26.521262583548584), (56.35474014695487, 26.496588394458662), (56.27798934063656, 26.462974250363594), (56.2005028233302, 26.420168776278537), (56.12594603288787, 26.370432816112334), (56.058937938154855, 26.315022602928096), (56.005132073396574, 26.254370703099408), (55.97127062213742, 26.18854666651377), (55.96521155330295, 26.117997384182836), (55.99592880966533, 26.044567153259294), (56.07348554859199, 25.972797449460426)

Record time: 2023-07-27T21:59:44Z
Event time: 2023-07-28T18:45:07.750Z
Status: Underway
Travel distance: 190.54103671706264
Num waypoints: 40
Waypoints: (57.74601067266888, 24.644107351225205), (57.68246150525593, 24.714119019836648), (57.61036034152379, 24.78413068844808), (57.536712212111304, 24.854142357059516), (57.464856884010516, 24.92415402567095), (57.395593879793985, 24.994165694282387), (57.32816050940535, 25.064177362893826), (57.26106291451322, 25.134189031505265), (57.19276012542828, 25.204200700116704), (57.122201127653035, 25.27421236743147), (57.051703691653046, 25.344224036039307), (56.976721254378546, 25.414235704647155), (56.90045927262277, 25.484247373255), (56.82889335102503, 25.554259041862842), (56.768592697334476, 25.624270710470686), (56.72454357767396, 25.694282379078533), (56.70038864223831, 25.764294047686374), (56.6864304891121, 25.834305716294217), (56.68914410332861, 25.904317384902054), (56.69655566215748, 25.976123402911295), (56.702910042114496, 26.04366784109223), (56.705188347383775, 26.112358250319428), (56.70236166590823, 26.178607816610896), (56.694893573449846, 26.254750807280427), (56.68200390592139, 26.330381126692416), (56.65420632029091, 26.40759281075543), (56.6120058503154, 26.470332840717717), (56.55669146274771, 26.511063818200974), (56.48810674787951, 26.527529612707852), (56.42454787267482, 26.521262583548584), (56.35474014695487, 26.496588394458662), (56.27798934063656, 26.462974250363594), (56.2005028233302, 26.420168776278537), (56.12594603288787, 26.370432816112334), (56.058937938154855, 26.315022602928096), (56.005132073396574, 26.254370703099408), (55.97127062213742, 26.18854666651377), (55.96521155330295, 26.117997384182836), (55.99592880966533, 26.044567153259294), (56.07348554859199, 25.972797449460426)

Record time: 2023-07-27T22:27:04Z
Event time: 2023-07-28T19:30:03.125Z
Status: Underway
Travel distance: 196.31263498920086
Num waypoints: 41
Waypoints: (57.818711960864974, 24.574095682613777), (57.74753013673713, 24.644107351225223), (57.678468495030074, 24.71411901983666), (57.60917969092079, 24.784130688448087), (57.53901427292599, 24.854142357059523), (57.46825823268541, 24.924154025670955), (57.39753714050671, 24.994165694282394), (57.32738686667207, 25.064177362893833), (57.25799088850637, 25.13418903150527), (57.189084180272964, 25.204200698823634), (57.122201127653035, 25.27421236743147), (57.051703691653046, 25.344224036039307), (56.976721254378546, 25.414235704647155), (56.90045927262277, 25.484247373255), (56.82889335102503, 25.554259041862842), (56.768592697334476, 25.624270710470686), (56.72454357767396, 25.694282379078533), (56.70038864223831, 25.764294047686374), (56.6864304891121, 25.834305716294217), (56.68914410332861, 25.904317384902054), (56.69655566215748, 25.976123402911295), (56.702910042114496, 26.04366784109223), (56.705188347383775, 26.112358250319428), (56.70236166590823, 26.178607816610896), (56.694893573449846, 26.254750807280427), (56.68200390592139, 26.330381126692416), (56.65420632029091, 26.40759281075543), (56.6120058503154, 26.470332840717717), (56.55669146274771, 26.511063818200974), (56.48810674787951, 26.527529612707852), (56.42454787267482, 26.521262583548584), (56.35474014695487, 26.496588394458662), (56.27798934063656, 26.462974250363594), (56.2005028233302, 26.420168776278537), (56.12594603288787, 26.370432816112334), (56.058937938154855, 26.315022602928096), (56.005132073396574, 26.254370703099408), (55.97127062213742, 26.18854666651377), (55.96521155330295, 26.117997384182836), (55.99592880966533, 26.044567153259294), (56.07348554859199, 25.972797449460426)

Record time: 2023-07-27T22:53:40Z
Event time: 2023-07-28T20:12:50.125Z
Status: Underway
Travel distance: 197.8623110151188
Num waypoints: 41
Waypoints: (57.890194144169094, 24.574095682613777), (57.815107650749646, 24.644107351225223), (57.74717677300034, 24.71411901983666), (57.68004096365883, 24.784130688448087), (57.61108785509951, 24.854142357059523), (57.54006931608301, 24.924154025670955), (57.46796738714821, 24.994165694282394), (57.39611009464657, 25.064177362893833), (57.325537143419076, 25.13418903150527), (57.25661548517795, 25.204200698823634), (57.189084180272964, 25.27421236743147), (57.122201127653035, 25.344224036039307), (57.051703691653046, 25.414235704647155), (56.976721254378546, 25.484247373255), (56.90045927262277, 25.554259041862842), (56.82889335102503, 25.624270710470686), (56.768592697334476, 25.694282379078533), (56.726337578183774, 25.764294047686374), (56.696127891027515, 25.834305716294217), (56.68757623733684, 25.904317384902054), (56.69029173600768, 25.976123402911295), (56.69792566044595, 26.04366784109223), (56.704688966989764, 26.112358250319428), (56.70547666889428, 26.178607816610896), (56.697360324150836, 26.254750807280427), (56.68020990541157, 26.330381126692416), (56.65420632029091, 26.40759281075543), (56.6120058503154, 26.470332840717717), (56.55669146274771, 26.511063818200974), (56.48810674787951, 26.527529612707852), (56.42454787267482, 26.521262583548584), (56.35474014695487, 26.496588394458662), (56.27798934063656, 26.462974250363594), (56.2005028233302, 26.420168776278537), (56.12594603288787, 26.370432816112334), (56.058937938154855, 26.315022602928096), (56.005132073396574, 26.254370703099408), (55.97127062213742, 26.18854666651377), (55.96521155330295, 26.117997384182836), (55.99592880966533, 26.044567153259294), (56.07348554859199, 25.972797449460426)

Record time: 2023-07-27T23:17:02Z
Event time: 2023-07-28T20:54:37.500Z
Status: Underway
Travel distance: 203.47300215982722
Num waypoints: 42
Waypoints: (57.95839004472096, 24.50408401400233), (57.888391989111405, 24.574095682613777), (57.81839393350184, 24.644107351225212), (57.74839587789227, 24.714119019836644), (57.678397822282705, 24.78413068844808), (57.608399766673145, 24.854142357059516), (57.53840171106358, 24.92415402567095), (57.46840365545402, 24.994165694282394), (57.39840559984446, 25.064177362893833), (57.32840754129375, 25.134189030215786), (57.25661548517795, 25.204200698823634), (57.189084180272964, 25.27421236743147), (57.122201127653035, 25.344224036039307), (57.051703691653046, 25.414235704647155), (56.976721254378546, 25.484247373255), (56.90045927262277, 25.554259041862842), (56.82889335102503, 25.624270710470686), (56.768592697334476, 25.694282379078533), (56.726337578183774, 25.764294047686374), (56.696127891027515, 25.834305716294217), (56.68757623733684, 25.904317384902054), (56.69029173600768, 25.976123402911295), (56.69792566044595, 26.04366784109223), (56.704688966989764, 26.112358250319428), (56.70547666889428, 26.178607816610896), (56.697360324150836, 26.254750807280427), (56.68020990541157, 26.330381126692416), (56.65420632029091, 26.40759281075543), (56.6120058503154, 26.470332840717717), (56.55669146274771, 26.511063818200974), (56.48810674787951, 26.527529612707852), (56.42454787267482, 26.521262583548584), (56.35474014695487, 26.496588394458662), (56.27798934063656, 26.462974250363594), (56.2005028233302, 26.420168776278537), (56.12594603288787, 26.370432816112334), (56.058937938154855, 26.315022602928096), (56.005132073396574, 26.254370703099408), (55.97127062213742, 26.18854666651377), (55.96521155330295, 26.117997384182836), (55.99592880966533, 26.044567153259294), (56.07348554859199, 25.972797449460426)

Record time: 2023-07-27T23:45:04Z
Event time: 2023-07-28T21:36:13.500Z
Status: Underway
Travel distance: 204.94546436285097
Num waypoints: 42
Waypoints: (58.02838810033054, 24.50408401400233), (57.95839004472099, 24.574095682613777), (57.888391989111426, 24.644107351225212), (57.81839393350185, 24.714119019836644), (57.748395877892285, 24.78413068844808), (57.67839782228272, 24.854142357059516), (57.60839976667315, 24.92415402567095), (57.5384017110636, 24.994165694282394), (57.46840365545404, 25.064177362893833), (57.398405596899714, 25.134189030215786), (57.32840754129375, 25.204200698823634), (57.25661548517795, 25.27421236743147), (57.189084180272964, 25.344224036039307), (57.122201127653035, 25.414235704647155), (57.051703691653046, 25.484247373255), (56.976721254378546, 25.554259041862842), (56.90045927262277, 25.624270710470686), (56.82889335102503, 25.694282379078533), (56.77038669784429, 25.764294047686374), (56.72207682697298, 25.834305716294217), (56.697273639252266, 25.904317384902054), (56.688723870015906, 25.976123402911295), (56.69166173429616, 26.04366784109223), (56.69970458532122, 26.112358250319428), (56.70497728850026, 26.178607816610896), (56.700475327136886, 26.254750807280427), (56.68267665611256, 26.330381126692416), (56.6524123197811, 26.40759281075543), (56.6120058503154, 26.470332840717717), (56.55669146274771, 26.511063818200974), (56.48810674787951, 26.527529612707852), (56.42454787267482, 26.521262583548584), (56.35474014695487, 26.496588394458662), (56.27798934063656, 26.462974250363594), (56.2005028233302, 26.420168776278537), (56.12594603288787, 26.370432816112334), (56.058937938154855, 26.315022602928096), (56.005132073396574, 26.254370703099408), (55.97127062213742, 26.18854666651377), (55.96521155330295, 26.117997384182836), (55.99592880966533, 26.044567153259294), (56.07348554859199, 25.972797449460426)

Record time: 2023-07-28T00:10:33Z
Event time: 2023-07-28T22:22:50.875Z
Status: Underway
Travel distance: 210.63066954643628
Num waypoints: 43
Waypoints: (58.09838615594015, 24.434072345390906), (58.02838810033058, 24.50408401400234), (57.95839004472101, 24.574095682613777), (57.88839198911143, 24.644107351225212), (57.818393933501866, 24.714119019836648), (57.7483958778923, 24.784130688448087), (57.67839782228274, 24.854142357059523), (57.60839976667318, 24.924154025670962), (57.53840171106363, 24.9941656942824), (57.468403652505685, 25.064177361607943), (57.398405596899714, 25.134189030215786), (57.32840754129375, 25.204200698823634), (57.25661548517795, 25.27421236743147), (57.189084180272964, 25.344224036039307), (57.122201127653035, 25.414235704647155), (57.051703691653046, 25.484247373255), (56.976721254378546, 25.554259041862842), (56.90045927262277, 25.624270710470686), (56.82889335102503, 25.694282379078533), (56.77038669784429, 25.764294047686374), (56.72207682697298, 25.834305716294217), (56.697273639252266, 25.904317384902054), (56.688723870015906, 25.976123402911295), (56.69166173429616, 26.04366784109223), (56.69970458532122, 26.112358250319428), (56.70497728850026, 26.178607816610896), (56.700475327136886, 26.254750807280427), (56.68267665611256, 26.330381126692416), (56.6524123197811, 26.40759281075543), (56.6120058503154, 26.470332840717717), (56.55669146274771, 26.511063818200974), (56.48810674787951, 26.527529612707852), (56.42454787267482, 26.521262583548584), (56.35474014695487, 26.496588394458662), (56.27798934063656, 26.462974250363594), (56.2005028233302, 26.420168776278537), (56.12594603288787, 26.370432816112334), (56.058937938154855, 26.315022602928096), (56.005132073396574, 26.254370703099408), (55.97127062213742, 26.18854666651377), (55.96521155330295, 26.117997384182836), (55.99592880966533, 26.044567153259294), (56.07348554859199, 25.972797449460426)

Record time: 2023-07-28T00:33:59Z
Event time: 2023-07-28T22:55:43.888Z
Status: Underway
Travel distance: 216.31695464362852
Num waypoints: 44
Waypoints: (58.16838421154968, 24.364060676779452), (58.09838615594011, 24.4340723453909), (58.02838810033054, 24.504084014002334), (57.958390044720964, 24.574095682613766), (57.8883919891114, 24.6441073512252), (57.81839393350183, 24.714119019836634), (57.74839587789227, 24.784130688448077), (57.67839782228271, 24.854142357059516), (57.60839976667315, 24.92415402567096), (57.53840170811167, 24.994165693000095), (57.468403652505685, 25.064177361607943), (57.398405596899714, 25.134189030215786), (57.32840754129375, 25.204200698823634), (57.25661548517795, 25.27421236743147), (57.189084180272964, 25.344224036039307), (57.122201127653035, 25.414235704647155), (57.051703691653046, 25.484247373255), (56.976721254378546, 25.554259041862842), (56.90045927262277, 25.624270710470686), (56.82889335102503, 25.694282379078533), (56.77038669784429, 25.764294047686374), (56.72207682697298, 25.834305716294217), (56.697273639252266, 25.904317384902054), (56.688723870015906, 25.976123402911295), (56.69166173429616, 26.04366784109223), (56.69970458532122, 26.112358250319428), (56.70497728850026, 26.178607816610896), (56.700475327136886, 26.254750807280427), (56.68267665611256, 26.330381126692416), (56.6524123197811, 26.40759281075543), (56.6120058503154, 26.470332840717717), (56.55669146274771, 26.511063818200974), (56.48810674787951, 26.527529612707852), (56.42454787267482, 26.521262583548584), (56.35474014695487, 26.496588394458662), (56.27798934063656, 26.462974250363594), (56.2005028233302, 26.420168776278537), (56.12594603288787, 26.370432816112334), (56.058937938154855, 26.315022602928096), (56.005132073396574, 26.254370703099408), (55.97127062213742, 26.18854666651377), (55.96521155330295, 26.117997384182836), (55.99592880966533, 26.044567153259294), (56.07348554859199, 25.972797449460426)

Record time: 2023-07-28T00:58:24Z
Event time: 2023-07-28T23:35:45.666Z
Status: Underway
Travel distance: 216.31695464362852
Num waypoints: 44
Waypoints: (58.16838421154968, 24.364060676779452), (58.09838615594011, 24.4340723453909), (58.02838810033054, 24.504084014002334), (57.958390044720964, 24.574095682613766), (57.8883919891114, 24.6441073512252), (57.81839393350183, 24.714119019836634), (57.74839587789227, 24.784130688448077), (57.67839782228271, 24.854142357059516), (57.60839976667315, 24.92415402567096), (57.53840170811167, 24.994165693000095), (57.468403652505685, 25.064177361607943), (57.398405596899714, 25.134189030215786), (57.32840754129375, 25.204200698823634), (57.25661548517795, 25.27421236743147), (57.189084180272964, 25.344224036039307), (57.122201127653035, 25.414235704647155), (57.051703691653046, 25.484247373255), (56.976721254378546, 25.554259041862842), (56.90045927262277, 25.624270710470686), (56.82889335102503, 25.694282379078533), (56.77038669784429, 25.764294047686374), (56.72207682697298, 25.834305716294217), (56.697273639252266, 25.904317384902054), (56.688723870015906, 25.976123402911295), (56.69166173429616, 26.04366784109223), (56.69970458532122, 26.112358250319428), (56.70497728850026, 26.178607816610896), (56.700475327136886, 26.254750807280427), (56.68267665611256, 26.330381126692416), (56.6524123197811, 26.40759281075543), (56.6120058503154, 26.470332840717717), (56.55669146274771, 26.511063818200974), (56.48810674787951, 26.527529612707852), (56.42454787267482, 26.521262583548584), (56.35474014695487, 26.496588394458662), (56.27798934063656, 26.462974250363594), (56.2005028233302, 26.420168776278537), (56.12594603288787, 26.370432816112334), (56.058937938154855, 26.315022602928096), (56.005132073396574, 26.254370703099408), (55.97127062213742, 26.18854666651377), (55.96521155330295, 26.117997384182836), (55.99592880966533, 26.044567153259294), (56.07348554859199, 25.972797449460426)

Record time: 2023-07-28T01:20:23Z
Event time: 2023-07-29T00:08:09.222Z
Status: Underway
Travel distance: 222.00539956803456
Num waypoints: 45
Waypoints: (58.23838226715925, 24.294049008168038), (58.168384211549714, 24.364060676779474), (58.09838615594015, 24.434072345390906), (58.028388100330574, 24.50408401400234), (57.958390044721, 24.574095682613773), (57.88839198911143, 24.644107351225212), (57.81839393350187, 24.71411901983665), (57.748395877892314, 24.78413068844809), (57.67839782228276, 24.85414235705953), (57.60839976371764, 24.92415402439226), (57.53840170811167, 24.994165693000095), (57.468403652505685, 25.064177361607943), (57.398405596899714, 25.134189030215786), (57.32840754129375, 25.204200698823634), (57.25661548517795, 25.27421236743147), (57.189084180272964, 25.344224036039307), (57.122201127653035, 25.414235704647155), (57.051703691653046, 25.484247373255), (56.976721254378546, 25.554259041862842), (56.90045927262277, 25.624270710470686), (56.82889335102503, 25.694282379078533), (56.77038669784429, 25.764294047686374), (56.72207682697298, 25.834305716294217), (56.697273639252266, 25.904317384902054), (56.688723870015906, 25.976123402911295), (56.69166173429616, 26.04366784109223), (56.69970458532122, 26.112358250319428), (56.70497728850026, 26.178607816610896), (56.700475327136886, 26.254750807280427), (56.68267665611256, 26.330381126692416), (56.6524123197811, 26.40759281075543), (56.6120058503154, 26.470332840717717), (56.55669146274771, 26.511063818200974), (56.48810674787951, 26.527529612707852), (56.42454787267482, 26.521262583548584), (56.35474014695487, 26.496588394458662), (56.27798934063656, 26.462974250363594), (56.2005028233302, 26.420168776278537), (56.12594603288787, 26.370432816112334), (56.058937938154855, 26.315022602928096), (56.005132073396574, 26.254370703099408), (55.97127062213742, 26.18854666651377), (55.96521155330295, 26.117997384182836), (55.99592880966533, 26.044567153259294), (56.07348554859199, 25.972797449460426)

Record time: 2023-07-28T01:56:11Z
Event time: 2023-07-29T00:46:13.400Z
Status: Underway
Travel distance: 229.12958963282938
Num waypoints: 46
Waypoints: (58.378378378378386, 24.22403733955657), (58.30838032276882, 24.294049008168024), (58.23838226715926, 24.364060676779463), (58.1683842115497, 24.434072345390895), (58.09838615594013, 24.504084014002327), (58.028388100330574, 24.574095682613763), (57.95839004472101, 24.644107351225202), (57.88839198911144, 24.71411901983664), (57.818393933501866, 24.784130688448077), (57.74839587492958, 24.854142355784415), (57.678397819323614, 24.92415402439226), (57.60839976371764, 24.994165693000095), (57.53840170811167, 25.064177361607943), (57.468403652505685, 25.134189030215786), (57.398405596899714, 25.204200698823634), (57.32840754129375, 25.27421236743147), (57.25661548517795, 25.344224036039307), (57.189084180272964, 25.414235704647155), (57.122201127653035, 25.484247373255), (57.051703691653046, 25.554259041862842), (56.976721254378546, 25.624270710470686), (56.90045927262277, 25.694282379078533), (56.830687351534834, 25.764294047686374), (56.766125946633494, 25.834305716294217), (56.72322257519773, 25.904317384902054), (56.69842127193134, 25.976123402911295), (56.69009386830439, 26.04366784109223), (56.69344065917142, 26.112358250319428), (56.699992906831724, 26.178607816610896), (56.69997594674287, 26.254750807280427), (56.68579165909861, 26.330381126692416), (56.65487907048209, 26.40759281075543), (56.610211849805594, 26.470332840717717), (56.55669146274771, 26.511063818200974), (56.48810674787951, 26.527529612707852), (56.42454787267482, 26.521262583548584), (56.35474014695487, 26.496588394458662), (56.27798934063656, 26.462974250363594), (56.2005028233302, 26.420168776278537), (56.12594603288787, 26.370432816112334), (56.058937938154855, 26.315022602928096), (56.005132073396574, 26.254370703099408), (55.97127062213742, 26.18854666651377), (55.96521155330295, 26.117997384182836), (55.99592880966533, 26.044567153259294), (56.07348554859199, 25.972797449460426)

Record time: 2023-07-28T02:19:33Z
Event time: 2023-07-29T01:22:05.500Z
Status: Underway
Travel distance: 229.12958963282938
Num waypoints: 46
Waypoints: (58.378378378378386, 24.22403733955657), (58.30838032276882, 24.294049008168024), (58.23838226715926, 24.364060676779463), (58.1683842115497, 24.434072345390895), (58.09838615594013, 24.504084014002327), (58.028388100330574, 24.574095682613763), (57.95839004472101, 24.644107351225202), (57.88839198911144, 24.71411901983664), (57.818393933501866, 24.784130688448077), (57.74839587492958, 24.854142355784415), (57.678397819323614, 24.92415402439226), (57.60839976371764, 24.994165693000095), (57.53840170811167, 25.064177361607943), (57.468403652505685, 25.134189030215786), (57.398405596899714, 25.204200698823634), (57.32840754129375, 25.27421236743147), (57.25661548517795, 25.344224036039307), (57.189084180272964, 25.414235704647155), (57.122201127653035, 25.484247373255), (57.051703691653046, 25.554259041862842), (56.976721254378546, 25.624270710470686), (56.90045927262277, 25.694282379078533), (56.830687351534834, 25.764294047686374), (56.766125946633494, 25.834305716294217), (56.72322257519773, 25.904317384902054), (56.69842127193134, 25.976123402911295), (56.69009386830439, 26.04366784109223), (56.69344065917142, 26.112358250319428), (56.699992906831724, 26.178607816610896), (56.69997594674287, 26.254750807280427), (56.68579165909861, 26.330381126692416), (56.65487907048209, 26.40759281075543), (56.610211849805594, 26.470332840717717), (56.55669146274771, 26.511063818200974), (56.48810674787951, 26.527529612707852), (56.42454787267482, 26.521262583548584), (56.35474014695487, 26.496588394458662), (56.27798934063656, 26.462974250363594), (56.2005028233302, 26.420168776278537), (56.12594603288787, 26.370432816112334), (56.058937938154855, 26.315022602928096), (56.005132073396574, 26.254370703099408), (55.97127062213742, 26.18854666651377), (55.96521155330295, 26.117997384182836), (55.99592880966533, 26.044567153259294), (56.07348554859199, 25.972797449460426)

Record time: 2023-07-28T02:46:03Z
Event time: 2023-07-29T01:56:51Z
Status: Underway
Travel distance: 234.82019438444925
Num waypoints: 47
Waypoints: (58.44837643398792, 24.15402567094516), (58.37837837837836, 24.224037339556602), (58.30838032276879, 24.294049008168034), (58.238382267159224, 24.364060676779467), (58.168384211549665, 24.4340723453909), (58.0983861559401, 24.504084014002334), (58.02838810033054, 24.57409568261377), (57.95839004472098, 24.64410735122521), (57.88839198911141, 24.71411901983665), (57.81839393053556, 24.78413068717657), (57.74839587492958, 24.854142355784415), (57.678397819323614, 24.92415402439226), (57.60839976371764, 24.994165693000095), (57.53840170811167, 25.064177361607943), (57.468403652505685, 25.134189030215786), (57.398405596899714, 25.204200698823634), (57.32840754129375, 25.27421236743147), (57.25661548517795, 25.344224036039307), (57.189084180272964, 25.414235704647155), (57.122201127653035, 25.484247373255), (57.051703691653046, 25.554259041862842), (56.976721254378546, 25.624270710470686), (56.90045927262277, 25.694282379078533), (56.830687351534834, 25.764294047686374), (56.766125946633494, 25.834305716294217), (56.72322257519773, 25.904317384902054), (56.69842127193134, 25.976123402911295), (56.69009386830439, 26.04366784109223), (56.69344065917142, 26.112358250319428), (56.699992906831724, 26.178607816610896), (56.69997594674287, 26.254750807280427), (56.68579165909861, 26.330381126692416), (56.65487907048209, 26.40759281075543), (56.610211849805594, 26.470332840717717), (56.55669146274771, 26.511063818200974), (56.48810674787951, 26.527529612707852), (56.42454787267482, 26.521262583548584), (56.35474014695487, 26.496588394458662), (56.27798934063656, 26.462974250363594), (56.2005028233302, 26.420168776278537), (56.12594603288787, 26.370432816112334), (56.058937938154855, 26.315022602928096), (56.005132073396574, 26.254370703099408), (55.97127062213742, 26.18854666651377), (55.96521155330295, 26.117997384182836), (55.99592880966533, 26.044567153259294), (56.07348554859199, 25.972797449460426)

Record time: 2023-07-28T03:09:24Z
Event time: 2023-07-29T02:37:46.100Z
Status: Underway
Travel distance: 236.22624190064795
Num waypoints: 47
Waypoints: (58.5183744895975, 24.15402567094516), (58.44837643398795, 24.224037339556602), (58.378378378378386, 24.294049008168034), (58.30838032276882, 24.364060676779467), (58.23838226715925, 24.4340723453909), (58.168384211549686, 24.504084014002334), (58.098386155940126, 24.57409568261377), (58.02838810033057, 24.64410735122521), (57.95839004472101, 24.71411901983665), (57.88839198614154, 24.78413068717657), (57.81839393053556, 24.854142355784415), (57.74839587492958, 24.92415402439226), (57.678397819323614, 24.994165693000095), (57.60839976371764, 25.064177361607943), (57.53840170811167, 25.134189030215786), (57.468403652505685, 25.204200698823634), (57.398405596899714, 25.27421236743147), (57.32840754129375, 25.344224036039307), (57.25661548517795, 25.414235704647155), (57.189084180272964, 25.484247373255), (57.122201127653035, 25.554259041862842), (57.051703691653046, 25.624270710470686), (56.976721254378546, 25.694282379078533), (56.90225327313259, 25.764294047686374), (56.82642660032404, 25.834305716294217), (56.767271694858245, 25.904317384902054), (56.7243702078768, 25.976123402911295), (56.69979127021982, 26.04366784109223), (56.69187279317966, 26.112358250319428), (56.693728980681925, 26.178607816610896), (56.69499156507433, 26.254750807280427), (56.685292278704594, 26.330381126692416), (56.65799407346814, 26.40759281075543), (56.612678600506584, 26.470332840717717), (56.5548974622379, 26.511063818200974), (56.48810674787951, 26.527529612707852), (56.42454787267482, 26.521262583548584), (56.35474014695487, 26.496588394458662), (56.27798934063656, 26.462974250363594), (56.2005028233302, 26.420168776278537), (56.12594603288787, 26.370432816112334), (56.058937938154855, 26.315022602928096), (56.005132073396574, 26.254370703099408), (55.97127062213742, 26.18854666651377), (55.96521155330295, 26.117997384182836), (55.99592880966533, 26.044567153259294), (56.07348554859199, 25.972797449460426)

Record time: 2023-07-28T03:32:05Z
Event time: 2023-07-29T03:30:33.375Z
Status: Underway
Travel distance: 241.91900647948165
Num waypoints: 48
Waypoints: (58.58837254520708, 24.08401400233373), (58.51837448959751, 24.154025670945163), (58.44837643398794, 24.224037339556595), (58.378378378378365, 24.29404900816803), (58.3083803227688, 24.364060676779467), (58.23838226715924, 24.434072345390906), (58.16838421154968, 24.504084014002345), (58.09838615594012, 24.57409568261378), (58.02838810033056, 24.644107351225216), (57.958390041747506, 24.714119018568724), (57.88839198614154, 24.78413068717657), (57.81839393053556, 24.854142355784415), (57.74839587492958, 24.92415402439226), (57.678397819323614, 24.994165693000095), (57.60839976371764, 25.064177361607943), (57.53840170811167, 25.134189030215786), (57.468403652505685, 25.204200698823634), (57.398405596899714, 25.27421236743147), (57.32840754129375, 25.344224036039307), (57.25661548517795, 25.414235704647155), (57.189084180272964, 25.484247373255), (57.122201127653035, 25.554259041862842), (57.051703691653046, 25.624270710470686), (56.976721254378546, 25.694282379078533), (56.90225327313259, 25.764294047686374), (56.82642660032404, 25.834305716294217), (56.767271694858245, 25.904317384902054), (56.7243702078768, 25.976123402911295), (56.69979127021982, 26.04366784109223), (56.69187279317966, 26.112358250319428), (56.693728980681925, 26.178607816610896), (56.69499156507433, 26.254750807280427), (56.685292278704594, 26.330381126692416), (56.65799407346814, 26.40759281075543), (56.612678600506584, 26.470332840717717), (56.5548974622379, 26.511063818200974), (56.48810674787951, 26.527529612707852), (56.42454787267482, 26.521262583548584), (56.35474014695487, 26.496588394458662), (56.27798934063656, 26.462974250363594), (56.2005028233302, 26.420168776278537), (56.12594603288787, 26.370432816112334), (56.058937938154855, 26.315022602928096), (56.005132073396574, 26.254370703099408), (55.97127062213742, 26.18854666651377), (55.96521155330295, 26.117997384182836), (55.99592880966533, 26.044567153259294), (56.07348554859199, 25.972797449460426)

Record time: 2023-07-28T03:54:44Z
Event time: 2023-07-29T04:03:08.111Z
Status: Underway
Travel distance: 243.3137149028078
Num waypoints: 48
Waypoints: (58.65837060081667, 24.08401400233373), (58.5883725452071, 24.154025670945163), (58.51837448959753, 24.224037339556595), (58.44837643398797, 24.29404900816803), (58.3783783783784, 24.364060676779467), (58.30838032276884, 24.434072345390906), (58.23838226715928, 24.504084014002345), (58.16838421154973, 24.57409568261378), (58.09838615594017, 24.644107351225216), (58.02838809735349, 24.714119018568724), (57.958390041747506, 24.78413068717657), (57.88839198614154, 24.854142355784415), (57.81839393053556, 24.92415402439226), (57.74839587492958, 24.994165693000095), (57.678397819323614, 25.064177361607943), (57.60839976371764, 25.134189030215786), (57.53840170811167, 25.204200698823634), (57.468403652505685, 25.27421236743147), (57.398405596899714, 25.344224036039307), (57.32840754129375, 25.414235704647155), (57.25661548517795, 25.484247373255), (57.189084180272964, 25.554259041862842), (57.122201127653035, 25.624270710470686), (57.051703691653046, 25.694282379078533), (56.97851525488835, 25.764294047686374), (56.89799252192179, 25.834305716294217), (56.8275723485488, 25.904317384902054), (56.7684193275373, 25.976123402911295), (56.72574020616527, 26.04366784109223), (56.70157019509508, 26.112358250319428), (56.692161114690165, 26.178607816610896), (56.68872763892453, 26.254750807280427), (56.68030789703606, 26.330381126692416), (56.65749469307412, 26.40759281075543), (56.61579360349262, 26.470332840717717), (56.55736421293889, 26.511063818200974), (56.486312747369695, 26.527529612707852), (56.42454787267482, 26.521262583548584), (56.35474014695487, 26.496588394458662), (56.27798934063656, 26.462974250363594), (56.2005028233302, 26.420168776278537), (56.12594603288787, 26.370432816112334), (56.058937938154855, 26.315022602928096), (56.005132073396574, 26.254370703099408), (55.97127062213742, 26.18854666651377), (55.96521155330295, 26.117997384182836), (55.99592880966533, 26.044567153259294), (56.07348554859199, 25.972797449460426)

Record time: 2023-07-28T04:23:14Z
Event time: 2023-07-29T05:23:10.555Z
Status: Underway
Travel distance: 249.0075593952484
Num waypoints: 49
Waypoints: (58.72836865642626, 24.014002333722278), (58.65837060081668, 24.08401400233372), (58.58837254520711, 24.154025670945156), (58.51837448959754, 24.22403733955659), (58.44837643398798, 24.294049008168027), (58.378378378378414, 24.364060676779463), (58.308380322768855, 24.434072345390902), (58.23838226715929, 24.50408401400234), (58.16838421154972, 24.574095682613777), (58.09838615295947, 24.64410734996088), (58.02838809735349, 24.714119018568724), (57.958390041747506, 24.78413068717657), (57.88839198614154, 24.854142355784415), (57.81839393053556, 24.92415402439226), (57.74839587492958, 24.994165693000095), (57.678397819323614, 25.064177361607943), (57.60839976371764, 25.134189030215786), (57.53840170811167, 25.204200698823634), (57.468403652505685, 25.27421236743147), (57.398405596899714, 25.344224036039307), (57.32840754129375, 25.414235704647155), (57.25661548517795, 25.484247373255), (57.189084180272964, 25.554259041862842), (57.122201127653035, 25.624270710470686), (57.051703691653046, 25.694282379078533), (56.97851525488835, 25.764294047686374), (56.89799252192179, 25.834305716294217), (56.8275723485488, 25.904317384902054), (56.7684193275373, 25.976123402911295), (56.72574020616527, 26.04366784109223), (56.70157019509508, 26.112358250319428), (56.692161114690165, 26.178607816610896), (56.68872763892453, 26.254750807280427), (56.68030789703606, 26.330381126692416), (56.65749469307412, 26.40759281075543), (56.61579360349262, 26.470332840717717), (56.55736421293889, 26.511063818200974), (56.486312747369695, 26.527529612707852), (56.42454787267482, 26.521262583548584), (56.35474014695487, 26.496588394458662), (56.27798934063656, 26.462974250363594), (56.2005028233302, 26.420168776278537), (56.12594603288787, 26.370432816112334), (56.058937938154855, 26.315022602928096), (56.005132073396574, 26.254370703099408), (55.97127062213742, 26.18854666651377), (55.96521155330295, 26.117997384182836), (55.99592880966533, 26.044567153259294), (56.07348554859199, 25.972797449460426)

Record time: 2023-07-28T04:36:24Z
Event time: 2023-07-29T06:04:02.555Z
Status: Underway
Travel distance: 249.0075593952484
Num waypoints: 49
Waypoints: (58.72836865642626, 24.014002333722278), (58.65837060081668, 24.08401400233372), (58.58837254520711, 24.154025670945156), (58.51837448959754, 24.22403733955659), (58.44837643398798, 24.294049008168027), (58.378378378378414, 24.364060676779463), (58.308380322768855, 24.434072345390902), (58.23838226715929, 24.50408401400234), (58.16838421154972, 24.574095682613777), (58.09838615295947, 24.64410734996088), (58.02838809735349, 24.714119018568724), (57.958390041747506, 24.78413068717657), (57.88839198614154, 24.854142355784415), (57.81839393053556, 24.92415402439226), (57.74839587492958, 24.994165693000095), (57.678397819323614, 25.064177361607943), (57.60839976371764, 25.134189030215786), (57.53840170811167, 25.204200698823634), (57.468403652505685, 25.27421236743147), (57.398405596899714, 25.344224036039307), (57.32840754129375, 25.414235704647155), (57.25661548517795, 25.484247373255), (57.189084180272964, 25.554259041862842), (57.122201127653035, 25.624270710470686), (57.051703691653046, 25.694282379078533), (56.97851525488835, 25.764294047686374), (56.89799252192179, 25.834305716294217), (56.8275723485488, 25.904317384902054), (56.7684193275373, 25.976123402911295), (56.72574020616527, 26.04366784109223), (56.70157019509508, 26.112358250319428), (56.692161114690165, 26.178607816610896), (56.68872763892453, 26.254750807280427), (56.68030789703606, 26.330381126692416), (56.65749469307412, 26.40759281075543), (56.61579360349262, 26.470332840717717), (56.55736421293889, 26.511063818200974), (56.486312747369695, 26.527529612707852), (56.42454787267482, 26.521262583548584), (56.35474014695487, 26.496588394458662), (56.27798934063656, 26.462974250363594), (56.2005028233302, 26.420168776278537), (56.12594603288787, 26.370432816112334), (56.058937938154855, 26.315022602928096), (56.005132073396574, 26.254370703099408), (55.97127062213742, 26.18854666651377), (55.96521155330295, 26.117997384182836), (55.99592880966533, 26.044567153259294), (56.07348554859199, 25.972797449460426)

Record time: 2023-07-28T04:50:40Z
Event time: 2023-07-29T06:42:13.333Z
Status: Underway
Travel distance: 249.0075593952484
Num waypoints: 49
Waypoints: (58.72836865642626, 24.014002333722278), (58.65837060081668, 24.08401400233372), (58.58837254520711, 24.154025670945156), (58.51837448959754, 24.22403733955659), (58.44837643398798, 24.294049008168027), (58.378378378378414, 24.364060676779463), (58.308380322768855, 24.434072345390902), (58.23838226715929, 24.50408401400234), (58.16838421154972, 24.574095682613777), (58.09838615295947, 24.64410734996088), (58.02838809735349, 24.714119018568724), (57.958390041747506, 24.78413068717657), (57.88839198614154, 24.854142355784415), (57.81839393053556, 24.92415402439226), (57.74839587492958, 24.994165693000095), (57.678397819323614, 25.064177361607943), (57.60839976371764, 25.134189030215786), (57.53840170811167, 25.204200698823634), (57.468403652505685, 25.27421236743147), (57.398405596899714, 25.344224036039307), (57.32840754129375, 25.414235704647155), (57.25661548517795, 25.484247373255), (57.189084180272964, 25.554259041862842), (57.122201127653035, 25.624270710470686), (57.051703691653046, 25.694282379078533), (56.97851525488835, 25.764294047686374), (56.89799252192179, 25.834305716294217), (56.8275723485488, 25.904317384902054), (56.7684193275373, 25.976123402911295), (56.72574020616527, 26.04366784109223), (56.70157019509508, 26.112358250319428), (56.692161114690165, 26.178607816610896), (56.68872763892453, 26.254750807280427), (56.68030789703606, 26.330381126692416), (56.65749469307412, 26.40759281075543), (56.61579360349262, 26.470332840717717), (56.55736421293889, 26.511063818200974), (56.486312747369695, 26.527529612707852), (56.42454787267482, 26.521262583548584), (56.35474014695487, 26.496588394458662), (56.27798934063656, 26.462974250363594), (56.2005028233302, 26.420168776278537), (56.12594603288787, 26.370432816112334), (56.058937938154855, 26.315022602928096), (56.005132073396574, 26.254370703099408), (55.97127062213742, 26.18854666651377), (55.96521155330295, 26.117997384182836), (55.99592880966533, 26.044567153259294), (56.07348554859199, 25.972797449460426)

Record time: 2023-07-28T05:02:11Z
Event time: 2023-07-29T07:20:32Z
Status: Underway
Travel distance: 249.0075593952484
Num waypoints: 49
Waypoints: (58.72836865642626, 24.014002333722278), (58.65837060081668, 24.08401400233372), (58.58837254520711, 24.154025670945156), (58.51837448959754, 24.22403733955659), (58.44837643398798, 24.294049008168027), (58.378378378378414, 24.364060676779463), (58.308380322768855, 24.434072345390902), (58.23838226715929, 24.50408401400234), (58.16838421154972, 24.574095682613777), (58.09838615295947, 24.64410734996088), (58.02838809735349, 24.714119018568724), (57.958390041747506, 24.78413068717657), (57.88839198614154, 24.854142355784415), (57.81839393053556, 24.92415402439226), (57.74839587492958, 24.994165693000095), (57.678397819323614, 25.064177361607943), (57.60839976371764, 25.134189030215786), (57.53840170811167, 25.204200698823634), (57.468403652505685, 25.27421236743147), (57.398405596899714, 25.344224036039307), (57.32840754129375, 25.414235704647155), (57.25661548517795, 25.484247373255), (57.189084180272964, 25.554259041862842), (57.122201127653035, 25.624270710470686), (57.051703691653046, 25.694282379078533), (56.97851525488835, 25.764294047686374), (56.89799252192179, 25.834305716294217), (56.8275723485488, 25.904317384902054), (56.7684193275373, 25.976123402911295), (56.72574020616527, 26.04366784109223), (56.70157019509508, 26.112358250319428), (56.692161114690165, 26.178607816610896), (56.68872763892453, 26.254750807280427), (56.68030789703606, 26.330381126692416), (56.65749469307412, 26.40759281075543), (56.61579360349262, 26.470332840717717), (56.55736421293889, 26.511063818200974), (56.486312747369695, 26.527529612707852), (56.42454787267482, 26.521262583548584), (56.35474014695487, 26.496588394458662), (56.27798934063656, 26.462974250363594), (56.2005028233302, 26.420168776278537), (56.12594603288787, 26.370432816112334), (56.058937938154855, 26.315022602928096), (56.005132073396574, 26.254370703099408), (55.97127062213742, 26.18854666651377), (55.96521155330295, 26.117997384182836), (55.99592880966533, 26.044567153259294), (56.07348554859199, 25.972797449460426)

Record time: 2023-07-28T05:17:33Z
Event time: 2023-07-29T08:05:33Z
Status: Underway
Travel distance: 254.70302375809936
Num waypoints: 50
Waypoints: (58.798366712035765, 23.943990665110835), (58.72836865642624, 24.014002333722292), (58.65837060081668, 24.084014002333728), (58.58837254520711, 24.154025670945156), (58.51837448959754, 24.224037339556588), (58.44837643398797, 24.294049008168024), (58.3783783783784, 24.364060676779463), (58.30838032276884, 24.434072345390906), (58.23838226715928, 24.50408401400235), (58.168384208565456, 24.57409568135304), (58.09838615295947, 24.64410734996088), (58.02838809735349, 24.714119018568724), (57.958390041747506, 24.78413068717657), (57.88839198614154, 24.854142355784415), (57.81839393053556, 24.92415402439226), (57.74839587492958, 24.994165693000095), (57.678397819323614, 25.064177361607943), (57.60839976371764, 25.134189030215786), (57.53840170811167, 25.204200698823634), (57.468403652505685, 25.27421236743147), (57.398405596899714, 25.344224036039307), (57.32840754129375, 25.414235704647155), (57.25661548517795, 25.484247373255), (57.189084180272964, 25.554259041862842), (57.122201127653035, 25.624270710470686), (57.051703691653046, 25.694282379078533), (56.97851525488835, 25.764294047686374), (56.89799252192179, 25.834305716294217), (56.8275723485488, 25.904317384902054), (56.7684193275373, 25.976123402911295), (56.72574020616527, 26.04366784109223), (56.70157019509508, 26.112358250319428), (56.692161114690165, 26.178607816610896), (56.68872763892453, 26.254750807280427), (56.68030789703606, 26.330381126692416), (56.65749469307412, 26.40759281075543), (56.61579360349262, 26.470332840717717), (56.55736421293889, 26.511063818200974), (56.486312747369695, 26.527529612707852), (56.42454787267482, 26.521262583548584), (56.35474014695487, 26.496588394458662), (56.27798934063656, 26.462974250363594), (56.2005028233302, 26.420168776278537), (56.12594603288787, 26.370432816112334), (56.058937938154855, 26.315022602928096), (56.005132073396574, 26.254370703099408), (55.97127062213742, 26.18854666651377), (55.96521155330295, 26.117997384182836), (55.99592880966533, 26.044567153259294), (56.07348554859199, 25.972797449460426)

Record time: 2023-07-28T05:41:33Z
Event time: 2023-07-29T09:00:28.500Z
Status: Underway
Travel distance: 254.70302375809936
Num waypoints: 50
Waypoints: (58.798366712035765, 23.943990665110835), (58.72836865642624, 24.014002333722292), (58.65837060081668, 24.084014002333728), (58.58837254520711, 24.154025670945156), (58.51837448959754, 24.224037339556588), (58.44837643398797, 24.294049008168024), (58.3783783783784, 24.364060676779463), (58.30838032276884, 24.434072345390906), (58.23838226715928, 24.50408401400235), (58.168384208565456, 24.57409568135304), (58.09838615295947, 24.64410734996088), (58.02838809735349, 24.714119018568724), (57.958390041747506, 24.78413068717657), (57.88839198614154, 24.854142355784415), (57.81839393053556, 24.92415402439226), (57.74839587492958, 24.994165693000095), (57.678397819323614, 25.064177361607943), (57.60839976371764, 25.134189030215786), (57.53840170811167, 25.204200698823634), (57.468403652505685, 25.27421236743147), (57.398405596899714, 25.344224036039307), (57.32840754129375, 25.414235704647155), (57.25661548517795, 25.484247373255), (57.189084180272964, 25.554259041862842), (57.122201127653035, 25.624270710470686), (57.051703691653046, 25.694282379078533), (56.97851525488835, 25.764294047686374), (56.89799252192179, 25.834305716294217), (56.8275723485488, 25.904317384902054), (56.7684193275373, 25.976123402911295), (56.72574020616527, 26.04366784109223), (56.70157019509508, 26.112358250319428), (56.692161114690165, 26.178607816610896), (56.68872763892453, 26.254750807280427), (56.68030789703606, 26.330381126692416), (56.65749469307412, 26.40759281075543), (56.61579360349262, 26.470332840717717), (56.55736421293889, 26.511063818200974), (56.486312747369695, 26.527529612707852), (56.42454787267482, 26.521262583548584), (56.35474014695487, 26.496588394458662), (56.27798934063656, 26.462974250363594), (56.2005028233302, 26.420168776278537), (56.12594603288787, 26.370432816112334), (56.058937938154855, 26.315022602928096), (56.005132073396574, 26.254370703099408), (55.97127062213742, 26.18854666651377), (55.96521155330295, 26.117997384182836), (55.99592880966533, 26.044567153259294), (56.07348554859199, 25.972797449460426)

Record time: 2023-07-28T05:56:34Z
Event time: 2023-07-29T09:43:54.600Z
Status: Underway
Travel distance: 256.0874730021598
Num waypoints: 50
Waypoints: (58.86836476764533, 23.943990665110835), (58.79836671203578, 24.014002333722292), (58.72836865642622, 24.084014002333728), (58.65837060081665, 24.154025670945156), (58.588372545207086, 24.224037339556588), (58.51837448959752, 24.294049008168024), (58.44837643398795, 24.364060676779463), (58.37837837837839, 24.434072345390906), (58.308380322768826, 24.50408401400235), (58.23838226417141, 24.57409568135304), (58.168384208565456, 24.64410734996088), (58.09838615295947, 24.714119018568724), (58.02838809735349, 24.78413068717657), (57.958390041747506, 24.854142355784415), (57.88839198614154, 24.92415402439226), (57.81839393053556, 24.994165693000095), (57.74839587492958, 25.064177361607943), (57.678397819323614, 25.134189030215786), (57.60839976371764, 25.204200698823634), (57.53840170811167, 25.27421236743147), (57.468403652505685, 25.344224036039307), (57.398405596899714, 25.414235704647155), (57.32840754129375, 25.484247373255), (57.25661548517795, 25.554259041862842), (57.189084180272964, 25.624270710470686), (57.122201127653035, 25.694282379078533), (57.053497692162864, 25.764294047686374), (56.97425450367756, 25.834305716294217), (56.89913827014654, 25.904317384902054), (56.82871998122786, 25.976123402911295), (56.76978932582578, 26.04366784109223), (56.727519131040545, 26.112358250319428), (56.70185851660558, 26.178607816610896), (56.687159772932766, 26.254750807280427), (56.67404397088626, 26.330381126692416), (56.652510311405585, 26.40759281075543), (56.615294223098616, 26.470332840717717), (56.56047921592493, 26.511063818200974), (56.488779498070684, 26.527529612707852), (56.422753872165, 26.521262583548584), (56.35474014695487, 26.496588394458662), (56.27798934063656, 26.462974250363594), (56.2005028233302, 26.420168776278537), (56.12594603288787, 26.370432816112334), (56.058937938154855, 26.315022602928096), (56.005132073396574, 26.254370703099408), (55.97127062213742, 26.18854666651377), (55.96521155330295, 26.117997384182836), (55.99592880966533, 26.044567153259294), (56.07348554859199, 25.972797449460426)

Record time: 2023-07-28T06:09:02Z
Event time: 2023-07-29T10:36:44.400Z
Status: Underway
Travel distance: 260.39956803455726
Num waypoints: 51
Waypoints: (58.86836476764533, 23.873978996499417), (58.79836671203578, 23.943990665110842), (58.72836865642622, 24.01400233372227), (58.65837060081665, 24.084014002333706), (58.588372545207086, 24.154025670945146), (58.51837448959752, 24.22403733955658), (58.44837643398795, 24.29404900816802), (58.37837837837839, 24.364060676779456), (58.308380322768826, 24.43407234539089), (58.23838226417141, 24.50408401274519), (58.168384208565456, 24.57409568135304), (58.09838615295947, 24.64410734996088), (58.02838809735349, 24.714119018568724), (57.958390041747506, 24.78413068717657), (57.88839198614154, 24.854142355784415), (57.81839393053556, 24.92415402439226), (57.74839587492958, 24.994165693000095), (57.678397819323614, 25.064177361607943), (57.60839976371764, 25.134189030215786), (57.53840170811167, 25.204200698823634), (57.468403652505685, 25.27421236743147), (57.398405596899714, 25.344224036039307), (57.32840754129375, 25.414235704647155), (57.25661548517795, 25.484247373255), (57.189084180272964, 25.554259041862842), (57.122201127653035, 25.624270710470686), (57.051703691653046, 25.694282379078533), (56.97851525488835, 25.764294047686374), (56.89799252192179, 25.834305716294217), (56.8275723485488, 25.904317384902054), (56.7684193275373, 25.976123402911295), (56.72574020616527, 26.04366784109223), (56.70157019509508, 26.112358250319428), (56.692161114690165, 26.178607816610896), (56.68872763892453, 26.254750807280427), (56.68030789703606, 26.330381126692416), (56.65749469307412, 26.40759281075543), (56.61579360349262, 26.470332840717717), (56.55736421293889, 26.511063818200974), (56.486312747369695, 26.527529612707852), (56.42454787267482, 26.521262583548584), (56.35474014695487, 26.496588394458662), (56.27798934063656, 26.462974250363594), (56.2005028233302, 26.420168776278537), (56.12594603288787, 26.370432816112334), (56.058937938154855, 26.315022602928096), (56.005132073396574, 26.254370703099408), (55.97127062213742, 26.18854666651377), (55.96521155330295, 26.117997384182836), (55.99592880966533, 26.044567153259294), (56.07348554859199, 25.972797449460426)

Record time: 2023-07-28T06:19:09Z
Event time: 2023-07-29T11:07:46.636Z
Status: Underway
Travel distance: 260.39956803455726
Num waypoints: 51
Waypoints: (58.86836476764533, 23.873978996499417), (58.79836671203578, 23.943990665110842), (58.72836865642622, 24.01400233372227), (58.65837060081665, 24.084014002333706), (58.588372545207086, 24.154025670945146), (58.51837448959752, 24.22403733955658), (58.44837643398795, 24.29404900816802), (58.37837837837839, 24.364060676779456), (58.308380322768826, 24.43407234539089), (58.23838226417141, 24.50408401274519), (58.168384208565456, 24.57409568135304), (58.09838615295947, 24.64410734996088), (58.02838809735349, 24.714119018568724), (57.958390041747506, 24.78413068717657), (57.88839198614154, 24.854142355784415), (57.81839393053556, 24.92415402439226), (57.74839587492958, 24.994165693000095), (57.678397819323614, 25.064177361607943), (57.60839976371764, 25.134189030215786), (57.53840170811167, 25.204200698823634), (57.468403652505685, 25.27421236743147), (57.398405596899714, 25.344224036039307), (57.32840754129375, 25.414235704647155), (57.25661548517795, 25.484247373255), (57.189084180272964, 25.554259041862842), (57.122201127653035, 25.624270710470686), (57.051703691653046, 25.694282379078533), (56.97851525488835, 25.764294047686374), (56.89799252192179, 25.834305716294217), (56.8275723485488, 25.904317384902054), (56.7684193275373, 25.976123402911295), (56.72574020616527, 26.04366784109223), (56.70157019509508, 26.112358250319428), (56.692161114690165, 26.178607816610896), (56.68872763892453, 26.254750807280427), (56.68030789703606, 26.330381126692416), (56.65749469307412, 26.40759281075543), (56.61579360349262, 26.470332840717717), (56.55736421293889, 26.511063818200974), (56.486312747369695, 26.527529612707852), (56.42454787267482, 26.521262583548584), (56.35474014695487, 26.496588394458662), (56.27798934063656, 26.462974250363594), (56.2005028233302, 26.420168776278537), (56.12594603288787, 26.370432816112334), (56.058937938154855, 26.315022602928096), (56.005132073396574, 26.254370703099408), (55.97127062213742, 26.18854666651377), (55.96521155330295, 26.117997384182836), (55.99592880966533, 26.044567153259294), (56.07348554859199, 25.972797449460426)

Record time: 2023-07-28T06:32:53Z
Event time: 2023-07-29T11:55:35.727Z
Status: Underway
Travel distance: 260.39956803455726
Num waypoints: 51
Waypoints: (58.86836476764533, 23.873978996499417), (58.79836671203578, 23.943990665110842), (58.72836865642622, 24.01400233372227), (58.65837060081665, 24.084014002333706), (58.588372545207086, 24.154025670945146), (58.51837448959752, 24.22403733955658), (58.44837643398795, 24.29404900816802), (58.37837837837839, 24.364060676779456), (58.308380322768826, 24.43407234539089), (58.23838226417141, 24.50408401274519), (58.168384208565456, 24.57409568135304), (58.09838615295947, 24.64410734996088), (58.02838809735349, 24.714119018568724), (57.958390041747506, 24.78413068717657), (57.88839198614154, 24.854142355784415), (57.81839393053556, 24.92415402439226), (57.74839587492958, 24.994165693000095), (57.678397819323614, 25.064177361607943), (57.60839976371764, 25.134189030215786), (57.53840170811167, 25.204200698823634), (57.468403652505685, 25.27421236743147), (57.398405596899714, 25.344224036039307), (57.32840754129375, 25.414235704647155), (57.25661548517795, 25.484247373255), (57.189084180272964, 25.554259041862842), (57.122201127653035, 25.624270710470686), (57.051703691653046, 25.694282379078533), (56.97851525488835, 25.764294047686374), (56.89799252192179, 25.834305716294217), (56.8275723485488, 25.904317384902054), (56.7684193275373, 25.976123402911295), (56.72574020616527, 26.04366784109223), (56.70157019509508, 26.112358250319428), (56.692161114690165, 26.178607816610896), (56.68872763892453, 26.254750807280427), (56.68030789703606, 26.330381126692416), (56.65749469307412, 26.40759281075543), (56.61579360349262, 26.470332840717717), (56.55736421293889, 26.511063818200974), (56.486312747369695, 26.527529612707852), (56.42454787267482, 26.521262583548584), (56.35474014695487, 26.496588394458662), (56.27798934063656, 26.462974250363594), (56.2005028233302, 26.420168776278537), (56.12594603288787, 26.370432816112334), (56.058937938154855, 26.315022602928096), (56.005132073396574, 26.254370703099408), (55.97127062213742, 26.18854666651377), (55.96521155330295, 26.117997384182836), (55.99592880966533, 26.044567153259294), (56.07348554859199, 25.972797449460426)

Record time: 2023-07-28T06:46:02Z
Event time: 2023-07-29T12:52:56.454Z
Status: Underway
Travel distance: 260.39956803455726
Num waypoints: 51
Waypoints: (58.86836476764533, 23.873978996499417), (58.79836671203578, 23.943990665110842), (58.72836865642622, 24.01400233372227), (58.65837060081665, 24.084014002333706), (58.588372545207086, 24.154025670945146), (58.51837448959752, 24.22403733955658), (58.44837643398795, 24.29404900816802), (58.37837837837839, 24.364060676779456), (58.308380322768826, 24.43407234539089), (58.23838226417141, 24.50408401274519), (58.168384208565456, 24.57409568135304), (58.09838615295947, 24.64410734996088), (58.02838809735349, 24.714119018568724), (57.958390041747506, 24.78413068717657), (57.88839198614154, 24.854142355784415), (57.81839393053556, 24.92415402439226), (57.74839587492958, 24.994165693000095), (57.678397819323614, 25.064177361607943), (57.60839976371764, 25.134189030215786), (57.53840170811167, 25.204200698823634), (57.468403652505685, 25.27421236743147), (57.398405596899714, 25.344224036039307), (57.32840754129375, 25.414235704647155), (57.25661548517795, 25.484247373255), (57.189084180272964, 25.554259041862842), (57.122201127653035, 25.624270710470686), (57.051703691653046, 25.694282379078533), (56.97851525488835, 25.764294047686374), (56.89799252192179, 25.834305716294217), (56.8275723485488, 25.904317384902054), (56.7684193275373, 25.976123402911295), (56.72574020616527, 26.04366784109223), (56.70157019509508, 26.112358250319428), (56.692161114690165, 26.178607816610896), (56.68872763892453, 26.254750807280427), (56.68030789703606, 26.330381126692416), (56.65749469307412, 26.40759281075543), (56.61579360349262, 26.470332840717717), (56.55736421293889, 26.511063818200974), (56.486312747369695, 26.527529612707852), (56.42454787267482, 26.521262583548584), (56.35474014695487, 26.496588394458662), (56.27798934063656, 26.462974250363594), (56.2005028233302, 26.420168776278537), (56.12594603288787, 26.370432816112334), (56.058937938154855, 26.315022602928096), (56.005132073396574, 26.254370703099408), (55.97127062213742, 26.18854666651377), (55.96521155330295, 26.117997384182836), (55.99592880966533, 26.044567153259294), (56.07348554859199, 25.972797449460426)

Record time: 2023-07-28T15:11:31Z
Event time: 2023-07-29T10:12:19.250Z
Status: Underway
Travel distance: 237.62149028077755
Num waypoints: 47
Waypoints: (58.58837254520708, 24.15402567094516), (58.51837448959751, 24.224037339556602), (58.44837643398794, 24.294049008168034), (58.378378378378365, 24.364060676779467), (58.3083803227688, 24.4340723453909), (58.23838226715924, 24.504084014002334), (58.16838421154968, 24.57409568261377), (58.09838615594012, 24.64410735122521), (58.02838810033056, 24.71411901983665), (57.958390041747506, 24.78413068717657), (57.88839198614154, 24.854142355784415), (57.81839393053556, 24.92415402439226), (57.74839587492958, 24.994165693000095), (57.678397819323614, 25.064177361607943), (57.60839976371764, 25.134189030215786), (57.53840170811167, 25.204200698823634), (57.468403652505685, 25.27421236743147), (57.398405596899714, 25.344224036039307), (57.32840754129375, 25.414235704647155), (57.25661548517795, 25.484247373255), (57.189084180272964, 25.554259041862842), (57.122201127653035, 25.624270710470686), (57.051703691653046, 25.694282379078533), (56.97851525488835, 25.764294047686374), (56.89799252192179, 25.834305716294217), (56.8275723485488, 25.904317384902054), (56.7684193275373, 25.976123402911295), (56.72574020616527, 26.04366784109223), (56.70157019509508, 26.112358250319428), (56.692161114690165, 26.178607816610896), (56.68872763892453, 26.254750807280427), (56.68030789703606, 26.330381126692416), (56.65749469307412, 26.40759281075543), (56.61579360349262, 26.470332840717717), (56.55736421293889, 26.511063818200974), (56.486312747369695, 26.527529612707852), (56.42454787267482, 26.521262583548584), (56.35474014695487, 26.496588394458662), (56.27798934063656, 26.462974250363594), (56.2005028233302, 26.420168776278537), (56.12594603288787, 26.370432816112334), (56.058937938154855, 26.315022602928096), (56.005132073396574, 26.254370703099408), (55.97127062213742, 26.18854666651377), (55.96521155330295, 26.117997384182836), (55.99592880966533, 26.044567153259294), (56.07348554859199, 25.972797449460426)

Record time: 2023-07-28T17:14:52Z
Event time: 2023-07-29T10:48:13.714Z
Status: Underway
Travel distance: 210.56533477321815
Num waypoints: 42
Waypoints: (58.30838032276879, 24.50408401400233), (58.23838226715925, 24.574095682613777), (58.16838421154969, 24.644107351225212), (58.098386155940126, 24.714119019836644), (58.02838810033056, 24.78413068844808), (57.95839004472099, 24.854142357059516), (57.888391989111426, 24.92415402567095), (57.818393933501866, 24.994165694282394), (57.7483958778923, 25.064177362893833), (57.678397819323614, 25.134189030215786), (57.60839976371764, 25.204200698823634), (57.53840170811167, 25.27421236743147), (57.468403652505685, 25.344224036039307), (57.398405596899714, 25.414235704647155), (57.32840754129375, 25.484247373255), (57.25661548517795, 25.554259041862842), (57.189084180272964, 25.624270710470686), (57.122201127653035, 25.694282379078533), (57.053497692162864, 25.764294047686374), (56.97425450367756, 25.834305716294217), (56.89913827014654, 25.904317384902054), (56.82871998122786, 25.976123402911295), (56.76978932582578, 26.04366784109223), (56.727519131040545, 26.112358250319428), (56.70185851660558, 26.178607816610896), (56.687159772932766, 26.254750807280427), (56.67404397088626, 26.330381126692416), (56.652510311405585, 26.40759281075543), (56.615294223098616, 26.470332840717717), (56.56047921592493, 26.511063818200974), (56.488779498070684, 26.527529612707852), (56.422753872165, 26.521262583548584), (56.35474014695487, 26.496588394458662), (56.27798934063656, 26.462974250363594), (56.2005028233302, 26.420168776278537), (56.12594603288787, 26.370432816112334), (56.058937938154855, 26.315022602928096), (56.005132073396574, 26.254370703099408), (55.97127062213742, 26.18854666651377), (55.96521155330295, 26.117997384182836), (55.99592880966533, 26.044567153259294), (56.07348554859199, 25.972797449460426)

Record time: 2023-07-28T18:12:24Z
Event time: 2023-07-29T11:20:23.666Z
Status: Underway
Travel distance: 199.19924406047517
Num waypoints: 40
Waypoints: (58.16838421154968, 24.644107351225205), (58.09838615594011, 24.714119019836648), (58.02838810033054, 24.78413068844808), (57.958390044720964, 24.854142357059516), (57.8883919891114, 24.92415402567095), (57.81839393350183, 24.994165694282387), (57.74839587789227, 25.064177362893826), (57.67839782228271, 25.134189031505265), (57.60839976667315, 25.204200700116704), (57.53840170811167, 25.27421236743147), (57.468403652505685, 25.344224036039307), (57.398405596899714, 25.414235704647155), (57.32840754129375, 25.484247373255), (57.25661548517795, 25.554259041862842), (57.189084180272964, 25.624270710470686), (57.122201127653035, 25.694282379078533), (57.053497692162864, 25.764294047686374), (56.97425450367756, 25.834305716294217), (56.89913827014654, 25.904317384902054), (56.82871998122786, 25.976123402911295), (56.76978932582578, 26.04366784109223), (56.727519131040545, 26.112358250319428), (56.70185851660558, 26.178607816610896), (56.687159772932766, 26.254750807280427), (56.67404397088626, 26.330381126692416), (56.652510311405585, 26.40759281075543), (56.615294223098616, 26.470332840717717), (56.56047921592493, 26.511063818200974), (56.488779498070684, 26.527529612707852), (56.422753872165, 26.521262583548584), (56.35474014695487, 26.496588394458662), (56.27798934063656, 26.462974250363594), (56.2005028233302, 26.420168776278537), (56.12594603288787, 26.370432816112334), (56.058937938154855, 26.315022602928096), (56.005132073396574, 26.254370703099408), (55.97127062213742, 26.18854666651377), (55.96521155330295, 26.117997384182836), (55.99592880966533, 26.044567153259294), (56.07348554859199, 25.972797449460426)

Record time: 2023-07-28T19:24:49Z
Event time: 2023-07-29T11:51:17.714Z
Status: Underway
Travel distance: 184.7732181425486
Num waypoints: 38
Waypoints: (58.02838810033054, 24.85562677338258), (57.95839004472099, 24.921733013334567), (57.888391989111426, 24.992875665811177), (57.81839393350185, 25.06504074789805), (57.748395877892285, 25.136264961711095), (57.67839782228272, 25.206014080496686), (57.60839976667315, 25.274644643811225), (57.5384017110636, 25.34294896178004), (57.46840365545404, 25.41178342843565), (57.398405596899714, 25.481780142828086), (57.32840754129375, 25.551143433080803), (57.25661548517795, 25.624770187982627), (57.189084180272964, 25.69926773009395), (57.122201127653035, 25.770559192024848), (57.053497692162864, 25.835873887199632), (56.97425450367756, 25.89461809706639), (56.89913827014654, 25.948375071096923), (56.82871998122786, 26.002077385324267), (56.76978932582578, 26.053367128927896), (56.727519131040545, 26.110790079414006), (56.70185851660558, 26.172342672272425), (56.687159772932766, 26.249765456265006), (56.67404397088626, 26.32988164918048), (56.652510311405585, 26.410708419537464), (56.615294223098616, 26.472800071144633), (56.56047921592493, 26.50926946879958), (56.488779498070684, 26.527529612707852), (56.422753872165, 26.521262583548584), (56.35474014695487, 26.496588394458662), (56.27798934063656, 26.462974250363594), (56.2005028233302, 26.420168776278537), (56.12594603288787, 26.370432816112334), (56.058937938154855, 26.315022602928096), (56.005132073396574, 26.254370703099408), (55.97127062213742, 26.18854666651377), (55.96521155330295, 26.117997384182836), (55.99592880966533, 26.044567153259294), (56.07348554859199, 25.972797449460426)

Record time: 2023-07-28T22:33:00Z
Event time: 2023-07-29T12:13:23Z
Status: Underway
Travel distance: 150.7964362850972
Num waypoints: 32
Waypoints: (57.608066595149914, 25.273648430344796), (57.54012736869694, 25.346471246351896), (57.467558037986805, 25.413436039312973), (57.396127859911374, 25.481443138176378), (57.32722567730236, 25.55256207618038), (57.2597862081343, 25.625872683810485), (57.191846416345044, 25.698991039719), (57.12173196427383, 25.769280279606903), (57.04887374671688, 25.83474626306792), (56.97425450367756, 25.89461809706639), (56.89913827014654, 25.948375071096923), (56.82871998122786, 26.002077385324267), (56.76978932582578, 26.053367128927896), (56.727519131040545, 26.110790079414006), (56.70185851660558, 26.172342672272425), (56.687159772932766, 26.249765456265006), (56.67404397088626, 26.32988164918048), (56.652510311405585, 26.410708419537464), (56.615294223098616, 26.472800071144633), (56.56047921592493, 26.50926946879958), (56.488779498070684, 26.527529612707852), (56.422753872165, 26.521262583548584), (56.35474014695487, 26.496588394458662), (56.27798934063656, 26.462974250363594), (56.2005028233302, 26.420168776278537), (56.12594603288787, 26.370432816112334), (56.058937938154855, 26.315022602928096), (56.005132073396574, 26.254370703099408), (55.97127062213742, 26.18854666651377), (55.96521155330295, 26.117997384182836), (55.99592880966533, 26.044567153259294), (56.07348554859199, 25.972797449460426)

Record time: 2023-07-29T00:16:53Z
Event time: 2023-07-29T11:42:27.400Z
Status: Underway
Travel distance: 128.28455723542118
Num waypoints: 28
Waypoints: (57.331152132027945, 25.555590240700603), (57.25108049173703, 25.61964113497455), (57.188926071779285, 25.69573003700261), (57.12535368560493, 25.77056853177729), (57.05387918287977, 25.838035235382634), (56.97621258597678, 25.897091183189545), (56.89835934243939, 25.949947784038322), (56.82747969341655, 26.00048734040834), (56.76950615806959, 26.052936134574963), (56.727519131040545, 26.110790079414006), (56.70185851660558, 26.172342672272425), (56.687159772932766, 26.249765456265006), (56.67404397088626, 26.32988164918048), (56.652510311405585, 26.410708419537464), (56.615294223098616, 26.472800071144633), (56.56047921592493, 26.50926946879958), (56.488779498070684, 26.527529612707852), (56.422753872165, 26.521262583548584), (56.35474014695487, 26.496588394458662), (56.27798934063656, 26.462974250363594), (56.2005028233302, 26.420168776278537), (56.12594603288787, 26.370432816112334), (56.058937938154855, 26.315022602928096), (56.005132073396574, 26.254370703099408), (55.97127062213742, 26.18854666651377), (55.96521155330295, 26.117997384182836), (55.99592880966533, 26.044567153259294), (56.07348554859199, 25.972797449460426)

Record time: 2023-07-29T01:21:42Z
Event time: 2023-07-29T11:10:17.250Z
Status: Underway
Travel distance: 116.73596112311016
Num waypoints: 26
Waypoints: (57.18125639981325, 25.691624063410046), (57.13096769201342, 25.769207536947178), (57.055529399525284, 25.839237505455106), (56.9722327612207, 25.899033411061733), (56.89307087265893, 25.95096036117622), (56.82533869634121, 25.999896494780202), (56.7722733992877, 26.051180601058796), (56.73373501793684, 26.109039990371436), (56.70692745036709, 26.1754986175625), (56.687159772932766, 26.249765456265006), (56.67404397088626, 26.32988164918048), (56.652510311405585, 26.410708419537464), (56.615294223098616, 26.472800071144633), (56.56047921592493, 26.50926946879958), (56.488779498070684, 26.527529612707852), (56.422753872165, 26.521262583548584), (56.35474014695487, 26.496588394458662), (56.27798934063656, 26.462974250363594), (56.2005028233302, 26.420168776278537), (56.12594603288787, 26.370432816112334), (56.058937938154855, 26.315022602928096), (56.005132073396574, 26.254370703099408), (55.97127062213742, 26.18854666651377), (55.96521155330295, 26.117997384182836), (55.99592880966533, 26.044567153259294), (56.07348554859199, 25.972797449460426)

Record time: 2023-07-29T03:33:20Z
Event time: 2023-07-29T10:52:41.500Z
Status: Underway
Travel distance: 85.27861771058315
Num waypoints: 19
Waypoints: (56.915159275518384, 26.120053974984963), (56.82430816251122, 26.172795973017507), (56.76250120166673, 26.24972022191249), (56.71049340327129, 26.333180086931055), (56.65874652931978, 26.409828137085757), (56.60381021643654, 26.470503418358113), (56.54544745825169, 26.509967941252153), (56.48450444723262, 26.526492382683998), (56.42152477618536, 26.521291002308256), (56.3555203141476, 26.492540960730334), (56.280603832770055, 26.454482079194204), (56.20164833742573, 26.412390285155126), (56.12529338925306, 26.367983786288182), (56.057065150323, 26.319396972366434), (56.00324827578314, 26.262640910139375), (55.970669201397286, 26.194185547728164), (55.9664794312989, 26.11474820443336), (55.997938825744704, 26.034288345854616), (56.07219888886817, 25.978208644322265)

Record time: 2023-07-29T06:33:48Z
Event time: 2023-07-29T11:00:03Z
Status: Underway
Travel distance: 56.165766738660906
Num waypoints: 13
Waypoints: (56.559033605161424, 26.60260530189833), (56.48581062884913, 26.544044328243643), (56.4216577420132, 26.51484448011318), (56.349298583746304, 26.484305453623854), (56.27521178938867, 26.449129702064013), (56.2068261941724, 26.413147563555075), (56.145293555407385, 26.381900068514575), (56.06058179909167, 26.324790591403683), (55.99437302526587, 26.257238403027387), (55.95779321043807, 26.184588697046628), (55.965412085598224, 26.113105372217156), (56.01422068455495, 26.044775596426334), (56.065577546745445, 25.974300255307842)

Record time: 2023-07-29T07:06:12Z
Event time: 2023-07-29T11:18:13.666Z
Status: Underway
Travel distance: 53.225161987041034
Num waypoints: 12
Waypoints: (56.486717637796744, 26.604894864898963), (56.42562842562838, 26.530891580792037), (56.340309117287475, 26.476039987193786), (56.27481443308777, 26.443191238029577), (56.21666220227368, 26.417139179030855), (56.145293555407385, 26.381093681545785), (56.06058179909167, 26.324790591403683), (55.99437302526587, 26.257238403027387), (55.95779321043807, 26.184588697046628), (55.965412085598224, 26.113105372217156), (56.01422068455495, 26.044775596426334), (56.065577546745445, 25.974300255307842)

Record time: 2023-07-29T07:58:41Z
Event time: 2023-07-29T11:36:51.500Z
Status: Underway
Travel distance: 47.93790496760259
Num waypoints: 10
Waypoints: (56.2784367100914, 26.60443407234539), (56.208438654481824, 26.534422403733956), (56.208438654481824, 26.46441073512252), (56.13844059887225, 26.394399066511085), (56.06844254326268, 26.32438739789965), (55.99844448765313, 26.254375729288213), (55.92844643204356, 26.184364060676778), (55.99844448765313, 26.114352392065342), (55.99844448765313, 26.044340723453907), (56.06844254326268, 25.97432905484247)

Record time: 2023-07-29T11:08:53Z
Event time: 2023-07-29T11:39:02.666Z
Status: Underway
Travel distance: 9.857451403887689
Num waypoints: 3
Waypoints: (55.99844448765313, 26.114352392065342), (55.99844448765313, 26.044340723453907), (56.06844254326268, 25.97432905484247)

Record time: 2023-07-29T11:29:35Z
Event time: 2023-07-29T11:57:07Z
Status: Underway
Travel distance: 9.857451403887689
Num waypoints: 3
Waypoints: (55.99844448765313, 26.114352392065342), (55.99844448765313, 26.044340723453907), (56.06844254326268, 25.97432905484247)

Record time: 2023-07-29T13:14:33Z
Event time: 2023-07-29T13:14:33Z
Status: Arrived
Travel distance: N/A
Num waypoints: 0
Waypoints: 

