Record time: 2023-11-09T17:21:20Z
Event time: 2023-11-11T15:33:03.200Z
Status: Underway
Travel distance: 648.8439524838013
Num waypoints: 62
Waypoints: (66.69, 24.579054295818594), (66.51, 24.540889952153112), (66.33, 24.575686853730467), (66.15, 24.635739570968806), (65.97000000000001, 24.693174414762783), (65.79000000000002, 24.734706200516406), (65.61000000000003, 24.757087972197414), (65.43000000000004, 24.763253686413208), (65.25000000000003, 24.759153856508295), (65.06999999666169, 24.751284155413444), (64.8899999966709, 24.741989768551626), (64.70999999668014, 24.74365674930265), (64.52999999668937, 24.754613271041222), (64.34999999669861, 24.749999998730246), (64.16999999670784, 24.749999998730246), (63.98999999671708, 24.749999998730246), (63.80999999672631, 24.749999998730246), (63.62999999673554, 24.749999998730246), (63.449999996744786, 24.749999998730246), (63.269999996754, 24.749999998730246), (63.089999996763254, 24.749999998730246), (62.909999996772484, 24.749999998730246), (62.72999999678173, 24.749999998730246), (62.54999999679096, 24.749999998730246), (62.3699999968002, 24.749999998730246), (62.189999996809426, 24.749999998730246), (62.009999996818664, 24.74538672641927), (61.829999996827894, 24.75172997584686), (61.64999999683714, 24.759740206025473), (61.469999996846376, 24.763069321653244), (61.289999996855585, 24.743908734765014), (61.10999999686484, 24.71979081849219), (60.92999999687408, 24.71704320777756), (60.7499999968833, 24.754797414263713), (60.569999996892555, 24.83763278914168), (60.389999996901764, 24.95493686774651), (60.209999996911016, 25.08506312968626), (60.029999996920246, 25.20236720829109), (59.84999999692947, 25.285202583169056), (59.66999999693871, 25.322956789655205), (59.489999996947944, 25.32020917894058), (59.30999999695718, 25.291477990356775), (59.12999999696641, 25.283273925207112), (58.94999999697565, 25.28365674927494), (58.769999996984886, 25.288715842019325), (58.589999996994116, 25.291536140848095), (58.409999997003354, 25.282348363220347), (58.22999999701258, 25.281606944456083), (58.049999997021835, 25.294467894785218), (57.86999999703106, 25.336840219456626), (57.689999997040296, 25.40659173378876), (57.509999997049526, 25.500756762724567), (57.32077345243681, 25.636271636859497), (57.15253729977119, 25.822021429532953), (56.98470555439985, 26.028796147774734), (56.80977416267944, 26.23070538797591), (56.62172190555441, 26.396683351485006), (56.420458914083625, 26.495375910131088), (56.21756030788431, 26.50168205190961), (56.04328495943412, 26.40494970814621), (55.95487938423123, 26.21882596213852), (56.04616675681281, 25.992761639275923)

Record time: 2023-11-09T18:27:36Z
Event time: 2023-11-11T16:07:18.200Z
Status: Underway
Travel distance: 629.360151187905
Num waypoints: 60
Waypoints: (66.32999999999998, 24.549476929477844), (66.15000000000002, 24.635982775119622), (65.97000000000001, 24.69784206365717), (65.79, 24.736642479717084), (65.61, 24.75636072394425), (65.42999999999999, 24.762176242978995), (65.25, 24.75949914707719), (65.07000000000002, 24.75321231537343), (64.89000000000003, 24.747127688787202), (64.70999999668014, 24.74365674930265), (64.52999999668937, 24.754613271041222), (64.34999999669861, 24.749999998730246), (64.16999999670784, 24.749999998730246), (63.98999999671708, 24.749999998730246), (63.80999999672631, 24.749999998730246), (63.62999999673554, 24.749999998730246), (63.449999996744786, 24.749999998730246), (63.269999996754, 24.749999998730246), (63.089999996763254, 24.749999998730246), (62.909999996772484, 24.749999998730246), (62.72999999678173, 24.749999998730246), (62.54999999679096, 24.749999998730246), (62.3699999968002, 24.749999998730246), (62.189999996809426, 24.749999998730246), (62.009999996818664, 24.74538672641927), (61.829999996827894, 24.75172997584686), (61.64999999683714, 24.759740206025473), (61.469999996846376, 24.763069321653244), (61.289999996855585, 24.743908734765014), (61.10999999686484, 24.71979081849219), (60.92999999687408, 24.71704320777756), (60.7499999968833, 24.754797414263713), (60.569999996892555, 24.83763278914168), (60.389999996901764, 24.95493686774651), (60.209999996911016, 25.08506312968626), (60.029999996920246, 25.20236720829109), (59.84999999692947, 25.285202583169056), (59.66999999693871, 25.322956789655205), (59.489999996947944, 25.32020917894058), (59.30999999695718, 25.291477990356775), (59.12999999696641, 25.283273925207112), (58.94999999697565, 25.28365674927494), (58.769999996984886, 25.288715842019325), (58.589999996994116, 25.291536140848095), (58.409999997003354, 25.282348363220347), (58.22999999701258, 25.281606944456083), (58.049999997021835, 25.294467894785218), (57.86999999703106, 25.336840219456626), (57.689999997040296, 25.40659173378876), (57.509999997049526, 25.500756762724567), (57.32077345243681, 25.636271636859497), (57.15253729977119, 25.822021429532953), (56.98470555439985, 26.028796147774734), (56.80977416267944, 26.23070538797591), (56.62172190555441, 26.396683351485006), (56.420458914083625, 26.495375910131088), (56.21756030788431, 26.50168205190961), (56.04328495943412, 26.40494970814621), (55.95487938423123, 26.21882596213852), (56.04616675681281, 25.992761639275923)

Record time: 2023-11-09T19:22:08Z
Event time: 2023-11-11T16:50:03.700Z
Status: Underway
Travel distance: 620.5534557235421
Num waypoints: 59
Waypoints: (66.14999999999998, 24.581916621593493), (65.96999999999997, 24.717560307884327), (65.78999999999996, 24.763357520282913), (65.60999999999996, 24.76621984605782), (65.42999999999996, 24.754770542958173), (65.24999999999997, 24.744139047222784), (65.06999999999998, 24.740112918660277), (64.89, 24.742647222800077), (64.71000000000001, 24.748731350114415), (64.52999999668937, 24.754613271041222), (64.34999999669861, 24.749999998730246), (64.16999999670784, 24.749999998730246), (63.98999999671708, 24.749999998730246), (63.80999999672631, 24.749999998730246), (63.62999999673554, 24.749999998730246), (63.449999996744786, 24.749999998730246), (63.269999996754, 24.749999998730246), (63.089999996763254, 24.749999998730246), (62.909999996772484, 24.749999998730246), (62.72999999678173, 24.749999998730246), (62.54999999679096, 24.749999998730246), (62.3699999968002, 24.749999998730246), (62.189999996809426, 24.749999998730246), (62.009999996818664, 24.74538672641927), (61.829999996827894, 24.75172997584686), (61.64999999683714, 24.759740206025473), (61.469999996846376, 24.763069321653244), (61.289999996855585, 24.743908734765014), (61.10999999686484, 24.71979081849219), (60.92999999687408, 24.71704320777756), (60.7499999968833, 24.754797414263713), (60.569999996892555, 24.83763278914168), (60.389999996901764, 24.95493686774651), (60.209999996911016, 25.08506312968626), (60.029999996920246, 25.20236720829109), (59.84999999692947, 25.285202583169056), (59.66999999693871, 25.322956789655205), (59.489999996947944, 25.32020917894058), (59.30999999695718, 25.291477990356775), (59.12999999696641, 25.283273925207112), (58.94999999697565, 25.28365674927494), (58.769999996984886, 25.288715842019325), (58.589999996994116, 25.291536140848095), (58.409999997003354, 25.282348363220347), (58.22999999701258, 25.281606944456083), (58.049999997021835, 25.294467894785218), (57.86999999703106, 25.336840219456626), (57.689999997040296, 25.40659173378876), (57.509999997049526, 25.500756762724567), (57.32077345243681, 25.636271636859497), (57.15253729977119, 25.822021429532953), (56.98470555439985, 26.028796147774734), (56.80977416267944, 26.23070538797591), (56.62172190555441, 26.396683351485006), (56.420458914083625, 26.495375910131088), (56.21756030788431, 26.50168205190961), (56.04328495943412, 26.40494970814621), (55.95487938423123, 26.21882596213852), (56.04616675681281, 25.992761639275923)

Record time: 2023-11-09T19:44:38Z
Event time: 2023-11-11T17:32:21.700Z
Status: Underway
Travel distance: 610.7354211663067
Num waypoints: 58
Waypoints: (65.97000000000003, 24.581916621593493), (65.79000000000003, 24.717560307884327), (65.61000000000003, 24.763357520282913), (65.43000000000002, 24.76621984605782), (65.25000000000001, 24.754770542958173), (65.07000000000002, 24.744139047222784), (64.89000000000003, 24.740112918660277), (64.71000000000005, 24.742647222800077), (64.53000000000006, 24.748731350114415), (64.34999999669861, 24.754613271041222), (64.16999999670784, 24.749999998730246), (63.98999999671708, 24.749999998730246), (63.80999999672631, 24.749999998730246), (63.62999999673554, 24.749999998730246), (63.449999996744786, 24.749999998730246), (63.269999996754, 24.749999998730246), (63.089999996763254, 24.749999998730246), (62.909999996772484, 24.749999998730246), (62.72999999678173, 24.749999998730246), (62.54999999679096, 24.749999998730246), (62.3699999968002, 24.749999998730246), (62.189999996809426, 24.749999998730246), (62.009999996818664, 24.74538672641927), (61.829999996827894, 24.75172997584686), (61.64999999683714, 24.759740206025473), (61.469999996846376, 24.763069321653244), (61.289999996855585, 24.743908734765014), (61.10999999686484, 24.71979081849219), (60.92999999687408, 24.71704320777756), (60.7499999968833, 24.754797414263713), (60.569999996892555, 24.83763278914168), (60.389999996901764, 24.95493686774651), (60.209999996911016, 25.08506312968626), (60.029999996920246, 25.20236720829109), (59.84999999692947, 25.285202583169056), (59.66999999693871, 25.322956789655205), (59.489999996947944, 25.32020917894058), (59.30999999695718, 25.291477990356775), (59.12999999696641, 25.283273925207112), (58.94999999697565, 25.28365674927494), (58.769999996984886, 25.288715842019325), (58.589999996994116, 25.291536140848095), (58.409999997003354, 25.282348363220347), (58.22999999701258, 25.281606944456083), (58.049999997021835, 25.294467894785218), (57.86999999703106, 25.336840219456626), (57.689999997040296, 25.40659173378876), (57.509999997049526, 25.500756762724567), (57.32077345243681, 25.636271636859497), (57.15253729977119, 25.822021429532953), (56.98470555439985, 26.028796147774734), (56.80977416267944, 26.23070538797591), (56.62172190555441, 26.396683351485006), (56.420458914083625, 26.495375910131088), (56.21756030788431, 26.50168205190961), (56.04328495943412, 26.40494970814621), (55.95487938423123, 26.21882596213852), (56.04616675681281, 25.992761639275923)

Record time: 2023-11-09T22:55:09Z
Event time: 2023-11-11T17:54:08.636Z
Status: Underway
Travel distance: 577.1312095032397
Num waypoints: 54
Waypoints: (65.25, 24.381393551071355), (65.07000000000001, 24.603543083003945), (64.89, 24.71119958394008), (64.71, 24.752862325774903), (64.53, 24.761131266902428), (64.35, 24.756315290201787), (64.17000000000002, 24.749612065737466), (63.99000000000002, 24.745859538173498), (63.810000000000045, 24.745859038901603), (63.62999999673554, 24.748270021613628), (63.449999996744786, 24.754613271041222), (63.269999996754, 24.749999998730246), (63.089999996763254, 24.749999998730246), (62.909999996772484, 24.749999998730246), (62.72999999678173, 24.749999998730246), (62.54999999679096, 24.749999998730246), (62.3699999968002, 24.749999998730246), (62.189999996809426, 24.749999998730246), (62.009999996818664, 24.74538672641927), (61.829999996827894, 24.75172997584686), (61.64999999683714, 24.759740206025473), (61.469999996846376, 24.763069321653244), (61.289999996855585, 24.743908734765014), (61.10999999686484, 24.71979081849219), (60.92999999687408, 24.71704320777756), (60.7499999968833, 24.754797414263713), (60.569999996892555, 24.83763278914168), (60.389999996901764, 24.95493686774651), (60.209999996911016, 25.08506312968626), (60.029999996920246, 25.20236720829109), (59.84999999692947, 25.285202583169056), (59.66999999693871, 25.322956789655205), (59.489999996947944, 25.32020917894058), (59.30999999695718, 25.291477990356775), (59.12999999696641, 25.283273925207112), (58.94999999697565, 25.28365674927494), (58.769999996984886, 25.288715842019325), (58.589999996994116, 25.291536140848095), (58.409999997003354, 25.282348363220347), (58.22999999701258, 25.281606944456083), (58.049999997021835, 25.294467894785218), (57.86999999703106, 25.336840219456626), (57.689999997040296, 25.40659173378876), (57.509999997049526, 25.500756762724567), (57.32077345243681, 25.636271636859497), (57.15253729977119, 25.822021429532953), (56.98470555439985, 26.028796147774734), (56.80977416267944, 26.23070538797591), (56.62172190555441, 26.396683351485006), (56.420458914083625, 26.495375910131088), (56.21756030788431, 26.50168205190961), (56.04328495943412, 26.40494970814621), (55.95487938423123, 26.21882596213852), (56.04616675681281, 25.992761639275923)

Record time: 2023-11-10T02:36:19Z
Event time: 2023-11-11T17:49:52.444Z
Status: Underway
Travel distance: 528.042656587473
Num waypoints: 49
Waypoints: (64.35000000000001, 24.381393551071355), (64.17000000000002, 24.603543083003945), (63.99000000000001, 24.71119958394008), (63.81, 24.752862325774903), (63.629999999999995, 24.761131266902428), (63.45, 24.756315290201787), (63.27000000000001, 24.749612065737466), (63.09000000000002, 24.745859538173498), (62.910000000000025, 24.745859038901603), (62.72999999678173, 24.748270021613628), (62.54999999679096, 24.754613271041222), (62.3699999968002, 24.749999998730246), (62.189999996809426, 24.749999998730246), (62.009999996818664, 24.74538672641927), (61.829999996827894, 24.75172997584686), (61.64999999683714, 24.759740206025473), (61.469999996846376, 24.763069321653244), (61.289999996855585, 24.743908734765014), (61.10999999686484, 24.71979081849219), (60.92999999687408, 24.71704320777756), (60.7499999968833, 24.754797414263713), (60.569999996892555, 24.83763278914168), (60.389999996901764, 24.95493686774651), (60.209999996911016, 25.08506312968626), (60.029999996920246, 25.20236720829109), (59.84999999692947, 25.285202583169056), (59.66999999693871, 25.322956789655205), (59.489999996947944, 25.32020917894058), (59.30999999695718, 25.291477990356775), (59.12999999696641, 25.283273925207112), (58.94999999697565, 25.28365674927494), (58.769999996984886, 25.288715842019325), (58.589999996994116, 25.291536140848095), (58.409999997003354, 25.282348363220347), (58.22999999701258, 25.281606944456083), (58.049999997021835, 25.294467894785218), (57.86999999703106, 25.336840219456626), (57.689999997040296, 25.40659173378876), (57.509999997049526, 25.500756762724567), (57.32077345243681, 25.636271636859497), (57.15253729977119, 25.822021429532953), (56.98470555439985, 26.028796147774734), (56.80977416267944, 26.23070538797591), (56.62172190555441, 26.396683351485006), (56.420458914083625, 26.495375910131088), (56.21756030788431, 26.50168205190961), (56.04328495943412, 26.40494970814621), (55.95487938423123, 26.21882596213852), (56.04616675681281, 25.992761639275923)

Record time: 2023-11-10T06:46:39Z
Event time: 2023-11-11T17:56:17.500Z
Status: Underway
Travel distance: 479.12850971922245
Num waypoints: 112
Waypoints: (63.20824421543848, 24.154217340085758), (63.13824615982889, 24.2305203006409), (63.06824810421932, 24.272455952773118), (62.998250048609755, 24.31240757399245), (62.92825199300019, 24.364553900113314), (62.85825393739062, 24.43069717964982), (62.78825588178106, 24.505217802252396), (62.718257826171495, 24.579155501185774), (62.648259770561936, 24.643417129848295), (62.578261711741874, 24.6911110110658), (62.5082636561359, 24.714622265722262), (62.43826560052994, 24.72432155355793), (62.36826754492397, 24.725196110409033), (62.29826948931799, 24.715315879776583), (62.22827143371201, 24.705844655257685), (62.15827337810604, 24.704065384422698), (62.08827532250007, 24.711877966637786), (62.018277266894074, 24.725612655805783), (61.94827921128813, 24.73827865158031), (61.878281155682146, 24.75884958578911), (61.80828310007616, 24.780014238549843), (61.738285044470175, 24.78831498935207), (61.668286988864196, 24.783116653586276), (61.598288933258225, 24.780332773265002), (61.52829087765227, 24.77811810882526), (61.45829282204629, 24.789319598838354), (61.38829476644031, 24.817914215191827), (61.318296710834325, 24.854082041518815), (61.24829865522835, 24.880774873685304), (61.17830059962238, 24.910683210136224), (61.1083025440164, 24.945024645108223), (61.03830448841043, 24.989962542616585), (60.968306432804454, 25.037354476806268), (60.898308377198454, 25.075948067502576), (60.82831032159251, 25.09555774310349), (60.758312265986525, 25.098752514359113), (60.68831421038055, 25.067720824711525), (60.618316154774575, 25.011500389895676), (60.548318099168604, 24.956271370820506), (60.47832004356263, 24.918933070776855), (60.408321987956654, 24.904184348018575), (60.338323932350676, 24.921430458336566), (60.268325876744704, 24.947738787059905), (60.198327821138726, 24.97576230271104), (60.12832976553274, 24.991370503754023), (60.05833170992677, 24.9959072674191), (59.9883336543208, 24.993651136921763), (59.918335598714826, 24.991091550275662), (59.848337543108855, 24.99376988063215), (59.778339487502876, 25.004537861861294), (59.7083414318969, 25.022735806683173), (59.638343376290926, 25.03764850885103), (59.56834532068494, 25.042728100906437), (59.49834726507898, 25.05292686625405), (59.428349209473, 25.072308478538194), (59.35835115386701, 25.101453462565196), (59.288353098261055, 25.14685502599031), (59.21835504265506, 25.194501410987957), (59.14835698704909, 25.237160560149384), (59.07835893144311, 25.269155393225653), (59.008360875837134, 25.278971539950906), (58.938362820231184, 25.286861399818786), (58.868364764625184, 25.289396483794494), (58.79836670901922, 25.292789161234097), (58.728368653413256, 25.31196344323027), (58.65837059780727, 25.330702331621687), (58.5883725422013, 25.34372455852737), (58.51837448659532, 25.355875998223553), (58.44837643098934, 25.37448106433818), (58.37837837538336, 25.3898291601108), (58.3083803197774, 25.407429616739147), (58.23838226417141, 25.423778552356442), (58.168384208565456, 25.459665540384258), (58.09838615295947, 25.488812409232064), (58.02838809735349, 25.52333855664244), (57.958390041747506, 25.55739349885288), (57.88839198614154, 25.592096819418437), (57.81839393053556, 25.617219595858707), (57.74839587492958, 25.61759090555627), (57.678397819323614, 25.603554645060296), (57.60839976371764, 25.58137972835088), (57.53840170811167, 25.558594129702335), (57.468403652505685, 25.55317526990296), (57.398405596899714, 25.57383856033095), (57.32840754129375, 25.62183929163897), (57.25661548517795, 25.68886728892076), (57.189084180272964, 25.766435204114927), (57.122201127653035, 25.839296721772037), (57.053497692162864, 25.90373686009573), (56.97425450367756, 25.940669923667425), (56.89913827014654, 25.975001934535417), (56.82871998122786, 26.009982323758546), (56.76978932582578, 26.05179895802248), (56.727519131040545, 26.104524935075535), (56.70185851660558, 26.16735732125701), (56.687159772932766, 26.24926597875307), (56.67404397088626, 26.33299725796251), (56.652510311405585, 26.413175649964376), (56.615294223098616, 26.47100572174324), (56.56047921592493, 26.50926946879958), (56.488779498070684, 26.527529612707852), (56.422753872165, 26.521262583548584), (56.35474014695487, 26.496588394458662), (56.27798934063656, 26.462974250363594), (56.2005028233302, 26.420168776278537), (56.12594603288787, 26.370432816112334), (56.058937938154855, 26.315022602928096), (56.005132073396574, 26.254370703099408), (55.97127062213742, 26.18854666651377), (55.96521155330295, 26.117997384182836), (55.99592880966533, 26.044567153259294), (56.07348554859199, 25.972797449460426)

Record time: 2023-11-10T08:06:06Z
Event time: 2023-11-11T17:21:27.600Z
Status: Underway
Travel distance: 459.7629589632829
Num waypoints: 107
Waypoints: (62.85825393739063, 24.15001693125957), (62.788255881781076, 24.242577784876627), (62.71825782617151, 24.271559177882853), (62.648259770561936, 24.287232193915838), (62.57826171495236, 24.315184303417986), (62.508263659342795, 24.36364773538852), (62.438265603733235, 24.429772537969605), (62.368267548123676, 24.50484432786669), (62.298269492514116, 24.578446728602923), (62.22827143371201, 24.641568496343574), (62.15827337810604, 24.687313097154245), (62.08827532250007, 24.713054094816847), (62.018277266894074, 24.731553610966692), (61.94827921128813, 24.746240134638576), (61.878281155682146, 24.760545924508914), (61.80828310007616, 24.776725226254225), (61.738285044470175, 24.784526499544512), (61.668286988864196, 24.782443772560754), (61.598288933258225, 24.78212712266639), (61.52829087765227, 24.77811810882526), (61.45829282204629, 24.789319598838354), (61.38829476644031, 24.817914215191827), (61.318296710834325, 24.854082041518815), (61.24829865522835, 24.880774873685304), (61.17830059962238, 24.910683210136224), (61.1083025440164, 24.945024645108223), (61.03830448841043, 24.989962542616585), (60.968306432804454, 25.037354476806268), (60.898308377198454, 25.075948067502576), (60.82831032159251, 25.09555774310349), (60.758312265986525, 25.098752514359113), (60.68831421038055, 25.067720824711525), (60.618316154774575, 25.011500389895676), (60.548318099168604, 24.956271370820506), (60.47832004356263, 24.918933070776855), (60.408321987956654, 24.904184348018575), (60.338323932350676, 24.921430458336566), (60.268325876744704, 24.947738787059905), (60.198327821138726, 24.97576230271104), (60.12832976553274, 24.991370503754023), (60.05833170992677, 24.9959072674191), (59.9883336543208, 24.993651136921763), (59.918335598714826, 24.991091550275662), (59.848337543108855, 24.99376988063215), (59.778339487502876, 25.004537861861294), (59.7083414318969, 25.022735806683173), (59.638343376290926, 25.03764850885103), (59.56834532068494, 25.042728100906437), (59.49834726507898, 25.05292686625405), (59.428349209473, 25.072308478538194), (59.35835115386701, 25.101453462565196), (59.288353098261055, 25.14685502599031), (59.21835504265506, 25.194501410987957), (59.14835698704909, 25.237160560149384), (59.07835893144311, 25.269155393225653), (59.008360875837134, 25.278971539950906), (58.938362820231184, 25.286861399818786), (58.868364764625184, 25.289396483794494), (58.79836670901922, 25.292789161234097), (58.728368653413256, 25.31196344323027), (58.65837059780727, 25.330702331621687), (58.5883725422013, 25.34372455852737), (58.51837448659532, 25.355875998223553), (58.44837643098934, 25.37448106433818), (58.37837837538336, 25.3898291601108), (58.3083803197774, 25.407429616739147), (58.23838226417141, 25.423778552356442), (58.168384208565456, 25.459665540384258), (58.09838615295947, 25.488812409232064), (58.02838809735349, 25.52333855664244), (57.958390041747506, 25.55739349885288), (57.88839198614154, 25.592096819418437), (57.81839393053556, 25.617219595858707), (57.74839587492958, 25.61759090555627), (57.678397819323614, 25.603554645060296), (57.60839976371764, 25.58137972835088), (57.53840170811167, 25.558594129702335), (57.468403652505685, 25.55317526990296), (57.398405596899714, 25.57383856033095), (57.32840754129375, 25.62183929163897), (57.25661548517795, 25.68886728892076), (57.189084180272964, 25.766435204114927), (57.122201127653035, 25.839296721772037), (57.053497692162864, 25.90373686009573), (56.97425450367756, 25.940669923667425), (56.89913827014654, 25.975001934535417), (56.82871998122786, 26.009982323758546), (56.76978932582578, 26.05179895802248), (56.727519131040545, 26.104524935075535), (56.70185851660558, 26.16735732125701), (56.687159772932766, 26.24926597875307), (56.67404397088626, 26.33299725796251), (56.652510311405585, 26.413175649964376), (56.615294223098616, 26.47100572174324), (56.56047921592493, 26.50926946879958), (56.488779498070684, 26.527529612707852), (56.422753872165, 26.521262583548584), (56.35474014695487, 26.496588394458662), (56.27798934063656, 26.462974250363594), (56.2005028233302, 26.420168776278537), (56.12594603288787, 26.370432816112334), (56.058937938154855, 26.315022602928096), (56.005132073396574, 26.254370703099408), (55.97127062213742, 26.18854666651377), (55.96521155330295, 26.117997384182836), (55.99592880966533, 26.044567153259294), (56.07348554859199, 25.972797449460426)

Record time: 2023-11-10T09:08:37Z
Event time: 2023-11-11T16:50:13.428Z
Status: Underway
Travel distance: 446.1123110151188
Num waypoints: 103
Waypoints: (62.57826171495235, 24.15502712764034), (62.5082636593428, 24.223153564218283), (62.43826560373324, 24.29207573786845), (62.368267548123676, 24.363206750148727), (62.29826949251411, 24.435955195696316), (62.22827143690454, 24.50836242014019), (62.15827338129498, 24.577678709819615), (62.08827532568542, 24.64087841330875), (62.01827727007587, 24.69511399474734), (61.94827921128813, 24.738109017708325), (61.878281155682146, 24.7683792397528), (61.80828310007616, 24.78797572160811), (61.738285044470175, 24.790011328071873), (61.668286988864196, 24.77982764129066), (61.598288933258225, 24.776544283457444), (61.52829087765227, 24.77744522779974), (61.45829282204629, 24.791113948239747), (61.38829476644031, 24.817914215191827), (61.318296710834325, 24.854082041518815), (61.24829865522835, 24.880774873685304), (61.17830059962238, 24.910683210136224), (61.1083025440164, 24.945024645108223), (61.03830448841043, 24.989962542616585), (60.968306432804454, 25.037354476806268), (60.898308377198454, 25.075948067502576), (60.82831032159251, 25.09555774310349), (60.758312265986525, 25.098752514359113), (60.68831421038055, 25.067720824711525), (60.618316154774575, 25.011500389895676), (60.548318099168604, 24.956271370820506), (60.47832004356263, 24.918933070776855), (60.408321987956654, 24.904184348018575), (60.338323932350676, 24.921430458336566), (60.268325876744704, 24.947738787059905), (60.198327821138726, 24.97576230271104), (60.12832976553274, 24.991370503754023), (60.05833170992677, 24.9959072674191), (59.9883336543208, 24.993651136921763), (59.918335598714826, 24.991091550275662), (59.848337543108855, 24.99376988063215), (59.778339487502876, 25.004537861861294), (59.7083414318969, 25.022735806683173), (59.638343376290926, 25.03764850885103), (59.56834532068494, 25.042728100906437), (59.49834726507898, 25.05292686625405), (59.428349209473, 25.072308478538194), (59.35835115386701, 25.101453462565196), (59.288353098261055, 25.14685502599031), (59.21835504265506, 25.194501410987957), (59.14835698704909, 25.237160560149384), (59.07835893144311, 25.269155393225653), (59.008360875837134, 25.278971539950906), (58.938362820231184, 25.286861399818786), (58.868364764625184, 25.289396483794494), (58.79836670901922, 25.292789161234097), (58.728368653413256, 25.31196344323027), (58.65837059780727, 25.330702331621687), (58.5883725422013, 25.34372455852737), (58.51837448659532, 25.355875998223553), (58.44837643098934, 25.37448106433818), (58.37837837538336, 25.3898291601108), (58.3083803197774, 25.407429616739147), (58.23838226417141, 25.423778552356442), (58.168384208565456, 25.459665540384258), (58.09838615295947, 25.488812409232064), (58.02838809735349, 25.52333855664244), (57.958390041747506, 25.55739349885288), (57.88839198614154, 25.592096819418437), (57.81839393053556, 25.617219595858707), (57.74839587492958, 25.61759090555627), (57.678397819323614, 25.603554645060296), (57.60839976371764, 25.58137972835088), (57.53840170811167, 25.558594129702335), (57.468403652505685, 25.55317526990296), (57.398405596899714, 25.57383856033095), (57.32840754129375, 25.62183929163897), (57.25661548517795, 25.68886728892076), (57.189084180272964, 25.766435204114927), (57.122201127653035, 25.839296721772037), (57.053497692162864, 25.90373686009573), (56.97425450367756, 25.940669923667425), (56.89913827014654, 25.975001934535417), (56.82871998122786, 26.009982323758546), (56.76978932582578, 26.05179895802248), (56.727519131040545, 26.104524935075535), (56.70185851660558, 26.16735732125701), (56.687159772932766, 26.24926597875307), (56.67404397088626, 26.33299725796251), (56.652510311405585, 26.413175649964376), (56.615294223098616, 26.47100572174324), (56.56047921592493, 26.50926946879958), (56.488779498070684, 26.527529612707852), (56.422753872165, 26.521262583548584), (56.35474014695487, 26.496588394458662), (56.27798934063656, 26.462974250363594), (56.2005028233302, 26.420168776278537), (56.12594603288787, 26.370432816112334), (56.058937938154855, 26.315022602928096), (56.005132073396574, 26.254370703099408), (55.97127062213742, 26.18854666651377), (55.96521155330295, 26.117997384182836), (55.99592880966533, 26.044567153259294), (56.07348554859199, 25.972797449460426)

Record time: 2023-11-10T09:44:33Z
Event time: 2023-11-11T16:13:02.750Z
Status: Underway
Travel distance: 437.682505399568
Num waypoints: 101
Waypoints: (62.438265603733214, 24.22135513674995), (62.36826754812366, 24.30072752226613), (62.298269492514095, 24.363371437794004), (62.22827143690453, 24.428224705994023), (62.15827338129496, 24.500745853576305), (62.0882753256854, 24.57794262471264), (62.01827727007585, 24.652568157583254), (61.9482792144663, 24.716484824058348), (61.87828115885674, 24.76319573251442), (61.80828310007616, 24.78954389251353), (61.738285044470175, 24.796276472410344), (61.668286988864196, 24.78481299230608), (61.598288933258225, 24.777043760969384), (61.52829087765227, 24.774329619017703), (61.45829282204629, 24.78864671781283), (61.38829476644031, 24.819708564593217), (61.318296710834325, 24.854082041518815), (61.24829865522835, 24.880774873685304), (61.17830059962238, 24.910683210136224), (61.1083025440164, 24.945024645108223), (61.03830448841043, 24.989962542616585), (60.968306432804454, 25.037354476806268), (60.898308377198454, 25.075948067502576), (60.82831032159251, 25.09555774310349), (60.758312265986525, 25.098752514359113), (60.68831421038055, 25.067720824711525), (60.618316154774575, 25.011500389895676), (60.548318099168604, 24.956271370820506), (60.47832004356263, 24.918933070776855), (60.408321987956654, 24.904184348018575), (60.338323932350676, 24.921430458336566), (60.268325876744704, 24.947738787059905), (60.198327821138726, 24.97576230271104), (60.12832976553274, 24.991370503754023), (60.05833170992677, 24.9959072674191), (59.9883336543208, 24.993651136921763), (59.918335598714826, 24.991091550275662), (59.848337543108855, 24.99376988063215), (59.778339487502876, 25.004537861861294), (59.7083414318969, 25.022735806683173), (59.638343376290926, 25.03764850885103), (59.56834532068494, 25.042728100906437), (59.49834726507898, 25.05292686625405), (59.428349209473, 25.072308478538194), (59.35835115386701, 25.101453462565196), (59.288353098261055, 25.14685502599031), (59.21835504265506, 25.194501410987957), (59.14835698704909, 25.237160560149384), (59.07835893144311, 25.269155393225653), (59.008360875837134, 25.278971539950906), (58.938362820231184, 25.286861399818786), (58.868364764625184, 25.289396483794494), (58.79836670901922, 25.292789161234097), (58.728368653413256, 25.31196344323027), (58.65837059780727, 25.330702331621687), (58.5883725422013, 25.34372455852737), (58.51837448659532, 25.355875998223553), (58.44837643098934, 25.37448106433818), (58.37837837538336, 25.3898291601108), (58.3083803197774, 25.407429616739147), (58.23838226417141, 25.423778552356442), (58.168384208565456, 25.459665540384258), (58.09838615295947, 25.488812409232064), (58.02838809735349, 25.52333855664244), (57.958390041747506, 25.55739349885288), (57.88839198614154, 25.592096819418437), (57.81839393053556, 25.617219595858707), (57.74839587492958, 25.61759090555627), (57.678397819323614, 25.603554645060296), (57.60839976371764, 25.58137972835088), (57.53840170811167, 25.558594129702335), (57.468403652505685, 25.55317526990296), (57.398405596899714, 25.57383856033095), (57.32840754129375, 25.62183929163897), (57.25661548517795, 25.68886728892076), (57.189084180272964, 25.766435204114927), (57.122201127653035, 25.839296721772037), (57.053497692162864, 25.90373686009573), (56.97425450367756, 25.940669923667425), (56.89913827014654, 25.975001934535417), (56.82871998122786, 26.009982323758546), (56.76978932582578, 26.05179895802248), (56.727519131040545, 26.104524935075535), (56.70185851660558, 26.16735732125701), (56.687159772932766, 26.24926597875307), (56.67404397088626, 26.33299725796251), (56.652510311405585, 26.413175649964376), (56.615294223098616, 26.47100572174324), (56.56047921592493, 26.50926946879958), (56.488779498070684, 26.527529612707852), (56.422753872165, 26.521262583548584), (56.35474014695487, 26.496588394458662), (56.27798934063656, 26.462974250363594), (56.2005028233302, 26.420168776278537), (56.12594603288787, 26.370432816112334), (56.058937938154855, 26.315022602928096), (56.005132073396574, 26.254370703099408), (55.97127062213742, 26.18854666651377), (55.96521155330295, 26.117997384182836), (55.99592880966533, 26.044567153259294), (56.07348554859199, 25.972797449460426)

Record time: 2023-11-10T11:31:12Z
Event time: 2023-11-11T15:42:26.900Z
Status: Underway
Travel distance: 412.50431965442766
Num waypoints: 94
Waypoints: (61.948279214466275, 24.216864602598456), (61.87828115885672, 24.30860828930194), (61.80828310324716, 24.36781020220086), (61.7382850476376, 24.42472411399607), (61.66828699202804, 24.491614125264018), (61.59828893641847, 24.56906165181725), (61.52829088080891, 24.651222001433233), (61.458292825199344, 24.730030539951326), (61.38829476958978, 24.798358446738025), (61.318296710834325, 24.852118058245445), (61.24829865522835, 24.890304527648997), (61.17830059962238, 24.918644693194498), (61.1083025440164, 24.946720983828026), (61.03830448841043, 24.986673530320967), (60.968306432804454, 25.033565986998706), (60.898308377198454, 25.075275186477054), (60.82831032159251, 25.097352092504877), (60.758312265986525, 25.098752514359113), (60.68831421038055, 25.067720824711525), (60.618316154774575, 25.011500389895676), (60.548318099168604, 24.956271370820506), (60.47832004356263, 24.918933070776855), (60.408321987956654, 24.904184348018575), (60.338323932350676, 24.921430458336566), (60.268325876744704, 24.947738787059905), (60.198327821138726, 24.97576230271104), (60.12832976553274, 24.991370503754023), (60.05833170992677, 24.9959072674191), (59.9883336543208, 24.993651136921763), (59.918335598714826, 24.991091550275662), (59.848337543108855, 24.99376988063215), (59.778339487502876, 25.004537861861294), (59.7083414318969, 25.022735806683173), (59.638343376290926, 25.03764850885103), (59.56834532068494, 25.042728100906437), (59.49834726507898, 25.05292686625405), (59.428349209473, 25.072308478538194), (59.35835115386701, 25.101453462565196), (59.288353098261055, 25.14685502599031), (59.21835504265506, 25.194501410987957), (59.14835698704909, 25.237160560149384), (59.07835893144311, 25.269155393225653), (59.008360875837134, 25.278971539950906), (58.938362820231184, 25.286861399818786), (58.868364764625184, 25.289396483794494), (58.79836670901922, 25.292789161234097), (58.728368653413256, 25.31196344323027), (58.65837059780727, 25.330702331621687), (58.5883725422013, 25.34372455852737), (58.51837448659532, 25.355875998223553), (58.44837643098934, 25.37448106433818), (58.37837837538336, 25.3898291601108), (58.3083803197774, 25.407429616739147), (58.23838226417141, 25.423778552356442), (58.168384208565456, 25.459665540384258), (58.09838615295947, 25.488812409232064), (58.02838809735349, 25.52333855664244), (57.958390041747506, 25.55739349885288), (57.88839198614154, 25.592096819418437), (57.81839393053556, 25.617219595858707), (57.74839587492958, 25.61759090555627), (57.678397819323614, 25.603554645060296), (57.60839976371764, 25.58137972835088), (57.53840170811167, 25.558594129702335), (57.468403652505685, 25.55317526990296), (57.398405596899714, 25.57383856033095), (57.32840754129375, 25.62183929163897), (57.25661548517795, 25.68886728892076), (57.189084180272964, 25.766435204114927), (57.122201127653035, 25.839296721772037), (57.053497692162864, 25.90373686009573), (56.97425450367756, 25.940669923667425), (56.89913827014654, 25.975001934535417), (56.82871998122786, 26.009982323758546), (56.76978932582578, 26.05179895802248), (56.727519131040545, 26.104524935075535), (56.70185851660558, 26.16735732125701), (56.687159772932766, 26.24926597875307), (56.67404397088626, 26.33299725796251), (56.652510311405585, 26.413175649964376), (56.615294223098616, 26.47100572174324), (56.56047921592493, 26.50926946879958), (56.488779498070684, 26.527529612707852), (56.422753872165, 26.521262583548584), (56.35474014695487, 26.496588394458662), (56.27798934063656, 26.462974250363594), (56.2005028233302, 26.420168776278537), (56.12594603288787, 26.370432816112334), (56.058937938154855, 26.315022602928096), (56.005132073396574, 26.254370703099408), (55.97127062213742, 26.18854666651377), (55.96521155330295, 26.117997384182836), (55.99592880966533, 26.044567153259294), (56.07348554859199, 25.972797449460426)

Record time: 2023-11-10T14:42:07Z
Event time: 2023-11-11T15:26:25.600Z
Status: Underway
Travel distance: 358.02591792656585
Num waypoints: 81
Waypoints: (61.03830449154189, 24.225859070263873), (60.968306435932334, 24.29223174391489), (60.89830838032276, 24.361300054004413), (60.82831032471318, 24.432957936525618), (60.758312269103605, 24.505934508217358), (60.68831421349404, 24.578509921503944), (60.618316157884486, 24.649063093419606), (60.54831810227493, 24.716451308517588), (60.47832004666538, 24.780221695763878), (60.408321987956654, 24.840654578141187), (60.338323932350676, 24.894911029683662), (60.268325876744704, 24.951804345525034), (60.198327821138726, 25.011826463894042), (60.12832976553274, 25.072138844666217), (60.05833170992677, 25.127754252005335), (59.9883336543208, 25.173091731523254), (59.918335598714826, 25.201737238038316), (59.848337543108855, 25.219313191996264), (59.778339487502876, 25.217745021090845), (59.7083414318969, 25.203603210630096), (59.638343376290926, 25.19592633551259), (59.56834532068494, 25.194147064677598), (59.49834726507898, 25.20195964689269), (59.428349209473, 25.215694336060686), (59.35835115386701, 25.22836033183521), (59.288353098261055, 25.250725615445404), (59.21835504265506, 25.267628688377833), (59.14835698704909, 25.275281060824938), (59.07835893144311, 25.27549216075451), (59.008360875837134, 25.271138224707016), (58.938362820231184, 25.275610904464894), (58.868364764625184, 25.283911655267136), (58.79836670901922, 25.295405292504192), (58.728368653413256, 25.317546282439217), (58.65837059780727, 25.33137521264721), (58.5883725422013, 25.341930209125977), (58.51837448659532, 25.355875998223553), (58.44837643098934, 25.37448106433818), (58.37837837538336, 25.3898291601108), (58.3083803197774, 25.407429616739147), (58.23838226417141, 25.423778552356442), (58.168384208565456, 25.459665540384258), (58.09838615295947, 25.488812409232064), (58.02838809735349, 25.52333855664244), (57.958390041747506, 25.55739349885288), (57.88839198614154, 25.592096819418437), (57.81839393053556, 25.617219595858707), (57.74839587492958, 25.61759090555627), (57.678397819323614, 25.603554645060296), (57.60839976371764, 25.58137972835088), (57.53840170811167, 25.558594129702335), (57.468403652505685, 25.55317526990296), (57.398405596899714, 25.57383856033095), (57.32840754129375, 25.62183929163897), (57.25661548517795, 25.68886728892076), (57.189084180272964, 25.766435204114927), (57.122201127653035, 25.839296721772037), (57.053497692162864, 25.90373686009573), (56.97425450367756, 25.940669923667425), (56.89913827014654, 25.975001934535417), (56.82871998122786, 26.009982323758546), (56.76978932582578, 26.05179895802248), (56.727519131040545, 26.104524935075535), (56.70185851660558, 26.16735732125701), (56.687159772932766, 26.24926597875307), (56.67404397088626, 26.33299725796251), (56.652510311405585, 26.413175649964376), (56.615294223098616, 26.47100572174324), (56.56047921592493, 26.50926946879958), (56.488779498070684, 26.527529612707852), (56.422753872165, 26.521262583548584), (56.35474014695487, 26.496588394458662), (56.27798934063656, 26.462974250363594), (56.2005028233302, 26.420168776278537), (56.12594603288787, 26.370432816112334), (56.058937938154855, 26.315022602928096), (56.005132073396574, 26.254370703099408), (55.97127062213742, 26.18854666651377), (55.96521155330295, 26.117997384182836), (55.99592880966533, 26.044567153259294), (56.07348554859199, 25.972797449460426)

Record time: 2023-11-10T16:51:11Z
Event time: 2023-11-11T15:57:11.555Z
Status: Underway
Travel distance: 327.0610151187905
Num waypoints: 73
Waypoints: (60.47832004666535, 24.299494392536754), (60.40832199105579, 24.35282404913682), (60.338323935446226, 24.361867613528286), (60.268325879836645, 24.366514062340986), (60.19832782422708, 24.38678541856365), (60.12832976861751, 24.428911152017747), (60.05833171300795, 24.490486179958435), (59.98833365739839, 24.564712467802586), (59.91833560178883, 24.643724229983953), (59.848337543108855, 24.72099672966712), (59.778339487502876, 24.787246295958607), (59.7083414318969, 24.851026747002376), (59.638343376290926, 24.91907066269525), (59.56834532068494, 24.995862031719906), (59.49834726507898, 25.07213884466622), (59.428349209473, 25.143718684179476), (59.35835115386701, 25.202236715550253), (59.288353098261055, 25.250555981573427), (59.21835504265506, 25.277158342341522), (59.14835698704909, 25.28324254388321), (59.07835893144311, 25.277188499474313), (59.008360875837134, 25.2678492124114), (58.938362820231184, 25.271822414657336), (58.868364764625184, 25.283238774241614), (58.79836670901922, 25.297199641905586), (58.728368653413256, 25.317546282439217), (58.65837059780727, 25.33137521264721), (58.5883725422013, 25.341930209125977), (58.51837448659532, 25.355875998223553), (58.44837643098934, 25.37448106433818), (58.37837837538336, 25.3898291601108), (58.3083803197774, 25.407429616739147), (58.23838226417141, 25.423778552356442), (58.168384208565456, 25.459665540384258), (58.09838615295947, 25.488812409232064), (58.02838809735349, 25.52333855664244), (57.958390041747506, 25.55739349885288), (57.88839198614154, 25.592096819418437), (57.81839393053556, 25.617219595858707), (57.74839587492958, 25.61759090555627), (57.678397819323614, 25.603554645060296), (57.60839976371764, 25.58137972835088), (57.53840170811167, 25.558594129702335), (57.468403652505685, 25.55317526990296), (57.398405596899714, 25.57383856033095), (57.32840754129375, 25.62183929163897), (57.25661548517795, 25.68886728892076), (57.189084180272964, 25.766435204114927), (57.122201127653035, 25.839296721772037), (57.053497692162864, 25.90373686009573), (56.97425450367756, 25.940669923667425), (56.89913827014654, 25.975001934535417), (56.82871998122786, 26.009982323758546), (56.76978932582578, 26.05179895802248), (56.727519131040545, 26.104524935075535), (56.70185851660558, 26.16735732125701), (56.687159772932766, 26.24926597875307), (56.67404397088626, 26.33299725796251), (56.652510311405585, 26.413175649964376), (56.615294223098616, 26.47100572174324), (56.56047921592493, 26.50926946879958), (56.488779498070684, 26.527529612707852), (56.422753872165, 26.521262583548584), (56.35474014695487, 26.496588394458662), (56.27798934063656, 26.462974250363594), (56.2005028233302, 26.420168776278537), (56.12594603288787, 26.370432816112334), (56.058937938154855, 26.315022602928096), (56.005132073396574, 26.254370703099408), (55.97127062213742, 26.18854666651377), (55.96521155330295, 26.117997384182836), (55.99592880966533, 26.044567153259294), (56.07348554859199, 25.972797449460426)

Record time: 2023-11-10T19:54:26Z
Event time: 2023-11-11T16:29:37.625Z
Status: Underway
Travel distance: 280.99622030237583
Num waypoints: 62
Waypoints: (59.70834143496017, 24.501373847308912), (59.638343379350594, 24.57924822294597), (59.56834532374102, 24.6461166158905), (59.498347268131454, 24.71120505261056), (59.42834921252189, 24.779075570504908), (59.35835115691232, 24.850884712751096), (59.28835310130276, 24.92548501758088), (59.2183550456932, 25.000369501983084), (59.14835699008364, 25.07245913983376), (59.07835893144311, 25.13873333316405), (59.008360875837134, 25.195971571211786), (58.938362820231184, 25.248987810668), (58.868364764625184, 25.28685763017719), (58.79836670901922, 25.307402176894797), (58.728368653413256, 25.323713416096098), (58.65837059780727, 25.333071551367006), (58.5883725422013, 25.33864119683036), (58.51837448659532, 25.352087508416), (58.44837643098934, 25.373808183312665), (58.37837837538336, 25.39162350951219), (58.3083803197774, 25.407429616739147), (58.23838226417141, 25.423778552356442), (58.168384208565456, 25.459665540384258), (58.09838615295947, 25.488812409232064), (58.02838809735349, 25.52333855664244), (57.958390041747506, 25.55739349885288), (57.88839198614154, 25.592096819418437), (57.81839393053556, 25.617219595858707), (57.74839587492958, 25.61759090555627), (57.678397819323614, 25.603554645060296), (57.60839976371764, 25.58137972835088), (57.53840170811167, 25.558594129702335), (57.468403652505685, 25.55317526990296), (57.398405596899714, 25.57383856033095), (57.32840754129375, 25.62183929163897), (57.25661548517795, 25.68886728892076), (57.189084180272964, 25.766435204114927), (57.122201127653035, 25.839296721772037), (57.053497692162864, 25.90373686009573), (56.97425450367756, 25.940669923667425), (56.89913827014654, 25.975001934535417), (56.82871998122786, 26.009982323758546), (56.76978932582578, 26.05179895802248), (56.727519131040545, 26.104524935075535), (56.70185851660558, 26.16735732125701), (56.687159772932766, 26.24926597875307), (56.67404397088626, 26.33299725796251), (56.652510311405585, 26.413175649964376), (56.615294223098616, 26.47100572174324), (56.56047921592493, 26.50926946879958), (56.488779498070684, 26.527529612707852), (56.422753872165, 26.521262583548584), (56.35474014695487, 26.496588394458662), (56.27798934063656, 26.462974250363594), (56.2005028233302, 26.420168776278537), (56.12594603288787, 26.370432816112334), (56.058937938154855, 26.315022602928096), (56.005132073396574, 26.254370703099408), (55.97127062213742, 26.18854666651377), (55.96521155330295, 26.117997384182836), (55.99592880966533, 26.044567153259294), (56.07348554859199, 25.972797449460426)

Record time: 2023-11-10T22:55:32Z
Event time: 2023-11-11T16:44:07.857Z
Status: Underway
Travel distance: 236.96004319654426
Num waypoints: 51
Waypoints: (58.9383628232549, 24.70854605023451), (58.86836476764532, 24.794993687492408), (58.79836671203576, 24.857654714908506), (58.7283686564262, 24.917767550276846), (58.65837060081664, 24.98446817703545), (58.58837254520708, 25.058897357271338), (58.51837448959752, 25.137631382540476), (58.44837643398795, 25.21543636250262), (58.37837837837838, 25.28734605137111), (58.3083803197774, 25.350063210877035), (58.23838226417141, 25.39855399559298), (58.168384208565456, 25.45143641277242), (58.09838615295947, 25.493356712180336), (58.02838809735349, 25.53080056218877), (57.958390041747506, 25.562205446354714), (57.88839198614154, 25.59127503754973), (57.81839393053556, 25.61163675664976), (57.74839587492958, 25.616918024530747), (57.678397819323614, 25.60534899446169), (57.60839976371764, 25.58137972835088), (57.53840170811167, 25.558594129702335), (57.468403652505685, 25.55317526990296), (57.398405596899714, 25.57383856033095), (57.32840754129375, 25.62183929163897), (57.25661548517795, 25.68886728892076), (57.189084180272964, 25.766435204114927), (57.122201127653035, 25.839296721772037), (57.053497692162864, 25.90373686009573), (56.97425450367756, 25.940669923667425), (56.89913827014654, 25.975001934535417), (56.82871998122786, 26.009982323758546), (56.76978932582578, 26.05179895802248), (56.727519131040545, 26.104524935075535), (56.70185851660558, 26.16735732125701), (56.687159772932766, 26.24926597875307), (56.67404397088626, 26.33299725796251), (56.652510311405585, 26.413175649964376), (56.615294223098616, 26.47100572174324), (56.56047921592493, 26.50926946879958), (56.488779498070684, 26.527529612707852), (56.422753872165, 26.521262583548584), (56.35474014695487, 26.496588394458662), (56.27798934063656, 26.462974250363594), (56.2005028233302, 26.420168776278537), (56.12594603288787, 26.370432816112334), (56.058937938154855, 26.315022602928096), (56.005132073396574, 26.254370703099408), (55.97127062213742, 26.18854666651377), (55.96521155330295, 26.117997384182836), (55.99592880966533, 26.044567153259294), (56.07348554859199, 25.972797449460426)

Record time: 2023-11-10T23:55:44Z
Event time: 2023-11-11T16:04:56Z
Status: Underway
Travel distance: 215.97570194384448
Num waypoints: 47
Waypoints: (58.65837060081667, 24.800740072031296), (58.5883725452071, 24.814392857168876), (58.51837448959753, 24.866014500583255), (58.44837643398797, 24.93430310028891), (58.3783783783784, 25.005891849867805), (58.30838032276884, 25.073518877472708), (58.23838226715928, 25.134383682089688), (58.16838421154973, 25.18869016705982), (58.09838615594017, 25.238376270860073), (58.02838809735349, 25.28603019384609), (57.958390041747506, 25.321591107875545), (57.88839198614154, 25.37596441830761), (57.81839393053556, 25.435684965348656), (57.74839587492958, 25.492080688498888), (57.678397819323614, 25.535929159584978), (57.60839976371764, 25.562361886481096), (57.53840170811167, 25.574275838756506), (57.468403652505685, 25.5743059958893), (57.398405596899714, 25.583660361518614), (57.32840754129375, 25.615461058052514), (57.25661548517795, 25.681963190331164), (57.189084180272964, 25.763295092662496), (57.122201127653035, 25.84288542057482), (57.053497692162864, 25.90373686009573), (56.97425450367756, 25.940669923667425), (56.89913827014654, 25.975001934535417), (56.82871998122786, 26.009982323758546), (56.76978932582578, 26.05179895802248), (56.727519131040545, 26.104524935075535), (56.70185851660558, 26.16735732125701), (56.687159772932766, 26.24926597875307), (56.67404397088626, 26.33299725796251), (56.652510311405585, 26.413175649964376), (56.615294223098616, 26.47100572174324), (56.56047921592493, 26.50926946879958), (56.488779498070684, 26.527529612707852), (56.422753872165, 26.521262583548584), (56.35474014695487, 26.496588394458662), (56.27798934063656, 26.462974250363594), (56.2005028233302, 26.420168776278537), (56.12594603288787, 26.370432816112334), (56.058937938154855, 26.315022602928096), (56.005132073396574, 26.254370703099408), (55.97127062213742, 26.18854666651377), (55.96521155330295, 26.117997384182836), (55.99592880966533, 26.044567153259294), (56.07348554859199, 25.972797449460426)

Record time: 2023-11-11T03:02:18Z
Event time: 2023-11-11T15:50:20.600Z
Status: Underway
Travel distance: 168.69816414686824
Num waypoints: 37
Waypoints: (57.95839004472096, 25.20495339473575), (57.888391989111405, 25.27390787307212), (57.81839393350184, 25.344079260255814), (57.74839587789227, 25.400715149559883), (57.678397822282705, 25.44122399805817), (57.608399766673145, 25.470342069130282), (57.53840171106358, 25.49614722495192), (57.46840365545402, 25.52691956897062), (57.39840559984446, 25.56884893836684), (57.32840754129375, 25.62458924518585), (57.25661548517795, 25.69632929446709), (57.189084180272964, 25.771247151616762), (57.122201127653035, 25.83847493990333), (57.053497692162864, 25.898154020886782), (56.97425450367756, 25.939997042641902), (56.89913827014654, 25.97679628393681), (56.82871998122786, 26.009982323758546), (56.76978932582578, 26.05179895802248), (56.727519131040545, 26.104524935075535), (56.70185851660558, 26.16735732125701), (56.687159772932766, 26.24926597875307), (56.67404397088626, 26.33299725796251), (56.652510311405585, 26.413175649964376), (56.615294223098616, 26.47100572174324), (56.56047921592493, 26.50926946879958), (56.488779498070684, 26.527529612707852), (56.422753872165, 26.521262583548584), (56.35474014695487, 26.496588394458662), (56.27798934063656, 26.462974250363594), (56.2005028233302, 26.420168776278537), (56.12594603288787, 26.370432816112334), (56.058937938154855, 26.315022602928096), (56.005132073396574, 26.254370703099408), (55.97127062213742, 26.18854666651377), (55.96521155330295, 26.117997384182836), (55.99592880966533, 26.044567153259294), (56.07348554859199, 25.972797449460426)

Record time: 2023-11-11T05:02:22Z
Event time: 2023-11-11T15:14:05.500Z
Status: Underway
Travel distance: 139.59179265658747
Num waypoints: 31
Waypoints: (57.54078109161001, 25.498638289794705), (57.46508553113431, 25.51818116277822), (57.39552558260113, 25.56766647033593), (57.32878203670192, 25.633047328435726), (57.26195026407785, 25.70370157243889), (57.19301415558066, 25.772271170367922), (57.121148577190496, 25.834418327095047), (57.04685033959095, 25.88849827945135), (56.97189768240127, 25.935148782256572), (56.89913827014654, 25.97679628393681), (56.82871998122786, 26.009982323758546), (56.76978932582578, 26.05179895802248), (56.727519131040545, 26.104524935075535), (56.70185851660558, 26.16735732125701), (56.687159772932766, 26.24926597875307), (56.67404397088626, 26.33299725796251), (56.652510311405585, 26.413175649964376), (56.615294223098616, 26.47100572174324), (56.56047921592493, 26.50926946879958), (56.488779498070684, 26.527529612707852), (56.422753872165, 26.521262583548584), (56.35474014695487, 26.496588394458662), (56.27798934063656, 26.462974250363594), (56.2005028233302, 26.420168776278537), (56.12594603288787, 26.370432816112334), (56.058937938154855, 26.315022602928096), (56.005132073396574, 26.254370703099408), (55.97127062213742, 26.18854666651377), (55.96521155330295, 26.117997384182836), (55.99592880966533, 26.044567153259294), (56.07348554859199, 25.972797449460426)

Record time: 2023-11-11T08:13:01Z
Event time: 2023-11-11T15:19:08.750Z
Status: Underway
Travel distance: 98.96112311015119
Num waypoints: 23
Waypoints: (56.98204196267181, 25.97022011122929), (56.905217191485555, 25.975287788932867), (56.82787385273403, 25.994730138140383), (56.76644678645896, 26.035491181373274), (56.72537251206494, 26.097040684271064), (56.70129664947329, 26.17398048579344), (56.68662027370142, 26.25826689042537), (56.672385202867815, 26.341049122385332), (56.65049821962251, 26.41412384183654), (56.615294223098616, 26.47100572174324), (56.56047921592493, 26.50926946879958), (56.488779498070684, 26.527529612707852), (56.422753872165, 26.521262583548584), (56.35474014695487, 26.496588394458662), (56.27798934063656, 26.462974250363594), (56.2005028233302, 26.420168776278537), (56.12594603288787, 26.370432816112334), (56.058937938154855, 26.315022602928096), (56.005132073396574, 26.254370703099408), (55.97127062213742, 26.18854666651377), (55.96521155330295, 26.117997384182836), (55.99592880966533, 26.044567153259294), (56.07348554859199, 25.972797449460426)

Record time: 2023-11-11T11:19:29Z
Event time: 2023-11-11T15:29:52.250Z
Status: Underway
Travel distance: 59.75053995680346
Num waypoints: 14
Waypoints: (56.62603481834167, 26.601424520979734), (56.566072206760936, 26.54471823735328), (56.4846384126069, 26.529670480525013), (56.41148969433711, 26.515227513923346), (56.34841809552815, 26.48916393511078), (56.2859382878538, 26.453351713836284), (56.215206744931706, 26.41314756367207), (56.13708273781427, 26.377082967528384), (56.05990286837563, 26.324484406858293), (55.994434553358346, 26.25889422469038), (55.95844668121216, 26.1855637886576), (55.965723969376796, 26.112395539477564), (56.013522658955516, 26.044290703209604), (56.06580032087287, 25.974570819356572)

Record time: 2023-11-11T12:28:19Z
Event time: 2023-11-11T15:47:33.250Z
Status: Underway
Travel distance: 47.5
Num waypoints: 10
Waypoints: (56.348434765700944, 26.534422403733956), (56.2784367100914, 26.46441073512252), (56.208438654481824, 26.394399066511085), (56.13844059887225, 26.394399066511085), (56.06844254326268, 26.32438739789965), (55.99844448765313, 26.254375729288213), (55.92844643204356, 26.184364060676778), (55.99844448765313, 26.114352392065342), (55.99844448765313, 26.044340723453907), (56.06844254326268, 25.97432905484247)

Record time: 2023-11-11T14:45:40Z
Event time: 2023-11-11T15:29:57.750Z
Status: Underway
Travel distance: 14.062634989200864
Num waypoints: 4
Waypoints: (55.99844448765313, 26.184364060676778), (55.99844448765313, 26.114352392065342), (55.99844448765313, 26.044340723453907), (56.06844254326268, 25.97432905484247)

Record time: 2023-11-11T15:31:00Z
Event time: 2023-11-11T15:46:44.333Z
Status: Underway
Travel distance: 9.857451403887689
Num waypoints: 3
Waypoints: (55.99844448765313, 26.114352392065342), (55.99844448765313, 26.044340723453907), (56.06844254326268, 25.97432905484247)

Record time: 2023-11-11T15:44:11Z
Event time: 2023-11-11T16:04:01Z
Status: Underway
Travel distance: 9.431965442764579
Num waypoints: 3
Waypoints: (55.92844643204356, 26.044340723453907), (55.99844448765313, 25.97432905484247), (56.06844254326268, 25.97432905484247)

Record time: 2023-11-12T10:17:55Z
Event time: 2023-11-12T10:17:55Z
Status: Arrived
Travel distance: N/A
Num waypoints: 0
Waypoints: 

Record time: 2024-01-04T03:17:04Z
Event time: 2024-01-05T17:54:12.714Z
Status: Underway
Travel distance: 501.43628509719224
Num waypoints: 115
Waypoints: (63.41823838226715, 23.740442698427678), (63.348240326657574, 23.792565247248593), (63.27824227104801, 23.86825405322504), (63.20824421543844, 23.949278615538592), (63.13824615982888, 24.02573934130626), (63.06824810421932, 24.093822724007858), (62.99825004860976, 24.15382793610853), (62.9282519930002, 24.208464835876466), (62.858253937390636, 24.26142338839578), (62.78825587855981, 24.316214499527078), (62.71825782295384, 24.37047095106956), (62.64825976734785, 24.434200511951733), (62.578261711741874, 24.50578035146499), (62.5082636561359, 24.576845634899914), (62.43826560052994, 24.645905469003864), (62.36826754492397, 24.69422661984784), (62.29826948931799, 24.71591713761171), (62.22827143371201, 24.716868972115606), (62.15827337810604, 24.715815357288527), (62.08827532250007, 24.714247186383112), (62.018277266894074, 24.720529294108772), (61.94827921128813, 24.734490161772747), (61.878281155682146, 24.75817670476359), (61.80828310007616, 24.78180858795123), (61.738285044470175, 24.78831498935207), (61.668286988864196, 24.783116653586276), (61.598288933258225, 24.780332773265002), (61.52829087765227, 24.77811810882526), (61.45829282204629, 24.789319598838354), (61.38829476644031, 24.817914215191827), (61.318296710834325, 24.854082041518815), (61.24829865522835, 24.880774873685304), (61.17830059962238, 24.910683210136224), (61.1083025440164, 24.945024645108223), (61.03830448841043, 24.989962542616585), (60.968306432804454, 25.037354476806268), (60.898308377198454, 25.075948067502576), (60.82831032159251, 25.09555774310349), (60.758312265986525, 25.098752514359113), (60.68831421038055, 25.067720824711525), (60.618316154774575, 25.011500389895676), (60.548318099168604, 24.956271370820506), (60.47832004356263, 24.918933070776855), (60.408321987956654, 24.904184348018575), (60.338323932350676, 24.921430458336566), (60.268325876744704, 24.947738787059905), (60.198327821138726, 24.97576230271104), (60.12832976553274, 24.991370503754023), (60.05833170992677, 24.9959072674191), (59.9883336543208, 24.993651136921763), (59.918335598714826, 24.991091550275662), (59.848337543108855, 24.99376988063215), (59.778339487502876, 25.004537861861294), (59.7083414318969, 25.022735806683173), (59.638343376290926, 25.03764850885103), (59.56834532068494, 25.042728100906437), (59.49834726507898, 25.05292686625405), (59.428349209473, 25.072308478538194), (59.35835115386701, 25.101453462565196), (59.288353098261055, 25.14685502599031), (59.21835504265506, 25.194501410987957), (59.14835698704909, 25.237160560149384), (59.07835893144311, 25.269155393225653), (59.008360875837134, 25.278971539950906), (58.938362820231184, 25.286861399818786), (58.868364764625184, 25.289396483794494), (58.79836670901922, 25.292789161234097), (58.728368653413256, 25.31196344323027), (58.65837059780727, 25.330702331621687), (58.5883725422013, 25.34372455852737), (58.51837448659532, 25.355875998223553), (58.44837643098934, 25.37448106433818), (58.37837837538336, 25.3898291601108), (58.3083803197774, 25.407429616739147), (58.23838226417141, 25.423778552356442), (58.168384208565456, 25.459665540384258), (58.09838615295947, 25.488812409232064), (58.02838809735349, 25.52333855664244), (57.958390041747506, 25.55739349885288), (57.88839198614154, 25.592096819418437), (57.81839393053556, 25.617219595858707), (57.74839587492958, 25.61759090555627), (57.678397819323614, 25.603554645060296), (57.60839976371764, 25.58137972835088), (57.53840170811167, 25.558594129702335), (57.468403652505685, 25.55317526990296), (57.398405596899714, 25.57383856033095), (57.32840754129375, 25.62183929163897), (57.25661548517795, 25.68886728892076), (57.189084180272964, 25.766435204114927), (57.122201127653035, 25.839296721772037), (57.053497692162864, 25.90373686009573), (56.97425450367756, 25.940669923667425), (56.89913827014654, 25.975001934535417), (56.82871998122786, 26.009982323758546), (56.76978932582578, 26.05179895802248), (56.727519131040545, 26.104524935075535), (56.70185851660558, 26.16735732125701), (56.687159772932766, 26.24926597875307), (56.67404397088626, 26.33299725796251), (56.652510311405585, 26.413175649964376), (56.615294223098616, 26.47100572174324), (56.56047921592493, 26.50926946879958), (56.488779498070684, 26.527529612707852), (56.422753872165, 26.521262583548584), (56.35474014695487, 26.496588394458662), (56.27798934063656, 26.462974250363594), (56.2005028233302, 26.420168776278537), (56.12594603288787, 26.370432816112334), (56.058937938154855, 26.315022602928096), (56.005132073396574, 26.254370703099408), (55.97127062213742, 26.18854666651377), (55.96521155330295, 26.117997384182836), (55.99592880966533, 26.044567153259294), (56.07348554859199, 25.972797449460426)

Record time: 2024-01-04T04:23:34Z
Event time: 2024-01-05T17:19:21.750Z
Status: Underway
Travel distance: 483.97408207343415
Num waypoints: 111
Waypoints: (63.138246159828896, 23.812823723862454), (63.06824810421932, 23.856242707117868), (62.99825004860975, 23.938690674676327), (62.92825199300018, 24.025512368900902), (62.85825393739062, 24.100890373639025), (62.78825588178106, 24.161615404514748), (62.718257826171495, 24.211838213893564), (62.648259770561936, 24.25880311051979), (62.57826171495237, 24.30956309382657), (62.5082636561359, 24.368676601668167), (62.43826560052994, 24.436667742378646), (62.36826754492397, 24.50889596024703), (62.29826948931799, 24.578140506789367), (62.22827143371201, 24.638452887561535), (62.15827337810604, 24.684845866727336), (62.08827532250007, 24.71484844421824), (62.018277266894074, 24.731553610966692), (61.94827921128813, 24.746240134638576), (61.878281155682146, 24.760545924508914), (61.80828310007616, 24.776725226254225), (61.738285044470175, 24.784526499544512), (61.668286988864196, 24.782443772560754), (61.598288933258225, 24.78212712266639), (61.52829087765227, 24.77811810882526), (61.45829282204629, 24.789319598838354), (61.38829476644031, 24.817914215191827), (61.318296710834325, 24.854082041518815), (61.24829865522835, 24.880774873685304), (61.17830059962238, 24.910683210136224), (61.1083025440164, 24.945024645108223), (61.03830448841043, 24.989962542616585), (60.968306432804454, 25.037354476806268), (60.898308377198454, 25.075948067502576), (60.82831032159251, 25.09555774310349), (60.758312265986525, 25.098752514359113), (60.68831421038055, 25.067720824711525), (60.618316154774575, 25.011500389895676), (60.548318099168604, 24.956271370820506), (60.47832004356263, 24.918933070776855), (60.408321987956654, 24.904184348018575), (60.338323932350676, 24.921430458336566), (60.268325876744704, 24.947738787059905), (60.198327821138726, 24.97576230271104), (60.12832976553274, 24.991370503754023), (60.05833170992677, 24.9959072674191), (59.9883336543208, 24.993651136921763), (59.918335598714826, 24.991091550275662), (59.848337543108855, 24.99376988063215), (59.778339487502876, 25.004537861861294), (59.7083414318969, 25.022735806683173), (59.638343376290926, 25.03764850885103), (59.56834532068494, 25.042728100906437), (59.49834726507898, 25.05292686625405), (59.428349209473, 25.072308478538194), (59.35835115386701, 25.101453462565196), (59.288353098261055, 25.14685502599031), (59.21835504265506, 25.194501410987957), (59.14835698704909, 25.237160560149384), (59.07835893144311, 25.269155393225653), (59.008360875837134, 25.278971539950906), (58.938362820231184, 25.286861399818786), (58.868364764625184, 25.289396483794494), (58.79836670901922, 25.292789161234097), (58.728368653413256, 25.31196344323027), (58.65837059780727, 25.330702331621687), (58.5883725422013, 25.34372455852737), (58.51837448659532, 25.355875998223553), (58.44837643098934, 25.37448106433818), (58.37837837538336, 25.3898291601108), (58.3083803197774, 25.407429616739147), (58.23838226417141, 25.423778552356442), (58.168384208565456, 25.459665540384258), (58.09838615295947, 25.488812409232064), (58.02838809735349, 25.52333855664244), (57.958390041747506, 25.55739349885288), (57.88839198614154, 25.592096819418437), (57.81839393053556, 25.617219595858707), (57.74839587492958, 25.61759090555627), (57.678397819323614, 25.603554645060296), (57.60839976371764, 25.58137972835088), (57.53840170811167, 25.558594129702335), (57.468403652505685, 25.55317526990296), (57.398405596899714, 25.57383856033095), (57.32840754129375, 25.62183929163897), (57.25661548517795, 25.68886728892076), (57.189084180272964, 25.766435204114927), (57.122201127653035, 25.839296721772037), (57.053497692162864, 25.90373686009573), (56.97425450367756, 25.940669923667425), (56.89913827014654, 25.975001934535417), (56.82871998122786, 26.009982323758546), (56.76978932582578, 26.05179895802248), (56.727519131040545, 26.104524935075535), (56.70185851660558, 26.16735732125701), (56.687159772932766, 26.24926597875307), (56.67404397088626, 26.33299725796251), (56.652510311405585, 26.413175649964376), (56.615294223098616, 26.47100572174324), (56.56047921592493, 26.50926946879958), (56.488779498070684, 26.527529612707852), (56.422753872165, 26.521262583548584), (56.35474014695487, 26.496588394458662), (56.27798934063656, 26.462974250363594), (56.2005028233302, 26.420168776278537), (56.12594603288787, 26.370432816112334), (56.058937938154855, 26.315022602928096), (56.005132073396574, 26.254370703099408), (55.97127062213742, 26.18854666651377), (55.96521155330295, 26.117997384182836), (55.99592880966533, 26.044567153259294), (56.07348554859199, 25.972797449460426)

Record time: 2024-01-04T06:36:01Z
Event time: 2024-01-05T16:38:30.750Z
Status: Underway
Travel distance: 452.786717062635
Num waypoints: 103
Waypoints: (62.57826171495235, 23.87997550247003), (62.5082636593428, 23.930363707729825), (62.43826560373324, 24.01272755516483), (62.368267548123676, 24.095404454199958), (62.29826949251411, 24.16508619920932), (62.22827143690454, 24.220501427159192), (62.15827338129498, 24.267120025088698), (62.08827532568542, 24.312879487428148), (62.01827727007587, 24.364933223155116), (61.94827921128813, 24.427420811534923), (61.878281155682146, 24.500188088152054), (61.80828310007616, 24.58265465260484), (61.738285044470175, 24.65575365768272), (61.668286988864196, 24.709785815550024), (61.598288933258225, 24.75169103639154), (61.52829087765227, 24.77565464803995), (61.45829282204629, 24.801964861584082), (61.38829476644031, 24.82834292867701), (61.318296710834325, 24.853984030837225), (61.24829865522835, 24.87748586138969), (61.17830059962238, 24.906894720328665), (61.1083025440164, 24.944351764082704), (61.03830448841043, 24.991756892017975), (60.968306432804454, 25.037354476806268), (60.898308377198454, 25.075948067502576), (60.82831032159251, 25.09555774310349), (60.758312265986525, 25.098752514359113), (60.68831421038055, 25.067720824711525), (60.618316154774575, 25.011500389895676), (60.548318099168604, 24.956271370820506), (60.47832004356263, 24.918933070776855), (60.408321987956654, 24.904184348018575), (60.338323932350676, 24.921430458336566), (60.268325876744704, 24.947738787059905), (60.198327821138726, 24.97576230271104), (60.12832976553274, 24.991370503754023), (60.05833170992677, 24.9959072674191), (59.9883336543208, 24.993651136921763), (59.918335598714826, 24.991091550275662), (59.848337543108855, 24.99376988063215), (59.778339487502876, 25.004537861861294), (59.7083414318969, 25.022735806683173), (59.638343376290926, 25.03764850885103), (59.56834532068494, 25.042728100906437), (59.49834726507898, 25.05292686625405), (59.428349209473, 25.072308478538194), (59.35835115386701, 25.101453462565196), (59.288353098261055, 25.14685502599031), (59.21835504265506, 25.194501410987957), (59.14835698704909, 25.237160560149384), (59.07835893144311, 25.269155393225653), (59.008360875837134, 25.278971539950906), (58.938362820231184, 25.286861399818786), (58.868364764625184, 25.289396483794494), (58.79836670901922, 25.292789161234097), (58.728368653413256, 25.31196344323027), (58.65837059780727, 25.330702331621687), (58.5883725422013, 25.34372455852737), (58.51837448659532, 25.355875998223553), (58.44837643098934, 25.37448106433818), (58.37837837538336, 25.3898291601108), (58.3083803197774, 25.407429616739147), (58.23838226417141, 25.423778552356442), (58.168384208565456, 25.459665540384258), (58.09838615295947, 25.488812409232064), (58.02838809735349, 25.52333855664244), (57.958390041747506, 25.55739349885288), (57.88839198614154, 25.592096819418437), (57.81839393053556, 25.617219595858707), (57.74839587492958, 25.61759090555627), (57.678397819323614, 25.603554645060296), (57.60839976371764, 25.58137972835088), (57.53840170811167, 25.558594129702335), (57.468403652505685, 25.55317526990296), (57.398405596899714, 25.57383856033095), (57.32840754129375, 25.62183929163897), (57.25661548517795, 25.68886728892076), (57.189084180272964, 25.766435204114927), (57.122201127653035, 25.839296721772037), (57.053497692162864, 25.90373686009573), (56.97425450367756, 25.940669923667425), (56.89913827014654, 25.975001934535417), (56.82871998122786, 26.009982323758546), (56.76978932582578, 26.05179895802248), (56.727519131040545, 26.104524935075535), (56.70185851660558, 26.16735732125701), (56.687159772932766, 26.24926597875307), (56.67404397088626, 26.33299725796251), (56.652510311405585, 26.413175649964376), (56.615294223098616, 26.47100572174324), (56.56047921592493, 26.50926946879958), (56.488779498070684, 26.527529612707852), (56.422753872165, 26.521262583548584), (56.35474014695487, 26.496588394458662), (56.27798934063656, 26.462974250363594), (56.2005028233302, 26.420168776278537), (56.12594603288787, 26.370432816112334), (56.058937938154855, 26.315022602928096), (56.005132073396574, 26.254370703099408), (55.97127062213742, 26.18854666651377), (55.96521155330295, 26.117997384182836), (55.99592880966533, 26.044567153259294), (56.07348554859199, 25.972797449460426)

Record time: 2024-01-04T12:41:56Z
Event time: 2024-01-05T15:48:56Z
Status: Underway
Travel distance: 363.9843412526998
Num waypoints: 82
Waypoints: (61.10830254715147, 24.150847691729208), (61.038304491541886, 24.230721485270763), (60.96830643593231, 24.295578397457664), (60.89830838032274, 24.35953744955444), (60.82831032471317, 24.428231257174183), (60.75831226910361, 24.50184624622873), (60.68831421349406, 24.577640773517317), (60.6183161578845, 24.651941151953636), (60.54831810227495, 24.721615580431347), (60.47832004356263, 24.785025977056463), (60.408321987956654, 24.840654578141187), (60.338323932350676, 24.894911029683662), (60.268325876744704, 24.951804345525034), (60.198327821138726, 25.011826463894042), (60.12832976553274, 25.072138844666217), (60.05833170992677, 25.127754252005335), (59.9883336543208, 25.173091731523254), (59.918335598714826, 25.201737238038316), (59.848337543108855, 25.219313191996264), (59.778339487502876, 25.217745021090845), (59.7083414318969, 25.203603210630096), (59.638343376290926, 25.19592633551259), (59.56834532068494, 25.194147064677598), (59.49834726507898, 25.20195964689269), (59.428349209473, 25.215694336060686), (59.35835115386701, 25.22836033183521), (59.288353098261055, 25.250725615445404), (59.21835504265506, 25.267628688377833), (59.14835698704909, 25.275281060824938), (59.07835893144311, 25.27549216075451), (59.008360875837134, 25.271138224707016), (58.938362820231184, 25.275610904464894), (58.868364764625184, 25.283911655267136), (58.79836670901922, 25.295405292504192), (58.728368653413256, 25.317546282439217), (58.65837059780727, 25.33137521264721), (58.5883725422013, 25.341930209125977), (58.51837448659532, 25.355875998223553), (58.44837643098934, 25.37448106433818), (58.37837837538336, 25.3898291601108), (58.3083803197774, 25.407429616739147), (58.23838226417141, 25.423778552356442), (58.168384208565456, 25.459665540384258), (58.09838615295947, 25.488812409232064), (58.02838809735349, 25.52333855664244), (57.958390041747506, 25.55739349885288), (57.88839198614154, 25.592096819418437), (57.81839393053556, 25.617219595858707), (57.74839587492958, 25.61759090555627), (57.678397819323614, 25.603554645060296), (57.60839976371764, 25.58137972835088), (57.53840170811167, 25.558594129702335), (57.468403652505685, 25.55317526990296), (57.398405596899714, 25.57383856033095), (57.32840754129375, 25.62183929163897), (57.25661548517795, 25.68886728892076), (57.189084180272964, 25.766435204114927), (57.122201127653035, 25.839296721772037), (57.053497692162864, 25.90373686009573), (56.97425450367756, 25.940669923667425), (56.89913827014654, 25.975001934535417), (56.82871998122786, 26.009982323758546), (56.76978932582578, 26.05179895802248), (56.727519131040545, 26.104524935075535), (56.70185851660558, 26.16735732125701), (56.687159772932766, 26.24926597875307), (56.67404397088626, 26.33299725796251), (56.652510311405585, 26.413175649964376), (56.615294223098616, 26.47100572174324), (56.56047921592493, 26.50926946879958), (56.488779498070684, 26.527529612707852), (56.422753872165, 26.521262583548584), (56.35474014695487, 26.496588394458662), (56.27798934063656, 26.462974250363594), (56.2005028233302, 26.420168776278537), (56.12594603288787, 26.370432816112334), (56.058937938154855, 26.315022602928096), (56.005132073396574, 26.254370703099408), (55.97127062213742, 26.18854666651377), (55.96521155330295, 26.117997384182836), (55.99592880966533, 26.044567153259294), (56.07348554859199, 25.972797449460426)

Record time: 2024-01-04T15:56:34Z
Event time: 2024-01-05T15:35:50.142Z
Status: Underway
Travel distance: 314.7975161987041
Num waypoints: 70
Waypoints: (60.26832587983665, 24.362871629010474), (60.19832782422713, 24.370190205405912), (60.12832976861757, 24.426632180919153), (60.058331713008, 24.501294119389087), (59.98833365739843, 24.577741411524872), (59.91833560178886, 24.649553689427478), (59.84833754617931, 24.716536713746112), (59.77833949056975, 24.781600733469453), (59.70834143496019, 24.84830531835174), (59.638343376290926, 24.91907066269525), (59.56834532068494, 24.995862031719906), (59.49834726507898, 25.07213884466622), (59.428349209473, 25.143718684179476), (59.35835115386701, 25.202236715550253), (59.288353098261055, 25.250555981573427), (59.21835504265506, 25.277158342341522), (59.14835698704909, 25.28324254388321), (59.07835893144311, 25.277188499474313), (59.008360875837134, 25.2678492124114), (58.938362820231184, 25.271822414657336), (58.868364764625184, 25.283238774241614), (58.79836670901922, 25.297199641905586), (58.728368653413256, 25.317546282439217), (58.65837059780727, 25.33137521264721), (58.5883725422013, 25.341930209125977), (58.51837448659532, 25.355875998223553), (58.44837643098934, 25.37448106433818), (58.37837837538336, 25.3898291601108), (58.3083803197774, 25.407429616739147), (58.23838226417141, 25.423778552356442), (58.168384208565456, 25.459665540384258), (58.09838615295947, 25.488812409232064), (58.02838809735349, 25.52333855664244), (57.958390041747506, 25.55739349885288), (57.88839198614154, 25.592096819418437), (57.81839393053556, 25.617219595858707), (57.74839587492958, 25.61759090555627), (57.678397819323614, 25.603554645060296), (57.60839976371764, 25.58137972835088), (57.53840170811167, 25.558594129702335), (57.468403652505685, 25.55317526990296), (57.398405596899714, 25.57383856033095), (57.32840754129375, 25.62183929163897), (57.25661548517795, 25.68886728892076), (57.189084180272964, 25.766435204114927), (57.122201127653035, 25.839296721772037), (57.053497692162864, 25.90373686009573), (56.97425450367756, 25.940669923667425), (56.89913827014654, 25.975001934535417), (56.82871998122786, 26.009982323758546), (56.76978932582578, 26.05179895802248), (56.727519131040545, 26.104524935075535), (56.70185851660558, 26.16735732125701), (56.687159772932766, 26.24926597875307), (56.67404397088626, 26.33299725796251), (56.652510311405585, 26.413175649964376), (56.615294223098616, 26.47100572174324), (56.56047921592493, 26.50926946879958), (56.488779498070684, 26.527529612707852), (56.422753872165, 26.521262583548584), (56.35474014695487, 26.496588394458662), (56.27798934063656, 26.462974250363594), (56.2005028233302, 26.420168776278537), (56.12594603288787, 26.370432816112334), (56.058937938154855, 26.315022602928096), (56.005132073396574, 26.254370703099408), (55.97127062213742, 26.18854666651377), (55.96521155330295, 26.117997384182836), (55.99592880966533, 26.044567153259294), (56.07348554859199, 25.972797449460426)

Record time: 2024-01-04T19:32:42Z
Event time: 2024-01-05T16:28:53.500Z
Status: Underway
Travel distance: 263.9843412526998
Num waypoints: 58
Waypoints: (59.428349212521894, 24.57410733423325), (59.35835115691231, 24.64106724950655), (59.28835310130274, 24.7175823494985), (59.21835504569317, 24.790625095535045), (59.14835699008361, 24.85567791485357), (59.07835893447405, 24.913492251237514), (59.008360878864494, 24.967418716353347), (58.938362823254934, 25.02130834178991), (58.868364767645375, 25.07798493180011), (58.79836670901922, 25.138288515455304), (58.728368653413256, 25.20494708786034), (58.65837059780727, 25.265907846987638), (58.5883725422013, 25.313738944423662), (58.51837448659532, 25.352556828795137), (58.44837643098934, 25.381492597713365), (58.37837837538336, 25.39549681625574), (58.3083803197774, 25.41224156424099), (58.23838226417141, 25.422956770487733), (58.168384208565456, 25.45408270117531), (58.09838615295947, 25.488139528206545), (58.02838809735349, 25.525132906043833), (57.958390041747506, 25.55739349885288), (57.88839198614154, 25.592096819418437), (57.81839393053556, 25.617219595858707), (57.74839587492958, 25.61759090555627), (57.678397819323614, 25.603554645060296), (57.60839976371764, 25.58137972835088), (57.53840170811167, 25.558594129702335), (57.468403652505685, 25.55317526990296), (57.398405596899714, 25.57383856033095), (57.32840754129375, 25.62183929163897), (57.25661548517795, 25.68886728892076), (57.189084180272964, 25.766435204114927), (57.122201127653035, 25.839296721772037), (57.053497692162864, 25.90373686009573), (56.97425450367756, 25.940669923667425), (56.89913827014654, 25.975001934535417), (56.82871998122786, 26.009982323758546), (56.76978932582578, 26.05179895802248), (56.727519131040545, 26.104524935075535), (56.70185851660558, 26.16735732125701), (56.687159772932766, 26.24926597875307), (56.67404397088626, 26.33299725796251), (56.652510311405585, 26.413175649964376), (56.615294223098616, 26.47100572174324), (56.56047921592493, 26.50926946879958), (56.488779498070684, 26.527529612707852), (56.422753872165, 26.521262583548584), (56.35474014695487, 26.496588394458662), (56.27798934063656, 26.462974250363594), (56.2005028233302, 26.420168776278537), (56.12594603288787, 26.370432816112334), (56.058937938154855, 26.315022602928096), (56.005132073396574, 26.254370703099408), (55.97127062213742, 26.18854666651377), (55.96521155330295, 26.117997384182836), (55.99592880966533, 26.044567153259294), (56.07348554859199, 25.972797449460426)

Record time: 2024-01-04T22:46:50Z
Event time: 2024-01-05T16:24:53.166Z
Status: Underway
Travel distance: 221.77861771058315
Num waypoints: 48
Waypoints: (58.72836865642626, 24.71751954498484), (58.65837060081668, 24.78513602901641), (58.58837254520711, 24.829778603665634), (58.51837448959754, 24.874936591129952), (58.44837643398798, 24.92987739826134), (58.378378378378414, 24.99475211914901), (58.308380322768855, 25.06482431906601), (58.23838226715929, 25.133821999779734), (58.16838421154972, 25.19641274622631), (58.09838615295947, 25.24980205325351), (58.02838809735349, 25.28603019384609), (57.958390041747506, 25.321591107875545), (57.88839198614154, 25.37596441830761), (57.81839393053556, 25.435684965348656), (57.74839587492958, 25.492080688498888), (57.678397819323614, 25.535929159584978), (57.60839976371764, 25.562361886481096), (57.53840170811167, 25.574275838756506), (57.468403652505685, 25.5743059958893), (57.398405596899714, 25.583660361518614), (57.32840754129375, 25.615461058052514), (57.25661548517795, 25.681963190331164), (57.189084180272964, 25.763295092662496), (57.122201127653035, 25.84288542057482), (57.053497692162864, 25.90373686009573), (56.97425450367756, 25.940669923667425), (56.89913827014654, 25.975001934535417), (56.82871998122786, 26.009982323758546), (56.76978932582578, 26.05179895802248), (56.727519131040545, 26.104524935075535), (56.70185851660558, 26.16735732125701), (56.687159772932766, 26.24926597875307), (56.67404397088626, 26.33299725796251), (56.652510311405585, 26.413175649964376), (56.615294223098616, 26.47100572174324), (56.56047921592493, 26.50926946879958), (56.488779498070684, 26.527529612707852), (56.422753872165, 26.521262583548584), (56.35474014695487, 26.496588394458662), (56.27798934063656, 26.462974250363594), (56.2005028233302, 26.420168776278537), (56.12594603288787, 26.370432816112334), (56.058937938154855, 26.315022602928096), (56.005132073396574, 26.254370703099408), (55.97127062213742, 26.18854666651377), (55.96521155330295, 26.117997384182836), (55.99592880966533, 26.044567153259294), (56.07348554859199, 25.972797449460426)

Record time: 2024-01-04T23:35:40Z
Event time: 2024-01-05T15:54:27.428Z
Status: Underway
Travel distance: 207.62311015118792
Num waypoints: 45
Waypoints: (58.5183744895975, 24.8594991891201), (58.44837643398795, 24.910292482350847), (58.378378378378386, 24.99401787863906), (58.30838032276882, 25.077547938953458), (58.23838226715925, 25.146876731277516), (58.168384211549686, 25.20038725071228), (58.098386155940126, 25.24325538652156), (58.02838810033057, 25.282990436119416), (57.95839004472101, 25.326112165999955), (57.88839198614154, 25.37596441830761), (57.81839393053556, 25.435684965348656), (57.74839587492958, 25.492080688498888), (57.678397819323614, 25.535929159584978), (57.60839976371764, 25.562361886481096), (57.53840170811167, 25.574275838756506), (57.468403652505685, 25.5743059958893), (57.398405596899714, 25.583660361518614), (57.32840754129375, 25.615461058052514), (57.25661548517795, 25.681963190331164), (57.189084180272964, 25.763295092662496), (57.122201127653035, 25.84288542057482), (57.053497692162864, 25.90373686009573), (56.97425450367756, 25.940669923667425), (56.89913827014654, 25.975001934535417), (56.82871998122786, 26.009982323758546), (56.76978932582578, 26.05179895802248), (56.727519131040545, 26.104524935075535), (56.70185851660558, 26.16735732125701), (56.687159772932766, 26.24926597875307), (56.67404397088626, 26.33299725796251), (56.652510311405585, 26.413175649964376), (56.615294223098616, 26.47100572174324), (56.56047921592493, 26.50926946879958), (56.488779498070684, 26.527529612707852), (56.422753872165, 26.521262583548584), (56.35474014695487, 26.496588394458662), (56.27798934063656, 26.462974250363594), (56.2005028233302, 26.420168776278537), (56.12594603288787, 26.370432816112334), (56.058937938154855, 26.315022602928096), (56.005132073396574, 26.254370703099408), (55.97127062213742, 26.18854666651377), (55.96521155330295, 26.117997384182836), (55.99592880966533, 26.044567153259294), (56.07348554859199, 25.972797449460426)

Record time: 2024-01-05T02:43:31Z
Event time: 2024-01-05T15:19:31Z
Status: Underway
Travel distance: 165.79697624190064
Num waypoints: 36
Waypoints: (57.890194144169094, 25.199003495243094), (57.815107650749646, 25.28098176545823), (57.74717677300034, 25.353976979741148), (57.68004096365883, 25.412663576921798), (57.61108785509951, 25.458730356436874), (57.54006931608301, 25.497633120573703), (57.46796738714821, 25.535972323291364), (57.39611009464657, 25.579495725619093), (57.325537143419076, 25.63172605763185), (57.25661548517795, 25.693213685685052), (57.189084180272964, 25.768779921189854), (57.122201127653035, 25.840269289304725), (57.053497692162864, 25.898154020886782), (56.97425450367756, 25.939997042641902), (56.89913827014654, 25.97679628393681), (56.82871998122786, 26.009982323758546), (56.76978932582578, 26.05179895802248), (56.727519131040545, 26.104524935075535), (56.70185851660558, 26.16735732125701), (56.687159772932766, 26.24926597875307), (56.67404397088626, 26.33299725796251), (56.652510311405585, 26.413175649964376), (56.615294223098616, 26.47100572174324), (56.56047921592493, 26.50926946879958), (56.488779498070684, 26.527529612707852), (56.422753872165, 26.521262583548584), (56.35474014695487, 26.496588394458662), (56.27798934063656, 26.462974250363594), (56.2005028233302, 26.420168776278537), (56.12594603288787, 26.370432816112334), (56.058937938154855, 26.315022602928096), (56.005132073396574, 26.254370703099408), (55.97127062213742, 26.18854666651377), (55.96521155330295, 26.117997384182836), (55.99592880966533, 26.044567153259294), (56.07348554859199, 25.972797449460426)

Record time: 2024-01-05T04:58:03Z
Event time: 2024-01-05T14:49:46.750Z
Status: Underway
Travel distance: 135.65550755939526
Num waypoints: 30
Waypoints: (57.4734833562485, 25.555530817441195), (57.389356187532165, 25.554864539000032), (57.32424419075977, 25.61469466838313), (57.26274889010701, 25.696275972491495), (57.19704920055872, 25.776625974575502), (57.12489994897869, 25.844668987842514), (57.047853514570534, 25.89781968927501), (56.96970458872985, 25.93900623365927), (56.895158054287386, 25.97413290782458), (56.82871998122786, 26.009982323758546), (56.76978932582578, 26.05179895802248), (56.727519131040545, 26.104524935075535), (56.70185851660558, 26.16735732125701), (56.687159772932766, 26.24926597875307), (56.67404397088626, 26.33299725796251), (56.652510311405585, 26.413175649964376), (56.615294223098616, 26.47100572174324), (56.56047921592493, 26.50926946879958), (56.488779498070684, 26.527529612707852), (56.422753872165, 26.521262583548584), (56.35474014695487, 26.496588394458662), (56.27798934063656, 26.462974250363594), (56.2005028233302, 26.420168776278537), (56.12594603288787, 26.370432816112334), (56.058937938154855, 26.315022602928096), (56.005132073396574, 26.254370703099408), (55.97127062213742, 26.18854666651377), (55.96521155330295, 26.117997384182836), (55.99592880966533, 26.044567153259294), (56.07348554859199, 25.972797449460426)

Record time: 2024-01-05T06:31:32Z
Event time: 2024-01-05T15:07:28.666Z
Status: Underway
Travel distance: 114.80777537796976
Num waypoints: 26
Waypoints: (57.18125639981325, 25.758114030030605), (57.13096769201342, 25.85054166679817), (57.055529399525284, 25.90703725118421), (56.9722327612207, 25.943475429354688), (56.89307087265893, 25.973062883633325), (56.82533869634121, 26.005845074898286), (56.7722733992877, 26.048423707944288), (56.73373501793684, 26.103884919810103), (56.70692745036709, 26.171938191071533), (56.687159772932766, 26.24926597875307), (56.67404397088626, 26.33299725796251), (56.652510311405585, 26.413175649964376), (56.615294223098616, 26.47100572174324), (56.56047921592493, 26.50926946879958), (56.488779498070684, 26.527529612707852), (56.422753872165, 26.521262583548584), (56.35474014695487, 26.496588394458662), (56.27798934063656, 26.462974250363594), (56.2005028233302, 26.420168776278537), (56.12594603288787, 26.370432816112334), (56.058937938154855, 26.315022602928096), (56.005132073396574, 26.254370703099408), (55.97127062213742, 26.18854666651377), (55.96521155330295, 26.117997384182836), (55.99592880966533, 26.044567153259294), (56.07348554859199, 25.972797449460426)

Record time: 2024-01-05T08:25:49Z
Event time: 2024-01-05T14:51:23Z
Status: Underway
Travel distance: 85.27861771058315
Num waypoints: 19
Waypoints: (56.915159275518384, 26.120053974984963), (56.82430816251122, 26.172795973017507), (56.76250120166673, 26.24972022191249), (56.71049340327129, 26.333180086931055), (56.65874652931978, 26.409828137085757), (56.60381021643654, 26.470503418358113), (56.54544745825169, 26.509967941252153), (56.48450444723262, 26.526492382683998), (56.42152477618536, 26.521291002308256), (56.3555203141476, 26.492540960730334), (56.280603832770055, 26.454482079194204), (56.20164833742573, 26.412390285155126), (56.12529338925306, 26.367983786288182), (56.057065150323, 26.319396972366434), (56.00324827578314, 26.262640910139375), (55.970669201397286, 26.194185547728164), (55.9664794312989, 26.11474820443336), (55.997938825744704, 26.034288345854616), (56.07219888886817, 25.978208644322265)

Record time: 2024-01-05T11:15:23Z
Event time: 2024-01-05T15:11:02.666Z
Status: Underway
Travel distance: 56.165766738660906
Num waypoints: 13
Waypoints: (56.559033605161424, 26.60260530189833), (56.48581062884913, 26.544044328243643), (56.4216577420132, 26.51484448011318), (56.349298583746304, 26.484305453623854), (56.27521178938867, 26.449129702064013), (56.2068261941724, 26.413147563555075), (56.145293555407385, 26.381900068514575), (56.06058179909167, 26.324790591403683), (55.99437302526587, 26.257238403027387), (55.95779321043807, 26.184588697046628), (55.965412085598224, 26.113105372217156), (56.01422068455495, 26.044775596426334), (56.065577546745445, 25.974300255307842)

Record time: 2024-01-05T14:18:37Z
Event time: 2024-01-05T15:13:36Z
Status: Underway
Travel distance: 14.062634989200864
Num waypoints: 4
Waypoints: (55.99844448765313, 26.184364060676778), (55.99844448765313, 26.114352392065342), (55.99844448765313, 26.044340723453907), (56.06844254326268, 25.97432905484247)

Record time: 2024-01-06T11:08:20Z
Event time: 2024-01-06T11:08:20Z
Status: Arrived
Travel distance: N/A
Num waypoints: 0
Waypoints: 

