Record time: 2023-12-06T05:16:42Z
Event time: 2023-12-09T08:45:51.333Z
Status: Underway
Travel distance: 764.7105831533478
Num waypoints: 56
Waypoints: (64.35905429581852, 17.370000000000008), (64.1408899521531, 17.55000000000001), (63.99568685373047, 17.73000000000001), (63.875739570968804, 17.91000000000001), (63.753174414762775, 18.09000000000001), (63.614706200516395, 18.27000000000001), (63.45708797219741, 18.45000000000001), (63.283253686413204, 18.630000000000013), (63.099153856508295, 18.810000000000016), (62.91128415345568, 18.989999999025752), (62.7219897666031, 19.169999999016515), (62.54365674736337, 19.349999999007277), (62.37461326911118, 19.52999999899805), (62.189999996809426, 19.709999998988813), (62.009999996818664, 19.88999999897958), (61.829999996827894, 20.069999998970342), (61.64999999683714, 20.249999998961105), (61.4653867245354, 20.429999998951875), (61.2917299739722, 20.60999999894264), (61.119740204160074, 20.7899999989334), (60.938456047486106, 20.969999998924173), (60.750251982345674, 21.149999998914936), (60.54780104683311, 21.32999999890571), (60.3557590492659, 21.509999998896472), (60.20198007498385, 21.689999998887235), (60.101525101237485, 21.869999998878004), (60.05090509854794, 22.049999998868767), (60.02999999692025, 22.22999999885953), (60.00909489529257, 22.409999998850292), (59.958474892603014, 22.589999998841066), (59.85801991885664, 22.769999998831825), (59.704240944574586, 22.94999999882259), (59.51219894700738, 23.129999998813357), (59.30974801149481, 23.30999999880413), (59.121543946354386, 23.489999998794886), (58.94025978968041, 23.669999998785652), (58.76827001986827, 23.84999999877641), (58.59461326930509, 24.029999998767188), (58.409999997003354, 24.209999998757944), (58.2253867247016, 24.389999998748713), (58.05172997413845, 24.569999998739473), (57.88435347663727, 24.74999999873024), (57.6967260705357, 24.929999998721012), (57.495898502905675, 25.11461327102275), (57.30107497350392, 25.2928832938969), (57.12986054357596, 25.45852981428145), (56.98167855408295, 25.63180374077681), (56.88198115493343, 25.835041324538995), (56.802021879856646, 26.042095032978896), (56.71876190359652, 26.235301655673737), (56.607284621691434, 26.39153425763901), (56.45017242012261, 26.485691210122514), (56.24989272996488, 26.495634136492146), (56.044193369962834, 26.408574774532234), (55.92450717703336, 26.2289107551487), (56.05736592469285, 25.98751029748277)

Record time: 2023-12-06T07:14:45Z
Event time: 2023-12-09T08:09:06.555Z
Status: Underway
Travel distance: 740.7850971922246
Num waypoints: 54
Waypoints: (64.16999999999999, 17.730000000000004), (63.99000000000001, 17.910000000000004), (63.81000000000001, 18.090000000000007), (63.63000000000001, 18.270000000000007), (63.45000000000001, 18.45000000000001), (63.27000000000002, 18.630000000000013), (63.09000000000002, 18.810000000000013), (62.910000000000025, 18.990000000000013), (62.73000000000003, 19.17000000000001), (62.54999999679096, 19.349999999007277), (62.3699999968002, 19.52999999899805), (62.189999996809426, 19.709999998988813), (62.009999996818664, 19.88999999897958), (61.829999996827894, 20.069999998970342), (61.64999999683714, 20.249999998961105), (61.4653867245354, 20.429999998951875), (61.2917299739722, 20.60999999894264), (61.119740204160074, 20.7899999989334), (60.938456047486106, 20.969999998924173), (60.750251982345674, 21.149999998914936), (60.54780104683311, 21.32999999890571), (60.3557590492659, 21.509999998896472), (60.20198007498385, 21.689999998887235), (60.101525101237485, 21.869999998878004), (60.05090509854794, 22.049999998868767), (60.02999999692025, 22.22999999885953), (60.00909489529257, 22.409999998850292), (59.958474892603014, 22.589999998841066), (59.85801991885664, 22.769999998831825), (59.704240944574586, 22.94999999882259), (59.51219894700738, 23.129999998813357), (59.30974801149481, 23.30999999880413), (59.121543946354386, 23.489999998794886), (58.94025978968041, 23.669999998785652), (58.76827001986827, 23.84999999877641), (58.59461326930509, 24.029999998767188), (58.409999997003354, 24.209999998757944), (58.2253867247016, 24.389999998748713), (58.05172997413845, 24.569999998739473), (57.88435347663727, 24.74999999873024), (57.6967260705357, 24.929999998721012), (57.495898502905675, 25.11461327102275), (57.30107497350392, 25.2928832938969), (57.12986054357596, 25.45852981428145), (56.98167855408295, 25.63180374077681), (56.88198115493343, 25.835041324538995), (56.802021879856646, 26.042095032978896), (56.71876190359652, 26.235301655673737), (56.607284621691434, 26.39153425763901), (56.45017242012261, 26.485691210122514), (56.24989272996488, 26.495634136492146), (56.044193369962834, 26.408574774532234), (55.92450717703336, 26.2289107551487), (56.05736592469285, 25.98751029748277)

Record time: 2023-12-06T08:43:29Z
Event time: 2023-12-09T07:35:35.222Z
Status: Underway
Travel distance: 726.6425485961123
Num waypoints: 53
Waypoints: (64.14947692947783, 17.910000000000004), (64.05598277511963, 18.09000000000001), (63.93784206365719, 18.27000000000001), (63.7966424797171, 18.45000000000001), (63.63636072394427, 18.630000000000006), (63.46217624297902, 18.810000000000006), (63.279499147077225, 18.99000000000001), (63.09321231537347, 19.170000000000012), (62.907127688787256, 19.350000000000016), (62.72365674735413, 19.52999999899805), (62.554613269101935, 19.709999998988813), (62.3699999968002, 19.88999999897958), (62.189999996809426, 20.069999998970342), (62.009999996818664, 20.249999998961105), (61.829999996827894, 20.429999998951875), (61.64999999683714, 20.60999999894264), (61.4653867245354, 20.7899999989334), (61.2917299739722, 20.969999998924173), (61.12435347647105, 21.149999998914936), (60.93672607036949, 21.32999999890571), (60.73589850273946, 21.509999998896472), (60.5410749733377, 21.689999998887235), (60.36986054340975, 21.869999998878004), (60.230905098538706, 22.049999998868767), (60.12166455472952, 22.22999999885953), (60.029999996920246, 22.409999998850292), (59.93833543911098, 22.589999998841066), (59.82909489530179, 22.769999998831825), (59.69013945043074, 22.94999999882259), (59.51892502050279, 23.129999998813357), (59.324101491101025, 23.30999999880413), (59.123273923471, 23.489999998794886), (58.935646517369435, 23.669999998785652), (58.76827001986827, 23.84999999877641), (58.59461326930509, 24.029999998767188), (58.409999997003354, 24.209999998757944), (58.2253867247016, 24.389999998748713), (58.05172997413845, 24.569999998739473), (57.88435347663727, 24.74999999873024), (57.6967260705357, 24.929999998721012), (57.495898502905675, 25.11461327102275), (57.30107497350392, 25.2928832938969), (57.12986054357596, 25.45852981428145), (56.98167855408295, 25.63180374077681), (56.88198115493343, 25.835041324538995), (56.802021879856646, 26.042095032978896), (56.71876190359652, 26.235301655673737), (56.607284621691434, 26.39153425763901), (56.45017242012261, 26.485691210122514), (56.24989272996488, 26.495634136492146), (56.044193369962834, 26.408574774532234), (55.92450717703336, 26.2289107551487), (56.05736592469285, 25.98751029748277)

Record time: 2023-12-06T11:37:43Z
Event time: 2023-12-09T07:03:41Z
Status: Underway
Travel distance: 699.5529157667387
Num waypoints: 51
Waypoints: (63.809999999999995, 18.27000000000001), (63.63, 18.450000000000003), (63.45, 18.63), (63.27, 18.81), (63.09, 18.99), (62.910000000000004, 19.17), (62.730000000000004, 19.350000000000005), (62.550000000000004, 19.530000000000005), (62.370000000000005, 19.710000000000004), (62.189999996809426, 19.88999999897958), (62.009999996818664, 20.069999998970342), (61.829999996827894, 20.249999998961105), (61.64999999683714, 20.429999998951875), (61.4653867245354, 20.60999999894264), (61.2917299739722, 20.7899999989334), (61.119740204160074, 20.969999998924173), (60.94306931979708, 21.149999998914936), (60.74390873291808, 21.32999999890571), (60.53979081665449, 21.509999998896472), (60.35704320594911, 21.689999998887235), (60.21479741244449, 21.869999998878004), (60.1176327873317, 22.049999998868767), (60.05493686594576, 22.22999999885953), (60.005063127894736, 22.409999998850292), (59.94236720650881, 22.589999998841066), (59.845202581395995, 22.769999998831825), (59.70295678789138, 22.94999999882259), (59.52020917718599, 23.129999998813357), (59.31609126092241, 23.30999999880413), (59.11693067404341, 23.489999998794886), (58.94025978968041, 23.669999998785652), (58.76827001986827, 23.84999999877641), (58.59461326930509, 24.029999998767188), (58.409999997003354, 24.209999998757944), (58.2253867247016, 24.389999998748713), (58.05172997413845, 24.569999998739473), (57.88435347663727, 24.74999999873024), (57.6967260705357, 24.929999998721012), (57.495898502905675, 25.11461327102275), (57.30107497350392, 25.2928832938969), (57.12986054357596, 25.45852981428145), (56.98167855408295, 25.63180374077681), (56.88198115493343, 25.835041324538995), (56.802021879856646, 26.042095032978896), (56.71876190359652, 26.235301655673737), (56.607284621691434, 26.39153425763901), (56.45017242012261, 26.485691210122514), (56.24989272996488, 26.495634136492146), (56.044193369962834, 26.408574774532234), (55.92450717703336, 26.2289107551487), (56.05736592469285, 25.98751029748277)

Record time: 2023-12-06T13:44:18Z
Event time: 2023-12-09T06:28:15.111Z
Status: Underway
Travel distance: 673.9557235421166
Num waypoints: 49
Waypoints: (63.63000000000002, 18.629999999999992), (63.45000000000002, 18.81), (63.27000000000001, 18.99), (63.09, 19.17), (62.910000000000004, 19.35), (62.73, 19.53), (62.55, 19.71), (62.37, 19.89), (62.190000000000005, 20.07), (62.009999996818664, 20.249999998961105), (61.829999996827894, 20.429999998951875), (61.64999999683714, 20.60999999894264), (61.4653867245354, 20.7899999989334), (61.2917299739722, 20.969999998924173), (61.12435347647105, 21.149999998914936), (60.93672607036949, 21.32999999890571), (60.73589850273946, 21.509999998896472), (60.5410749733377, 21.689999998887235), (60.36986054340975, 21.869999998878004), (60.230905098538706, 22.049999998868767), (60.12166455472952, 22.22999999885953), (60.029999996920246, 22.409999998850292), (59.93833543911098, 22.589999998841066), (59.82909489530179, 22.769999998831825), (59.69013945043074, 22.94999999882259), (59.51892502050279, 23.129999998813357), (59.324101491101025, 23.30999999880413), (59.123273923471, 23.489999998794886), (58.935646517369435, 23.669999998785652), (58.76827001986827, 23.84999999877641), (58.59461326930509, 24.029999998767188), (58.409999997003354, 24.209999998757944), (58.2253867247016, 24.389999998748713), (58.05172997413845, 24.569999998739473), (57.88435347663727, 24.74999999873024), (57.6967260705357, 24.929999998721012), (57.495898502905675, 25.11461327102275), (57.30107497350392, 25.2928832938969), (57.12986054357596, 25.45852981428145), (56.98167855408295, 25.63180374077681), (56.88198115493343, 25.835041324538995), (56.802021879856646, 26.042095032978896), (56.71876190359652, 26.235301655673737), (56.607284621691434, 26.39153425763901), (56.45017242012261, 26.485691210122514), (56.24989272996488, 26.495634136492146), (56.044193369962834, 26.408574774532234), (55.92450717703336, 26.2289107551487), (56.05736592469285, 25.98751029748277)

Record time: 2023-12-06T14:44:58Z
Event time: 2023-12-09T05:52:37.300Z
Status: Underway
Travel distance: 659.0658747300216
Num waypoints: 48
Waypoints: (63.45000000000001, 18.810000000000006), (63.269999999999996, 18.990000000000002), (63.089999999999996, 19.17), (62.91, 19.35), (62.73, 19.530000000000005), (62.55, 19.710000000000004), (62.370000000000005, 19.890000000000004), (62.19000000000001, 20.070000000000004), (62.01000000000001, 20.250000000000004), (61.829999996827894, 20.429999998951875), (61.64999999683714, 20.60999999894264), (61.4653867245354, 20.7899999989334), (61.2917299739722, 20.969999998924173), (61.12435347647105, 21.149999998914936), (60.93672607036949, 21.32999999890571), (60.73589850273946, 21.509999998896472), (60.5410749733377, 21.689999998887235), (60.36986054340975, 21.869999998878004), (60.230905098538706, 22.049999998868767), (60.12166455472952, 22.22999999885953), (60.029999996920246, 22.409999998850292), (59.93833543911098, 22.589999998841066), (59.82909489530179, 22.769999998831825), (59.69013945043074, 22.94999999882259), (59.51892502050279, 23.129999998813357), (59.324101491101025, 23.30999999880413), (59.123273923471, 23.489999998794886), (58.935646517369435, 23.669999998785652), (58.76827001986827, 23.84999999877641), (58.59461326930509, 24.029999998767188), (58.409999997003354, 24.209999998757944), (58.2253867247016, 24.389999998748713), (58.05172997413845, 24.569999998739473), (57.88435347663727, 24.74999999873024), (57.6967260705357, 24.929999998721012), (57.495898502905675, 25.11461327102275), (57.30107497350392, 25.2928832938969), (57.12986054357596, 25.45852981428145), (56.98167855408295, 25.63180374077681), (56.88198115493343, 25.835041324538995), (56.802021879856646, 26.042095032978896), (56.71876190359652, 26.235301655673737), (56.607284621691434, 26.39153425763901), (56.45017242012261, 26.485691210122514), (56.24989272996488, 26.495634136492146), (56.044193369962834, 26.408574774532234), (55.92450717703336, 26.2289107551487), (56.05736592469285, 25.98751029748277)

Record time: 2023-12-06T15:45:19Z
Event time: 2023-12-09T05:16:09.222Z
Status: Underway
Travel distance: 654.8617710583153
Num waypoints: 48
Waypoints: (63.26999999999998, 18.810000000000006), (63.090000000000025, 18.990000000000002), (62.910000000000025, 19.17), (62.73000000000002, 19.35), (62.55000000000002, 19.530000000000005), (62.37000000000002, 19.710000000000004), (62.190000000000026, 19.890000000000004), (62.01000000000003, 20.070000000000004), (61.83000000000004, 20.250000000000004), (61.64999999683714, 20.429999998951875), (61.4653867245354, 20.60999999894264), (61.2917299739722, 20.7899999989334), (61.119740204160074, 20.969999998924173), (60.94306931979708, 21.149999998914936), (60.74390873291808, 21.32999999890571), (60.53979081665449, 21.509999998896472), (60.35704320594911, 21.689999998887235), (60.21479741244449, 21.869999998878004), (60.1176327873317, 22.049999998868767), (60.05493686594576, 22.22999999885953), (60.005063127894736, 22.409999998850292), (59.94236720650881, 22.589999998841066), (59.845202581395995, 22.769999998831825), (59.70295678789138, 22.94999999882259), (59.52020917718599, 23.129999998813357), (59.31609126092241, 23.30999999880413), (59.11693067404341, 23.489999998794886), (58.94025978968041, 23.669999998785652), (58.76827001986827, 23.84999999877641), (58.59461326930509, 24.029999998767188), (58.409999997003354, 24.209999998757944), (58.2253867247016, 24.389999998748713), (58.05172997413845, 24.569999998739473), (57.88435347663727, 24.74999999873024), (57.6967260705357, 24.929999998721012), (57.495898502905675, 25.11461327102275), (57.30107497350392, 25.2928832938969), (57.12986054357596, 25.45852981428145), (56.98167855408295, 25.63180374077681), (56.88198115493343, 25.835041324538995), (56.802021879856646, 26.042095032978896), (56.71876190359652, 26.235301655673737), (56.607284621691434, 26.39153425763901), (56.45017242012261, 26.485691210122514), (56.24989272996488, 26.495634136492146), (56.044193369962834, 26.408574774532234), (55.92450717703336, 26.2289107551487), (56.05736592469285, 25.98751029748277)

Record time: 2023-12-06T18:50:35Z
Event time: 2023-12-09T05:02:50.400Z
Status: Underway
Travel distance: 619.3261339092873
Num waypoints: 45
Waypoints: (63.082834449760774, 19.349999999999977), (62.91046731849391, 19.529999999999994), (62.78524437646083, 19.71), (62.667084956986756, 19.889999999999997), (62.53512713077741, 20.069999999999997), (62.38209873835949, 20.249999999999993), (62.20949477600068, 20.429999999999996), (62.023561135109354, 20.609999999999996), (61.83208469511378, 20.79), (61.641989766658526, 20.969999998924173), (61.463656747418774, 21.149999998914936), (61.29461326916656, 21.32999999890571), (61.10999999686484, 21.509999998896472), (60.92999999687408, 21.689999998887235), (60.7499999968833, 21.869999998878004), (60.569999996892555, 22.049999998868767), (60.389999996901764, 22.22999999885953), (60.209999996911016, 22.409999998850292), (60.029999996920246, 22.589999998841066), (59.84999999692947, 22.769999998831825), (59.66999999693871, 22.94999999882259), (59.489999996947944, 23.129999998813357), (59.30999999695718, 23.30999999880413), (59.12999999696641, 23.489999998794886), (58.94999999697565, 23.669999998785652), (58.769999996984886, 23.84999999877641), (58.589999996994116, 24.029999998767188), (58.409999997003354, 24.209999998757944), (58.2253867247016, 24.389999998748713), (58.05172997413845, 24.569999998739473), (57.88435347663727, 24.74999999873024), (57.6967260705357, 24.929999998721012), (57.495898502905675, 25.11461327102275), (57.30107497350392, 25.2928832938969), (57.12986054357596, 25.45852981428145), (56.98167855408295, 25.63180374077681), (56.88198115493343, 25.835041324538995), (56.802021879856646, 26.042095032978896), (56.71876190359652, 26.235301655673737), (56.607284621691434, 26.39153425763901), (56.45017242012261, 26.485691210122514), (56.24989272996488, 26.495634136492146), (56.044193369962834, 26.408574774532234), (55.92450717703336, 26.2289107551487), (56.05736592469285, 25.98751029748277)

Record time: 2023-12-06T21:59:17Z
Event time: 2023-12-09T04:39:30.125Z
Status: Underway
Travel distance: 574.9778617710583
Num waypoints: 42
Waypoints: (62.547273975452434, 19.89), (62.37623091325152, 20.069999999999993), (62.19072952434565, 20.24999999999999), (62.005297519548726, 20.42999999999999), (61.82497681077843, 20.609999999999992), (61.64908875536904, 20.789999999999996), (61.474306440362746, 20.97), (61.29703400677938, 21.150000000000002), (61.11509301386464, 21.330000000000005), (60.928715840190875, 21.509999998896472), (60.73718265942266, 21.689999998887235), (60.55389231079834, 21.869999998878004), (60.385968229503966, 22.049999998868767), (60.23493686593653, 22.22999999885953), (60.096727685704, 22.409999998850292), (59.96327230813648, 22.589999998841066), (59.82506312790396, 22.769999998831825), (59.67403176433653, 22.94999999882259), (59.506107683042146, 23.129999998813357), (59.32281733441783, 23.30999999880413), (59.13128415364962, 23.489999998794886), (58.94198976679702, 23.669999998785652), (58.76365674755729, 23.84999999877641), (58.59461326930509, 24.029999998767188), (58.409999997003354, 24.209999998757944), (58.2253867247016, 24.389999998748713), (58.05172997413845, 24.569999998739473), (57.88435347663727, 24.74999999873024), (57.6967260705357, 24.929999998721012), (57.495898502905675, 25.11461327102275), (57.30107497350392, 25.2928832938969), (57.12986054357596, 25.45852981428145), (56.98167855408295, 25.63180374077681), (56.88198115493343, 25.835041324538995), (56.802021879856646, 26.042095032978896), (56.71876190359652, 26.235301655673737), (56.607284621691434, 26.39153425763901), (56.45017242012261, 26.485691210122514), (56.24989272996488, 26.495634136492146), (56.044193369962834, 26.408574774532234), (55.92450717703336, 26.2289107551487), (56.05736592469285, 25.98751029748277)

Record time: 2023-12-07T01:27:40Z
Event time: 2023-12-09T04:58:15.250Z
Status: Underway
Travel distance: 545.7915766738661
Num waypoints: 40
Waypoints: (62.198474641148344, 20.250000000000004), (61.99503083003956, 20.430000000000003), (61.82317683280513, 20.610000000000003), (61.65691519475277, 20.790000000000006), (61.48369818524457, 20.970000000000006), (61.30038973066241, 21.15000000000001), (61.10978801502713, 21.330000000000013), (60.91770874827155, 21.510000000000012), (60.73062910216723, 21.690000000000015), (60.55389231079834, 21.869999998878004), (60.385968229503966, 22.049999998868767), (60.23493686593653, 22.22999999885953), (60.096727685704, 22.409999998850292), (59.96327230813648, 22.589999998841066), (59.82506312790396, 22.769999998831825), (59.67403176433653, 22.94999999882259), (59.506107683042146, 23.129999998813357), (59.32281733441783, 23.30999999880413), (59.13128415364962, 23.489999998794886), (58.94198976679702, 23.669999998785652), (58.76365674755729, 23.84999999877641), (58.59461326930509, 24.029999998767188), (58.409999997003354, 24.209999998757944), (58.2253867247016, 24.389999998748713), (58.05172997413845, 24.569999998739473), (57.88435347663727, 24.74999999873024), (57.6967260705357, 24.929999998721012), (57.495898502905675, 25.11461327102275), (57.30107497350392, 25.2928832938969), (57.12986054357596, 25.45852981428145), (56.98167855408295, 25.63180374077681), (56.88198115493343, 25.835041324538995), (56.802021879856646, 26.042095032978896), (56.71876190359652, 26.235301655673737), (56.607284621691434, 26.39153425763901), (56.45017242012261, 26.485691210122514), (56.24989272996488, 26.495634136492146), (56.044193369962834, 26.408574774532234), (55.92450717703336, 26.2289107551487), (56.05736592469285, 25.98751029748277)

Record time: 2023-12-07T06:58:26Z
Event time: 2023-12-09T04:28:26Z
Status: Underway
Travel distance: 483.6274298056156
Num waypoints: 90
Waypoints: (61.59828893641845, 21.143523920653433), (61.52829088080888, 21.213535589264875), (61.45829282519931, 21.283547257876315), (61.38829476958974, 21.35355892648775), (61.31829671398018, 21.423570595099186), (61.24829865837062, 21.49358226371062), (61.17830060276106, 21.563593932322057), (61.1083025471515, 21.633605600933496), (61.03830449154194, 21.70361726954493), (60.968306432804454, 21.7736289370393), (60.898308377198454, 21.843640605647145), (60.82831032159251, 21.91365227425499), (60.758312265986525, 21.983663942862833), (60.68831421038055, 22.05367561147068), (60.618316154774575, 22.123687280078524), (60.548318099168604, 22.193698948686357), (60.47832004356263, 22.263710617294205), (60.408321987956654, 22.33372228590205), (60.338323932350676, 22.403733954509892), (60.268325876744704, 22.473745623117733), (60.198327821138726, 22.54375729172557), (60.12832976553274, 22.61376896033342), (60.05833170992677, 22.68378062894126), (59.9883336543208, 22.753792297549108), (59.918335598714826, 22.823803966156948), (59.848337543108855, 22.89381563476479), (59.778339487502876, 22.96382730337264), (59.7083414318969, 23.033838971980483), (59.638343376290926, 23.10385064058832), (59.56834532068494, 23.17386230919617), (59.49834726507898, 23.243873977804007), (59.428349209473, 23.313885646411855), (59.35835115386701, 23.383897315019702), (59.288353098261055, 23.453908983627542), (59.21835504265506, 23.52392065223539), (59.14835698704909, 23.59393232084323), (59.07835893144311, 23.663943989451074), (59.008360875837134, 23.733955658058914), (58.938362820231184, 23.803967326666754), (58.868364764625184, 23.873978995274598), (58.79836670901922, 23.943990663882442), (58.728368653413256, 24.01400233249029), (58.65837059780727, 24.08401400109813), (58.5883725422013, 24.15402566970597), (58.51837448659532, 24.224037338313817), (58.44837643098934, 24.294049006921664), (58.37837837538336, 24.36406067552951), (58.3083803197774, 24.43407234413735), (58.23838226417141, 24.50408401274519), (58.168384208565456, 24.57409568135304), (58.09838615295947, 24.64410734996088), (58.02838809735349, 24.714119018568724), (57.958390041747506, 24.78413068717657), (57.88839198614154, 24.854142355784415), (57.81839393053556, 24.92415402439226), (57.74839587492958, 24.994165693000095), (57.678397819323614, 25.064177361607943), (57.60839976371764, 25.134189030215786), (57.53840170811167, 25.204200698823634), (57.468403652505685, 25.27421236743147), (57.398405596899714, 25.344224036039307), (57.32840754129375, 25.414235704647155), (57.25661548517795, 25.484247373255), (57.189084180272964, 25.554259041862842), (57.122201127653035, 25.624270710470686), (57.051703691653046, 25.694282379078533), (56.97851525488835, 25.764294047686374), (56.89799252192179, 25.834305716294217), (56.8275723485488, 25.904317384902054), (56.7684193275373, 25.976123402911295), (56.72574020616527, 26.04366784109223), (56.70157019509508, 26.112358250319428), (56.692161114690165, 26.178607816610896), (56.68872763892453, 26.254750807280427), (56.68030789703606, 26.330381126692416), (56.65749469307412, 26.40759281075543), (56.61579360349262, 26.470332840717717), (56.55736421293889, 26.511063818200974), (56.486312747369695, 26.527529612707852), (56.42454787267482, 26.521262583548584), (56.35474014695487, 26.496588394458662), (56.27798934063656, 26.462974250363594), (56.2005028233302, 26.420168776278537), (56.12594603288787, 26.370432816112334), (56.058937938154855, 26.315022602928096), (56.005132073396574, 26.254370703099408), (55.97127062213742, 26.18854666651377), (55.96521155330295, 26.117997384182836), (55.99592880966533, 26.044567153259294), (56.07348554859199, 25.972797449460426)

Record time: 2023-12-07T10:08:33Z
Event time: 2023-12-09T04:32:11.857Z
Status: Underway
Travel distance: 447.4757019438445
Num waypoints: 84
Waypoints: (61.248298658370615, 21.633605600933485), (61.178300602761034, 21.703617269544928), (61.10830254715146, 21.773628938156364), (61.038304491541886, 21.843640606767796), (60.96830643593232, 21.91365227537923), (60.89830838032275, 21.983663943990667), (60.82831032471319, 22.053675612602106), (60.75831226910363, 22.123687281213545), (60.68831421349407, 22.193698949824984), (60.618316154774575, 22.263710617294205), (60.548318099168604, 22.33372228590205), (60.47832004356263, 22.403733954509892), (60.408321987956654, 22.473745623117733), (60.338323932350676, 22.54375729172557), (60.268325876744704, 22.61376896033342), (60.198327821138726, 22.68378062894126), (60.12832976553274, 22.753792297549108), (60.05833170992677, 22.823803966156948), (59.9883336543208, 22.89381563476479), (59.918335598714826, 22.96382730337264), (59.848337543108855, 23.033838971980483), (59.778339487502876, 23.10385064058832), (59.7083414318969, 23.17386230919617), (59.638343376290926, 23.243873977804007), (59.56834532068494, 23.313885646411855), (59.49834726507898, 23.383897315019702), (59.428349209473, 23.453908983627542), (59.35835115386701, 23.52392065223539), (59.288353098261055, 23.59393232084323), (59.21835504265506, 23.663943989451074), (59.14835698704909, 23.733955658058914), (59.07835893144311, 23.803967326666754), (59.008360875837134, 23.873978995274598), (58.938362820231184, 23.943990663882442), (58.868364764625184, 24.01400233249029), (58.79836670901922, 24.08401400109813), (58.728368653413256, 24.15402566970597), (58.65837059780727, 24.224037338313817), (58.5883725422013, 24.294049006921664), (58.51837448659532, 24.36406067552951), (58.44837643098934, 24.43407234413735), (58.37837837538336, 24.50408401274519), (58.3083803197774, 24.57409568135304), (58.23838226417141, 24.64410734996088), (58.168384208565456, 24.714119018568724), (58.09838615295947, 24.78413068717657), (58.02838809735349, 24.854142355784415), (57.958390041747506, 24.92415402439226), (57.88839198614154, 24.994165693000095), (57.81839393053556, 25.064177361607943), (57.74839587492958, 25.134189030215786), (57.678397819323614, 25.204200698823634), (57.60839976371764, 25.27421236743147), (57.53840170811167, 25.344224036039307), (57.468403652505685, 25.416030054048544), (57.398405596899714, 25.481780142828086), (57.32840754129375, 25.551143433080803), (57.25661548517795, 25.624770187982627), (57.189084180272964, 25.69926773009395), (57.122201127653035, 25.770559192024848), (57.053497692162864, 25.835873887199632), (56.97425450367756, 25.89461809706639), (56.89913827014654, 25.948375071096923), (56.82871998122786, 26.002077385324267), (56.76978932582578, 26.053367128927896), (56.727519131040545, 26.110790079414006), (56.70185851660558, 26.172342672272425), (56.687159772932766, 26.249765456265006), (56.67404397088626, 26.32988164918048), (56.652510311405585, 26.410708419537464), (56.615294223098616, 26.472800071144633), (56.56047921592493, 26.50926946879958), (56.488779498070684, 26.527529612707852), (56.422753872165, 26.521262583548584), (56.35474014695487, 26.496588394458662), (56.27798934063656, 26.462974250363594), (56.2005028233302, 26.420168776278537), (56.12594603288787, 26.370432816112334), (56.058937938154855, 26.315022602928096), (56.005132073396574, 26.254370703099408), (55.97127062213742, 26.18854666651377), (55.96521155330295, 26.117997384182836), (55.99592880966533, 26.044567153259294), (56.07348554859199, 25.972797449460426)

Record time: 2023-12-07T13:09:50Z
Event time: 2023-12-09T04:27:08.833Z
Status: Underway
Travel distance: 413.26403887688986
Num waypoints: 79
Waypoints: (60.89830838032275, 22.123687281213535), (60.82831032471322, 22.19369894982498), (60.75831226910366, 22.263710618436413), (60.688314213494095, 22.33372228704784), (60.61831615788453, 22.403733955659273), (60.54831810227496, 22.473745624270705), (60.4783200466654, 22.54375729288214), (60.40832199105584, 22.613768961493577), (60.338323935446276, 22.683780630105016), (60.268325876744704, 22.753792297549108), (60.198327821138726, 22.823803966156948), (60.12832976553274, 22.89381563476479), (60.05833170992677, 22.96382730337264), (59.9883336543208, 23.033838971980483), (59.918335598714826, 23.10385064058832), (59.848337543108855, 23.17386230919617), (59.778339487502876, 23.243873977804007), (59.7083414318969, 23.313885646411855), (59.638343376290926, 23.383897315019702), (59.56834532068494, 23.453908983627542), (59.49834726507898, 23.52392065223539), (59.428349209473, 23.59393232084323), (59.35835115386701, 23.663943989451074), (59.288353098261055, 23.733955658058914), (59.21835504265506, 23.803967326666754), (59.14835698704909, 23.873978995274598), (59.07835893144311, 23.943990663882442), (59.008360875837134, 24.01400233249029), (58.938362820231184, 24.08401400109813), (58.868364764625184, 24.15402566970597), (58.79836670901922, 24.224037338313817), (58.728368653413256, 24.294049006921664), (58.65837059780727, 24.36406067552951), (58.5883725422013, 24.43407234413735), (58.51837448659532, 24.50408401274519), (58.44837643098934, 24.57409568135304), (58.37837837538336, 24.64410734996088), (58.3083803197774, 24.714119018568724), (58.23838226417141, 24.78413068717657), (58.168384208565456, 24.854142355784415), (58.09838615295947, 24.92415402439226), (58.02838809735349, 24.995960042401485), (57.958390041747506, 25.061710131181023), (57.88839198614154, 25.131073421433747), (57.81839393053556, 25.20470017633557), (57.74839587492958, 25.279197718446895), (57.678397819323614, 25.35048918037778), (57.60839976371764, 25.41580387555257), (57.53840170811167, 25.476342434820715), (57.468403652505685, 25.52763217842434), (57.398405596899714, 25.574630185066862), (57.32840754129375, 25.631353867036264), (57.25661548517795, 25.698199036700473), (57.189084180272964, 25.76927939870179), (57.122201127653035, 25.837153680522686), (57.053497692162864, 25.895686790459866), (56.97425450367756, 25.941791392043292), (56.89913827014654, 25.97679628393681), (56.82871998122786, 26.009982323758546), (56.76978932582578, 26.05179895802248), (56.727519131040545, 26.104524935075535), (56.70185851660558, 26.16735732125701), (56.687159772932766, 26.24926597875307), (56.67404397088626, 26.33299725796251), (56.652510311405585, 26.413175649964376), (56.615294223098616, 26.47100572174324), (56.56047921592493, 26.50926946879958), (56.488779498070684, 26.527529612707852), (56.422753872165, 26.521262583548584), (56.35474014695487, 26.496588394458662), (56.27798934063656, 26.462974250363594), (56.2005028233302, 26.420168776278537), (56.12594603288787, 26.370432816112334), (56.058937938154855, 26.315022602928096), (56.005132073396574, 26.254370703099408), (55.97127062213742, 26.18854666651377), (55.96521155330295, 26.117997384182836), (55.99592880966533, 26.044567153259294), (56.07348554859199, 25.972797449460426)

Record time: 2023-12-07T15:17:35Z
Event time: 2023-12-09T04:59:56.875Z
Status: Underway
Travel distance: 393.47354211663065
Num waypoints: 76
Waypoints: (60.688314213494095, 22.403733955659277), (60.618316157884514, 22.473745624270723), (60.54831810227495, 22.543757292882162), (60.47832004666538, 22.613768961493598), (60.40832199105582, 22.68378063010503), (60.33832393544626, 22.753792298716466), (60.2683258798367, 22.8238039673279), (60.19832782422714, 22.89381563593934), (60.12832976861758, 22.96382730455078), (60.05833170992677, 23.033838971980483), (59.9883336543208, 23.10385064058832), (59.918335598714826, 23.17386230919617), (59.848337543108855, 23.243873977804007), (59.778339487502876, 23.313885646411855), (59.7083414318969, 23.383897315019702), (59.638343376290926, 23.453908983627542), (59.56834532068494, 23.52392065223539), (59.49834726507898, 23.59393232084323), (59.428349209473, 23.663943989451074), (59.35835115386701, 23.733955658058914), (59.288353098261055, 23.803967326666754), (59.21835504265506, 23.873978995274598), (59.14835698704909, 23.943990663882442), (59.07835893144311, 24.01400233249029), (59.008360875837134, 24.08401400109813), (58.938362820231184, 24.15402566970597), (58.868364764625184, 24.224037338313817), (58.79836670901922, 24.294049006921664), (58.728368653413256, 24.36406067552951), (58.65837059780727, 24.43407234413735), (58.5883725422013, 24.50408401274519), (58.51837448659532, 24.57409568135304), (58.44837643098934, 24.64410734996088), (58.37837837538336, 24.714119018568724), (58.3083803197774, 24.78413068717657), (58.23838226417141, 24.854142355784415), (58.168384208565456, 24.92594837379365), (58.09838615295947, 24.991698462573183), (58.02838809735349, 25.062856102227293), (57.958390041747506, 25.132221277300808), (57.88839198614154, 25.206070441057012), (57.81839393053556, 25.280976989281886), (57.74839587492958, 25.35077755796015), (57.678397819323614, 25.410801561149956), (57.60839976371764, 25.459861561747438), (57.53840170811167, 25.502296417233694), (57.468403652505685, 25.537331466260014), (57.398405596899714, 25.573062014161447), (57.32840754129375, 25.625088722697793), (57.25661548517795, 25.693213685685052), (57.189084180272964, 25.768779921189854), (57.122201127653035, 25.840269289304725), (57.053497692162864, 25.898154020886782), (56.97425450367756, 25.939997042641902), (56.89913827014654, 25.97679628393681), (56.82871998122786, 26.009982323758546), (56.76978932582578, 26.05179895802248), (56.727519131040545, 26.104524935075535), (56.70185851660558, 26.16735732125701), (56.687159772932766, 26.24926597875307), (56.67404397088626, 26.33299725796251), (56.652510311405585, 26.413175649964376), (56.615294223098616, 26.47100572174324), (56.56047921592493, 26.50926946879958), (56.488779498070684, 26.527529612707852), (56.422753872165, 26.521262583548584), (56.35474014695487, 26.496588394458662), (56.27798934063656, 26.462974250363594), (56.2005028233302, 26.420168776278537), (56.12594603288787, 26.370432816112334), (56.058937938154855, 26.315022602928096), (56.005132073396574, 26.254370703099408), (55.97127062213742, 26.18854666651377), (55.96521155330295, 26.117997384182836), (55.99592880966533, 26.044567153259294), (56.07348554859199, 25.972797449460426)

Record time: 2023-12-07T17:51:28Z
Event time: 2023-12-09T05:33:47.600Z
Status: Underway
Travel distance: 367.54589632829374
Num waypoints: 72
Waypoints: (60.408321991055786, 22.823803967327905), (60.33832393544621, 22.893815635939333), (60.268325879836645, 22.96382730455076), (60.198327824227086, 23.033838973162194), (60.128329768617526, 23.10385064177363), (60.058331713007966, 23.17386231038507), (59.98833365739841, 23.243873978996508), (59.91833560178885, 23.313885647607947), (59.84833754617928, 23.383897316219386), (59.778339487502876, 23.453908983627542), (59.7083414318969, 23.52392065223539), (59.638343376290926, 23.59393232084323), (59.56834532068494, 23.663943989451074), (59.49834726507898, 23.733955658058914), (59.428349209473, 23.803967326666754), (59.35835115386701, 23.873978995274598), (59.288353098261055, 23.943990663882442), (59.21835504265506, 24.01400233249029), (59.14835698704909, 24.08401400109813), (59.07835893144311, 24.15402566970597), (59.008360875837134, 24.224037338313817), (58.938362820231184, 24.294049006921664), (58.868364764625184, 24.36406067552951), (58.79836670901922, 24.43407234413735), (58.728368653413256, 24.50408401274519), (58.65837059780727, 24.57409568135304), (58.5883725422013, 24.64410734996088), (58.51837448659532, 24.714119018568724), (58.44837643098934, 24.78413068717657), (58.37837837538336, 24.854142355784415), (58.3083803197774, 24.92415402439226), (58.23838226417141, 24.994165693000095), (58.168384208565456, 25.067766060410722), (58.09838615295947, 25.13104891876335), (58.02838809735349, 25.19729660023403), (57.958390041747506, 25.269628483246404), (57.88839198614154, 25.351578606800054), (57.81839393053556, 25.43225082185146), (57.74839587492958, 25.498634210419723), (57.678397819323614, 25.542693781435393), (57.60839976371764, 25.564231628714477), (57.53840170811167, 25.572308085841534), (57.468403652505685, 25.572984736508655), (57.398405596899714, 25.5811931310917), (57.32840754129375, 25.617255407453904), (57.25661548517795, 25.681963190331164), (57.189084180272964, 25.763295092662496), (57.122201127653035, 25.84288542057482), (57.053497692162864, 25.90373686009573), (56.97425450367756, 25.940669923667425), (56.89913827014654, 25.975001934535417), (56.82871998122786, 26.009982323758546), (56.76978932582578, 26.05179895802248), (56.727519131040545, 26.104524935075535), (56.70185851660558, 26.16735732125701), (56.687159772932766, 26.24926597875307), (56.67404397088626, 26.33299725796251), (56.652510311405585, 26.413175649964376), (56.615294223098616, 26.47100572174324), (56.56047921592493, 26.50926946879958), (56.488779498070684, 26.527529612707852), (56.422753872165, 26.521262583548584), (56.35474014695487, 26.496588394458662), (56.27798934063656, 26.462974250363594), (56.2005028233302, 26.420168776278537), (56.12594603288787, 26.370432816112334), (56.058937938154855, 26.315022602928096), (56.005132073396574, 26.254370703099408), (55.97127062213742, 26.18854666651377), (55.96521155330295, 26.117997384182836), (55.99592880966533, 26.044567153259294), (56.07348554859199, 25.972797449460426)

Record time: 2023-12-07T20:59:46Z
Event time: 2023-12-09T05:09:15.200Z
Status: Underway
Travel distance: 333.2624190064795
Num waypoints: 66
Waypoints: (59.988333657398414, 23.243873978996504), (59.91833560178888, 23.313885647607933), (59.84833754617932, 23.383897316219368), (59.77833949056975, 23.453908984830804), (59.708341434960175, 23.523920653442243), (59.63834337935061, 23.593932322053682), (59.56834532374104, 23.66394399066512), (59.498347268131475, 23.73395565927656), (59.428349212521915, 23.803967327887996), (59.35835115386701, 23.873978995274598), (59.288353098261055, 23.943990663882442), (59.21835504265506, 24.01400233249029), (59.14835698704909, 24.08401400109813), (59.07835893144311, 24.15402566970597), (59.008360875837134, 24.224037338313817), (58.938362820231184, 24.294049006921664), (58.868364764625184, 24.36406067552951), (58.79836670901922, 24.43407234413735), (58.728368653413256, 24.50408401274519), (58.65837059780727, 24.57409568135304), (58.5883725422013, 24.64410734996088), (58.51837448659532, 24.714119018568724), (58.44837643098934, 24.78413068717657), (58.37837837538336, 24.854142355784415), (58.3083803197774, 24.92415402439226), (58.23838226417141, 24.994165693000095), (58.168384208565456, 25.067766060410722), (58.09838615295947, 25.13104891876335), (58.02838809735349, 25.19729660023403), (57.958390041747506, 25.269628483246404), (57.88839198614154, 25.351578606800054), (57.81839393053556, 25.43225082185146), (57.74839587492958, 25.498634210419723), (57.678397819323614, 25.542693781435393), (57.60839976371764, 25.564231628714477), (57.53840170811167, 25.572308085841534), (57.468403652505685, 25.572984736508655), (57.398405596899714, 25.5811931310917), (57.32840754129375, 25.617255407453904), (57.25661548517795, 25.681963190331164), (57.189084180272964, 25.763295092662496), (57.122201127653035, 25.84288542057482), (57.053497692162864, 25.90373686009573), (56.97425450367756, 25.940669923667425), (56.89913827014654, 25.975001934535417), (56.82871998122786, 26.009982323758546), (56.76978932582578, 26.05179895802248), (56.727519131040545, 26.104524935075535), (56.70185851660558, 26.16735732125701), (56.687159772932766, 26.24926597875307), (56.67404397088626, 26.33299725796251), (56.652510311405585, 26.413175649964376), (56.615294223098616, 26.47100572174324), (56.56047921592493, 26.50926946879958), (56.488779498070684, 26.527529612707852), (56.422753872165, 26.521262583548584), (56.35474014695487, 26.496588394458662), (56.27798934063656, 26.462974250363594), (56.2005028233302, 26.420168776278537), (56.12594603288787, 26.370432816112334), (56.058937938154855, 26.315022602928096), (56.005132073396574, 26.254370703099408), (55.97127062213742, 26.18854666651377), (55.96521155330295, 26.117997384182836), (55.99592880966533, 26.044567153259294), (56.07348554859199, 25.972797449460426)

Record time: 2023-12-08T00:02:33Z
Event time: 2023-12-09T04:37:29.200Z
Status: Underway
Travel distance: 299.02861771058315
Num waypoints: 60
Waypoints: (59.56834532374097, 23.663943990665132), (59.49834726813145, 23.733955659276564), (59.42834921252189, 23.803967327887996), (59.35835115691232, 23.873978996499428), (59.288353101302754, 23.943990665110864), (59.21835504569319, 24.014002333722303), (59.14835699008363, 24.084014002333742), (59.07835893447407, 24.15402567094518), (59.008360878864515, 24.22403733955662), (58.938362820231184, 24.294049006921664), (58.868364764625184, 24.36406067552951), (58.79836670901922, 24.43407234413735), (58.728368653413256, 24.50408401274519), (58.65837059780727, 24.57409568135304), (58.5883725422013, 24.64410734996088), (58.51837448659532, 24.714119018568724), (58.44837643098934, 24.78413068717657), (58.37837837538336, 24.854142355784415), (58.3083803197774, 24.92415402439226), (58.23838226417141, 24.994165693000095), (58.168384208565456, 25.067766060410722), (58.09838615295947, 25.13104891876335), (58.02838809735349, 25.19729660023403), (57.958390041747506, 25.269628483246404), (57.88839198614154, 25.351578606800054), (57.81839393053556, 25.43225082185146), (57.74839587492958, 25.498634210419723), (57.678397819323614, 25.542693781435393), (57.60839976371764, 25.564231628714477), (57.53840170811167, 25.572308085841534), (57.468403652505685, 25.572984736508655), (57.398405596899714, 25.5811931310917), (57.32840754129375, 25.617255407453904), (57.25661548517795, 25.681963190331164), (57.189084180272964, 25.763295092662496), (57.122201127653035, 25.84288542057482), (57.053497692162864, 25.90373686009573), (56.97425450367756, 25.940669923667425), (56.89913827014654, 25.975001934535417), (56.82871998122786, 26.009982323758546), (56.76978932582578, 26.05179895802248), (56.727519131040545, 26.104524935075535), (56.70185851660558, 26.16735732125701), (56.687159772932766, 26.24926597875307), (56.67404397088626, 26.33299725796251), (56.652510311405585, 26.413175649964376), (56.615294223098616, 26.47100572174324), (56.56047921592493, 26.50926946879958), (56.488779498070684, 26.527529612707852), (56.422753872165, 26.521262583548584), (56.35474014695487, 26.496588394458662), (56.27798934063656, 26.462974250363594), (56.2005028233302, 26.420168776278537), (56.12594603288787, 26.370432816112334), (56.058937938154855, 26.315022602928096), (56.005132073396574, 26.254370703099408), (55.97127062213742, 26.18854666651377), (55.96521155330295, 26.117997384182836), (55.99592880966533, 26.044567153259294), (56.07348554859199, 25.972797449460426)

Record time: 2023-12-08T03:03:25Z
Event time: 2023-12-09T04:26:07.777Z
Status: Underway
Travel distance: 267.292656587473
Num waypoints: 55
Waypoints: (59.21835504569319, 24.08401400233373), (59.14835699008362, 24.154025670945163), (59.078358934474046, 24.224037339556595), (59.00836087886448, 24.29404900816803), (58.93836282325492, 24.364060676779467), (58.86836476764536, 24.434072345390906), (58.7983667120358, 24.504084014002345), (58.72836865642624, 24.57409568261378), (58.658370600816674, 24.644107351225216), (58.5883725422013, 24.714119018568724), (58.51837448659532, 24.78592503657796), (58.44837643098934, 24.851675125357502), (58.37837837538336, 24.92103841561022), (58.3083803197774, 24.99466517051204), (58.23838226417141, 25.069162712623356), (58.168384208565456, 25.144042873357034), (58.09838615295947, 25.20262875827661), (58.02838809735349, 25.257608981006204), (57.958390041747506, 25.313686169441265), (57.88839198614154, 25.37753258921303), (57.81839393053556, 25.441950109687127), (57.74839587492958, 25.49706603951431), (57.678397819323614, 25.536428637096922), (57.60839976371764, 25.559246277699057), (57.53840170811167, 25.571808608329594), (57.468403652505685, 25.57610034529069), (57.398405596899714, 25.583660361518614), (57.32840754129375, 25.615461058052514), (57.25661548517795, 25.681963190331164), (57.189084180272964, 25.763295092662496), (57.122201127653035, 25.84288542057482), (57.053497692162864, 25.90373686009573), (56.97425450367756, 25.940669923667425), (56.89913827014654, 25.975001934535417), (56.82871998122786, 26.009982323758546), (56.76978932582578, 26.05179895802248), (56.727519131040545, 26.104524935075535), (56.70185851660558, 26.16735732125701), (56.687159772932766, 26.24926597875307), (56.67404397088626, 26.33299725796251), (56.652510311405585, 26.413175649964376), (56.615294223098616, 26.47100572174324), (56.56047921592493, 26.50926946879958), (56.488779498070684, 26.527529612707852), (56.422753872165, 26.521262583548584), (56.35474014695487, 26.496588394458662), (56.27798934063656, 26.462974250363594), (56.2005028233302, 26.420168776278537), (56.12594603288787, 26.370432816112334), (56.058937938154855, 26.315022602928096), (56.005132073396574, 26.254370703099408), (55.97127062213742, 26.18854666651377), (55.96521155330295, 26.117997384182836), (55.99592880966533, 26.044567153259294), (56.07348554859199, 25.972797449460426)

Record time: 2023-12-08T04:25:01Z
Event time: 2023-12-09T03:50:56.875Z
Status: Underway
Travel distance: 253.4611231101512
Num waypoints: 52
Waypoints: (59.008360878864465, 24.22403733955657), (58.93836282325493, 24.294049008168024), (58.86836476764536, 24.364060676779463), (58.798366712035794, 24.434072345390895), (58.72836865642622, 24.504084014002327), (58.65837060081666, 24.574095682613763), (58.5883725452071, 24.644107351225202), (58.51837448959754, 24.71411901983664), (58.44837643398798, 24.784130688448077), (58.37837837538336, 24.854142355784415), (58.3083803197774, 24.92415402439226), (58.23838226417141, 24.994165693000095), (58.168384208565456, 25.067766060410722), (58.09838615295947, 25.13104891876335), (58.02838809735349, 25.19729660023403), (57.958390041747506, 25.269628483246404), (57.88839198614154, 25.351578606800054), (57.81839393053556, 25.43225082185146), (57.74839587492958, 25.498634210419723), (57.678397819323614, 25.542693781435393), (57.60839976371764, 25.564231628714477), (57.53840170811167, 25.572308085841534), (57.468403652505685, 25.572984736508655), (57.398405596899714, 25.5811931310917), (57.32840754129375, 25.617255407453904), (57.25661548517795, 25.681963190331164), (57.189084180272964, 25.763295092662496), (57.122201127653035, 25.84288542057482), (57.053497692162864, 25.90373686009573), (56.97425450367756, 25.940669923667425), (56.89913827014654, 25.975001934535417), (56.82871998122786, 26.009982323758546), (56.76978932582578, 26.05179895802248), (56.727519131040545, 26.104524935075535), (56.70185851660558, 26.16735732125701), (56.687159772932766, 26.24926597875307), (56.67404397088626, 26.33299725796251), (56.652510311405585, 26.413175649964376), (56.615294223098616, 26.47100572174324), (56.56047921592493, 26.50926946879958), (56.488779498070684, 26.527529612707852), (56.422753872165, 26.521262583548584), (56.35474014695487, 26.496588394458662), (56.27798934063656, 26.462974250363594), (56.2005028233302, 26.420168776278537), (56.12594603288787, 26.370432816112334), (56.058937938154855, 26.315022602928096), (56.005132073396574, 26.254370703099408), (55.97127062213742, 26.18854666651377), (55.96521155330295, 26.117997384182836), (55.99592880966533, 26.044567153259294), (56.07348554859199, 25.972797449460426)

Record time: 2023-12-08T05:25:52Z
Event time: 2023-12-09T03:17:01.857Z
Status: Underway
Travel distance: 238.91522678185746
Num waypoints: 50
Waypoints: (58.86836476764533, 24.432444031567154), (58.79836671203578, 24.506425018551568), (58.72836865642622, 24.57589614340391), (58.65837060081665, 24.64373004437054), (58.588372545207086, 24.711875797505876), (58.51837448959752, 24.781400382730002), (58.44837643398795, 24.85256690389184), (58.37837837837839, 24.924949562837963), (58.308380322768826, 24.997585387486975), (58.23838226417141, 25.069162712623356), (58.168384208565456, 25.144042873357034), (58.09838615295947, 25.20262875827661), (58.02838809735349, 25.257608981006204), (57.958390041747506, 25.313686169441265), (57.88839198614154, 25.37753258921303), (57.81839393053556, 25.441950109687127), (57.74839587492958, 25.49706603951431), (57.678397819323614, 25.536428637096922), (57.60839976371764, 25.559246277699057), (57.53840170811167, 25.571808608329594), (57.468403652505685, 25.57610034529069), (57.398405596899714, 25.583660361518614), (57.32840754129375, 25.615461058052514), (57.25661548517795, 25.681963190331164), (57.189084180272964, 25.763295092662496), (57.122201127653035, 25.84288542057482), (57.053497692162864, 25.90373686009573), (56.97425450367756, 25.940669923667425), (56.89913827014654, 25.975001934535417), (56.82871998122786, 26.009982323758546), (56.76978932582578, 26.05179895802248), (56.727519131040545, 26.104524935075535), (56.70185851660558, 26.16735732125701), (56.687159772932766, 26.24926597875307), (56.67404397088626, 26.33299725796251), (56.652510311405585, 26.413175649964376), (56.615294223098616, 26.47100572174324), (56.56047921592493, 26.50926946879958), (56.488779498070684, 26.527529612707852), (56.422753872165, 26.521262583548584), (56.35474014695487, 26.496588394458662), (56.27798934063656, 26.462974250363594), (56.2005028233302, 26.420168776278537), (56.12594603288787, 26.370432816112334), (56.058937938154855, 26.315022602928096), (56.005132073396574, 26.254370703099408), (55.97127062213742, 26.18854666651377), (55.96521155330295, 26.117997384182836), (55.99592880966533, 26.044567153259294), (56.07348554859199, 25.972797449460426)

Record time: 2023-12-08T08:46:32Z
Event time: 2023-12-09T03:18:24.800Z
Status: Underway
Travel distance: 203.0145788336933
Num waypoints: 43
Waypoints: (58.378378378378386, 24.843498020074286), (58.30838032276882, 24.94395381686422), (58.23838226715926, 25.001820202860124), (58.1683842115497, 25.053624062753226), (58.09838615594013, 25.11616103469123), (58.028388100330574, 25.192662832417604), (57.95839004472101, 25.278072293244197), (57.88839198911144, 25.363426151857198), (57.818393933501866, 25.43934553995641), (57.74839587492958, 25.498634210419723), (57.678397819323614, 25.542693781435393), (57.60839976371764, 25.564231628714477), (57.53840170811167, 25.572308085841534), (57.468403652505685, 25.572984736508655), (57.398405596899714, 25.5811931310917), (57.32840754129375, 25.617255407453904), (57.25661548517795, 25.681963190331164), (57.189084180272964, 25.763295092662496), (57.122201127653035, 25.84288542057482), (57.053497692162864, 25.90373686009573), (56.97425450367756, 25.940669923667425), (56.89913827014654, 25.975001934535417), (56.82871998122786, 26.009982323758546), (56.76978932582578, 26.05179895802248), (56.727519131040545, 26.104524935075535), (56.70185851660558, 26.16735732125701), (56.687159772932766, 26.24926597875307), (56.67404397088626, 26.33299725796251), (56.652510311405585, 26.413175649964376), (56.615294223098616, 26.47100572174324), (56.56047921592493, 26.50926946879958), (56.488779498070684, 26.527529612707852), (56.422753872165, 26.521262583548584), (56.35474014695487, 26.496588394458662), (56.27798934063656, 26.462974250363594), (56.2005028233302, 26.420168776278537), (56.12594603288787, 26.370432816112334), (56.058937938154855, 26.315022602928096), (56.005132073396574, 26.254370703099408), (55.97127062213742, 26.18854666651377), (55.96521155330295, 26.117997384182836), (55.99592880966533, 26.044567153259294), (56.07348554859199, 25.972797449460426)

Record time: 2023-12-08T11:49:33Z
Event time: 2023-12-09T03:41:50.600Z
Status: Underway
Travel distance: 165.79697624190064
Num waypoints: 36
Waypoints: (57.890194144169094, 25.199003495243094), (57.815107650749646, 25.28098176545823), (57.74717677300034, 25.353976979741148), (57.68004096365883, 25.412663576921798), (57.61108785509951, 25.458730356436874), (57.54006931608301, 25.497633120573703), (57.46796738714821, 25.535972323291364), (57.39611009464657, 25.579495725619093), (57.325537143419076, 25.63172605763185), (57.25661548517795, 25.693213685685052), (57.189084180272964, 25.768779921189854), (57.122201127653035, 25.840269289304725), (57.053497692162864, 25.898154020886782), (56.97425450367756, 25.939997042641902), (56.89913827014654, 25.97679628393681), (56.82871998122786, 26.009982323758546), (56.76978932582578, 26.05179895802248), (56.727519131040545, 26.104524935075535), (56.70185851660558, 26.16735732125701), (56.687159772932766, 26.24926597875307), (56.67404397088626, 26.33299725796251), (56.652510311405585, 26.413175649964376), (56.615294223098616, 26.47100572174324), (56.56047921592493, 26.50926946879958), (56.488779498070684, 26.527529612707852), (56.422753872165, 26.521262583548584), (56.35474014695487, 26.496588394458662), (56.27798934063656, 26.462974250363594), (56.2005028233302, 26.420168776278537), (56.12594603288787, 26.370432816112334), (56.058937938154855, 26.315022602928096), (56.005132073396574, 26.254370703099408), (55.97127062213742, 26.18854666651377), (55.96521155330295, 26.117997384182836), (55.99592880966533, 26.044567153259294), (56.07348554859199, 25.972797449460426)

Record time: 2023-12-08T14:50:56Z
Event time: 2023-12-09T03:55:04.250Z
Status: Underway
Travel distance: 131.7375809935205
Num waypoints: 29
Waypoints: (57.40406427353072, 25.55829691190818), (57.31694555071736, 25.613323238499678), (57.255239550940544, 25.694565023554627), (57.19581802373817, 25.776089788750575), (57.12871092091745, 25.845250215173007), (57.052882392203045, 25.898847402095097), (56.97262582412848, 25.939798126839396), (56.8945779221706, 25.974306105721354), (56.82535183612728, 26.00953725607475), (56.76978932582578, 26.05179895802248), (56.727519131040545, 26.104524935075535), (56.70185851660558, 26.16735732125701), (56.687159772932766, 26.24926597875307), (56.67404397088626, 26.33299725796251), (56.652510311405585, 26.413175649964376), (56.615294223098616, 26.47100572174324), (56.56047921592493, 26.50926946879958), (56.488779498070684, 26.527529612707852), (56.422753872165, 26.521262583548584), (56.35474014695487, 26.496588394458662), (56.27798934063656, 26.462974250363594), (56.2005028233302, 26.420168776278537), (56.12594603288787, 26.370432816112334), (56.058937938154855, 26.315022602928096), (56.005132073396574, 26.254370703099408), (55.97127062213742, 26.18854666651377), (55.96521155330295, 26.117997384182836), (55.99592880966533, 26.044567153259294), (56.07348554859199, 25.972797449460426)

Record time: 2023-12-08T17:45:02Z
Event time: 2023-12-09T03:39:14.500Z
Status: Underway
Travel distance: 103.53131749460043
Num waypoints: 24
Waypoints: (57.044850619484734, 25.91002143655243), (56.989616178461, 25.956674132603677), (56.90510502648045, 25.978067831073734), (56.824462573555934, 26.001153413232696), (56.763077958897206, 26.039581522376327), (56.72394909235177, 26.097191178644557), (56.70228354962015, 26.171081659961107), (56.6893353212455, 26.254267649094288), (56.67547741537778, 26.33791764683893), (56.652510311405585, 26.413175649964376), (56.615294223098616, 26.47100572174324), (56.56047921592493, 26.50926946879958), (56.488779498070684, 26.527529612707852), (56.422753872165, 26.521262583548584), (56.35474014695487, 26.496588394458662), (56.27798934063656, 26.462974250363594), (56.2005028233302, 26.420168776278537), (56.12594603288787, 26.370432816112334), (56.058937938154855, 26.315022602928096), (56.005132073396574, 26.254370703099408), (55.97127062213742, 26.18854666651377), (55.96521155330295, 26.117997384182836), (55.99592880966533, 26.044567153259294), (56.07348554859199, 25.972797449460426)

Record time: 2023-12-08T18:33:20Z
Event time: 2023-12-09T03:20:46.666Z
Status: Underway
Travel distance: 90.16684665226782
Num waypoints: 20
Waypoints: (56.98034814660602, 26.05071940254378), (56.90628640802327, 26.10431335671262), (56.83370567921973, 26.176698802908895), (56.766937635414386, 26.257590531048685), (56.70687482269743, 26.33770511330322), (56.65209379280332, 26.409251145988897), (56.599843499400095, 26.466272663917053), (56.546898955895045, 26.504845727203353), (56.49028015475667, 26.52312818053694), (56.427836245458025, 26.521262583548584), (56.35852790013209, 26.496588394458662), (56.28233803304905, 26.462974250363594), (56.203156249218075, 26.420168776278537), (56.12569899805831, 26.370432816112334), (56.056126218104374, 26.315022602928096), (56.001585301953064, 26.254370703099408), (55.96958112318512, 26.18854666651377), (55.967172128153585, 26.117997384182836), (55.999992492638576, 26.044567153259294), (56.07110034336872, 25.972797449460426)

Record time: 2023-12-08T19:00:05Z
Event time: 2023-12-09T03:05:05Z
Status: Underway
Travel distance: 85.27861771058315
Num waypoints: 19
Waypoints: (56.915159275518384, 26.120053974984963), (56.82430816251122, 26.172795973017507), (56.76250120166673, 26.24972022191249), (56.71049340327129, 26.333180086931055), (56.65874652931978, 26.409828137085757), (56.60381021643654, 26.470503418358113), (56.54544745825169, 26.509967941252153), (56.48450444723262, 26.526492382683998), (56.42152477618536, 26.521291002308256), (56.3555203141476, 26.492540960730334), (56.280603832770055, 26.454482079194204), (56.20164833742573, 26.412390285155126), (56.12529338925306, 26.367983786288182), (56.057065150323, 26.319396972366434), (56.00324827578314, 26.262640910139375), (55.970669201397286, 26.194185547728164), (55.9664794312989, 26.11474820443336), (55.997938825744704, 26.034288345854616), (56.07219888886817, 25.978208644322265)

Record time: 2023-12-08T19:30:42Z
Event time: 2023-12-09T03:30:54.333Z
Status: Underway
Travel distance: 87.92386609071275
Num waypoints: 20
Waypoints: (56.91387110823095, 26.18147271130029), (56.824968092702676, 26.129548434204406), (56.765919116408334, 26.166307888647598), (56.72250425838496, 26.244972992302817), (56.684776597833654, 26.333994072495614), (56.64614636932147, 26.4138104246954), (56.60259985646695, 26.473963897942504), (56.5520530241094, 26.510565507211076), (56.49383988896172, 26.52411507270777), (56.42833562585204, 26.517673884745804), (56.35541289714604, 26.496588394458662), (56.27757074051754, 26.462974250363594), (56.19948214576732, 26.420168776278537), (56.125077573550065, 26.370432816112334), (56.0587925153862, 26.315022602928096), (56.00574463525895, 26.254370703099408), (55.97205054638505, 26.18854666651377), (55.96528222605033, 26.117997384182836), (55.99506306851025, 26.044567153259294), (56.07380357595528, 25.972797449460426)

Record time: 2023-12-08T20:22:51Z
Event time: 2023-12-09T03:13:30.250Z
Status: Underway
Travel distance: 71.06425485961122
Num waypoints: 16
Waypoints: (56.765959803490134, 26.32368655869889), (56.70454355284076, 26.393893306263138), (56.62817415718501, 26.472678525725573), (56.55332174725453, 26.52363581593997), (56.48453728022519, 26.537953277201368), (56.41969697608158, 26.522228579733525), (56.35421375894012, 26.488942886051387), (56.28421570276798, 26.449593626934195), (56.21109476812028, 26.4136123978649), (56.13264493546024, 26.369627929970534), (56.05696790764832, 26.320063425669762), (55.995931736938886, 26.261796510421004), (55.962761427090854, 26.192710216329196), (55.96714901657323, 26.114470217529686), (56.00853605459704, 26.035988454216046), (56.067568470535264, 25.977573145575878)

Record time: 2023-12-08T23:25:57Z
Event time: 2023-12-09T03:30:29.666Z
Status: Underway
Travel distance: 49.375269978401725
Num waypoints: 10
Waypoints: (56.348434765700944, 26.60443407234539), (56.2784367100914, 26.534422403733956), (56.208438654481824, 26.46441073512252), (56.13844059887225, 26.394399066511085), (56.06844254326268, 26.32438739789965), (55.99844448765313, 26.254375729288213), (55.92844643204356, 26.184364060676778), (55.99844448765313, 26.114352392065342), (55.99844448765313, 26.044340723453907), (56.06844254326268, 25.97432905484247)

Record time: 2023-12-09T01:56:30Z
Event time: 2023-12-09T03:02:21.333Z
Status: Underway
Travel distance: 14.062634989200864
Num waypoints: 4
Waypoints: (55.99844448765313, 26.184364060676778), (55.99844448765313, 26.114352392065342), (55.99844448765313, 26.044340723453907), (56.06844254326268, 25.97432905484247)

Record time: 2023-12-09T03:20:04Z
Event time: 2023-12-09T03:34:35.333Z
Status: Underway
Travel distance: 9.431965442764579
Num waypoints: 3
Waypoints: (55.92844643204356, 26.044340723453907), (55.99844448765313, 25.97432905484247), (56.06844254326268, 25.97432905484247)

Record time: 2023-12-09T12:21:40Z
Event time: 2023-12-09T12:21:40Z
Status: Arrived
Travel distance: N/A
Num waypoints: 0
Waypoints: 

