Record time: 2023-07-28T09:49:17Z
Event time: 2023-07-29T06:34:40.400Z
Status: Underway
Travel distance: 192.4001079913607
Num waypoints: 42
Waypoints: (53.19852226327043, 24.569500866467827), (53.26852031888003, 24.663317570472273), (53.3385183744896, 24.692273821111343), (53.40851643009916, 24.707526482124905), (53.47851448570872, 24.734981472996875), (53.54851254131829, 24.782934267031667), (53.61851059692786, 24.848594010070908), (53.68850865253744, 24.92349125985035), (53.75850670814702, 24.997769345997032), (53.828504760994974, 25.06335934938084), (53.89850281660096, 25.115386057917178), (53.96850087220693, 25.15111660581861), (54.038498927812924, 25.187946004246324), (54.10849698341888, 25.227913629305665), (54.17849503902486, 25.27206367171972), (54.24849309463083, 25.336848732249763), (54.31849115023681, 25.414077379699968), (54.38848920584279, 25.487372406141034), (54.45848726144877, 25.557655488944047), (54.528485317054745, 25.619656669152825), (54.59848337266071, 25.67224882392909), (54.668481428266695, 25.710750058406205), (54.73847948387265, 25.73265544574125), (54.80847753947863, 25.736775664009578), (54.8784755950846, 25.730934604351056), (54.94847365069058, 25.713072157631537), (55.018471706296545, 25.70187255243924), (55.08846976190252, 25.696796730025426), (55.15846781750851, 25.708605132336057), (55.22846587311449, 25.73896771059972), (55.29846392872046, 25.785426658493517), (55.36846198432644, 25.833057964924766), (55.43846003993242, 25.870262442691626), (55.5084580983862, 25.923258955686766), (55.57845615399576, 25.97513117174754), (55.648454209605326, 26.021199082155096), (55.718452265214886, 26.056503723384953), (55.78845032082445, 26.076317964871023), (55.85844837643401, 26.076809777445074), (55.92844643204357, 26.055857983778925), (55.998444487653124, 26.014020490829342), (56.06844254326265, 25.955655004285642)

Record time: 2023-07-28T10:29:32Z
Event time: 2023-07-29T05:42:21.166Z
Status: Underway
Travel distance: 185.68952483801297
Num waypoints: 41
Waypoints: (53.26852031888004, 24.654324073775133), (53.338518374489624, 24.69101521774328), (53.40851643009918, 24.711403004487178), (53.478514485708736, 24.740025401958388), (53.5485125413183, 24.78591678461909), (53.61851059692787, 24.84803395556076), (53.68850865253745, 24.91980534998674), (53.75850670814703, 24.992803420058753), (53.82850476375661, 25.059540201107243), (53.89850281660096, 25.115386057917178), (53.96850087220693, 25.15111660581861), (54.038498927812924, 25.187946004246324), (54.10849698341888, 25.227913629305665), (54.17849503902486, 25.27206367171972), (54.24849309463083, 25.336848732249763), (54.31849115023681, 25.414077379699968), (54.38848920584279, 25.487372406141034), (54.45848726144877, 25.557655488944047), (54.528485317054745, 25.619656669152825), (54.59848337266071, 25.67224882392909), (54.668481428266695, 25.710750058406205), (54.73847948387265, 25.73265544574125), (54.80847753947863, 25.736775664009578), (54.8784755950846, 25.730934604351056), (54.94847365069058, 25.713072157631537), (55.018471706296545, 25.70187255243924), (55.08846976190252, 25.696796730025426), (55.15846781750851, 25.708605132336057), (55.22846587311449, 25.73896771059972), (55.29846392872046, 25.785426658493517), (55.36846198432644, 25.833057964924766), (55.43846003993242, 25.870262442691626), (55.5084580983862, 25.923258955686766), (55.57845615399576, 25.97513117174754), (55.648454209605326, 26.021199082155096), (55.718452265214886, 26.056503723384953), (55.78845032082445, 26.076317964871023), (55.85844837643401, 26.076809777445074), (55.92844643204357, 26.055857983778925), (55.998444487653124, 26.014020490829342), (56.06844254326265, 25.955655004285642)

