Record time: 2023-07-13T01:50:27Z
Event time: 2023-07-14T22:52:16.800Z
Status: Underway
Travel distance: 526.616090712743
Num waypoints: 46
Waypoints: (48.14999999999998, 29.972640649053453), (48.329999999999984, 29.95802895776991), (48.509999999999984, 29.808077724886488), (48.68999999999999, 29.609899910669473), (48.87, 29.412437523709276), (49.05000000000001, 29.2370556712637), (49.23000000000002, 29.086683816493082), (49.41000000000003, 28.953504242587382), (49.59000000000003, 28.82518772378515), (49.76999999744665, 28.689676401812537), (49.9499999974374, 28.534031765934138), (50.12999999742817, 28.361494412328778), (50.30999999741891, 28.189160585443013), (50.48999999740969, 27.999294385425827), (50.674613269711415, 27.800705611711418), (50.84365674796363, 27.610839411694243), (51.02198976720337, 27.438505584808482), (51.21128415405597, 27.25674168658117), (51.40281733482418, 27.123010094179897), (51.586107683448496, 26.994478124877023), (51.754031764742884, 26.85044420376448), (51.90506312831031, 26.692497777604856), (52.04327230854282, 26.511111857571095), (52.176727686110326, 26.349564946824234), (52.31493686634284, 26.22947449051057), (52.465968229910274, 26.15799299906182), (52.63389231120466, 26.131805894473047), (52.817182659829, 26.138250907260442), (53.008715840597205, 26.153239196396832), (53.19801022744979, 26.135018709118185), (53.37634324668954, 26.098001075522028), (53.54538672494172, 26.045961231669537), (53.72999999724346, 26.00430125051674), (53.90999999723422, 25.971979269094252), (54.089999997225, 26.000128952764904), (54.26999999721577, 26.013396956533235), (54.44999999720652, 26.04049993136022), (54.630000000000074, 26.02514044958943), (54.810000000000066, 25.99393033199131), (54.99000000000006, 25.959340657619375), (55.170000000000044, 25.938356436079708), (55.35000000000003, 25.946780283654935), (55.530000000000015, 25.991274528567406), (55.71, 26.05914174671745), (55.88999999999997, 26.10584372789692), (56.069999999999936, 26.040258872477857)

Record time: 2023-07-13T03:40:47Z
Event time: 2023-07-15T00:01:26.818Z
Status: Underway
Travel distance: 503.85637149028076
Num waypoints: 44
Waypoints: (48.50999999999999, 29.802598127730363), (48.690000000000005, 29.592066652797982), (48.870000000000005, 29.411240827714472), (49.05000000000001, 29.25061965515975), (49.23000000000001, 29.102403039684773), (49.41000000000001, 28.96018359010757), (49.59000000000001, 28.818720317184507), (49.77000000000002, 28.67379422655687), (49.95000000000002, 28.52214580697268), (50.12999999742817, 28.361494412328778), (50.30999999741891, 28.189160585443013), (50.48999999740969, 27.999294385425827), (50.674613269711415, 27.800705611711418), (50.84365674796363, 27.610839411694243), (51.02198976720337, 27.438505584808482), (51.21128415405597, 27.25674168658117), (51.40281733482418, 27.123010094179897), (51.586107683448496, 26.994478124877023), (51.754031764742884, 26.85044420376448), (51.90506312831031, 26.692497777604856), (52.04327230854282, 26.511111857571095), (52.176727686110326, 26.349564946824234), (52.31493686634284, 26.22947449051057), (52.465968229910274, 26.15799299906182), (52.63389231120466, 26.131805894473047), (52.817182659829, 26.138250907260442), (53.008715840597205, 26.153239196396832), (53.19801022744979, 26.135018709118185), (53.37634324668954, 26.098001075522028), (53.54538672494172, 26.045961231669537), (53.72999999724346, 26.00430125051674), (53.90999999723422, 25.971979269094252), (54.089999997225, 26.000128952764904), (54.26999999721577, 26.013396956533235), (54.44999999720652, 26.04049993136022), (54.630000000000074, 26.02514044958943), (54.810000000000066, 25.99393033199131), (54.99000000000006, 25.959340657619375), (55.170000000000044, 25.938356436079708), (55.35000000000003, 25.946780283654935), (55.530000000000015, 25.991274528567406), (55.71, 26.05914174671745), (55.88999999999997, 26.10584372789692), (56.069999999999936, 26.040258872477857)

Record time: 2023-07-13T04:30:47Z
Event time: 2023-07-15T00:48:44.555Z
Status: Underway
Travel distance: 503.85637149028076
Num waypoints: 44
Waypoints: (48.50999999999999, 29.802598127730363), (48.690000000000005, 29.592066652797982), (48.870000000000005, 29.411240827714472), (49.05000000000001, 29.25061965515975), (49.23000000000001, 29.102403039684773), (49.41000000000001, 28.96018359010757), (49.59000000000001, 28.818720317184507), (49.77000000000002, 28.67379422655687), (49.95000000000002, 28.52214580697268), (50.12999999742817, 28.361494412328778), (50.30999999741891, 28.189160585443013), (50.48999999740969, 27.999294385425827), (50.674613269711415, 27.800705611711418), (50.84365674796363, 27.610839411694243), (51.02198976720337, 27.438505584808482), (51.21128415405597, 27.25674168658117), (51.40281733482418, 27.123010094179897), (51.586107683448496, 26.994478124877023), (51.754031764742884, 26.85044420376448), (51.90506312831031, 26.692497777604856), (52.04327230854282, 26.511111857571095), (52.176727686110326, 26.349564946824234), (52.31493686634284, 26.22947449051057), (52.465968229910274, 26.15799299906182), (52.63389231120466, 26.131805894473047), (52.817182659829, 26.138250907260442), (53.008715840597205, 26.153239196396832), (53.19801022744979, 26.135018709118185), (53.37634324668954, 26.098001075522028), (53.54538672494172, 26.045961231669537), (53.72999999724346, 26.00430125051674), (53.90999999723422, 25.971979269094252), (54.089999997225, 26.000128952764904), (54.26999999721577, 26.013396956533235), (54.44999999720652, 26.04049993136022), (54.630000000000074, 26.02514044958943), (54.810000000000066, 25.99393033199131), (54.99000000000006, 25.959340657619375), (55.170000000000044, 25.938356436079708), (55.35000000000003, 25.946780283654935), (55.530000000000015, 25.991274528567406), (55.71, 26.05914174671745), (55.88999999999997, 26.10584372789692), (56.069999999999936, 26.040258872477857)

Record time: 2023-07-13T04:54:57Z
Event time: 2023-07-15T00:03:33.555Z
Status: Underway
Travel distance: 481.55561555075593
Num waypoints: 42
Waypoints: (48.69, 29.799872103182867), (48.87000000000002, 29.578663698772633), (49.050000000000026, 29.43586858870031), (49.23000000000002, 29.317745146171635), (49.41000000000002, 29.19474961759199), (49.59000000000002, 29.054332245866938), (49.77000000000002, 28.894854729010405), (49.95000000000002, 28.7206290140604), (50.13000000000002, 28.538077426302358), (50.30999999741891, 28.35301413234537), (50.48999999740969, 28.171729975671397), (50.66999999740044, 27.99211279974845), (50.84999999739122, 27.814865256346582), (51.02999999738199, 27.603187776212067), (51.20999999737276, 27.422102300383422), (51.389999997363525, 27.26537703454142), (51.569999997354294, 27.166584195671806), (51.74999999734506, 27.106097992955842), (51.92999999733582, 27.067994883521802), (52.10999999732657, 27.053975769240655), (52.28999999731733, 27.04165755683047), (52.46999999730811, 26.987441915427937), (52.64999999729887, 26.883735360042223), (52.82999999728964, 26.7667947220081), (53.0099999972804, 26.656652845583544), (53.18999999727117, 26.562075917334262), (53.36999999726195, 26.464412167171012), (53.5499999972527, 26.365192891365098), (53.72999999724346, 26.26786835240118), (53.90999999723422, 26.153515411230575), (54.089999997225, 26.092239331007583), (54.26999999721577, 26.03769901602855), (54.44999999720652, 26.02670372729577), (54.630000000000074, 25.993877130165558), (54.810000000000066, 25.967401270206427), (54.99000000000006, 25.95113610788187), (55.170000000000044, 25.950211221380563), (55.35000000000003, 25.96858348731628), (55.530000000000015, 26.005593602466988), (55.71, 26.05152144788852), (55.88999999999997, 26.082140295402578), (56.069999999999936, 26.052269856459393)

Record time: 2023-07-13T05:07:07Z
Event time: 2023-07-14T23:28:58.111Z
Status: Underway
Travel distance: 489.5097192224622
Num waypoints: 43
Waypoints: (48.69, 29.620008404410232), (48.87000000000002, 29.40870455585605), (49.050000000000026, 29.237769923763143), (49.23000000000002, 29.091567092108324), (49.41000000000002, 28.956903388440878), (49.59000000000002, 28.82329401485579), (49.77000000000002, 28.683105485872325), (49.95000000000002, 28.53157937321799), (50.13000000000002, 28.366736357517848), (50.30999999741891, 28.189160585443013), (50.48999999740969, 27.999294385425827), (50.674613269711415, 27.800705611711418), (50.84365674796363, 27.610839411694243), (51.02198976720337, 27.438505584808482), (51.21128415405597, 27.25674168658117), (51.40281733482418, 27.123010094179897), (51.586107683448496, 26.994478124877023), (51.754031764742884, 26.85044420376448), (51.90506312831031, 26.692497777604856), (52.04327230854282, 26.511111857571095), (52.176727686110326, 26.349564946824234), (52.31493686634284, 26.22947449051057), (52.465968229910274, 26.15799299906182), (52.63389231120466, 26.131805894473047), (52.817182659829, 26.138250907260442), (53.008715840597205, 26.153239196396832), (53.19801022744979, 26.135018709118185), (53.37634324668954, 26.098001075522028), (53.54538672494172, 26.045961231669537), (53.72999999724346, 26.00430125051674), (53.90999999723422, 25.971979269094252), (54.089999997225, 26.000128952764904), (54.26999999721577, 26.013396956533235), (54.44999999720652, 26.04049993136022), (54.630000000000074, 26.02514044958943), (54.810000000000066, 25.99393033199131), (54.99000000000006, 25.959340657619375), (55.170000000000044, 25.938356436079708), (55.35000000000003, 25.946780283654935), (55.530000000000015, 25.991274528567406), (55.71, 26.05914174671745), (55.88999999999997, 26.10584372789692), (56.069999999999936, 26.040258872477857)

Record time: 2023-07-13T05:19:18Z
Event time: 2023-07-14T22:52:13.888Z
Status: Underway
Travel distance: 489.5097192224622
Num waypoints: 43
Waypoints: (48.69, 29.620008404410232), (48.87000000000002, 29.40870455585605), (49.050000000000026, 29.237769923763143), (49.23000000000002, 29.091567092108324), (49.41000000000002, 28.956903388440878), (49.59000000000002, 28.82329401485579), (49.77000000000002, 28.683105485872325), (49.95000000000002, 28.53157937321799), (50.13000000000002, 28.366736357517848), (50.30999999741891, 28.189160585443013), (50.48999999740969, 27.999294385425827), (50.674613269711415, 27.800705611711418), (50.84365674796363, 27.610839411694243), (51.02198976720337, 27.438505584808482), (51.21128415405597, 27.25674168658117), (51.40281733482418, 27.123010094179897), (51.586107683448496, 26.994478124877023), (51.754031764742884, 26.85044420376448), (51.90506312831031, 26.692497777604856), (52.04327230854282, 26.511111857571095), (52.176727686110326, 26.349564946824234), (52.31493686634284, 26.22947449051057), (52.465968229910274, 26.15799299906182), (52.63389231120466, 26.131805894473047), (52.817182659829, 26.138250907260442), (53.008715840597205, 26.153239196396832), (53.19801022744979, 26.135018709118185), (53.37634324668954, 26.098001075522028), (53.54538672494172, 26.045961231669537), (53.72999999724346, 26.00430125051674), (53.90999999723422, 25.971979269094252), (54.089999997225, 26.000128952764904), (54.26999999721577, 26.013396956533235), (54.44999999720652, 26.04049993136022), (54.630000000000074, 26.02514044958943), (54.810000000000066, 25.99393033199131), (54.99000000000006, 25.959340657619375), (55.170000000000044, 25.938356436079708), (55.35000000000003, 25.946780283654935), (55.530000000000015, 25.991274528567406), (55.71, 26.05914174671745), (55.88999999999997, 26.10584372789692), (56.069999999999936, 26.040258872477857)

Record time: 2023-07-13T05:31:37Z
Event time: 2023-07-14T22:16:09.444Z
Status: Underway
Travel distance: 489.5097192224622
Num waypoints: 43
Waypoints: (48.69, 29.620008404410232), (48.87000000000002, 29.40870455585605), (49.050000000000026, 29.237769923763143), (49.23000000000002, 29.091567092108324), (49.41000000000002, 28.956903388440878), (49.59000000000002, 28.82329401485579), (49.77000000000002, 28.683105485872325), (49.95000000000002, 28.53157937321799), (50.13000000000002, 28.366736357517848), (50.30999999741891, 28.189160585443013), (50.48999999740969, 27.999294385425827), (50.674613269711415, 27.800705611711418), (50.84365674796363, 27.610839411694243), (51.02198976720337, 27.438505584808482), (51.21128415405597, 27.25674168658117), (51.40281733482418, 27.123010094179897), (51.586107683448496, 26.994478124877023), (51.754031764742884, 26.85044420376448), (51.90506312831031, 26.692497777604856), (52.04327230854282, 26.511111857571095), (52.176727686110326, 26.349564946824234), (52.31493686634284, 26.22947449051057), (52.465968229910274, 26.15799299906182), (52.63389231120466, 26.131805894473047), (52.817182659829, 26.138250907260442), (53.008715840597205, 26.153239196396832), (53.19801022744979, 26.135018709118185), (53.37634324668954, 26.098001075522028), (53.54538672494172, 26.045961231669537), (53.72999999724346, 26.00430125051674), (53.90999999723422, 25.971979269094252), (54.089999997225, 26.000128952764904), (54.26999999721577, 26.013396956533235), (54.44999999720652, 26.04049993136022), (54.630000000000074, 26.02514044958943), (54.810000000000066, 25.99393033199131), (54.99000000000006, 25.959340657619375), (55.170000000000044, 25.938356436079708), (55.35000000000003, 25.946780283654935), (55.530000000000015, 25.991274528567406), (55.71, 26.05914174671745), (55.88999999999997, 26.10584372789692), (56.069999999999936, 26.040258872477857)

Record time: 2023-07-13T05:43:47Z
Event time: 2023-07-14T21:29:57.222Z
Status: Underway
Travel distance: 465.97894168466524
Num waypoints: 41
Waypoints: (48.86999999999997, 29.59670089452882), (49.04999999999997, 29.44091707925944), (49.22999999999997, 29.31028599468914), (49.409999999999975, 29.18274041043088), (49.58999999999998, 29.04600660801039), (49.76999999999999, 28.89486840024965), (49.949999999999996, 28.72885952593646), (50.13, 28.550384419780002), (50.31, 28.363267357652475), (50.48999999740969, 28.171729975671397), (50.66999999740044, 27.99211279974845), (50.84999999739122, 27.814865256346582), (51.02999999738199, 27.603187776212067), (51.20999999737276, 27.422102300383422), (51.389999997363525, 27.26537703454142), (51.569999997354294, 27.166584195671806), (51.74999999734506, 27.106097992955842), (51.92999999733582, 27.067994883521802), (52.10999999732657, 27.053975769240655), (52.28999999731733, 27.04165755683047), (52.46999999730811, 26.987441915427937), (52.64999999729887, 26.883735360042223), (52.82999999728964, 26.7667947220081), (53.0099999972804, 26.656652845583544), (53.18999999727117, 26.562075917334262), (53.36999999726195, 26.464412167171012), (53.5499999972527, 26.365192891365098), (53.72999999724346, 26.26786835240118), (53.90999999723422, 26.153515411230575), (54.089999997225, 26.092239331007583), (54.26999999721577, 26.03769901602855), (54.44999999720652, 26.02670372729577), (54.630000000000074, 25.993877130165558), (54.810000000000066, 25.967401270206427), (54.99000000000006, 25.95113610788187), (55.170000000000044, 25.950211221380563), (55.35000000000003, 25.96858348731628), (55.530000000000015, 26.005593602466988), (55.71, 26.05152144788852), (55.88999999999997, 26.082140295402578), (56.069999999999936, 26.052269856459393)

Record time: 2023-07-13T05:56:26Z
Event time: 2023-07-14T20:11:54.888Z
Status: Underway
Travel distance: 465.97894168466524
Num waypoints: 41
Waypoints: (48.86999999999997, 29.59670089452882), (49.04999999999997, 29.44091707925944), (49.22999999999997, 29.31028599468914), (49.409999999999975, 29.18274041043088), (49.58999999999998, 29.04600660801039), (49.76999999999999, 28.89486840024965), (49.949999999999996, 28.72885952593646), (50.13, 28.550384419780002), (50.31, 28.363267357652475), (50.48999999740969, 28.171729975671397), (50.66999999740044, 27.99211279974845), (50.84999999739122, 27.814865256346582), (51.02999999738199, 27.603187776212067), (51.20999999737276, 27.422102300383422), (51.389999997363525, 27.26537703454142), (51.569999997354294, 27.166584195671806), (51.74999999734506, 27.106097992955842), (51.92999999733582, 27.067994883521802), (52.10999999732657, 27.053975769240655), (52.28999999731733, 27.04165755683047), (52.46999999730811, 26.987441915427937), (52.64999999729887, 26.883735360042223), (52.82999999728964, 26.7667947220081), (53.0099999972804, 26.656652845583544), (53.18999999727117, 26.562075917334262), (53.36999999726195, 26.464412167171012), (53.5499999972527, 26.365192891365098), (53.72999999724346, 26.26786835240118), (53.90999999723422, 26.153515411230575), (54.089999997225, 26.092239331007583), (54.26999999721577, 26.03769901602855), (54.44999999720652, 26.02670372729577), (54.630000000000074, 25.993877130165558), (54.810000000000066, 25.967401270206427), (54.99000000000006, 25.95113610788187), (55.170000000000044, 25.950211221380563), (55.35000000000003, 25.96858348731628), (55.530000000000015, 26.005593602466988), (55.71, 26.05152144788852), (55.88999999999997, 26.082140295402578), (56.069999999999936, 26.052269856459393)

