Record time: 2023-09-30T18:24:08Z
Event time: 2023-10-02T19:53:35.400Z
Status: Underway
Travel distance: 349.8272138228942
Num waypoints: 84
Waypoints: (50.25860392766868, 26.612064135368502), (50.32860198327827, 26.589012571369203), (50.39860003888783, 26.668487890947347), (50.46859809449739, 26.760598021083794), (50.538596150106954, 26.819295590206128), (50.60859420571652, 26.829481607311767), (50.678592261326095, 26.79593986753393), (50.74859031693567, 26.734102084150596), (50.81858837254524, 26.662643747036324), (50.888586425544034, 26.59791070619245), (50.958584481149984, 26.55016065605081), (51.028582536755984, 26.52205609310529), (51.09858059236195, 26.506474279553508), (51.16857864796792, 26.48660261386142), (51.2385767035739, 26.460315018166877), (51.308574759179876, 26.410491665145482), (51.37857281478584, 26.346379485640952), (51.448570870391826, 26.261779304042808), (51.5185689259978, 26.17017135871108), (51.58856698160376, 26.091787316110615), (51.658565037209755, 26.03757233062573), (51.728563092815726, 26.003146078717737), (51.79856114842171, 25.987313583999587), (51.86855920402767, 25.990253904447243), (51.93855725963364, 26.005439905631075), (52.00855531523963, 26.024885601822408), (52.0785533708456, 26.05009696484027), (52.14855142645157, 26.067209252881476), (52.21854948205756, 26.07545345905972), (52.288547537663526, 26.082118185407744), (52.358545593269504, 26.097066699170803), (52.428543648875475, 26.109417929871764), (52.49854170448145, 26.128995563519084), (52.568539760087425, 26.145791201665926), (52.6385378156934, 26.163894905447815), (52.708535871299375, 26.17781430705419), (52.778533926905354, 26.186827520118744), (52.848531982511325, 26.1820513842121), (52.91853003811731, 26.15781258872692), (52.98852809372327, 26.138189719380406), (53.058526149329246, 26.12642089830658), (53.12852420493523, 26.121567484747143), (53.198522260541196, 26.117714911032394), (53.268520316147175, 26.101235922779914), (53.33851837175316, 26.078199642965), (53.40851642735913, 26.047456330899777), (53.47851448296509, 26.012449554185455), (53.54851253857108, 25.98066582103876), (53.618510594177046, 25.96649573826601), (53.688508649783024, 25.96307855815601), (53.758506705388996, 25.968844224982536), (53.828504760994974, 25.976945184779996), (53.89850281660096, 25.97991189271885), (53.96850087220693, 25.97500193453542), (54.038498927812924, 25.972534704108508), (54.10849698341888, 25.972534704108508), (54.17849503902486, 25.976796283936814), (54.24849309463083, 25.977444662291937), (54.31849115023681, 25.973829575997957), (54.38848920584279, 25.96934370249448), (54.45848726144877, 25.968063909171427), (54.528485317054745, 25.970966533203086), (54.59848337266071, 25.986495571772476), (54.668481428266695, 26.003398644704912), (54.73847948387265, 26.017887262192822), (54.80847753947863, 26.02965608326665), (54.8784755950846, 26.04143809808608), (54.94847365069058, 26.048364814525275), (55.018471706296545, 26.05344252175988), (55.08846976190252, 26.066383701371176), (55.15846781750851, 26.09144050908346), (55.22846587311449, 26.11901920702584), (55.29846392872046, 26.129958706947768), (55.36846198432644, 26.106328708580925), (55.43846003993242, 26.066851136929515), (55.5084580983862, 26.047141190198378), (55.57845615399576, 26.034574541614095), (55.648454209605326, 26.032127153209657), (55.718452265214886, 26.03980262327932), (55.78845032082445, 26.053909358939187), (55.85844837643401, 26.06651322416689), (55.92844643204357, 26.06506566465783), (55.998444487653124, 26.032207309497796), (56.06844254326265, 25.945747049652102)

Record time: 2023-09-30T18:49:18Z
Event time: 2023-10-02T18:14:32.500Z
Status: Underway
Travel distance: 344.707343412527
Num waypoints: 83
Waypoints: (50.32860198327819, 26.605051608178353), (50.39860003888778, 26.668563615050875), (50.468598094497345, 26.75341350685145), (50.53859615010691, 26.811926883289015), (50.60859420571648, 26.826176528346558), (50.67859226132605, 26.797892022128988), (50.748590316935626, 26.73995542941408), (50.8185883725452, 26.669483064906537), (50.888586428154774, 26.602493335195128), (50.958584481149984, 26.55016065605081), (51.028582536755984, 26.52205609310529), (51.09858059236195, 26.506474279553508), (51.16857864796792, 26.48660261386142), (51.2385767035739, 26.460315018166877), (51.308574759179876, 26.410491665145482), (51.37857281478584, 26.346379485640952), (51.448570870391826, 26.261779304042808), (51.5185689259978, 26.17017135871108), (51.58856698160376, 26.091787316110615), (51.658565037209755, 26.03757233062573), (51.728563092815726, 26.003146078717737), (51.79856114842171, 25.987313583999587), (51.86855920402767, 25.990253904447243), (51.93855725963364, 26.005439905631075), (52.00855531523963, 26.024885601822408), (52.0785533708456, 26.05009696484027), (52.14855142645157, 26.067209252881476), (52.21854948205756, 26.07545345905972), (52.288547537663526, 26.082118185407744), (52.358545593269504, 26.097066699170803), (52.428543648875475, 26.109417929871764), (52.49854170448145, 26.128995563519084), (52.568539760087425, 26.145791201665926), (52.6385378156934, 26.163894905447815), (52.708535871299375, 26.17781430705419), (52.778533926905354, 26.186827520118744), (52.848531982511325, 26.1820513842121), (52.91853003811731, 26.15781258872692), (52.98852809372327, 26.138189719380406), (53.058526149329246, 26.12642089830658), (53.12852420493523, 26.121567484747143), (53.198522260541196, 26.117714911032394), (53.268520316147175, 26.101235922779914), (53.33851837175316, 26.078199642965), (53.40851642735913, 26.047456330899777), (53.47851448296509, 26.012449554185455), (53.54851253857108, 25.98066582103876), (53.618510594177046, 25.96649573826601), (53.688508649783024, 25.96307855815601), (53.758506705388996, 25.968844224982536), (53.828504760994974, 25.976945184779996), (53.89850281660096, 25.97991189271885), (53.96850087220693, 25.97500193453542), (54.038498927812924, 25.972534704108508), (54.10849698341888, 25.972534704108508), (54.17849503902486, 25.976796283936814), (54.24849309463083, 25.977444662291937), (54.31849115023681, 25.973829575997957), (54.38848920584279, 25.96934370249448), (54.45848726144877, 25.968063909171427), (54.528485317054745, 25.970966533203086), (54.59848337266071, 25.986495571772476), (54.668481428266695, 26.003398644704912), (54.73847948387265, 26.017887262192822), (54.80847753947863, 26.02965608326665), (54.8784755950846, 26.04143809808608), (54.94847365069058, 26.048364814525275), (55.018471706296545, 26.05344252175988), (55.08846976190252, 26.066383701371176), (55.15846781750851, 26.09144050908346), (55.22846587311449, 26.11901920702584), (55.29846392872046, 26.129958706947768), (55.36846198432644, 26.106328708580925), (55.43846003993242, 26.066851136929515), (55.5084580983862, 26.047141190198378), (55.57845615399576, 26.034574541614095), (55.648454209605326, 26.032127153209657), (55.718452265214886, 26.03980262327932), (55.78845032082445, 26.053909358939187), (55.85844837643401, 26.06651322416689), (55.92844643204357, 26.06506566465783), (55.998444487653124, 26.032207309497796), (56.06844254326265, 25.945747049652102)

Record time: 2023-09-30T19:14:27Z
Event time: 2023-10-02T16:01:49.875Z
Status: Underway
Travel distance: 339.28347732181425
Num waypoints: 82
Waypoints: (50.39860003888777, 26.66443525207189), (50.46859809449735, 26.763314973132115), (50.53859615010692, 26.81501625879265), (50.608594205716486, 26.820632476464773), (50.678592261326045, 26.78953041446082), (50.74859031693561, 26.73509209484311), (50.81858837254518, 26.67127045189423), (50.888586428154746, 26.60995887620875), (50.95858448376431, 26.559174624406293), (51.028582536755984, 26.52205609310529), (51.09858059236195, 26.506474279553508), (51.16857864796792, 26.48660261386142), (51.2385767035739, 26.460315018166877), (51.308574759179876, 26.410491665145482), (51.37857281478584, 26.346379485640952), (51.448570870391826, 26.261779304042808), (51.5185689259978, 26.17017135871108), (51.58856698160376, 26.091787316110615), (51.658565037209755, 26.03757233062573), (51.728563092815726, 26.003146078717737), (51.79856114842171, 25.987313583999587), (51.86855920402767, 25.990253904447243), (51.93855725963364, 26.005439905631075), (52.00855531523963, 26.024885601822408), (52.0785533708456, 26.05009696484027), (52.14855142645157, 26.067209252881476), (52.21854948205756, 26.07545345905972), (52.288547537663526, 26.082118185407744), (52.358545593269504, 26.097066699170803), (52.428543648875475, 26.109417929871764), (52.49854170448145, 26.128995563519084), (52.568539760087425, 26.145791201665926), (52.6385378156934, 26.163894905447815), (52.708535871299375, 26.17781430705419), (52.778533926905354, 26.186827520118744), (52.848531982511325, 26.1820513842121), (52.91853003811731, 26.15781258872692), (52.98852809372327, 26.138189719380406), (53.058526149329246, 26.12642089830658), (53.12852420493523, 26.121567484747143), (53.198522260541196, 26.117714911032394), (53.268520316147175, 26.101235922779914), (53.33851837175316, 26.078199642965), (53.40851642735913, 26.047456330899777), (53.47851448296509, 26.012449554185455), (53.54851253857108, 25.98066582103876), (53.618510594177046, 25.96649573826601), (53.688508649783024, 25.96307855815601), (53.758506705388996, 25.968844224982536), (53.828504760994974, 25.976945184779996), (53.89850281660096, 25.97991189271885), (53.96850087220693, 25.97500193453542), (54.038498927812924, 25.972534704108508), (54.10849698341888, 25.972534704108508), (54.17849503902486, 25.976796283936814), (54.24849309463083, 25.977444662291937), (54.31849115023681, 25.973829575997957), (54.38848920584279, 25.96934370249448), (54.45848726144877, 25.968063909171427), (54.528485317054745, 25.970966533203086), (54.59848337266071, 25.986495571772476), (54.668481428266695, 26.003398644704912), (54.73847948387265, 26.017887262192822), (54.80847753947863, 26.02965608326665), (54.8784755950846, 26.04143809808608), (54.94847365069058, 26.048364814525275), (55.018471706296545, 26.05344252175988), (55.08846976190252, 26.066383701371176), (55.15846781750851, 26.09144050908346), (55.22846587311449, 26.11901920702584), (55.29846392872046, 26.129958706947768), (55.36846198432644, 26.106328708580925), (55.43846003993242, 26.066851136929515), (55.5084580983862, 26.047141190198378), (55.57845615399576, 26.034574541614095), (55.648454209605326, 26.032127153209657), (55.718452265214886, 26.03980262327932), (55.78845032082445, 26.053909358939187), (55.85844837643401, 26.06651322416689), (55.92844643204357, 26.06506566465783), (55.998444487653124, 26.032207309497796), (56.06844254326265, 25.945747049652102)

Record time: 2023-09-30T19:27:08Z
Event time: 2023-10-02T15:08:25.222Z
Status: Underway
Travel distance: 337.0199784017279
Num waypoints: 82
Waypoints: (50.39860003888777, 26.742429445195995), (50.46859809449735, 26.807662396267208), (50.53859615010692, 26.835303281874246), (50.608594205716486, 26.825827933595416), (50.678592261326045, 26.78705638725573), (50.74859031693561, 26.730356099907663), (50.81858837254518, 26.667575723353885), (50.888586428154746, 26.60870943421207), (50.95858448376431, 26.56029182052172), (51.028582536755984, 26.524523323532204), (51.09858059236195, 26.50467993015212), (51.16857864796792, 26.48660261386142), (51.2385767035739, 26.460315018166877), (51.308574759179876, 26.410491665145482), (51.37857281478584, 26.346379485640952), (51.448570870391826, 26.261779304042808), (51.5185689259978, 26.17017135871108), (51.58856698160376, 26.091787316110615), (51.658565037209755, 26.03757233062573), (51.728563092815726, 26.003146078717737), (51.79856114842171, 25.987313583999587), (51.86855920402767, 25.990253904447243), (51.93855725963364, 26.005439905631075), (52.00855531523963, 26.024885601822408), (52.0785533708456, 26.05009696484027), (52.14855142645157, 26.067209252881476), (52.21854948205756, 26.07545345905972), (52.288547537663526, 26.082118185407744), (52.358545593269504, 26.097066699170803), (52.428543648875475, 26.109417929871764), (52.49854170448145, 26.128995563519084), (52.568539760087425, 26.145791201665926), (52.6385378156934, 26.163894905447815), (52.708535871299375, 26.17781430705419), (52.778533926905354, 26.186827520118744), (52.848531982511325, 26.1820513842121), (52.91853003811731, 26.15781258872692), (52.98852809372327, 26.138189719380406), (53.058526149329246, 26.12642089830658), (53.12852420493523, 26.121567484747143), (53.198522260541196, 26.117714911032394), (53.268520316147175, 26.101235922779914), (53.33851837175316, 26.078199642965), (53.40851642735913, 26.047456330899777), (53.47851448296509, 26.012449554185455), (53.54851253857108, 25.98066582103876), (53.618510594177046, 25.96649573826601), (53.688508649783024, 25.96307855815601), (53.758506705388996, 25.968844224982536), (53.828504760994974, 25.976945184779996), (53.89850281660096, 25.97991189271885), (53.96850087220693, 25.97500193453542), (54.038498927812924, 25.972534704108508), (54.10849698341888, 25.972534704108508), (54.17849503902486, 25.976796283936814), (54.24849309463083, 25.977444662291937), (54.31849115023681, 25.973829575997957), (54.38848920584279, 25.96934370249448), (54.45848726144877, 25.968063909171427), (54.528485317054745, 25.970966533203086), (54.59848337266071, 25.986495571772476), (54.668481428266695, 26.003398644704912), (54.73847948387265, 26.017887262192822), (54.80847753947863, 26.02965608326665), (54.8784755950846, 26.04143809808608), (54.94847365069058, 26.048364814525275), (55.018471706296545, 26.05344252175988), (55.08846976190252, 26.066383701371176), (55.15846781750851, 26.09144050908346), (55.22846587311449, 26.11901920702584), (55.29846392872046, 26.129958706947768), (55.36846198432644, 26.106328708580925), (55.43846003993242, 26.066851136929515), (55.5084580983862, 26.047141190198378), (55.57845615399576, 26.034574541614095), (55.648454209605326, 26.032127153209657), (55.718452265214886, 26.03980262327932), (55.78845032082445, 26.053909358939187), (55.85844837643401, 26.06651322416689), (55.92844643204357, 26.06506566465783), (55.998444487653124, 26.032207309497796), (56.06844254326265, 25.945747049652102)

Record time: 2023-09-30T19:49:38Z
Event time: 2023-10-02T13:44:56.500Z
Status: Underway
Travel distance: 334.73974082073437
Num waypoints: 82
Waypoints: (50.39860003888777, 26.795188560828368), (50.46859809449735, 26.788550050623872), (50.53859615010692, 26.804625344531335), (50.608594205716486, 26.808014937718887), (50.678592261326045, 26.785819373653208), (50.74859031693561, 26.739651373549602), (50.81858837254518, 26.678961685919674), (50.888586428154746, 26.615678656216463), (50.95858448376431, 26.56016151657711), (51.028582536755984, 26.518467394302508), (51.09858059236195, 26.506474279553508), (51.16857864796792, 26.48660261386142), (51.2385767035739, 26.460315018166877), (51.308574759179876, 26.410491665145482), (51.37857281478584, 26.346379485640952), (51.448570870391826, 26.261779304042808), (51.5185689259978, 26.17017135871108), (51.58856698160376, 26.091787316110615), (51.658565037209755, 26.03757233062573), (51.728563092815726, 26.003146078717737), (51.79856114842171, 25.987313583999587), (51.86855920402767, 25.990253904447243), (51.93855725963364, 26.005439905631075), (52.00855531523963, 26.024885601822408), (52.0785533708456, 26.05009696484027), (52.14855142645157, 26.067209252881476), (52.21854948205756, 26.07545345905972), (52.288547537663526, 26.082118185407744), (52.358545593269504, 26.097066699170803), (52.428543648875475, 26.109417929871764), (52.49854170448145, 26.128995563519084), (52.568539760087425, 26.145791201665926), (52.6385378156934, 26.163894905447815), (52.708535871299375, 26.17781430705419), (52.778533926905354, 26.186827520118744), (52.848531982511325, 26.1820513842121), (52.91853003811731, 26.15781258872692), (52.98852809372327, 26.138189719380406), (53.058526149329246, 26.12642089830658), (53.12852420493523, 26.121567484747143), (53.198522260541196, 26.117714911032394), (53.268520316147175, 26.101235922779914), (53.33851837175316, 26.078199642965), (53.40851642735913, 26.047456330899777), (53.47851448296509, 26.012449554185455), (53.54851253857108, 25.98066582103876), (53.618510594177046, 25.96649573826601), (53.688508649783024, 25.96307855815601), (53.758506705388996, 25.968844224982536), (53.828504760994974, 25.976945184779996), (53.89850281660096, 25.97991189271885), (53.96850087220693, 25.97500193453542), (54.038498927812924, 25.972534704108508), (54.10849698341888, 25.972534704108508), (54.17849503902486, 25.976796283936814), (54.24849309463083, 25.977444662291937), (54.31849115023681, 25.973829575997957), (54.38848920584279, 25.96934370249448), (54.45848726144877, 25.968063909171427), (54.528485317054745, 25.970966533203086), (54.59848337266071, 25.986495571772476), (54.668481428266695, 26.003398644704912), (54.73847948387265, 26.017887262192822), (54.80847753947863, 26.02965608326665), (54.8784755950846, 26.04143809808608), (54.94847365069058, 26.048364814525275), (55.018471706296545, 26.05344252175988), (55.08846976190252, 26.066383701371176), (55.15846781750851, 26.09144050908346), (55.22846587311449, 26.11901920702584), (55.29846392872046, 26.129958706947768), (55.36846198432644, 26.106328708580925), (55.43846003993242, 26.066851136929515), (55.5084580983862, 26.047141190198378), (55.57845615399576, 26.034574541614095), (55.648454209605326, 26.032127153209657), (55.718452265214886, 26.03980262327932), (55.78845032082445, 26.053909358939187), (55.85844837643401, 26.06651322416689), (55.92844643204357, 26.06506566465783), (55.998444487653124, 26.032207309497796), (56.06844254326265, 25.945747049652102)

Record time: 2023-10-01T10:23:17Z
Event time: 2023-10-02T12:02:44.250Z
Status: Underway
Travel distance: 322.5647948164147
Num waypoints: 78
Waypoints: (50.67859226132608, 26.88624713230584), (50.748590316935655, 26.815410334840852), (50.818588372545214, 26.736932645200497), (50.88858642815478, 26.66676881443473), (50.95858448376434, 26.61061922603175), (51.028582539373915, 26.567278845515276), (51.09858059498349, 26.53151553028798), (51.16857865059307, 26.496477699721293), (51.23857670620264, 26.45563136549142), (51.308574759179876, 26.40422652080701), (51.37857281478584, 26.341394134625535), (51.448570870391826, 26.26127982653087), (51.5185689259978, 26.17328696749312), (51.58856698160376, 26.094254546537528), (51.658565037209755, 26.035777981224335), (51.728563092815726, 26.003146078717737), (51.79856114842171, 25.987313583999587), (51.86855920402767, 25.990253904447243), (51.93855725963364, 26.005439905631075), (52.00855531523963, 26.024885601822408), (52.0785533708456, 26.05009696484027), (52.14855142645157, 26.067209252881476), (52.21854948205756, 26.07545345905972), (52.288547537663526, 26.082118185407744), (52.358545593269504, 26.097066699170803), (52.428543648875475, 26.109417929871764), (52.49854170448145, 26.128995563519084), (52.568539760087425, 26.145791201665926), (52.6385378156934, 26.163894905447815), (52.708535871299375, 26.17781430705419), (52.778533926905354, 26.186827520118744), (52.848531982511325, 26.1820513842121), (52.91853003811731, 26.15781258872692), (52.98852809372327, 26.138189719380406), (53.058526149329246, 26.12642089830658), (53.12852420493523, 26.121567484747143), (53.198522260541196, 26.117714911032394), (53.268520316147175, 26.101235922779914), (53.33851837175316, 26.078199642965), (53.40851642735913, 26.047456330899777), (53.47851448296509, 26.012449554185455), (53.54851253857108, 25.98066582103876), (53.618510594177046, 25.96649573826601), (53.688508649783024, 25.96307855815601), (53.758506705388996, 25.968844224982536), (53.828504760994974, 25.976945184779996), (53.89850281660096, 25.97991189271885), (53.96850087220693, 25.97500193453542), (54.038498927812924, 25.972534704108508), (54.10849698341888, 25.972534704108508), (54.17849503902486, 25.976796283936814), (54.24849309463083, 25.977444662291937), (54.31849115023681, 25.973829575997957), (54.38848920584279, 25.96934370249448), (54.45848726144877, 25.968063909171427), (54.528485317054745, 25.970966533203086), (54.59848337266071, 25.986495571772476), (54.668481428266695, 26.003398644704912), (54.73847948387265, 26.017887262192822), (54.80847753947863, 26.02965608326665), (54.8784755950846, 26.04143809808608), (54.94847365069058, 26.048364814525275), (55.018471706296545, 26.05344252175988), (55.08846976190252, 26.066383701371176), (55.15846781750851, 26.09144050908346), (55.22846587311449, 26.11901920702584), (55.29846392872046, 26.129958706947768), (55.36846198432644, 26.106328708580925), (55.43846003993242, 26.066851136929515), (55.5084580983862, 26.047141190198378), (55.57845615399576, 26.034574541614095), (55.648454209605326, 26.032127153209657), (55.718452265214886, 26.03980262327932), (55.78845032082445, 26.053909358939187), (55.85844837643401, 26.06651322416689), (55.92844643204357, 26.06506566465783), (55.998444487653124, 26.032207309497796), (56.06844254326265, 25.945747049652102)

Record time: 2023-10-01T10:49:27Z
Event time: 2023-10-02T11:23:08.833Z
Status: Underway
Travel distance: 316.44114470842334
Num waypoints: 76
Waypoints: (50.818588372545214, 26.87995933584798), (50.888586428154795, 26.823546466537163), (50.958584483764355, 26.746791925764686), (51.028582539373915, 26.668834269606176), (51.098580594983474, 26.597015903161232), (51.16857865059304, 26.531319194788008), (51.23857670620261, 26.46803565675433), (51.30857476181218, 26.402668192305374), (51.378572817421755, 26.332066409147814), (51.448570870391826, 26.255794998003505), (51.5185689259978, 26.175903098763214), (51.58856698160376, 26.09983738574648), (51.658565037209755, 26.036450862249858), (51.728563092815726, 26.001351729316344), (51.79856114842171, 25.987313583999587), (51.86855920402767, 25.990253904447243), (51.93855725963364, 26.005439905631075), (52.00855531523963, 26.024885601822408), (52.0785533708456, 26.05009696484027), (52.14855142645157, 26.067209252881476), (52.21854948205756, 26.07545345905972), (52.288547537663526, 26.082118185407744), (52.358545593269504, 26.097066699170803), (52.428543648875475, 26.109417929871764), (52.49854170448145, 26.128995563519084), (52.568539760087425, 26.145791201665926), (52.6385378156934, 26.163894905447815), (52.708535871299375, 26.17781430705419), (52.778533926905354, 26.186827520118744), (52.848531982511325, 26.1820513842121), (52.91853003811731, 26.15781258872692), (52.98852809372327, 26.138189719380406), (53.058526149329246, 26.12642089830658), (53.12852420493523, 26.121567484747143), (53.198522260541196, 26.117714911032394), (53.268520316147175, 26.101235922779914), (53.33851837175316, 26.078199642965), (53.40851642735913, 26.047456330899777), (53.47851448296509, 26.012449554185455), (53.54851253857108, 25.98066582103876), (53.618510594177046, 25.96649573826601), (53.688508649783024, 25.96307855815601), (53.758506705388996, 25.968844224982536), (53.828504760994974, 25.976945184779996), (53.89850281660096, 25.97991189271885), (53.96850087220693, 25.97500193453542), (54.038498927812924, 25.972534704108508), (54.10849698341888, 25.972534704108508), (54.17849503902486, 25.976796283936814), (54.24849309463083, 25.977444662291937), (54.31849115023681, 25.973829575997957), (54.38848920584279, 25.96934370249448), (54.45848726144877, 25.968063909171427), (54.528485317054745, 25.970966533203086), (54.59848337266071, 25.986495571772476), (54.668481428266695, 26.003398644704912), (54.73847948387265, 26.017887262192822), (54.80847753947863, 26.02965608326665), (54.8784755950846, 26.04143809808608), (54.94847365069058, 26.048364814525275), (55.018471706296545, 26.05344252175988), (55.08846976190252, 26.066383701371176), (55.15846781750851, 26.09144050908346), (55.22846587311449, 26.11901920702584), (55.29846392872046, 26.129958706947768), (55.36846198432644, 26.106328708580925), (55.43846003993242, 26.066851136929515), (55.5084580983862, 26.047141190198378), (55.57845615399576, 26.034574541614095), (55.648454209605326, 26.032127153209657), (55.718452265214886, 26.03980262327932), (55.78845032082445, 26.053909358939187), (55.85844837643401, 26.06651322416689), (55.92844643204357, 26.06506566465783), (55.998444487653124, 26.032207309497796), (56.06844254326265, 25.945747049652102)

Record time: 2023-10-01T12:27:36Z
Event time: 2023-10-02T11:57:31Z
Status: Underway
Travel distance: 302.5847732181426
Num waypoints: 72
Waypoints: (51.098580594983474, 27.019573701226737), (51.16857865059305, 26.963401437858398), (51.23857670620261, 26.888015482603443), (51.308574761812174, 26.81008681841578), (51.37857281742174, 26.736880230047518), (51.448570873031315, 26.66946566172781), (51.51856892864089, 26.60542972036556), (51.58856698425046, 26.541087324275985), (51.65856503986003, 26.473193497431076), (51.728563092815726, 26.400155307879484), (51.79856114842171, 26.32580666661135), (51.86855920402767, 26.245914767371058), (51.93855725963364, 26.16984905435432), (52.00855531523963, 26.106462530857705), (52.0785533708456, 26.07136339792419), (52.14855142645157, 26.057325252607427), (52.21854948205756, 26.06026557305509), (52.288547537663526, 26.07545157423892), (52.358545593269504, 26.098485969233035), (52.428543648875475, 26.115174172594294), (52.49854170448145, 26.130989703925252), (52.568539760087425, 26.146464082691445), (52.6385378156934, 26.162100556046422), (52.708535871299375, 26.17781430705419), (52.778533926905354, 26.186827520118744), (52.848531982511325, 26.1820513842121), (52.91853003811731, 26.15781258872692), (52.98852809372327, 26.138189719380406), (53.058526149329246, 26.12642089830658), (53.12852420493523, 26.121567484747143), (53.198522260541196, 26.117714911032394), (53.268520316147175, 26.101235922779914), (53.33851837175316, 26.078199642965), (53.40851642735913, 26.047456330899777), (53.47851448296509, 26.012449554185455), (53.54851253857108, 25.98066582103876), (53.618510594177046, 25.96649573826601), (53.688508649783024, 25.96307855815601), (53.758506705388996, 25.968844224982536), (53.828504760994974, 25.976945184779996), (53.89850281660096, 25.97991189271885), (53.96850087220693, 25.97500193453542), (54.038498927812924, 25.972534704108508), (54.10849698341888, 25.972534704108508), (54.17849503902486, 25.976796283936814), (54.24849309463083, 25.977444662291937), (54.31849115023681, 25.973829575997957), (54.38848920584279, 25.96934370249448), (54.45848726144877, 25.968063909171427), (54.528485317054745, 25.970966533203086), (54.59848337266071, 25.986495571772476), (54.668481428266695, 26.003398644704912), (54.73847948387265, 26.017887262192822), (54.80847753947863, 26.02965608326665), (54.8784755950846, 26.04143809808608), (54.94847365069058, 26.048364814525275), (55.018471706296545, 26.05344252175988), (55.08846976190252, 26.066383701371176), (55.15846781750851, 26.09144050908346), (55.22846587311449, 26.11901920702584), (55.29846392872046, 26.129958706947768), (55.36846198432644, 26.106328708580925), (55.43846003993242, 26.066851136929515), (55.5084580983862, 26.047141190198378), (55.57845615399576, 26.034574541614095), (55.648454209605326, 26.032127153209657), (55.718452265214886, 26.03980262327932), (55.78845032082445, 26.053909358939187), (55.85844837643401, 26.06651322416689), (55.92844643204357, 26.06506566465783), (55.998444487653124, 26.032207309497796), (56.06844254326265, 25.945747049652102)

Record time: 2023-10-01T12:50:56Z
Event time: 2023-10-02T12:33:36.600Z
Status: Underway
Travel distance: 292.34935205183587
Num waypoints: 70
Waypoints: (51.23857670620259, 27.02415570059124), (51.308574761812146, 26.957292105372392), (51.378572817421706, 26.880648346370318), (51.44857087303127, 26.809547759667012), (51.518568928640846, 26.74887083170274), (51.58856698425041, 26.696909280847628), (51.65856503985999, 26.648585519809952), (51.72856309546956, 26.598037498881073), (51.79856115107913, 26.540568930017084), (51.86855920402767, 26.47396489039889), (51.93855725963364, 26.397688077452575), (52.00855531523963, 26.315131041601393), (52.0785533708456, 26.244197695622454), (52.14855142645157, 26.18518207156053), (52.21854948205756, 26.14177087889999), (52.288547537663526, 26.10953667358215), (52.358545593269504, 26.10035194182482), (52.428543648875475, 26.102355506334987), (52.49854170448145, 26.11923973105942), (52.568539760087425, 26.144094862946123), (52.6385378156934, 26.167183917743433), (52.708535871299375, 26.18160279686175), (52.778533926905354, 26.187500401144266), (52.848531982511325, 26.180257034810708), (52.91853003811731, 26.15781258872692), (52.98852809372327, 26.138189719380406), (53.058526149329246, 26.12642089830658), (53.12852420493523, 26.121567484747143), (53.198522260541196, 26.117714911032394), (53.268520316147175, 26.101235922779914), (53.33851837175316, 26.078199642965), (53.40851642735913, 26.047456330899777), (53.47851448296509, 26.012449554185455), (53.54851253857108, 25.98066582103876), (53.618510594177046, 25.96649573826601), (53.688508649783024, 25.96307855815601), (53.758506705388996, 25.968844224982536), (53.828504760994974, 25.976945184779996), (53.89850281660096, 25.97991189271885), (53.96850087220693, 25.97500193453542), (54.038498927812924, 25.972534704108508), (54.10849698341888, 25.972534704108508), (54.17849503902486, 25.976796283936814), (54.24849309463083, 25.977444662291937), (54.31849115023681, 25.973829575997957), (54.38848920584279, 25.96934370249448), (54.45848726144877, 25.968063909171427), (54.528485317054745, 25.970966533203086), (54.59848337266071, 25.986495571772476), (54.668481428266695, 26.003398644704912), (54.73847948387265, 26.017887262192822), (54.80847753947863, 26.02965608326665), (54.8784755950846, 26.04143809808608), (54.94847365069058, 26.048364814525275), (55.018471706296545, 26.05344252175988), (55.08846976190252, 26.066383701371176), (55.15846781750851, 26.09144050908346), (55.22846587311449, 26.11901920702584), (55.29846392872046, 26.129958706947768), (55.36846198432644, 26.106328708580925), (55.43846003993242, 26.066851136929515), (55.5084580983862, 26.047141190198378), (55.57845615399576, 26.034574541614095), (55.648454209605326, 26.032127153209657), (55.718452265214886, 26.03980262327932), (55.78845032082445, 26.053909358939187), (55.85844837643401, 26.06651322416689), (55.92844643204357, 26.06506566465783), (55.998444487653124, 26.032207309497796), (56.06844254326265, 25.945747049652102)

Record time: 2023-10-01T13:33:17Z
Event time: 2023-10-02T13:04:43.222Z
Status: Underway
Travel distance: 287.4659827213823
Num waypoints: 69
Waypoints: (51.37505180018718, 27.022686431373515), (51.45989113274233, 26.958639420972762), (51.516357435842714, 26.884924993342082), (51.563002305670295, 26.811327510274662), (51.6106652091142, 26.741199382584107), (51.66451246334184, 26.67400934782587), (51.72580673840271, 26.60743744861632), (51.79340708286478, 26.539016711549436), (51.86499947248366, 26.46732152671113), (51.93805787923963, 26.392702726437154), (52.011670318225676, 26.314631564089453), (52.08102012154659, 26.247313304404493), (52.14675742594175, 26.18764930198744), (52.21854948205756, 26.1399765294986), (52.288547537663526, 26.10953667358215), (52.358545593269504, 26.10035194182482), (52.428543648875475, 26.102355506334987), (52.49854170448145, 26.11923973105942), (52.568539760087425, 26.144094862946123), (52.6385378156934, 26.167183917743433), (52.708535871299375, 26.18160279686175), (52.778533926905354, 26.187500401144266), (52.848531982511325, 26.180257034810708), (52.91853003811731, 26.15781258872692), (52.98852809372327, 26.138189719380406), (53.058526149329246, 26.12642089830658), (53.12852420493523, 26.121567484747143), (53.198522260541196, 26.117714911032394), (53.268520316147175, 26.101235922779914), (53.33851837175316, 26.078199642965), (53.40851642735913, 26.047456330899777), (53.47851448296509, 26.012449554185455), (53.54851253857108, 25.98066582103876), (53.618510594177046, 25.96649573826601), (53.688508649783024, 25.96307855815601), (53.758506705388996, 25.968844224982536), (53.828504760994974, 25.976945184779996), (53.89850281660096, 25.97991189271885), (53.96850087220693, 25.97500193453542), (54.038498927812924, 25.972534704108508), (54.10849698341888, 25.972534704108508), (54.17849503902486, 25.976796283936814), (54.24849309463083, 25.977444662291937), (54.31849115023681, 25.973829575997957), (54.38848920584279, 25.96934370249448), (54.45848726144877, 25.968063909171427), (54.528485317054745, 25.970966533203086), (54.59848337266071, 25.986495571772476), (54.668481428266695, 26.003398644704912), (54.73847948387265, 26.017887262192822), (54.80847753947863, 26.02965608326665), (54.8784755950846, 26.04143809808608), (54.94847365069058, 26.048364814525275), (55.018471706296545, 26.05344252175988), (55.08846976190252, 26.066383701371176), (55.15846781750851, 26.09144050908346), (55.22846587311449, 26.11901920702584), (55.29846392872046, 26.129958706947768), (55.36846198432644, 26.106328708580925), (55.43846003993242, 26.066851136929515), (55.5084580983862, 26.047141190198378), (55.57845615399576, 26.034574541614095), (55.648454209605326, 26.032127153209657), (55.718452265214886, 26.03980262327932), (55.78845032082445, 26.053909358939187), (55.85844837643401, 26.06651322416689), (55.92844643204357, 26.06506566465783), (55.998444487653124, 26.032207309497796), (56.06844254326265, 25.945747049652102)

Record time: 2023-10-01T16:43:56Z
Event time: 2023-10-02T12:40:05.111Z
Status: Underway
Travel distance: 242.45788336933046
Num waypoints: 58
Waypoints: (52.07855337351741, 27.08848895244417), (52.148551429126975, 27.03969099905113), (52.21854948473655, 27.023201444378167), (52.288547540346116, 27.01517816204356), (52.35854559595569, 27.002678001940886), (52.428543651565256, 26.980498772988806), (52.49854170717482, 26.94847735251446), (52.56853976278439, 26.9092439222704), (52.63853781839396, 26.866432331085115), (52.708535871299375, 26.823346582770984), (52.778533926905354, 26.787193835010395), (52.848531982511325, 26.74739961346463), (52.91853003811731, 26.703564336124142), (52.98852809372327, 26.655708736017722), (53.058526149329246, 26.62055494328101), (53.12852420493523, 26.57962794443458), (53.198522260541196, 26.53886680981853), (53.268520316147175, 26.48946565665629), (53.33851837175316, 26.438956228863766), (53.40851642735913, 26.385674229674773), (53.47851448296509, 26.337475592182788), (53.54851253857108, 26.288562607607687), (53.618510594177046, 26.229243527397), (53.688508649783024, 26.16899711535282), (53.758506705388996, 26.103275298885276), (53.828504760994974, 26.04830826990128), (53.89850281660096, 26.007232370211664), (53.96850087220693, 25.974998164893822), (54.038498927812924, 25.961683790764173), (54.10849698341888, 25.962105990623325), (54.17849503902486, 25.976894294618404), (54.24849309463083, 25.980733674587555), (54.31849115023681, 25.97761806580552), (54.38848920584279, 25.970016583520003), (54.45848726144877, 25.966269559770033), (54.528485317054745, 25.970966533203086), (54.59848337266071, 25.986495571772476), (54.668481428266695, 26.003398644704912), (54.73847948387265, 26.017887262192822), (54.80847753947863, 26.02965608326665), (54.8784755950846, 26.04143809808608), (54.94847365069058, 26.048364814525275), (55.018471706296545, 26.05344252175988), (55.08846976190252, 26.066383701371176), (55.15846781750851, 26.09144050908346), (55.22846587311449, 26.11901920702584), (55.29846392872046, 26.129958706947768), (55.36846198432644, 26.106328708580925), (55.43846003993242, 26.066851136929515), (55.5084580983862, 26.047141190198378), (55.57845615399576, 26.034574541614095), (55.648454209605326, 26.032127153209657), (55.718452265214886, 26.03980262327932), (55.78845032082445, 26.053909358939187), (55.85844837643401, 26.06651322416689), (55.92844643204357, 26.06506566465783), (55.998444487653124, 26.032207309497796), (56.06844254326265, 25.945747049652102)

Record time: 2023-10-01T17:30:18Z
Event time: 2023-10-02T12:05:06Z
Status: Underway
Travel distance: 233.9708423326134
Num waypoints: 56
Waypoints: (52.21854948473652, 27.025324358026108), (52.28854754034612, 27.027362226274942), (52.3585455959557, 27.007419314355605), (52.42854365156525, 26.97644925834658), (52.498541707174816, 26.94081238603706), (52.56853976278438, 26.903635992098206), (52.63853781839396, 26.86596389028898), (52.70853587400354, 26.8276952426966), (52.77853392961311, 26.78831266601149), (52.848531982511325, 26.74739961346463), (52.91853003811731, 26.703564336124142), (52.98852809372327, 26.655708736017722), (53.058526149329246, 26.62055494328101), (53.12852420493523, 26.57962794443458), (53.198522260541196, 26.53886680981853), (53.268520316147175, 26.48946565665629), (53.33851837175316, 26.438956228863766), (53.40851642735913, 26.385674229674773), (53.47851448296509, 26.337475592182788), (53.54851253857108, 26.288562607607687), (53.618510594177046, 26.229243527397), (53.688508649783024, 26.16899711535282), (53.758506705388996, 26.103275298885276), (53.828504760994974, 26.04830826990128), (53.89850281660096, 26.007232370211664), (53.96850087220693, 25.974998164893822), (54.038498927812924, 25.961683790764173), (54.10849698341888, 25.962105990623325), (54.17849503902486, 25.976894294618404), (54.24849309463083, 25.980733674587555), (54.31849115023681, 25.97761806580552), (54.38848920584279, 25.970016583520003), (54.45848726144877, 25.966269559770033), (54.528485317054745, 25.970966533203086), (54.59848337266071, 25.986495571772476), (54.668481428266695, 26.003398644704912), (54.73847948387265, 26.017887262192822), (54.80847753947863, 26.02965608326665), (54.8784755950846, 26.04143809808608), (54.94847365069058, 26.048364814525275), (55.018471706296545, 26.05344252175988), (55.08846976190252, 26.066383701371176), (55.15846781750851, 26.09144050908346), (55.22846587311449, 26.11901920702584), (55.29846392872046, 26.129958706947768), (55.36846198432644, 26.106328708580925), (55.43846003993242, 26.066851136929515), (55.5084580983862, 26.047141190198378), (55.57845615399576, 26.034574541614095), (55.648454209605326, 26.032127153209657), (55.718452265214886, 26.03980262327932), (55.78845032082445, 26.053909358939187), (55.85844837643401, 26.06651322416689), (55.92844643204357, 26.06506566465783), (55.998444487653124, 26.032207309497796), (56.06844254326265, 25.945747049652102)

Record time: 2023-10-01T18:41:25Z
Event time: 2023-10-02T11:27:29.285Z
Status: Underway
Travel distance: 217.91630669546436
Num waypoints: 52
Waypoints: (52.4985417071748, 26.94533832055013), (52.56853976278436, 26.90912431040012), (52.63853781839393, 26.86827055683019), (52.708535874003495, 26.826290280137638), (52.77853392961306, 26.784848633825487), (52.84853198522264, 26.744335313161482), (52.918530040832216, 26.704351969836935), (52.98852809644179, 26.664114432725427), (53.058526152051364, 26.622769734741333), (53.12852420493523, 26.57962794443458), (53.198522260541196, 26.53886680981853), (53.268520316147175, 26.48946565665629), (53.33851837175316, 26.438956228863766), (53.40851642735913, 26.385674229674773), (53.47851448296509, 26.337475592182788), (53.54851253857108, 26.288562607607687), (53.618510594177046, 26.229243527397), (53.688508649783024, 26.16899711535282), (53.758506705388996, 26.103275298885276), (53.828504760994974, 26.04830826990128), (53.89850281660096, 26.007232370211664), (53.96850087220693, 25.974998164893822), (54.038498927812924, 25.961683790764173), (54.10849698341888, 25.962105990623325), (54.17849503902486, 25.976894294618404), (54.24849309463083, 25.980733674587555), (54.31849115023681, 25.97761806580552), (54.38848920584279, 25.970016583520003), (54.45848726144877, 25.966269559770033), (54.528485317054745, 25.970966533203086), (54.59848337266071, 25.986495571772476), (54.668481428266695, 26.003398644704912), (54.73847948387265, 26.017887262192822), (54.80847753947863, 26.02965608326665), (54.8784755950846, 26.04143809808608), (54.94847365069058, 26.048364814525275), (55.018471706296545, 26.05344252175988), (55.08846976190252, 26.066383701371176), (55.15846781750851, 26.09144050908346), (55.22846587311449, 26.11901920702584), (55.29846392872046, 26.129958706947768), (55.36846198432644, 26.106328708580925), (55.43846003993242, 26.066851136929515), (55.5084580983862, 26.047141190198378), (55.57845615399576, 26.034574541614095), (55.648454209605326, 26.032127153209657), (55.718452265214886, 26.03980262327932), (55.78845032082445, 26.053909358939187), (55.85844837643401, 26.06651322416689), (55.92844643204357, 26.06506566465783), (55.998444487653124, 26.032207309497796), (56.06844254326265, 25.945747049652102)

Record time: 2023-10-01T21:49:07Z
Event time: 2023-10-02T11:09:13.333Z
Status: Underway
Travel distance: 176.23326133909288
Num waypoints: 42
Waypoints: (53.19852226327043, 26.61243407428733), (53.26852031888003, 26.520993329690597), (53.3385183744896, 26.455323568543225), (53.40851643009916, 26.39909213322491), (53.47851448570872, 26.34329737661646), (53.54851254131829, 26.28439194602936), (53.61851059692786, 26.222623386973577), (53.68850865253744, 26.16059206676356), (53.75850670814702, 26.10202641796248), (53.828504760994974, 26.050775500328193), (53.89850281660096, 26.00543802081027), (53.96850087220693, 25.974998164893822), (54.038498927812924, 25.961683790764173), (54.10849698341888, 25.962105990623325), (54.17849503902486, 25.976894294618404), (54.24849309463083, 25.980733674587555), (54.31849115023681, 25.97761806580552), (54.38848920584279, 25.970016583520003), (54.45848726144877, 25.966269559770033), (54.528485317054745, 25.970966533203086), (54.59848337266071, 25.986495571772476), (54.668481428266695, 26.003398644704912), (54.73847948387265, 26.017887262192822), (54.80847753947863, 26.02965608326665), (54.8784755950846, 26.04143809808608), (54.94847365069058, 26.048364814525275), (55.018471706296545, 26.05344252175988), (55.08846976190252, 26.066383701371176), (55.15846781750851, 26.09144050908346), (55.22846587311449, 26.11901920702584), (55.29846392872046, 26.129958706947768), (55.36846198432644, 26.106328708580925), (55.43846003993242, 26.066851136929515), (55.5084580983862, 26.047141190198378), (55.57845615399576, 26.034574541614095), (55.648454209605326, 26.032127153209657), (55.718452265214886, 26.03980262327932), (55.78845032082445, 26.053909358939187), (55.85844837643401, 26.06651322416689), (55.92844643204357, 26.06506566465783), (55.998444487653124, 26.032207309497796), (56.06844254326265, 25.945747049652102)

Record time: 2023-10-01T22:58:36Z
Event time: 2023-10-02T11:39:32Z
Status: Underway
Travel distance: 161.62473002159828
Num waypoints: 39
Waypoints: (53.40851643009917, 26.459296839328307), (53.47851448570876, 26.403033304940617), (53.548512541318324, 26.330092876115614), (53.618510596927884, 26.25054238074544), (53.68850865253745, 26.17277963790395), (53.75850670814701, 26.10327014838096), (53.828504763756584, 26.046404036783553), (53.898502819366165, 26.004473245204373), (53.96850087497574, 25.977768978456997), (54.038498927812924, 25.96479939954621), (54.10849698341888, 25.964573221050234), (54.17849503902486, 25.97509994521701), (54.24849309463083, 25.980733674587555), (54.31849115023681, 25.97761806580552), (54.38848920584279, 25.970016583520003), (54.45848726144877, 25.966269559770033), (54.528485317054745, 25.970966533203086), (54.59848337266071, 25.986495571772476), (54.668481428266695, 26.003398644704912), (54.73847948387265, 26.017887262192822), (54.80847753947863, 26.02965608326665), (54.8784755950846, 26.04143809808608), (54.94847365069058, 26.048364814525275), (55.018471706296545, 26.05344252175988), (55.08846976190252, 26.066383701371176), (55.15846781750851, 26.09144050908346), (55.22846587311449, 26.11901920702584), (55.29846392872046, 26.129958706947768), (55.36846198432644, 26.106328708580925), (55.43846003993242, 26.066851136929515), (55.5084580983862, 26.047141190198378), (55.57845615399576, 26.034574541614095), (55.648454209605326, 26.032127153209657), (55.718452265214886, 26.03980262327932), (55.78845032082445, 26.053909358939187), (55.85844837643401, 26.06651322416689), (55.92844643204357, 26.06506566465783), (55.998444487653124, 26.032207309497796), (56.06844254326265, 25.945747049652102)

Record time: 2023-10-02T00:51:55Z
Event time: 2023-10-02T12:12:37.200Z
Status: Underway
Travel distance: 139.10529157667386
Num waypoints: 34
Waypoints: (53.758506708146975, 26.323251364999347), (53.82850476375656, 26.260832668422342), (53.898502819366115, 26.180002699577436), (53.96850087497567, 26.1032657904468), (54.03849893058522, 26.042043526709335), (54.10849698619479, 25.99997789619244), (54.17849504180436, 25.975744383915842), (54.24849309741394, 25.965375013727428), (54.31849115302352, 25.964091336531148), (54.38848920584279, 25.967647363774677), (54.45848726144877, 25.971352921467044), (54.528485317054745, 25.974755023010648), (54.59848337266071, 25.987168452798), (54.668481428266695, 26.001604295303522), (54.73847948387265, 26.017887262192822), (54.80847753947863, 26.02965608326665), (54.8784755950846, 26.04143809808608), (54.94847365069058, 26.048364814525275), (55.018471706296545, 26.05344252175988), (55.08846976190252, 26.066383701371176), (55.15846781750851, 26.09144050908346), (55.22846587311449, 26.11901920702584), (55.29846392872046, 26.129958706947768), (55.36846198432644, 26.106328708580925), (55.43846003993242, 26.066851136929515), (55.5084580983862, 26.047141190198378), (55.57845615399576, 26.034574541614095), (55.648454209605326, 26.032127153209657), (55.718452265214886, 26.03980262327932), (55.78845032082445, 26.053909358939187), (55.85844837643401, 26.06651322416689), (55.92844643204357, 26.06506566465783), (55.998444487653124, 26.032207309497796), (56.06844254326265, 25.945747049652102)

Record time: 2023-10-02T02:41:47Z
Event time: 2023-10-02T11:54:16.750Z
Status: Underway
Travel distance: 113.80723542116631
Num waypoints: 28
Waypoints: (54.178495041804375, 26.25315347440369), (54.248493097413956, 26.18745989597531), (54.318491153023515, 26.11403889496212), (54.388489208633075, 26.052476072664017), (54.45848726424264, 26.0112544934592), (54.52848531985221, 25.99127421068382), (54.598483375461775, 25.98883612644024), (54.66848143107135, 25.99809018533401), (54.73847948668093, 26.012947902139487), (54.80847753947863, 26.028459222058792), (54.8784755950846, 26.04161150159966), (54.94847365069058, 26.04968607390592), (55.018471706296545, 26.055909752186793), (55.08846976190252, 26.064589351969783), (55.15846781750851, 26.09144050908346), (55.22846587311449, 26.11901920702584), (55.29846392872046, 26.129958706947768), (55.36846198432644, 26.106328708580925), (55.43846003993242, 26.066851136929515), (55.5084580983862, 26.047141190198378), (55.57845615399576, 26.034574541614095), (55.648454209605326, 26.032127153209657), (55.718452265214886, 26.03980262327932), (55.78845032082445, 26.053909358939187), (55.85844837643401, 26.06651322416689), (55.92844643204357, 26.06506566465783), (55.998444487653124, 26.032207309497796), (56.06844254326265, 25.945747049652102)

Record time: 2023-10-02T03:42:46Z
Event time: 2023-10-02T11:38:00Z
Status: Underway
Travel distance: 99.03509719222463
Num waypoints: 25
Waypoints: (54.38848920863312, 26.19347213163223), (54.45848726424269, 26.162952073733404), (54.528485319852244, 26.182336758847605), (54.5984833754618, 26.203077401179964), (54.66848143107136, 26.203854278621048), (54.73847948668093, 26.18162684966069), (54.808477542290504, 26.144066574840686), (54.878475597900085, 26.103372442746196), (54.94847365350966, 26.071469200536), (55.018471706296545, 26.05658828767471), (55.08846976190252, 26.058050908615346), (55.15846781750851, 26.083305622511606), (55.22846587311449, 26.11600160892539), (55.29846392872046, 26.130780488816473), (55.36846198432644, 26.111911547789873), (55.43846003993242, 26.067524017955037), (55.5084580983862, 26.046722508671362), (55.57845615399576, 26.033553665553093), (55.648454209605326, 26.03125852497666), (55.718452265214886, 26.039657172229347), (55.78845032082445, 26.054522039930692), (55.85844837643401, 26.067293300091745), (55.92844643204357, 26.0651363511494), (55.998444487653124, 26.03134139997603), (56.06844254326265, 25.946065138864192)

Record time: 2023-10-02T04:32:14Z
Event time: 2023-10-02T11:20:55.750Z
Status: Underway
Travel distance: 89.57181425485962
Num waypoints: 22
Waypoints: (54.598483375461775, 26.16274448071279), (54.66848143107135, 26.22986654769068), (54.738479486680916, 26.19766969609249), (54.808477542290476, 26.13679443928744), (54.87847559790004, 26.08586289730683), (54.948473653509616, 26.06041473225627), (55.01847170911919, 26.060643395288764), (55.088469764728764, 26.077932685138695), (55.15846782033833, 26.10019361821666), (55.22846587311449, 26.11600160892539), (55.29846392872046, 26.130780488816473), (55.36846198432644, 26.111911547789873), (55.43846003993242, 26.067524017955037), (55.5084580983862, 26.046722508671362), (55.57845615399576, 26.033553665553093), (55.648454209605326, 26.03125852497666), (55.718452265214886, 26.039657172229347), (55.78845032082445, 26.054522039930692), (55.85844837643401, 26.067293300091745), (55.92844643204357, 26.0651363511494), (55.998444487653124, 26.03134139997603), (56.06844254326265, 25.946065138864192)

Record time: 2023-10-02T05:40:48Z
Event time: 2023-10-02T11:05:07.750Z
Status: Underway
Travel distance: 70.44438444924405
Num waypoints: 18
Waypoints: (54.87847559790008, 26.184945213756727), (54.94847365350959, 26.119359732657), (55.018471709119154, 26.101832469902142), (55.08846976472873, 26.109594790229636), (55.1584678203383, 26.123743390878868), (55.22846587594787, 26.130868134324245), (55.29846393155743, 26.12388825627239), (55.36846198716699, 26.102096948923347), (55.438460042987366, 26.070414319595013), (55.508458098597195, 26.028630017254805), (55.57845615399566, 26.019406719064754), (55.64845420960522, 26.02870613491892), (55.71845226521479, 26.04999554831908), (55.78845032082438, 26.071026161324795), (55.85844837643397, 26.077343935659773), (55.92844643204356, 26.057689966769065), (55.998444487653146, 26.011290390728075), (56.06844254326271, 25.95703582400361)

Record time: 2023-10-02T06:40:49Z
Event time: 2023-10-02T11:21:35Z
Status: Underway
Travel distance: 63.73596112311015
Num waypoints: 15
Waypoints: (55.08846976472876, 26.118337338194934), (55.15846782033832, 26.102172462577208), (55.22846587594789, 26.117644633599557), (55.29846393155745, 26.1299602240533), (55.36846198716702, 26.1199069128306), (55.43846004277658, 26.084954130299145), (55.50845809867343, 26.037210565127804), (55.57845615428335, 25.98623387312141), (55.64845420989328, 25.986562794121838), (55.71845226521487, 26.0350642417829), (55.78845032082444, 26.097916952398883), (55.858448376434005, 26.12035785291183), (55.92844643204356, 26.06327187015818), (55.998444487653096, 25.95768898690394), (56.06844254326259, 25.97835568450907)

Record time: 2023-10-02T07:28:16Z
Event time: 2023-10-02T11:38:30.750Z
Status: Underway
Travel distance: 52.30831533477322
Num waypoints: 12
Waypoints: (55.29846393155743, 26.11324360998328), (55.368461987167024, 26.119271352574945), (55.43846004277659, 26.107932975803095), (55.50845809838616, 26.04334425955675), (55.578456153995724, 25.980699511895875), (55.6484542096468, 25.976143425541615), (55.71845226525644, 26.04434072347333), (55.788450320824374, 26.10407095821329), (55.85844837643393, 26.11435239206531), (55.92844643204349, 26.05535654543819), (55.998444487653074, 25.966495581431367), (56.06844254326263, 25.976042627151074)

Record time: 2023-10-02T09:27:22Z
Event time: 2023-10-02T11:18:02Z
Status: Underway
Travel distance: 22.63768898488121
Num waypoints: 6
Waypoints: (55.718452265214864, 26.114352392065342), (55.78845032082444, 26.044340723453907), (55.858448376433984, 26.044340723453907), (55.92844643204356, 26.044340723453907), (55.99844448765313, 25.97432905484247), (56.06844254326268, 25.97432905484247)

Record time: 2023-10-02T10:11:17Z
Event time: 2023-10-02T11:02:22.250Z
Status: Underway
Travel distance: 15.083693304535638
Num waypoints: 4
Waypoints: (55.858448376433984, 26.114352392065342), (55.92844643204356, 26.044340723453907), (55.99844448765313, 25.97432905484247), (56.06844254326268, 25.97432905484247)

Record time: 2023-10-02T11:04:07Z
Event time: 2023-10-02T11:23:18.500Z
Status: Underway
Travel distance: 9.431965442764579
Num waypoints: 3
Waypoints: (55.92844643204356, 26.044340723453907), (55.99844448765313, 25.97432905484247), (56.06844254326268, 25.97432905484247)

Record time: 2023-10-03T10:04:47Z
Event time: 2023-10-03T10:04:47Z
Status: Arrived
Travel distance: N/A
Num waypoints: 0
Waypoints: 

