Record time: 2023-07-10T20:17:20Z
Event time: 2023-07-12T19:25:39Z
Status: Underway
Travel distance: 335.8223542116631
Num waypoints: 81
Waypoints: (50.46859809449738, 26.600143946049133), (50.53859615010696, 26.618480293834434), (50.60859420571653, 26.53363658196145), (50.67859226132609, 26.439181826135208), (50.74859031693565, 26.38107635347663), (50.818588372545214, 26.371885990102744), (50.88858642815479, 26.40296893545452), (50.95858448376436, 26.454635323372376), (51.028582539373936, 26.504279469919304), (51.09858059236195, 26.532484806590478), (51.16857864796792, 26.522612115241223), (51.2385767035739, 26.480452443591734), (51.308574759179876, 26.408964960297656), (51.37857281478584, 26.331227411231517), (51.448570870391826, 26.25370284691575), (51.5185689259978, 26.171941205442074), (51.58856698160376, 26.09784324534031), (51.658565037209755, 26.035777981224335), (51.728563092815726, 26.003146078717737), (51.79856114842171, 25.987313583999587), (51.86855920402767, 25.990253904447243), (51.93855725963364, 26.005439905631075), (52.00855531523963, 26.024885601822408), (52.0785533708456, 26.05009696484027), (52.14855142645157, 26.067209252881476), (52.21854948205756, 26.07545345905972), (52.288547537663526, 26.082118185407744), (52.358545593269504, 26.097066699170803), (52.428543648875475, 26.109417929871764), (52.49854170448145, 26.128995563519084), (52.568539760087425, 26.145791201665926), (52.6385378156934, 26.163894905447815), (52.708535871299375, 26.17781430705419), (52.778533926905354, 26.186827520118744), (52.848531982511325, 26.1820513842121), (52.91853003811731, 26.15781258872692), (52.98852809372327, 26.138189719380406), (53.058526149329246, 26.12642089830658), (53.12852420493523, 26.121567484747143), (53.198522260541196, 26.117714911032394), (53.268520316147175, 26.101235922779914), (53.33851837175316, 26.078199642965), (53.40851642735913, 26.047456330899777), (53.47851448296509, 26.012449554185455), (53.54851253857108, 25.98066582103876), (53.618510594177046, 25.96649573826601), (53.688508649783024, 25.96307855815601), (53.758506705388996, 25.968844224982536), (53.828504760994974, 25.976945184779996), (53.89850281660096, 25.97991189271885), (53.96850087220693, 25.97500193453542), (54.038498927812924, 25.972534704108508), (54.10849698341888, 25.972534704108508), (54.17849503902486, 25.976796283936814), (54.24849309463083, 25.977444662291937), (54.31849115023681, 25.973829575997957), (54.38848920584279, 25.96934370249448), (54.45848726144877, 25.968063909171427), (54.528485317054745, 25.970966533203086), (54.59848337266071, 25.986495571772476), (54.668481428266695, 26.003398644704912), (54.73847948387265, 26.017887262192822), (54.80847753947863, 26.02965608326665), (54.8784755950846, 26.04143809808608), (54.94847365069058, 26.048364814525275), (55.018471706296545, 26.05344252175988), (55.08846976190252, 26.066383701371176), (55.15846781750851, 26.09144050908346), (55.22846587311449, 26.11901920702584), (55.29846392872046, 26.129958706947768), (55.36846198432644, 26.106328708580925), (55.43846003993242, 26.066851136929515), (55.5084580983862, 26.047141190198378), (55.57845615399576, 26.034574541614095), (55.648454209605326, 26.032127153209657), (55.718452265214886, 26.03980262327932), (55.78845032082445, 26.053909358939187), (55.85844837643401, 26.06651322416689), (55.92844643204357, 26.06506566465783), (55.998444487653124, 26.032207309497796), (56.06844254326265, 25.945747049652102)

Record time: 2023-07-10T23:18:38Z
Event time: 2023-07-12T19:26:36.909Z
Status: Underway
Travel distance: 314.4643628509719
Num waypoints: 77
Waypoints: (50.748590316935626, 26.612234831594034), (50.81858837254521, 26.506475994386847), (50.888586428154774, 26.48173275231544), (50.95858448376434, 26.494546278155035), (51.02858253937391, 26.514868244671955), (51.098580594983474, 26.523749091912613), (51.168578650593055, 26.511197813185213), (51.23857670620263, 26.47421325973432), (51.3085747618122, 26.414986964108152), (51.37857281478584, 26.33927748086738), (51.448570870391826, 26.252581378539883), (51.5185689259978, 26.170146856040684), (51.58856698160376, 26.09784324534031), (51.658565037209755, 26.035777981224335), (51.728563092815726, 26.003146078717737), (51.79856114842171, 25.987313583999587), (51.86855920402767, 25.990253904447243), (51.93855725963364, 26.005439905631075), (52.00855531523963, 26.024885601822408), (52.0785533708456, 26.05009696484027), (52.14855142645157, 26.067209252881476), (52.21854948205756, 26.07545345905972), (52.288547537663526, 26.082118185407744), (52.358545593269504, 26.097066699170803), (52.428543648875475, 26.109417929871764), (52.49854170448145, 26.128995563519084), (52.568539760087425, 26.145791201665926), (52.6385378156934, 26.163894905447815), (52.708535871299375, 26.17781430705419), (52.778533926905354, 26.186827520118744), (52.848531982511325, 26.1820513842121), (52.91853003811731, 26.15781258872692), (52.98852809372327, 26.138189719380406), (53.058526149329246, 26.12642089830658), (53.12852420493523, 26.121567484747143), (53.198522260541196, 26.117714911032394), (53.268520316147175, 26.101235922779914), (53.33851837175316, 26.078199642965), (53.40851642735913, 26.047456330899777), (53.47851448296509, 26.012449554185455), (53.54851253857108, 25.98066582103876), (53.618510594177046, 25.96649573826601), (53.688508649783024, 25.96307855815601), (53.758506705388996, 25.968844224982536), (53.828504760994974, 25.976945184779996), (53.89850281660096, 25.97991189271885), (53.96850087220693, 25.97500193453542), (54.038498927812924, 25.972534704108508), (54.10849698341888, 25.972534704108508), (54.17849503902486, 25.976796283936814), (54.24849309463083, 25.977444662291937), (54.31849115023681, 25.973829575997957), (54.38848920584279, 25.96934370249448), (54.45848726144877, 25.968063909171427), (54.528485317054745, 25.970966533203086), (54.59848337266071, 25.986495571772476), (54.668481428266695, 26.003398644704912), (54.73847948387265, 26.017887262192822), (54.80847753947863, 26.02965608326665), (54.8784755950846, 26.04143809808608), (54.94847365069058, 26.048364814525275), (55.018471706296545, 26.05344252175988), (55.08846976190252, 26.066383701371176), (55.15846781750851, 26.09144050908346), (55.22846587311449, 26.11901920702584), (55.29846392872046, 26.129958706947768), (55.36846198432644, 26.106328708580925), (55.43846003993242, 26.066851136929515), (55.5084580983862, 26.047141190198378), (55.57845615399576, 26.034574541614095), (55.648454209605326, 26.032127153209657), (55.718452265214886, 26.03980262327932), (55.78845032082445, 26.053909358939187), (55.85844837643401, 26.06651322416689), (55.92844643204357, 26.06506566465783), (55.998444487653124, 26.032207309497796), (56.06844254326265, 25.945747049652102)

Record time: 2023-07-11T00:22:29Z
Event time: 2023-07-12T18:51:45.272Z
Status: Underway
Travel distance: 304.7850971922246
Num waypoints: 75
Waypoints: (50.88858642815477, 26.602799932711914), (50.95858448376434, 26.524211701187436), (51.02858253937391, 26.507671770394914), (51.09858059498347, 26.508769050237238), (51.168578650593034, 26.500866310760156), (51.2385767062026, 26.471124152674896), (51.308574761812174, 26.416917020607233), (51.37857281742175, 26.34264125907288), (51.44857087303132, 26.256915211179273), (51.5185689259978, 26.17017135871108), (51.58856698160376, 26.091787316110615), (51.658565037209755, 26.03757233062573), (51.728563092815726, 26.003146078717737), (51.79856114842171, 25.987313583999587), (51.86855920402767, 25.990253904447243), (51.93855725963364, 26.005439905631075), (52.00855531523963, 26.024885601822408), (52.0785533708456, 26.05009696484027), (52.14855142645157, 26.067209252881476), (52.21854948205756, 26.07545345905972), (52.288547537663526, 26.082118185407744), (52.358545593269504, 26.097066699170803), (52.428543648875475, 26.109417929871764), (52.49854170448145, 26.128995563519084), (52.568539760087425, 26.145791201665926), (52.6385378156934, 26.163894905447815), (52.708535871299375, 26.17781430705419), (52.778533926905354, 26.186827520118744), (52.848531982511325, 26.1820513842121), (52.91853003811731, 26.15781258872692), (52.98852809372327, 26.138189719380406), (53.058526149329246, 26.12642089830658), (53.12852420493523, 26.121567484747143), (53.198522260541196, 26.117714911032394), (53.268520316147175, 26.101235922779914), (53.33851837175316, 26.078199642965), (53.40851642735913, 26.047456330899777), (53.47851448296509, 26.012449554185455), (53.54851253857108, 25.98066582103876), (53.618510594177046, 25.96649573826601), (53.688508649783024, 25.96307855815601), (53.758506705388996, 25.968844224982536), (53.828504760994974, 25.976945184779996), (53.89850281660096, 25.97991189271885), (53.96850087220693, 25.97500193453542), (54.038498927812924, 25.972534704108508), (54.10849698341888, 25.972534704108508), (54.17849503902486, 25.976796283936814), (54.24849309463083, 25.977444662291937), (54.31849115023681, 25.973829575997957), (54.38848920584279, 25.96934370249448), (54.45848726144877, 25.968063909171427), (54.528485317054745, 25.970966533203086), (54.59848337266071, 25.986495571772476), (54.668481428266695, 26.003398644704912), (54.73847948387265, 26.017887262192822), (54.80847753947863, 26.02965608326665), (54.8784755950846, 26.04143809808608), (54.94847365069058, 26.048364814525275), (55.018471706296545, 26.05344252175988), (55.08846976190252, 26.066383701371176), (55.15846781750851, 26.09144050908346), (55.22846587311449, 26.11901920702584), (55.29846392872046, 26.129958706947768), (55.36846198432644, 26.106328708580925), (55.43846003993242, 26.066851136929515), (55.5084580983862, 26.047141190198378), (55.57845615399576, 26.034574541614095), (55.648454209605326, 26.032127153209657), (55.718452265214886, 26.03980262327932), (55.78845032082445, 26.053909358939187), (55.85844837643401, 26.06651322416689), (55.92844643204357, 26.06506566465783), (55.998444487653124, 26.032207309497796), (56.06844254326265, 25.945747049652102)

Record time: 2023-07-11T03:34:29Z
Event time: 2023-07-12T18:26:29.727Z
Status: Underway
Travel distance: 283.7597192224622
Num waypoints: 70
Waypoints: (51.23857670620259, 26.52954911388219), (51.308574761812146, 26.470583180547422), (51.378572817421706, 26.401667963599483), (51.44857087303127, 26.32508966499495), (51.518568928640846, 26.24582035633023), (51.58856698425041, 26.16996582891285), (51.65856503985999, 26.103503706235948), (51.72856309546956, 26.051311818855936), (51.79856115107913, 26.016486841673334), (51.86855920402767, 25.999953192282913), (51.93855725963364, 26.003871734725656), (52.00855531523963, 26.01862045748394), (52.0785533708456, 26.04511161382485), (52.14855142645157, 26.066709775369535), (52.21854948205756, 26.078569067841755), (52.288547537663526, 26.084585415834656), (52.358545593269504, 26.09527234976941), (52.428543648875475, 26.109417929871764), (52.49854170448145, 26.128995563519084), (52.568539760087425, 26.145791201665926), (52.6385378156934, 26.163894905447815), (52.708535871299375, 26.17781430705419), (52.778533926905354, 26.186827520118744), (52.848531982511325, 26.1820513842121), (52.91853003811731, 26.15781258872692), (52.98852809372327, 26.138189719380406), (53.058526149329246, 26.12642089830658), (53.12852420493523, 26.121567484747143), (53.198522260541196, 26.117714911032394), (53.268520316147175, 26.101235922779914), (53.33851837175316, 26.078199642965), (53.40851642735913, 26.047456330899777), (53.47851448296509, 26.012449554185455), (53.54851253857108, 25.98066582103876), (53.618510594177046, 25.96649573826601), (53.688508649783024, 25.96307855815601), (53.758506705388996, 25.968844224982536), (53.828504760994974, 25.976945184779996), (53.89850281660096, 25.97991189271885), (53.96850087220693, 25.97500193453542), (54.038498927812924, 25.972534704108508), (54.10849698341888, 25.972534704108508), (54.17849503902486, 25.976796283936814), (54.24849309463083, 25.977444662291937), (54.31849115023681, 25.973829575997957), (54.38848920584279, 25.96934370249448), (54.45848726144877, 25.968063909171427), (54.528485317054745, 25.970966533203086), (54.59848337266071, 25.986495571772476), (54.668481428266695, 26.003398644704912), (54.73847948387265, 26.017887262192822), (54.80847753947863, 26.02965608326665), (54.8784755950846, 26.04143809808608), (54.94847365069058, 26.048364814525275), (55.018471706296545, 26.05344252175988), (55.08846976190252, 26.066383701371176), (55.15846781750851, 26.09144050908346), (55.22846587311449, 26.11901920702584), (55.29846392872046, 26.129958706947768), (55.36846198432644, 26.106328708580925), (55.43846003993242, 26.066851136929515), (55.5084580983862, 26.047141190198378), (55.57845615399576, 26.034574541614095), (55.648454209605326, 26.032127153209657), (55.718452265214886, 26.03980262327932), (55.78845032082445, 26.053909358939187), (55.85844837643401, 26.06651322416689), (55.92844643204357, 26.06506566465783), (55.998444487653124, 26.032207309497796), (56.06844254326265, 25.945747049652102)

Record time: 2023-07-11T06:44:09Z
Event time: 2023-07-12T18:29:29.666Z
Status: Underway
Travel distance: 262.89200863930887
Num waypoints: 66
Waypoints: (51.51856892864086, 26.3225808142977), (51.58856698425043, 26.26216852659689), (51.658565039859994, 26.178415988889164), (51.72856309546957, 26.10182037277959), (51.79856115107914, 26.047251800621446), (51.868559206688715, 26.018609041374017), (51.93855726229829, 26.012805341148084), (52.00855531790786, 26.023084388439138), (52.07855337351743, 26.041666414048343), (52.14855142645157, 26.061724424354114), (52.21854948205756, 26.078069590329815), (52.288547537663526, 26.087701024616692), (52.358545593269504, 26.097739580196322), (52.428543648875475, 26.10762358047037), (52.49854170448145, 26.128995563519084), (52.568539760087425, 26.145791201665926), (52.6385378156934, 26.163894905447815), (52.708535871299375, 26.17781430705419), (52.778533926905354, 26.186827520118744), (52.848531982511325, 26.1820513842121), (52.91853003811731, 26.15781258872692), (52.98852809372327, 26.138189719380406), (53.058526149329246, 26.12642089830658), (53.12852420493523, 26.121567484747143), (53.198522260541196, 26.117714911032394), (53.268520316147175, 26.101235922779914), (53.33851837175316, 26.078199642965), (53.40851642735913, 26.047456330899777), (53.47851448296509, 26.012449554185455), (53.54851253857108, 25.98066582103876), (53.618510594177046, 25.96649573826601), (53.688508649783024, 25.96307855815601), (53.758506705388996, 25.968844224982536), (53.828504760994974, 25.976945184779996), (53.89850281660096, 25.97991189271885), (53.96850087220693, 25.97500193453542), (54.038498927812924, 25.972534704108508), (54.10849698341888, 25.972534704108508), (54.17849503902486, 25.976796283936814), (54.24849309463083, 25.977444662291937), (54.31849115023681, 25.973829575997957), (54.38848920584279, 25.96934370249448), (54.45848726144877, 25.968063909171427), (54.528485317054745, 25.970966533203086), (54.59848337266071, 25.986495571772476), (54.668481428266695, 26.003398644704912), (54.73847948387265, 26.017887262192822), (54.80847753947863, 26.02965608326665), (54.8784755950846, 26.04143809808608), (54.94847365069058, 26.048364814525275), (55.018471706296545, 26.05344252175988), (55.08846976190252, 26.066383701371176), (55.15846781750851, 26.09144050908346), (55.22846587311449, 26.11901920702584), (55.29846392872046, 26.129958706947768), (55.36846198432644, 26.106328708580925), (55.43846003993242, 26.066851136929515), (55.5084580983862, 26.047141190198378), (55.57845615399576, 26.034574541614095), (55.648454209605326, 26.032127153209657), (55.718452265214886, 26.03980262327932), (55.78845032082445, 26.053909358939187), (55.85844837643401, 26.06651322416689), (55.92844643204357, 26.06506566465783), (55.998444487653124, 26.032207309497796), (56.06844254326265, 25.945747049652102)

Record time: 2023-07-11T08:36:49Z
Event time: 2023-07-12T17:56:53Z
Status: Underway
Travel distance: 249.01187904967603
Num waypoints: 63
Waypoints: (51.72856309546959, 26.258396120593282), (51.798561151079156, 26.176561553685197), (51.868559206688715, 26.108357839454474), (51.938557262298275, 26.062396981156773), (52.00855531790784, 26.039748871617046), (52.078553373517416, 26.036796608259262), (52.14855142912699, 26.04759779660451), (52.218549484736556, 26.06575184223742), (52.28854754034613, 26.085773231240974), (52.358545593269504, 26.103970797760397), (52.428543648875475, 26.1125580413242), (52.49854170448145, 26.125406864716304), (52.568539760087425, 26.145791201665926), (52.6385378156934, 26.163894905447815), (52.708535871299375, 26.17781430705419), (52.778533926905354, 26.186827520118744), (52.848531982511325, 26.1820513842121), (52.91853003811731, 26.15781258872692), (52.98852809372327, 26.138189719380406), (53.058526149329246, 26.12642089830658), (53.12852420493523, 26.121567484747143), (53.198522260541196, 26.117714911032394), (53.268520316147175, 26.101235922779914), (53.33851837175316, 26.078199642965), (53.40851642735913, 26.047456330899777), (53.47851448296509, 26.012449554185455), (53.54851253857108, 25.98066582103876), (53.618510594177046, 25.96649573826601), (53.688508649783024, 25.96307855815601), (53.758506705388996, 25.968844224982536), (53.828504760994974, 25.976945184779996), (53.89850281660096, 25.97991189271885), (53.96850087220693, 25.97500193453542), (54.038498927812924, 25.972534704108508), (54.10849698341888, 25.972534704108508), (54.17849503902486, 25.976796283936814), (54.24849309463083, 25.977444662291937), (54.31849115023681, 25.973829575997957), (54.38848920584279, 25.96934370249448), (54.45848726144877, 25.968063909171427), (54.528485317054745, 25.970966533203086), (54.59848337266071, 25.986495571772476), (54.668481428266695, 26.003398644704912), (54.73847948387265, 26.017887262192822), (54.80847753947863, 26.02965608326665), (54.8784755950846, 26.04143809808608), (54.94847365069058, 26.048364814525275), (55.018471706296545, 26.05344252175988), (55.08846976190252, 26.066383701371176), (55.15846781750851, 26.09144050908346), (55.22846587311449, 26.11901920702584), (55.29846392872046, 26.129958706947768), (55.36846198432644, 26.106328708580925), (55.43846003993242, 26.066851136929515), (55.5084580983862, 26.047141190198378), (55.57845615399576, 26.034574541614095), (55.648454209605326, 26.032127153209657), (55.718452265214886, 26.03980262327932), (55.78845032082445, 26.053909358939187), (55.85844837643401, 26.06651322416689), (55.92844643204357, 26.06506566465783), (55.998444487653124, 26.032207309497796), (56.06844254326265, 25.945747049652102)

Record time: 2023-07-11T09:30:07Z
Event time: 2023-07-12T17:23:40Z
Status: Underway
Travel distance: 243.64092872570194
Num waypoints: 62
Waypoints: (51.79856115107914, 26.191307843311932), (51.86855920668872, 26.096918462209544), (51.938557262298296, 26.05435291438916), (52.00855531790786, 26.041605831338543), (52.07855337351744, 26.044444845524147), (52.148551429127004, 26.05445150765173), (52.21854948473658, 26.067312131165018), (52.288547540346144, 26.081358563982445), (52.35854559595571, 26.096358887471958), (52.428543648875475, 26.1125580413242), (52.49854170448145, 26.125406864716304), (52.568539760087425, 26.145791201665926), (52.6385378156934, 26.163894905447815), (52.708535871299375, 26.17781430705419), (52.778533926905354, 26.186827520118744), (52.848531982511325, 26.1820513842121), (52.91853003811731, 26.15781258872692), (52.98852809372327, 26.138189719380406), (53.058526149329246, 26.12642089830658), (53.12852420493523, 26.121567484747143), (53.198522260541196, 26.117714911032394), (53.268520316147175, 26.101235922779914), (53.33851837175316, 26.078199642965), (53.40851642735913, 26.047456330899777), (53.47851448296509, 26.012449554185455), (53.54851253857108, 25.98066582103876), (53.618510594177046, 25.96649573826601), (53.688508649783024, 25.96307855815601), (53.758506705388996, 25.968844224982536), (53.828504760994974, 25.976945184779996), (53.89850281660096, 25.97991189271885), (53.96850087220693, 25.97500193453542), (54.038498927812924, 25.972534704108508), (54.10849698341888, 25.972534704108508), (54.17849503902486, 25.976796283936814), (54.24849309463083, 25.977444662291937), (54.31849115023681, 25.973829575997957), (54.38848920584279, 25.96934370249448), (54.45848726144877, 25.968063909171427), (54.528485317054745, 25.970966533203086), (54.59848337266071, 25.986495571772476), (54.668481428266695, 26.003398644704912), (54.73847948387265, 26.017887262192822), (54.80847753947863, 26.02965608326665), (54.8784755950846, 26.04143809808608), (54.94847365069058, 26.048364814525275), (55.018471706296545, 26.05344252175988), (55.08846976190252, 26.066383701371176), (55.15846781750851, 26.09144050908346), (55.22846587311449, 26.11901920702584), (55.29846392872046, 26.129958706947768), (55.36846198432644, 26.106328708580925), (55.43846003993242, 26.066851136929515), (55.5084580983862, 26.047141190198378), (55.57845615399576, 26.034574541614095), (55.648454209605326, 26.032127153209657), (55.718452265214886, 26.03980262327932), (55.78845032082445, 26.053909358939187), (55.85844837643401, 26.06651322416689), (55.92844643204357, 26.06506566465783), (55.998444487653124, 26.032207309497796), (56.06844254326265, 25.945747049652102)

Record time: 2023-07-11T10:17:48Z
Event time: 2023-07-12T16:51:16Z
Status: Underway
Travel distance: 234.09935205183587
Num waypoints: 60
Waypoints: (51.93855726229831, 26.11384787694141), (52.00855531790788, 26.046906798452955), (52.07855337351744, 26.035930161849134), (52.148551429127, 26.049129950297996), (52.218549484736556, 26.068833569937848), (52.28854754034613, 26.087137641594854), (52.358545595955704, 26.102242401291413), (52.42854365156528, 26.115466709545405), (52.49854170717485, 26.12894366946025), (52.568539760087425, 26.143996852264532), (52.6385378156934, 26.163894905447815), (52.708535871299375, 26.17781430705419), (52.778533926905354, 26.186827520118744), (52.848531982511325, 26.1820513842121), (52.91853003811731, 26.15781258872692), (52.98852809372327, 26.138189719380406), (53.058526149329246, 26.12642089830658), (53.12852420493523, 26.121567484747143), (53.198522260541196, 26.117714911032394), (53.268520316147175, 26.101235922779914), (53.33851837175316, 26.078199642965), (53.40851642735913, 26.047456330899777), (53.47851448296509, 26.012449554185455), (53.54851253857108, 25.98066582103876), (53.618510594177046, 25.96649573826601), (53.688508649783024, 25.96307855815601), (53.758506705388996, 25.968844224982536), (53.828504760994974, 25.976945184779996), (53.89850281660096, 25.97991189271885), (53.96850087220693, 25.97500193453542), (54.038498927812924, 25.972534704108508), (54.10849698341888, 25.972534704108508), (54.17849503902486, 25.976796283936814), (54.24849309463083, 25.977444662291937), (54.31849115023681, 25.973829575997957), (54.38848920584279, 25.96934370249448), (54.45848726144877, 25.968063909171427), (54.528485317054745, 25.970966533203086), (54.59848337266071, 25.986495571772476), (54.668481428266695, 26.003398644704912), (54.73847948387265, 26.017887262192822), (54.80847753947863, 26.02965608326665), (54.8784755950846, 26.04143809808608), (54.94847365069058, 26.048364814525275), (55.018471706296545, 26.05344252175988), (55.08846976190252, 26.066383701371176), (55.15846781750851, 26.09144050908346), (55.22846587311449, 26.11901920702584), (55.29846392872046, 26.129958706947768), (55.36846198432644, 26.106328708580925), (55.43846003993242, 26.066851136929515), (55.5084580983862, 26.047141190198378), (55.57845615399576, 26.034574541614095), (55.648454209605326, 26.032127153209657), (55.718452265214886, 26.03980262327932), (55.78845032082445, 26.053909358939187), (55.85844837643401, 26.06651322416689), (55.92844643204357, 26.06506566465783), (55.998444487653124, 26.032207309497796), (56.06844254326265, 25.945747049652102)

Record time: 2023-07-11T11:53:59Z
Event time: 2023-07-12T16:18:26.166Z
Status: Underway
Travel distance: 224.8196544276458
Num waypoints: 58
Waypoints: (52.07855337351741, 26.034649488942986), (52.148551429126975, 26.05830616038115), (52.21854948473655, 26.070318066222985), (52.288547540346116, 26.08084396221146), (52.35854559595569, 26.094553063509913), (52.428543651565256, 26.112262011566724), (52.49854170717482, 26.132352259356836), (52.56853976278439, 26.151967875000068), (52.63853781839396, 26.167993763756257), (52.708535871299375, 26.17781430705419), (52.778533926905354, 26.186827520118744), (52.848531982511325, 26.1820513842121), (52.91853003811731, 26.15781258872692), (52.98852809372327, 26.138189719380406), (53.058526149329246, 26.12642089830658), (53.12852420493523, 26.121567484747143), (53.198522260541196, 26.117714911032394), (53.268520316147175, 26.101235922779914), (53.33851837175316, 26.078199642965), (53.40851642735913, 26.047456330899777), (53.47851448296509, 26.012449554185455), (53.54851253857108, 25.98066582103876), (53.618510594177046, 25.96649573826601), (53.688508649783024, 25.96307855815601), (53.758506705388996, 25.968844224982536), (53.828504760994974, 25.976945184779996), (53.89850281660096, 25.97991189271885), (53.96850087220693, 25.97500193453542), (54.038498927812924, 25.972534704108508), (54.10849698341888, 25.972534704108508), (54.17849503902486, 25.976796283936814), (54.24849309463083, 25.977444662291937), (54.31849115023681, 25.973829575997957), (54.38848920584279, 25.96934370249448), (54.45848726144877, 25.968063909171427), (54.528485317054745, 25.970966533203086), (54.59848337266071, 25.986495571772476), (54.668481428266695, 26.003398644704912), (54.73847948387265, 26.017887262192822), (54.80847753947863, 26.02965608326665), (54.8784755950846, 26.04143809808608), (54.94847365069058, 26.048364814525275), (55.018471706296545, 26.05344252175988), (55.08846976190252, 26.066383701371176), (55.15846781750851, 26.09144050908346), (55.22846587311449, 26.11901920702584), (55.29846392872046, 26.129958706947768), (55.36846198432644, 26.106328708580925), (55.43846003993242, 26.066851136929515), (55.5084580983862, 26.047141190198378), (55.57845615399576, 26.034574541614095), (55.648454209605326, 26.032127153209657), (55.718452265214886, 26.03980262327932), (55.78845032082445, 26.053909358939187), (55.85844837643401, 26.06651322416689), (55.92844643204357, 26.06506566465783), (55.998444487653124, 26.032207309497796), (56.06844254326265, 25.945747049652102)

Record time: 2023-07-11T14:31:48Z
Event time: 2023-07-12T16:54:19.090Z
Status: Underway
Travel distance: 215.77159827213822
Num waypoints: 54
Waypoints: (52.358545595955654, 25.909569936297196), (52.42854365156525, 25.961543538582298), (52.49854170717483, 26.047010577828537), (52.5685397627844, 26.124461388539217), (52.638537818393964, 26.175109704780954), (52.70853587400354, 26.19559538797488), (52.778533929613104, 26.191811261812862), (52.84853198522268, 26.17385405429883), (52.91853004083225, 26.15209944691508), (52.98852809372327, 26.13440122957285), (53.058526149329246, 26.125748017281058), (53.12852420493523, 26.123361834148533), (53.198522260541196, 26.117714911032394), (53.268520316147175, 26.101235922779914), (53.33851837175316, 26.078199642965), (53.40851642735913, 26.047456330899777), (53.47851448296509, 26.012449554185455), (53.54851253857108, 25.98066582103876), (53.618510594177046, 25.96649573826601), (53.688508649783024, 25.96307855815601), (53.758506705388996, 25.968844224982536), (53.828504760994974, 25.976945184779996), (53.89850281660096, 25.97991189271885), (53.96850087220693, 25.97500193453542), (54.038498927812924, 25.972534704108508), (54.10849698341888, 25.972534704108508), (54.17849503902486, 25.976796283936814), (54.24849309463083, 25.977444662291937), (54.31849115023681, 25.973829575997957), (54.38848920584279, 25.96934370249448), (54.45848726144877, 25.968063909171427), (54.528485317054745, 25.970966533203086), (54.59848337266071, 25.986495571772476), (54.668481428266695, 26.003398644704912), (54.73847948387265, 26.017887262192822), (54.80847753947863, 26.02965608326665), (54.8784755950846, 26.04143809808608), (54.94847365069058, 26.048364814525275), (55.018471706296545, 26.05344252175988), (55.08846976190252, 26.066383701371176), (55.15846781750851, 26.09144050908346), (55.22846587311449, 26.11901920702584), (55.29846392872046, 26.129958706947768), (55.36846198432644, 26.106328708580925), (55.43846003993242, 26.066851136929515), (55.5084580983862, 26.047141190198378), (55.57845615399576, 26.034574541614095), (55.648454209605326, 26.032127153209657), (55.718452265214886, 26.03980262327932), (55.78845032082445, 26.053909358939187), (55.85844837643401, 26.06651322416689), (55.92844643204357, 26.06506566465783), (55.998444487653124, 26.032207309497796), (56.06844254326265, 25.945747049652102)

Record time: 2023-07-11T16:22:19Z
Event time: 2023-07-12T17:24:30.800Z
Status: Underway
Travel distance: 196.27969762419008
Num waypoints: 51
Waypoints: (52.56853976278438, 25.837585065925087), (52.63853781839393, 25.84539592324399), (52.708535874003495, 25.850418787905166), (52.77853392961307, 25.861430842005287), (52.84853198522264, 25.88057752565666), (52.918530040832216, 25.905845610358732), (52.98852809644178, 25.933124627506935), (53.05852615205135, 25.957856652038796), (53.12852420766092, 25.976274441217395), (53.198522260541196, 25.986227927218916), (53.268520316147175, 25.98407546186556), (53.33851837175316, 25.969918572838413), (53.40851642735913, 25.96874621430095), (53.47851448296509, 25.97365617248438), (53.54851253857108, 25.976123402911288), (53.618510594177046, 25.9743290535099), (53.688508649783024, 25.9743290535099), (53.758506705388996, 25.9743290535099), (53.828504760994974, 25.9743290535099), (53.89850281660096, 25.9743290535099), (53.96850087220693, 25.9743290535099), (54.038498927812924, 25.9743290535099), (54.10849698341888, 25.972534704108508), (54.17849503902486, 25.976796283936814), (54.24849309463083, 25.977444662291937), (54.31849115023681, 25.973829575997957), (54.38848920584279, 25.96934370249448), (54.45848726144877, 25.968063909171427), (54.528485317054745, 25.970966533203086), (54.59848337266071, 25.986495571772476), (54.668481428266695, 26.003398644704912), (54.73847948387265, 26.017887262192822), (54.80847753947863, 26.02965608326665), (54.8784755950846, 26.04143809808608), (54.94847365069058, 26.048364814525275), (55.018471706296545, 26.05344252175988), (55.08846976190252, 26.066383701371176), (55.15846781750851, 26.09144050908346), (55.22846587311449, 26.11901920702584), (55.29846392872046, 26.129958706947768), (55.36846198432644, 26.106328708580925), (55.43846003993242, 26.066851136929515), (55.5084580983862, 26.047141190198378), (55.57845615399576, 26.034574541614095), (55.648454209605326, 26.032127153209657), (55.718452265214886, 26.03980262327932), (55.78845032082445, 26.053909358939187), (55.85844837643401, 26.06651322416689), (55.92844643204357, 26.06506566465783), (55.998444487653124, 26.032207309497796), (56.06844254326265, 25.945747049652102)

Record time: 2023-07-11T17:34:49Z
Event time: 2023-07-12T18:02:15.300Z
Status: Underway
Travel distance: 193.72570194384448
Num waypoints: 49
Waypoints: (52.70853587400349, 25.755600193125574), (52.77853392961309, 25.71747725931576), (52.84853198522266, 25.68770014066045), (52.918530040832216, 25.67676189157358), (52.98852809644177, 25.687577644443184), (53.058526152051336, 25.71784968277107), (53.12852420766091, 25.76210889058118), (53.19852226327049, 25.813432578096574), (53.268520318880064, 25.864838683685125), (53.33851837175316, 25.910356350744554), (53.40851642735913, 25.949926278615145), (53.47851448296509, 25.97168276510701), (53.54851253857108, 25.979546237483692), (53.618510594177046, 25.979996709654838), (53.688508649783024, 25.979141001011737), (53.758506705388996, 25.973507271641193), (53.828504760994974, 25.96874621430095), (53.89850281660096, 25.97365617248438), (53.96850087220693, 25.976123402911288), (54.038498927812924, 25.9743290535099), (54.10849698341888, 25.972534704108508), (54.17849503902486, 25.976796283936814), (54.24849309463083, 25.977444662291937), (54.31849115023681, 25.973829575997957), (54.38848920584279, 25.96934370249448), (54.45848726144877, 25.968063909171427), (54.528485317054745, 25.970966533203086), (54.59848337266071, 25.986495571772476), (54.668481428266695, 26.003398644704912), (54.73847948387265, 26.017887262192822), (54.80847753947863, 26.02965608326665), (54.8784755950846, 26.04143809808608), (54.94847365069058, 26.048364814525275), (55.018471706296545, 26.05344252175988), (55.08846976190252, 26.066383701371176), (55.15846781750851, 26.09144050908346), (55.22846587311449, 26.11901920702584), (55.29846392872046, 26.129958706947768), (55.36846198432644, 26.106328708580925), (55.43846003993242, 26.066851136929515), (55.5084580983862, 26.047141190198378), (55.57845615399576, 26.034574541614095), (55.648454209605326, 26.032127153209657), (55.718452265214886, 26.03980262327932), (55.78845032082445, 26.053909358939187), (55.85844837643401, 26.06651322416689), (55.92844643204357, 26.06506566465783), (55.998444487653124, 26.032207309497796), (56.06844254326265, 25.945747049652102)

Record time: 2023-07-11T18:43:59Z
Event time: 2023-07-12T18:34:43.100Z
Status: Underway
Travel distance: 186.19114470842334
Num waypoints: 48
Waypoints: (52.85651295762091, 25.758159471346595), (52.892870785487226, 25.84753418961408), (52.938813119324465, 25.910713325710173), (52.99372254337272, 25.950971327406307), (53.05605260589376, 25.972873744721824), (53.12378913358782, 25.981491259650426), (53.19482825312966, 25.981760731909027), (53.26727111982372, 25.977993260708985), (53.33963535337855, 25.973529262549715), (53.41098317806012, 25.97054056370234), (53.476720482455285, 25.97365617248438), (53.54851253857108, 25.976123402911288), (53.618510594177046, 25.9743290535099), (53.688508649783024, 25.9743290535099), (53.758506705388996, 25.9743290535099), (53.828504760994974, 25.9743290535099), (53.89850281660096, 25.9743290535099), (53.96850087220693, 25.9743290535099), (54.038498927812924, 25.9743290535099), (54.10849698341888, 25.972534704108508), (54.17849503902486, 25.976796283936814), (54.24849309463083, 25.977444662291937), (54.31849115023681, 25.973829575997957), (54.38848920584279, 25.96934370249448), (54.45848726144877, 25.968063909171427), (54.528485317054745, 25.970966533203086), (54.59848337266071, 25.986495571772476), (54.668481428266695, 26.003398644704912), (54.73847948387265, 26.017887262192822), (54.80847753947863, 26.02965608326665), (54.8784755950846, 26.04143809808608), (54.94847365069058, 26.048364814525275), (55.018471706296545, 26.05344252175988), (55.08846976190252, 26.066383701371176), (55.15846781750851, 26.09144050908346), (55.22846587311449, 26.11901920702584), (55.29846392872046, 26.129958706947768), (55.36846198432644, 26.106328708580925), (55.43846003993242, 26.066851136929515), (55.5084580983862, 26.047141190198378), (55.57845615399576, 26.034574541614095), (55.648454209605326, 26.032127153209657), (55.718452265214886, 26.03980262327932), (55.78845032082445, 26.053909358939187), (55.85844837643401, 26.06651322416689), (55.92844643204357, 26.06506566465783), (55.998444487653124, 26.032207309497796), (56.06844254326265, 25.945747049652102)

Record time: 2023-07-11T21:47:09Z
Event time: 2023-07-12T18:30:03.222Z
Status: Underway
Travel distance: 167.81695464362852
Num waypoints: 42
Waypoints: (53.19852226327043, 25.69166950472607), (53.26852031888003, 25.7662000597631), (53.3385183744896, 25.84291357998108), (53.40851643009916, 25.906529309113367), (53.47851448570872, 25.950771222264738), (53.54851254131829, 25.97554267953236), (53.61851059692786, 25.984517625023557), (53.68850865253744, 25.983148331270343), (53.75850670814702, 25.977089689040703), (53.828504760994974, 25.971040041214284), (53.89850281660096, 25.97054056370234), (53.96850087220693, 25.97365617248438), (54.038498927812924, 25.976123402911288), (54.10849698341888, 25.972534704108508), (54.17849503902486, 25.976796283936814), (54.24849309463083, 25.977444662291937), (54.31849115023681, 25.973829575997957), (54.38848920584279, 25.96934370249448), (54.45848726144877, 25.968063909171427), (54.528485317054745, 25.970966533203086), (54.59848337266071, 25.986495571772476), (54.668481428266695, 26.003398644704912), (54.73847948387265, 26.017887262192822), (54.80847753947863, 26.02965608326665), (54.8784755950846, 26.04143809808608), (54.94847365069058, 26.048364814525275), (55.018471706296545, 26.05344252175988), (55.08846976190252, 26.066383701371176), (55.15846781750851, 26.09144050908346), (55.22846587311449, 26.11901920702584), (55.29846392872046, 26.129958706947768), (55.36846198432644, 26.106328708580925), (55.43846003993242, 26.066851136929515), (55.5084580983862, 26.047141190198378), (55.57845615399576, 26.034574541614095), (55.648454209605326, 26.032127153209657), (55.718452265214886, 26.03980262327932), (55.78845032082445, 26.053909358939187), (55.85844837643401, 26.06651322416689), (55.92844643204357, 26.06506566465783), (55.998444487653124, 26.032207309497796), (56.06844254326265, 25.945747049652102)

Record time: 2023-07-12T00:54:08Z
Event time: 2023-07-12T18:49:41.625Z
Status: Underway
Travel distance: 148.66306695464363
Num waypoints: 36
Waypoints: (53.6185105969279, 25.55741721463666), (53.688508652537436, 25.616714830739603), (53.758506708146996, 25.692656442589517), (53.828504763756555, 25.771885610282773), (53.89850281936612, 25.844600665944313), (53.968500874975696, 25.904362273523965), (54.03849893058528, 25.947822580047518), (54.10849698619485, 25.974375958322504), (54.178495041804425, 25.985731341098703), (54.24849309463083, 25.98540614535021), (54.31849115023681, 25.97552591471776), (54.38848920584279, 25.966054690198863), (54.45848726144877, 25.96427541936387), (54.528485317054745, 25.97029365217757), (54.59848337266071, 25.98828992117387), (54.668481428266695, 26.003398644704912), (54.73847948387265, 26.017887262192822), (54.80847753947863, 26.02965608326665), (54.8784755950846, 26.04143809808608), (54.94847365069058, 26.048364814525275), (55.018471706296545, 26.05344252175988), (55.08846976190252, 26.066383701371176), (55.15846781750851, 26.09144050908346), (55.22846587311449, 26.11901920702584), (55.29846392872046, 26.129958706947768), (55.36846198432644, 26.106328708580925), (55.43846003993242, 26.066851136929515), (55.5084580983862, 26.047141190198378), (55.57845615399576, 26.034574541614095), (55.648454209605326, 26.032127153209657), (55.718452265214886, 26.03980262327932), (55.78845032082445, 26.053909358939187), (55.85844837643401, 26.06651322416689), (55.92844643204357, 26.06506566465783), (55.998444487653124, 26.032207309497796), (56.06844254326265, 25.945747049652102)

Record time: 2023-07-12T02:31:40Z
Event time: 2023-07-12T19:24:37.714Z
Status: Underway
Travel distance: 140.548596112311
Num waypoints: 35
Waypoints: (53.8329647189203, 25.55906067556576), (53.88416382373218, 25.614207984806296), (53.91657440506023, 25.691049924148107), (53.94813064332651, 25.772526466489474), (53.98812555368188, 25.846807020037925), (54.03971127999401, 25.90667465735494), (54.10204661898714, 25.948876040662054), (54.172091774533705, 25.973437043408424), (54.24605034209784, 25.982944068099847), (54.320458520543795, 25.98179105905623), (54.38981020831902, 25.971040041214284), (54.460954012149756, 25.96477489687581), (54.52669131654494, 25.96717804339553), (54.59848337266071, 25.98582269074696), (54.668481428266695, 26.005192994106302), (54.73847948387265, 26.017887262192822), (54.80847753947863, 26.02965608326665), (54.8784755950846, 26.04143809808608), (54.94847365069058, 26.048364814525275), (55.018471706296545, 26.05344252175988), (55.08846976190252, 26.066383701371176), (55.15846781750851, 26.09144050908346), (55.22846587311449, 26.11901920702584), (55.29846392872046, 26.129958706947768), (55.36846198432644, 26.106328708580925), (55.43846003993242, 26.066851136929515), (55.5084580983862, 26.047141190198378), (55.57845615399576, 26.034574541614095), (55.648454209605326, 26.032127153209657), (55.718452265214886, 26.03980262327932), (55.78845032082445, 26.053909358939187), (55.85844837643401, 26.06651322416689), (55.92844643204357, 26.06506566465783), (55.998444487653124, 26.032207309497796), (56.06844254326265, 25.945747049652102)

Record time: 2023-07-12T04:56:00Z
Event time: 2023-07-12T19:58:00.666Z
Status: Underway
Travel distance: 119.54805615550755
Num waypoints: 29
Waypoints: (54.1084969861948, 25.477510990754215), (54.1784950418044, 25.50232719252531), (54.24849309741397, 25.5359107239207), (54.31849115302352, 25.575051135402497), (54.38848920863309, 25.617719760074316), (54.45848726424265, 25.66263865516438), (54.52848531985222, 25.708929271428392), (54.598483375461804, 25.75584085047229), (54.668481431071385, 25.802558549994817), (54.73847948387265, 25.848091295623814), (54.80847753947863, 25.89687045792213), (54.8784755950846, 25.930914091207757), (54.94847365069058, 25.96760589771708), (55.018471706296545, 25.996025225736172), (55.08846976190252, 26.01275677997582), (55.15846781750851, 26.029488334215475), (55.22846587311449, 26.03670908269943), (55.29846392872046, 26.036831596051417), (55.36846198432644, 26.017821293464834), (55.43846003993242, 25.990229401776844), (55.5084580983862, 25.98846131554526), (55.57845615399576, 25.998042933447735), (55.648454209605326, 26.0175316835164), (55.718452265214886, 26.042169592662983), (55.78845032082445, 26.064393132038592), (55.85844837643401, 26.074832549021814), (55.92844643204357, 26.063800687168545), (55.998444487653124, 26.023271294123518), (56.06844254326265, 25.94934681749361)

Record time: 2023-07-12T06:14:58Z
Event time: 2023-07-12T20:38:55.800Z
Status: Underway
Travel distance: 115.02375809935205
Num waypoints: 27
Waypoints: (54.24849309741396, 25.40850427432377), (54.318491153023565, 25.427951021446503), (54.38848920863313, 25.48171298739913), (54.45848726424269, 25.550093537801928), (54.528485319852244, 25.617979922460467), (54.598483375461804, 25.674855149736658), (54.66848143107137, 25.714639850083636), (54.738479486680944, 25.735364128744514), (54.80847754229052, 25.738669407614967), (54.8784755950846, 25.729140254949662), (54.94847365069058, 25.713072157631537), (55.018471706296545, 25.70187255243924), (55.08846976190252, 25.696796730025426), (55.15846781750851, 25.708605132336057), (55.22846587311449, 25.73896771059972), (55.29846392872046, 25.785426658493517), (55.36846198432644, 25.833057964924766), (55.43846003993242, 25.870262442691626), (55.5084580983862, 25.923258955686766), (55.57845615399576, 25.97513117174754), (55.648454209605326, 26.021199082155096), (55.718452265214886, 26.056503723384953), (55.78845032082445, 26.076317964871023), (55.85844837643401, 26.076809777445074), (55.92844643204357, 26.055857983778925), (55.998444487653124, 26.014020490829342), (56.06844254326265, 25.955655004285642)

Record time: 2023-07-12T07:28:52Z
Event time: 2023-07-12T21:10:47.833Z
Status: Underway
Travel distance: 107.56533477321814
Num waypoints: 25
Waypoints: (54.38848920863312, 25.433631574335276), (54.45848726424269, 25.4348208162979), (54.528485319852244, 25.497355492181477), (54.5984833754618, 25.577291690426247), (54.66848143107136, 25.6483801971417), (54.73847948668093, 25.69795890613741), (54.808477542290504, 25.72327817229157), (54.878475597900085, 25.728259108257312), (54.94847365350966, 25.720684824506705), (55.018471706296545, 25.709824611393515), (55.08846976190252, 25.69238624935394), (55.15846781750851, 25.70302229312711), (55.22846587311449, 25.7382948295742), (55.29846392872046, 25.787221007894903), (55.36846198432644, 25.833057964924766), (55.43846003993242, 25.870262442691626), (55.5084580983862, 25.923258955686766), (55.57845615399576, 25.97513117174754), (55.648454209605326, 26.021199082155096), (55.718452265214886, 26.056503723384953), (55.78845032082445, 26.076317964871023), (55.85844837643401, 26.076809777445074), (55.92844643204357, 26.055857983778925), (55.998444487653124, 26.014020490829342), (56.06844254326265, 25.955655004285642)

Record time: 2023-07-12T10:40:40Z
Event time: 2023-07-12T21:12:36.500Z
Status: Underway
Travel distance: 87.97786177105831
Num waypoints: 20
Waypoints: (54.73847948668091, 25.407576222831384), (54.80847754229049, 25.49554925127421), (54.87847559790006, 25.564369758832743), (54.94847365350962, 25.61818469396142), (55.01847170911919, 25.66086582127788), (55.08846976472876, 25.696057972975456), (55.15846782033833, 25.72717094409374), (55.228465875947904, 25.757315031647213), (55.29846393155748, 25.789180217611992), (55.36846198432644, 25.824858994445723), (55.43846003993242, 25.864006722457155), (55.5084580983862, 25.916457140038922), (55.57845615399576, 25.971202154270244), (55.648454209605326, 26.021878440110342), (55.718452265214886, 26.061129370629942), (55.78845032082445, 26.081941356285363), (55.85844837643401, 26.079362989970058), (55.92844643204357, 26.052606999170653), (55.998444487653124, 26.007535005227417), (56.06844254326265, 25.959525089699202)

Record time: 2023-07-12T15:59:44Z
Event time: 2023-07-12T22:45:44Z
Status: Underway
Travel distance: 60.046436285097194
Num waypoints: 13
Waypoints: (55.22846587594787, 25.414941294548672), (55.29846393155744, 25.481304062126345), (55.368461987167, 25.557516270537054), (55.438460042776576, 25.6258662060021), (55.50845809838614, 25.690976193824703), (55.578456154037184, 25.761270097894435), (55.6484542096468, 25.836321685060838), (55.71845226525644, 25.91056688525846), (55.788450320824374, 25.959410895919902), (55.85844837643393, 25.98040575664295), (55.92844643204349, 25.978720983868886), (55.998444487653074, 25.969980325117945), (56.06844254326263, 25.975351438320715)

Record time: 2023-07-12T16:41:45Z
Event time: 2023-07-12T23:23:06.400Z
Status: Underway
Travel distance: 58.06155507559395
Num waypoints: 13
Waypoints: (55.2966211197273, 25.414941294548672), (55.37847075891932, 25.481304062126345), (55.41799331388834, 25.557516270537054), (55.45567305702725, 25.6258662060021), (55.50728906463141, 25.690976193824703), (55.57341721543921, 25.761270097894435), (55.652283802981266, 25.836321685060838), (55.71764603508077, 25.91056688525846), (55.78683786047305, 25.959410895919902), (55.85888028545663, 25.98040575664295), (55.93005889239487, 25.978720983868886), (55.99713436361765, 25.969980325117945), (56.06874487957857, 25.975351438320715)

