Record time: 2023-06-27T23:24:51Z
Event time: 2023-06-28T18:31:29.800Z
Status: Underway
Travel distance: 144.65172786177106
Num waypoints: 33
Waypoints: (56.91460559999815, 25.134189031505244), (56.82909992439652, 25.20420070011668), (56.75499022930663, 25.27421236872811), (56.70382059621818, 25.34422403733955), (56.67738493998407, 25.414235705950986), (56.671416581927886, 25.484247374562425), (56.67864822676406, 25.554259043173865), (56.691242343330664, 25.624270711785304), (56.70259194913483, 25.694282380396743), (56.70849179580153, 25.764294047686374), (56.70024542371022, 25.834305716294217), (56.69466178556886, 25.904317384902054), (56.693990919832004, 25.976123402911295), (56.70141566984108, 26.04366784109223), (56.70140059420655, 26.112358250319428), (56.70168891571706, 26.178607816610896), (56.69668757395966, 26.254750807280427), (56.68200390592139, 26.330381126692416), (56.65420632029091, 26.40759281075543), (56.6120058503154, 26.470332840717717), (56.55669146274771, 26.511063818200974), (56.48810674787951, 26.527529612707852), (56.42454787267482, 26.521262583548584), (56.35474014695487, 26.496588394458662), (56.27798934063656, 26.462974250363594), (56.2005028233302, 26.420168776278537), (56.12594603288787, 26.370432816112334), (56.058937938154855, 26.315022602928096), (56.005132073396574, 26.254370703099408), (55.97127062213742, 26.18854666651377), (55.96521155330295, 26.117997384182836), (55.99592880966533, 26.044567153259294), (56.07348554859199, 25.972797449460426)

Record time: 2023-06-27T23:50:04Z
Event time: 2023-06-28T17:17:18.200Z
Status: Underway
Travel distance: 145.19168466522677
Num waypoints: 33
Waypoints: (56.979227478755, 25.134189031505244), (56.90979985317771, 25.20420070011668), (56.83103407120294, 25.27421236872811), (56.76456846518409, 25.34422403733955), (56.71929020733774, 25.414235705950986), (56.695544050015506, 25.484247374562425), (56.68867472292938, 25.554259043173865), (56.69190298733052, 25.624270711785304), (56.698535347141515, 25.694282380396743), (56.703507414132986, 25.764294047686374), (56.69974604331621, 25.834305716294217), (56.69777678855491, 25.904317384902054), (56.69645767053299, 25.976123402911295), (56.69962166933128, 26.04366784109223), (56.70140059420655, 26.112358250319428), (56.70168891571706, 26.178607816610896), (56.69668757395966, 26.254750807280427), (56.68200390592139, 26.330381126692416), (56.65420632029091, 26.40759281075543), (56.6120058503154, 26.470332840717717), (56.55669146274771, 26.511063818200974), (56.48810674787951, 26.527529612707852), (56.42454787267482, 26.521262583548584), (56.35474014695487, 26.496588394458662), (56.27798934063656, 26.462974250363594), (56.2005028233302, 26.420168776278537), (56.12594603288787, 26.370432816112334), (56.058937938154855, 26.315022602928096), (56.005132073396574, 26.254370703099408), (55.97127062213742, 26.18854666651377), (55.96521155330295, 26.117997384182836), (55.99592880966533, 26.044567153259294), (56.07348554859199, 25.972797449460426)

