Record time: 2023-08-04T14:50:29Z
Event time: 2023-08-05T00:13:35.250Z
Status: Underway
Travel distance: 122.91036717062634
Num waypoints: 29
Waypoints: (56.699182251756184, 25.413917616738903), (56.69670191014216, 25.485113284084203), (56.69826457960847, 25.554188356682292), (56.69973730920964, 25.623490635860435), (56.69972902903157, 25.69366969940521), (56.69850698895926, 25.76443950005814), (56.69709693174031, 25.8351743458526), (56.69656700034447, 25.905338262292045), (56.69749537961905, 25.974747736369498), (56.69962166933128, 26.04366784109223), (56.70140059420655, 26.112358250319428), (56.70168891571706, 26.178607816610896), (56.69668757395966, 26.254750807280427), (56.68200390592139, 26.330381126692416), (56.65420632029091, 26.40759281075543), (56.6120058503154, 26.470332840717717), (56.55669146274771, 26.511063818200974), (56.48810674787951, 26.527529612707852), (56.42454787267482, 26.521262583548584), (56.35474014695487, 26.496588394458662), (56.27798934063656, 26.462974250363594), (56.2005028233302, 26.420168776278537), (56.12594603288787, 26.370432816112334), (56.058937938154855, 26.315022602928096), (56.005132073396574, 26.254370703099408), (55.97127062213742, 26.18854666651377), (55.96521155330295, 26.117997384182836), (55.99592880966533, 26.044567153259294), (56.07348554859199, 25.972797449460426)

Record time: 2023-08-04T15:00:30Z
Event time: 2023-08-04T23:56:27.500Z
Status: Underway
Travel distance: 122.91036717062634
Num waypoints: 29
Waypoints: (56.699182251756184, 25.413917616738903), (56.69670191014216, 25.485113284084203), (56.69826457960847, 25.554188356682292), (56.69973730920964, 25.623490635860435), (56.69972902903157, 25.69366969940521), (56.69850698895926, 25.76443950005814), (56.69709693174031, 25.8351743458526), (56.69656700034447, 25.905338262292045), (56.69749537961905, 25.974747736369498), (56.69962166933128, 26.04366784109223), (56.70140059420655, 26.112358250319428), (56.70168891571706, 26.178607816610896), (56.69668757395966, 26.254750807280427), (56.68200390592139, 26.330381126692416), (56.65420632029091, 26.40759281075543), (56.6120058503154, 26.470332840717717), (56.55669146274771, 26.511063818200974), (56.48810674787951, 26.527529612707852), (56.42454787267482, 26.521262583548584), (56.35474014695487, 26.496588394458662), (56.27798934063656, 26.462974250363594), (56.2005028233302, 26.420168776278537), (56.12594603288787, 26.370432816112334), (56.058937938154855, 26.315022602928096), (56.005132073396574, 26.254370703099408), (55.97127062213742, 26.18854666651377), (55.96521155330295, 26.117997384182836), (55.99592880966533, 26.044567153259294), (56.07348554859199, 25.972797449460426)

Record time: 2023-08-04T15:49:49Z
Event time: 2023-08-05T00:11:39.500Z
Status: Underway
Travel distance: 110.14416846652267
Num waypoints: 26
Waypoints: (56.696382911999564, 25.626989617193313), (56.702346798759606, 25.688491913897444), (56.69983475262927, 25.763178874791393), (56.69607314197264, 25.838273728041166), (56.69465887613904, 25.909046944217845), (56.69642267398565, 25.97576433445841), (56.70021243153721, 26.041152154972014), (56.703596688782525, 26.108379217891606), (56.70348819560807, 26.179556008471014), (56.69668757395966, 26.254750807280427), (56.68200390592139, 26.330381126692416), (56.65420632029091, 26.40759281075543), (56.6120058503154, 26.470332840717717), (56.55669146274771, 26.511063818200974), (56.48810674787951, 26.527529612707852), (56.42454787267482, 26.521262583548584), (56.35474014695487, 26.496588394458662), (56.27798934063656, 26.462974250363594), (56.2005028233302, 26.420168776278537), (56.12594603288787, 26.370432816112334), (56.058937938154855, 26.315022602928096), (56.005132073396574, 26.254370703099408), (55.97127062213742, 26.18854666651377), (55.96521155330295, 26.117997384182836), (55.99592880966533, 26.044567153259294), (56.07348554859199, 25.972797449460426)

Record time: 2023-08-04T15:59:51Z
Event time: 2023-08-05T00:26:52.500Z
Status: Underway
Travel distance: 110.14416846652267
Num waypoints: 26
Waypoints: (56.696382911999564, 25.626989617193313), (56.702346798759606, 25.688491913897444), (56.69983475262927, 25.763178874791393), (56.69607314197264, 25.838273728041166), (56.69465887613904, 25.909046944217845), (56.69642267398565, 25.97576433445841), (56.70021243153721, 26.041152154972014), (56.703596688782525, 26.108379217891606), (56.70348819560807, 26.179556008471014), (56.69668757395966, 26.254750807280427), (56.68200390592139, 26.330381126692416), (56.65420632029091, 26.40759281075543), (56.6120058503154, 26.470332840717717), (56.55669146274771, 26.511063818200974), (56.48810674787951, 26.527529612707852), (56.42454787267482, 26.521262583548584), (56.35474014695487, 26.496588394458662), (56.27798934063656, 26.462974250363594), (56.2005028233302, 26.420168776278537), (56.12594603288787, 26.370432816112334), (56.058937938154855, 26.315022602928096), (56.005132073396574, 26.254370703099408), (55.97127062213742, 26.18854666651377), (55.96521155330295, 26.117997384182836), (55.99592880966533, 26.044567153259294), (56.07348554859199, 25.972797449460426)

Record time: 2023-08-04T16:26:19Z
Event time: 2023-08-05T00:45:14.500Z
Status: Underway
Travel distance: 106.0523758099352
Num waypoints: 25
Waypoints: (56.69639397888579, 25.69534850358007), (56.702841702147, 25.761124808506853), (56.699119025458664, 25.834941587618548), (56.695117449531395, 25.9074616956936), (56.69483107529033, 25.97628884010598), (56.698153807957425, 26.04290380461502), (56.70243195896331, 26.110188737244744), (56.703772245688796, 26.180539502252813), (56.698105189036056, 26.25456609618901), (56.68200390592139, 26.330381126692416), (56.65420632029091, 26.40759281075543), (56.6120058503154, 26.470332840717717), (56.55669146274771, 26.511063818200974), (56.48810674787951, 26.527529612707852), (56.42454787267482, 26.521262583548584), (56.35474014695487, 26.496588394458662), (56.27798934063656, 26.462974250363594), (56.2005028233302, 26.420168776278537), (56.12594603288787, 26.370432816112334), (56.058937938154855, 26.315022602928096), (56.005132073396574, 26.254370703099408), (55.97127062213742, 26.18854666651377), (55.96521155330295, 26.117997384182836), (55.99592880966533, 26.044567153259294), (56.07348554859199, 25.972797449460426)

Record time: 2023-08-04T19:00:27Z
Event time: 2023-08-05T01:03:29.750Z
Status: Underway
Travel distance: 74.94168466522679
Num waypoints: 17
Waypoints: (56.77144262332584, 26.25849406273593), (56.685234491680404, 26.310948625596538), (56.64963700467191, 26.401576971568783), (56.61379780015773, 26.479125023655413), (56.560696631703635, 26.5233595930353), (56.49214554709357, 26.533288611529727), (56.417285357749115, 26.517657285184598), (56.34457839849548, 26.48772016870364), (56.28060383199353, 26.449593626934195), (56.21253951643006, 26.4136123978649), (56.135173245002385, 26.369627929970534), (56.05823206241939, 26.320063425669762), (55.9947687145495, 26.261796510421004), (55.960384816121234, 26.192710216329196), (55.96659278847394, 26.114470217529686), (56.01131719509334, 26.035988454216046), (56.06653547549366, 25.977573145575878)

Record time: 2023-08-04T20:27:45Z
Event time: 2023-08-05T01:18:30.250Z
Status: Underway
Travel distance: 58.30237580993521
Num waypoints: 14
Waypoints: (56.62603481834167, 26.532513297742987), (56.566072206760936, 26.54022475207326), (56.4846384126069, 26.53498096312868), (56.41148969433711, 26.51563601258519), (56.34841809552815, 26.48630444447807), (56.2859382878538, 26.451717719189027), (56.215206744931706, 26.414314702705845), (56.13708273781427, 26.377082967528384), (56.05990286837563, 26.324484406858293), (55.994434553358346, 26.25889422469038), (55.95844668121216, 26.1855637886576), (55.965723969376796, 26.112395539477564), (56.013522658955516, 26.044290703209604), (56.06580032087287, 25.974570819356572)

Record time: 2023-08-04T21:18:56Z
Event time: 2023-08-05T01:38:07.250Z
Status: Underway
Travel distance: 53.225161987041034
Num waypoints: 12
Waypoints: (56.486717637796744, 26.604894864898963), (56.42562842562838, 26.530891580792037), (56.340309117287475, 26.476039987193786), (56.27481443308777, 26.443191238029577), (56.21666220227368, 26.417139179030855), (56.145293555407385, 26.381093681545785), (56.06058179909167, 26.324790591403683), (55.99437302526587, 26.257238403027387), (55.95779321043807, 26.184588697046628), (55.965412085598224, 26.113105372217156), (56.01422068455495, 26.044775596426334), (56.065577546745445, 25.974300255307842)

Record time: 2023-08-04T23:08:10Z
Event time: 2023-08-05T01:57:53.400Z
Status: Underway
Travel distance: 38.09233261339093
Num waypoints: 8
Waypoints: (56.208438654481824, 26.46441073512252), (56.13844059887225, 26.394399066511085), (56.06844254326268, 26.32438739789965), (55.99844448765313, 26.254375729288213), (55.92844643204356, 26.184364060676778), (55.99844448765313, 26.114352392065342), (55.99844448765313, 26.044340723453907), (56.06844254326268, 25.97432905484247)

Record time: 2023-08-05T02:10:10Z
Event time: 2023-08-05T02:27:59.666Z
Status: Underway
Travel distance: 9.431965442764579
Num waypoints: 3
Waypoints: (55.92844643204356, 26.044340723453907), (55.99844448765313, 25.97432905484247), (56.06844254326268, 25.97432905484247)

Record time: 2023-08-06T16:51:58Z
Event time: 2023-08-06T16:51:58Z
Status: Arrived
Travel distance: N/A
Num waypoints: 0
Waypoints: 

