Record time: 2023-11-12T05:08:21Z
Event time: 2023-11-12T16:33:10.666Z
Status: Underway
Travel distance: 107.06803455723542
Num waypoints: 22
Waypoints: (54.598483375461775, 25.060138911578527), (54.66848143107135, 25.140874730768704), (54.738479486680916, 25.207790187117443), (54.808477542290476, 25.27170826435234), (54.87847559790004, 25.33816125421573), (54.948473653509616, 25.40888108427115), (55.01847170911919, 25.483091174079583), (55.088469764728764, 25.55859981974546), (55.15846782033833, 25.632695106832443), (55.22846587311449, 25.702841350330335), (55.29846392872046, 25.77196903798308), (55.36846198432644, 25.82641020196394), (55.43846003993242, 25.87105972188993), (55.5084580983862, 25.92497376565051), (55.57845615399576, 25.976074713039978), (55.648454209605326, 26.021304443637828), (55.718452265214886, 26.056370278072336), (55.78845032082445, 26.076423514835827), (55.85844837643401, 26.077071579054177), (55.92844643204357, 26.055723784537967), (55.998444487653124, 26.013270709115133), (56.06844254326265, 25.95609718324526)

Record time: 2023-11-12T05:18:41Z
Event time: 2023-11-12T17:10:22.500Z
Status: Underway
Travel distance: 107.06803455723542
Num waypoints: 22
Waypoints: (54.598483375461775, 25.060138911578527), (54.66848143107135, 25.140874730768704), (54.738479486680916, 25.207790187117443), (54.808477542290476, 25.27170826435234), (54.87847559790004, 25.33816125421573), (54.948473653509616, 25.40888108427115), (55.01847170911919, 25.483091174079583), (55.088469764728764, 25.55859981974546), (55.15846782033833, 25.632695106832443), (55.22846587311449, 25.702841350330335), (55.29846392872046, 25.77196903798308), (55.36846198432644, 25.82641020196394), (55.43846003993242, 25.87105972188993), (55.5084580983862, 25.92497376565051), (55.57845615399576, 25.976074713039978), (55.648454209605326, 26.021304443637828), (55.718452265214886, 26.056370278072336), (55.78845032082445, 26.076423514835827), (55.85844837643401, 26.077071579054177), (55.92844643204357, 26.055723784537967), (55.998444487653124, 26.013270709115133), (56.06844254326265, 25.95609718324526)

Record time: 2023-11-12T05:39:20Z
Event time: 2023-11-12T17:48:35.666Z
Status: Underway
Travel distance: 107.06803455723542
Num waypoints: 22
Waypoints: (54.598483375461775, 25.060138911578527), (54.66848143107135, 25.140874730768704), (54.738479486680916, 25.207790187117443), (54.808477542290476, 25.27170826435234), (54.87847559790004, 25.33816125421573), (54.948473653509616, 25.40888108427115), (55.01847170911919, 25.483091174079583), (55.088469764728764, 25.55859981974546), (55.15846782033833, 25.632695106832443), (55.22846587311449, 25.702841350330335), (55.29846392872046, 25.77196903798308), (55.36846198432644, 25.82641020196394), (55.43846003993242, 25.87105972188993), (55.5084580983862, 25.92497376565051), (55.57845615399576, 25.976074713039978), (55.648454209605326, 26.021304443637828), (55.718452265214886, 26.056370278072336), (55.78845032082445, 26.076423514835827), (55.85844837643401, 26.077071579054177), (55.92844643204357, 26.055723784537967), (55.998444487653124, 26.013270709115133), (56.06844254326265, 25.95609718324526)

Record time: 2023-11-12T06:12:59Z
Event time: 2023-11-12T18:28:07.800Z
Status: Underway
Travel distance: 101.58261339092873
Num waypoints: 21
Waypoints: (54.66848143107134, 25.127580232930445), (54.738479486680944, 25.21651277223827), (54.80847754229051, 25.278761560787547), (54.87847559790007, 25.33768004233079), (54.94847365350964, 25.40346278420617), (55.01847170911921, 25.477611371740743), (55.08846976472879, 25.55666503405965), (55.15846782033837, 25.635196001301285), (55.228465875947954, 25.708069593238413), (55.29846392872046, 25.77196903798308), (55.36846198432644, 25.82641020196394), (55.43846003993242, 25.87105972188993), (55.5084580983862, 25.92497376565051), (55.57845615399576, 25.976074713039978), (55.648454209605326, 26.021304443637828), (55.718452265214886, 26.056370278072336), (55.78845032082445, 26.076423514835827), (55.85844837643401, 26.077071579054177), (55.92844643204357, 26.055723784537967), (55.998444487653124, 26.013270709115133), (56.06844254326265, 25.95609718324526)

Record time: 2023-11-12T06:33:50Z
Event time: 2023-11-12T19:01:59.666Z
Status: Underway
Travel distance: 98.5950323974082
Num waypoints: 21
Waypoints: (54.66848143107134, 25.201693271602405), (54.738479486680944, 25.279186833475784), (54.80847754229051, 25.34500924226163), (54.87847559790007, 25.41128983384919), (54.94847365350964, 25.481663999193064), (55.01847170911921, 25.554619495161315), (55.08846976472879, 25.62623188496231), (55.15846782033837, 25.69228910815036), (55.228465875947954, 25.74980518021009), (55.29846392872046, 25.79792302039606), (55.36846198432644, 25.836109489799615), (55.43846003993242, 25.869491550984517), (55.5084580983862, 25.91789588658282), (55.57845615399576, 25.96926178837255), (55.648454209605326, 26.018627980967278), (55.718452265214886, 26.058753496895918), (55.78845032082445, 26.081651922061024), (55.85844837643401, 26.080814730354337), (55.92844643204357, 26.054123708756748), (55.998444487653124, 26.007452472922715), (56.06844254326265, 25.95895707324906)

Record time: 2023-11-12T06:54:31Z
Event time: 2023-11-12T19:46:58.333Z
Status: Underway
Travel distance: 98.5950323974082
Num waypoints: 21
Waypoints: (54.66848143107134, 25.201693271602405), (54.738479486680944, 25.279186833475784), (54.80847754229051, 25.34500924226163), (54.87847559790007, 25.41128983384919), (54.94847365350964, 25.481663999193064), (55.01847170911921, 25.554619495161315), (55.08846976472879, 25.62623188496231), (55.15846782033837, 25.69228910815036), (55.228465875947954, 25.74980518021009), (55.29846392872046, 25.79792302039606), (55.36846198432644, 25.836109489799615), (55.43846003993242, 25.869491550984517), (55.5084580983862, 25.91789588658282), (55.57845615399576, 25.96926178837255), (55.648454209605326, 26.018627980967278), (55.718452265214886, 26.058753496895918), (55.78845032082445, 26.081651922061024), (55.85844837643401, 26.080814730354337), (55.92844643204357, 26.054123708756748), (55.998444487653124, 26.007452472922715), (56.06844254326265, 25.95895707324906)

Record time: 2023-11-12T07:16:21Z
Event time: 2023-11-12T20:24:55.333Z
Status: Underway
Travel distance: 98.5950323974082
Num waypoints: 21
Waypoints: (54.66848143107134, 25.201693271602405), (54.738479486680944, 25.279186833475784), (54.80847754229051, 25.34500924226163), (54.87847559790007, 25.41128983384919), (54.94847365350964, 25.481663999193064), (55.01847170911921, 25.554619495161315), (55.08846976472879, 25.62623188496231), (55.15846782033837, 25.69228910815036), (55.228465875947954, 25.74980518021009), (55.29846392872046, 25.79792302039606), (55.36846198432644, 25.836109489799615), (55.43846003993242, 25.869491550984517), (55.5084580983862, 25.91789588658282), (55.57845615399576, 25.96926178837255), (55.648454209605326, 26.018627980967278), (55.718452265214886, 26.058753496895918), (55.78845032082445, 26.081651922061024), (55.85844837643401, 26.080814730354337), (55.92844643204357, 26.054123708756748), (55.998444487653124, 26.007452472922715), (56.06844254326265, 25.95895707324906)

Record time: 2023-11-13T13:30:39Z
Event time: 2023-11-14T01:57:55Z
Status: Underway
Travel distance: 83.66036717062634
Num waypoints: 20
Waypoints: (54.73847948668091, 25.69765785456303), (54.80847754229049, 25.760890610955098), (54.87847559790006, 25.74950485400614), (54.94847365350962, 25.716764248741924), (55.01847170911919, 25.692064031988963), (55.08846976472876, 25.687858859706562), (55.15846782033833, 25.70555419136099), (55.228465875947904, 25.740361211341792), (55.29846393155748, 25.785115287420272), (55.36846198432644, 25.833057964924766), (55.43846003993242, 25.870262442691626), (55.5084580983862, 25.923258955686766), (55.57845615399576, 25.97513117174754), (55.648454209605326, 26.021199082155096), (55.718452265214886, 26.056503723384953), (55.78845032082445, 26.076317964871023), (55.85844837643401, 26.076809777445074), (55.92844643204357, 26.055857983778925), (55.998444487653124, 26.014020490829342), (56.06844254326265, 25.955655004285642)

Record time: 2023-11-13T13:51:30Z
Event time: 2023-11-14T01:23:41.333Z
Status: Underway
Travel distance: 79.37904967602591
Num waypoints: 19
Waypoints: (54.808477542290504, 25.698746264324395), (54.87847559790004, 25.74489296024141), (54.94847365350961, 25.720467253359008), (55.01847170911918, 25.690000695812994), (55.08846976472875, 25.682041435876283), (55.158467820338316, 25.701990210071596), (55.228465875947876, 25.742608581596336), (55.298463931557436, 25.792199425059565), (55.368461987377536, 25.84045965762945), (55.438460042987366, 25.87382678523601), (55.508458098597195, 25.912831701827457), (55.57845615399566, 25.966146636955916), (55.64845420960522, 26.018856617199248), (55.71845226521479, 26.06219577587735), (55.78845032082438, 26.086290551723167), (55.85844837643397, 26.08328740391537), (55.92844643204356, 26.05166325226145), (55.998444487653146, 26.001718642432717), (56.06844254326271, 25.96225363625133)

Record time: 2023-11-13T15:11:10Z
Event time: 2023-11-14T01:59:04.400Z
Status: Underway
Travel distance: 77.52159827213823
Num waypoints: 18
Waypoints: (54.87847559790008, 25.839146565707257), (54.94847365350959, 25.750566270849042), (55.018471709119154, 25.703386064860123), (55.08846976472873, 25.69218708794085), (55.1584678203383, 25.70827415428965), (55.22846587594787, 25.742143417488673), (55.29846393155743, 25.78529977271355), (55.36846198716699, 25.83142399576716), (55.438460042987366, 25.876889619035822), (55.508458098597195, 25.911182483627563), (55.57845615399566, 25.963397939956085), (55.64845420960522, 26.01698750323936), (55.71845226521479, 26.062525619517324), (55.78845032082438, 26.088555478051024), (55.85844837643397, 26.08550835109123), (55.92844643204356, 26.051295712205466), (55.998444487653146, 25.998574133064906), (56.06844254326271, 25.963682958691177)

Record time: 2023-11-13T17:40:40Z
Event time: 2023-11-14T02:17:55.500Z
Status: Underway
Travel distance: 64.6792656587473
Num waypoints: 15
Waypoints: (55.08846976472876, 26.049426114958198), (55.15846782033832, 26.097678977297186), (55.22846587594789, 26.122955116203205), (55.29846393155745, 26.130368722715115), (55.36846198716702, 26.117047422197857), (55.43846004277658, 26.083320135651856), (55.50845809867343, 26.038377704161583), (55.57845615428335, 25.98623387312141), (55.64845420989328, 25.986562794121838), (55.71845226521487, 26.0350642417829), (55.78845032082444, 26.097916952398883), (55.858448376434005, 26.12035785291183), (55.92844643204356, 26.06327187015818), (55.998444487653096, 25.95768898690394), (56.06844254326259, 25.97835568450907)

Record time: 2023-11-13T17:53:21Z
Event time: 2023-11-14T02:40:10.750Z
Status: Underway
Travel distance: 64.6792656587473
Num waypoints: 15
Waypoints: (55.08846976472876, 26.049426114958198), (55.15846782033832, 26.097678977297186), (55.22846587594789, 26.122955116203205), (55.29846393155745, 26.130368722715115), (55.36846198716702, 26.117047422197857), (55.43846004277658, 26.083320135651856), (55.50845809867343, 26.038377704161583), (55.57845615428335, 25.98623387312141), (55.64845420989328, 25.986562794121838), (55.71845226521487, 26.0350642417829), (55.78845032082444, 26.097916952398883), (55.858448376434005, 26.12035785291183), (55.92844643204356, 26.06327187015818), (55.998444487653096, 25.95768898690394), (56.06844254326259, 25.97835568450907)

Record time: 2023-11-13T18:36:59Z
Event time: 2023-11-14T02:56:04Z
Status: Underway
Travel distance: 57.52537796976242
Num waypoints: 14
Waypoints: (55.15846782033835, 26.045691270050124), (55.22846587594792, 26.039380382560378), (55.298463931557464, 26.05123972775546), (55.368461987167024, 26.034035037362205), (55.43846004277659, 25.994687294274367), (55.50845809838617, 25.961034280212342), (55.57845615428335, 25.958020939568584), (55.64845420989328, 25.99177247835442), (55.71845226521487, 26.050240080751845), (55.78845032082444, 26.102371027789427), (55.858448376434005, 26.110731987413168), (55.92844643204356, 26.055580120772618), (55.998444487653096, 25.96837664577026), (56.06844254326259, 25.97537947997286)

Record time: 2023-11-13T19:24:00Z
Event time: 2023-11-14T03:17:15.500Z
Status: Underway
Travel distance: 52.30831533477322
Num waypoints: 12
Waypoints: (55.29846393155743, 26.11324360998328), (55.368461987167024, 26.119271352574945), (55.43846004277659, 26.107932975803095), (55.50845809838616, 26.04334425955675), (55.578456153995724, 25.980699511895875), (55.6484542096468, 25.976143425541615), (55.71845226525644, 26.04434072347333), (55.788450320824374, 26.10407095821329), (55.85844837643393, 26.11435239206531), (55.92844643204349, 26.05535654543819), (55.998444487653074, 25.966495581431367), (56.06844254326263, 25.976042627151074)

Record time: 2023-11-13T19:44:40Z
Event time: 2023-11-14T03:56:07.750Z
Status: Underway
Travel distance: 52.30831533477322
Num waypoints: 12
Waypoints: (55.29846393155743, 26.11324360998328), (55.368461987167024, 26.119271352574945), (55.43846004277659, 26.107932975803095), (55.50845809838616, 26.04334425955675), (55.578456153995724, 25.980699511895875), (55.6484542096468, 25.976143425541615), (55.71845226525644, 26.04434072347333), (55.788450320824374, 26.10407095821329), (55.85844837643393, 26.11435239206531), (55.92844643204349, 26.05535654543819), (55.998444487653074, 25.966495581431367), (56.06844254326263, 25.976042627151074)

Record time: 2023-11-13T20:05:12Z
Event time: 2023-11-14T04:20:52.400Z
Status: Underway
Travel distance: 52.30831533477322
Num waypoints: 12
Waypoints: (55.29846393155743, 26.11324360998328), (55.368461987167024, 26.119271352574945), (55.43846004277659, 26.107932975803095), (55.50845809838616, 26.04334425955675), (55.578456153995724, 25.980699511895875), (55.6484542096468, 25.976143425541615), (55.71845226525644, 26.04434072347333), (55.788450320824374, 26.10407095821329), (55.85844837643393, 26.11435239206531), (55.92844643204349, 26.05535654543819), (55.998444487653074, 25.966495581431367), (56.06844254326263, 25.976042627151074)

Record time: 2023-11-13T20:29:42Z
Event time: 2023-11-14T04:40:43.750Z
Status: Underway
Travel distance: 48.95464362850972
Num waypoints: 11
Waypoints: (55.36846198716699, 26.114276233296053), (55.438460042776526, 26.114798464856783), (55.50845809838616, 26.043350659453317), (55.57845615399573, 25.975166801304468), (55.64845420960529, 25.974709848688843), (55.71845226521487, 26.04434072345389), (55.78845032082443, 26.113971598218967), (55.858448376434005, 26.113514645603342), (55.928446432043586, 26.0453307874545), (55.99844448765318, 25.97388298205104), (56.06844254326276, 25.974405213611764)

Record time: 2023-11-13T21:11:56Z
Event time: 2023-11-14T04:59:07.250Z
Status: Underway
Travel distance: 45.24676025917927
Num waypoints: 10
Waypoints: (55.4384600427766, 26.114352392065342), (55.50845809838617, 26.044340723453907), (55.57845615399572, 25.97432905484247), (55.64845420960529, 25.97432905484247), (55.718452265214864, 26.044340723453907), (55.78845032082444, 26.114352392065342), (55.858448376433984, 26.114352392065342), (55.92844643204356, 26.044340723453907), (55.99844448765313, 25.97432905484247), (56.06844254326268, 25.97432905484247)

Record time: 2023-11-13T22:21:10Z
Event time: 2023-11-14T05:15:24.800Z
Status: Underway
Travel distance: 41.4670626349892
Num waypoints: 9
Waypoints: (55.50845809838617, 26.114352392065342), (55.57845615399572, 26.044340723453907), (55.64845420960529, 25.97432905484247), (55.718452265214864, 26.044340723453907), (55.78845032082444, 26.114352392065342), (55.858448376433984, 26.114352392065342), (55.92844643204356, 26.044340723453907), (55.99844448765313, 25.97432905484247), (56.06844254326268, 25.97432905484247)

Record time: 2023-11-13T23:18:50Z
Event time: 2023-11-14T04:22:12.750Z
Status: Underway
Travel distance: 33.93844492440605
Num waypoints: 8
Waypoints: (55.57845615399572, 26.114352392065342), (55.64845420960529, 26.044340723453907), (55.718452265214864, 26.044340723453907), (55.78845032082444, 26.114352392065342), (55.858448376433984, 26.114352392065342), (55.92844643204356, 26.044340723453907), (55.99844448765313, 25.97432905484247), (56.06844254326268, 25.97432905484247)

Record time: 2023-11-13T23:28:51Z
Event time: 2023-11-14T04:03:35.500Z
Status: Underway
Travel distance: 33.93844492440605
Num waypoints: 8
Waypoints: (55.57845615399572, 26.114352392065342), (55.64845420960529, 26.044340723453907), (55.718452265214864, 26.044340723453907), (55.78845032082444, 26.114352392065342), (55.858448376433984, 26.114352392065342), (55.92844643204356, 26.044340723453907), (55.99844448765313, 25.97432905484247), (56.06844254326268, 25.97432905484247)

Record time: 2023-11-14T00:33:20Z
Event time: 2023-11-14T03:46:30.750Z
Status: Underway
Travel distance: 22.63768898488121
Num waypoints: 6
Waypoints: (55.718452265214864, 26.114352392065342), (55.78845032082444, 26.044340723453907), (55.858448376433984, 26.044340723453907), (55.92844643204356, 26.044340723453907), (55.99844448765313, 25.97432905484247), (56.06844254326268, 25.97432905484247)

Record time: 2023-11-14T02:14:39Z
Event time: 2023-11-14T04:10:37.250Z
Status: Underway
Travel distance: 13.208963282937365
Num waypoints: 4
Waypoints: (55.858448376433984, 26.044340723453907), (55.92844643204356, 26.044340723453907), (55.99844448765313, 25.97432905484247), (56.06844254326268, 25.97432905484247)

Record time: 2023-11-15T16:07:56Z
Event time: 2023-11-15T16:07:56Z
Status: Arrived
Travel distance: N/A
Num waypoints: 0
Waypoints: 

