Record time: 2023-09-27T07:30:57Z
Event time: 2023-09-29T09:14:35Z
Status: Underway
Travel distance: 320.877969762419
Waypoints: (50.743956203930175, 26.191659139639537), (50.76120540233936, 26.237721098582647), (50.813393925614264, 26.321984434150302), (50.88227888545292, 26.409649956935407), (50.95672932414616, 26.479676726959553), (51.03086173547628, 26.521441774251493), (51.10242546425814, 26.531835778476605), (51.17143798452266, 26.51279470761738), (51.23907005634288, 26.46926741570492), (51.306780758670065, 26.407619198246618), (51.37857281478584, 26.3348161100343), (51.448570870391826, 26.25370284691575), (51.5185689259978, 26.171941205442074), (51.58856698160376, 26.09784324534031), (51.658565037209755, 26.035777981224335), (51.728563092815726, 26.003146078717737), (51.79856114842171, 25.987313583999587), (51.86855920402767, 25.990253904447243), (51.93855725963364, 26.005439905631075), (52.00855531523963, 26.024885601822408), (52.0785533708456, 26.05009696484027), (52.14855142645157, 26.067209252881476), (52.21854948205756, 26.07545345905972), (52.288547537663526, 26.082118185407744), (52.358545593269504, 26.097066699170803), (52.428543648875475, 26.109417929871764), (52.49854170448145, 26.128995563519084), (52.568539760087425, 26.145791201665926), (52.6385378156934, 26.163894905447815), (52.708535871299375, 26.17781430705419), (52.778533926905354, 26.186827520118744), (52.848531982511325, 26.1820513842121), (52.91853003811731, 26.15781258872692), (52.98852809372327, 26.138189719380406), (53.058526149329246, 26.12642089830658), (53.12852420493523, 26.121567484747143), (53.198522260541196, 26.117714911032394), (53.268520316147175, 26.101235922779914), (53.33851837175316, 26.078199642965), (53.40851642735913, 26.047456330899777), (53.47851448296509, 26.012449554185455), (53.54851253857108, 25.98066582103876), (53.618510594177046, 25.96649573826601), (53.688508649783024, 25.96307855815601), (53.758506705388996, 25.968844224982536), (53.828504760994974, 25.976945184779996), (53.89850281660096, 25.97991189271885), (53.96850087220693, 25.97500193453542), (54.038498927812924, 25.972534704108508), (54.10849698341888, 25.972534704108508), (54.17849503902486, 25.976796283936814), (54.24849309463083, 25.977444662291937), (54.31849115023681, 25.973829575997957), (54.38848920584279, 25.96934370249448), (54.45848726144877, 25.968063909171427), (54.528485317054745, 25.970966533203086), (54.59848337266071, 25.986495571772476), (54.668481428266695, 26.003398644704912), (54.73847948387265, 26.017887262192822), (54.80847753947863, 26.02965608326665), (54.8784755950846, 26.04143809808608), (54.94847365069058, 26.048364814525275), (55.018471706296545, 26.05344252175988), (55.08846976190252, 26.066383701371176), (55.15846781750851, 26.09144050908346), (55.22846587311449, 26.11901920702584), (55.29846392872046, 26.129958706947768), (55.36846198432644, 26.106328708580925), (55.43846003993242, 26.066851136929515), (55.5084580983862, 26.047141190198378), (55.57845615399576, 26.034574541614095), (55.648454209605326, 26.032127153209657), (55.718452265214886, 26.03980262327932), (55.78845032082445, 26.053909358939187), (55.85844837643401, 26.06651322416689), (55.92844643204357, 26.06506566465783), (55.998444487653124, 26.032207309497796), (56.06844254326265, 25.945747049652102)
Associated file(s): api_response_2023-09-27_12-10-10.json, api_response_2023-09-27_13-10-15.json, api_response_2023-09-27_12-50-13.json, api_response_2023-09-27_13-30-17.json, api_response_2023-09-27_12-30-11.json, api_response_2023-09-27_11-50-08.json, api_response_2023-09-27_12-10-10.json, api_response_2023-09-27_13-10-15.json, api_response_2023-09-27_12-50-13.json, api_response_2023-09-27_13-30-17.json, api_response_2023-09-27_12-30-11.json, api_response_2023-09-27_11-50-08.json

Record time: 2023-09-27T09:30:36Z
Event time: 2023-09-29T09:50:14.583Z
Status: Underway
Travel distance: 315.3828293736501
Waypoints: (50.748590316935626, 26.318071054974038), (50.81858837254521, 26.335333706023338), (50.888586428154774, 26.397830000101532), (50.95858448376434, 26.465993093588224), (51.02858253937391, 26.5158869617564), (51.098580594983474, 26.535647291656016), (51.168578650593055, 26.522324218792118), (51.23857670620263, 26.479126907597514), (51.3085747618122, 26.413069975699965), (51.37857281478584, 26.33302176063291), (51.448570870391826, 26.25370284691575), (51.5185689259978, 26.171941205442074), (51.58856698160376, 26.09784324534031), (51.658565037209755, 26.035777981224335), (51.728563092815726, 26.003146078717737), (51.79856114842171, 25.987313583999587), (51.86855920402767, 25.990253904447243), (51.93855725963364, 26.005439905631075), (52.00855531523963, 26.024885601822408), (52.0785533708456, 26.05009696484027), (52.14855142645157, 26.067209252881476), (52.21854948205756, 26.07545345905972), (52.288547537663526, 26.082118185407744), (52.358545593269504, 26.097066699170803), (52.428543648875475, 26.109417929871764), (52.49854170448145, 26.128995563519084), (52.568539760087425, 26.145791201665926), (52.6385378156934, 26.163894905447815), (52.708535871299375, 26.17781430705419), (52.778533926905354, 26.186827520118744), (52.848531982511325, 26.1820513842121), (52.91853003811731, 26.15781258872692), (52.98852809372327, 26.138189719380406), (53.058526149329246, 26.12642089830658), (53.12852420493523, 26.121567484747143), (53.198522260541196, 26.117714911032394), (53.268520316147175, 26.101235922779914), (53.33851837175316, 26.078199642965), (53.40851642735913, 26.047456330899777), (53.47851448296509, 26.012449554185455), (53.54851253857108, 25.98066582103876), (53.618510594177046, 25.96649573826601), (53.688508649783024, 25.96307855815601), (53.758506705388996, 25.968844224982536), (53.828504760994974, 25.976945184779996), (53.89850281660096, 25.97991189271885), (53.96850087220693, 25.97500193453542), (54.038498927812924, 25.972534704108508), (54.10849698341888, 25.972534704108508), (54.17849503902486, 25.976796283936814), (54.24849309463083, 25.977444662291937), (54.31849115023681, 25.973829575997957), (54.38848920584279, 25.96934370249448), (54.45848726144877, 25.968063909171427), (54.528485317054745, 25.970966533203086), (54.59848337266071, 25.986495571772476), (54.668481428266695, 26.003398644704912), (54.73847948387265, 26.017887262192822), (54.80847753947863, 26.02965608326665), (54.8784755950846, 26.04143809808608), (54.94847365069058, 26.048364814525275), (55.018471706296545, 26.05344252175988), (55.08846976190252, 26.066383701371176), (55.15846781750851, 26.09144050908346), (55.22846587311449, 26.11901920702584), (55.29846392872046, 26.129958706947768), (55.36846198432644, 26.106328708580925), (55.43846003993242, 26.066851136929515), (55.5084580983862, 26.047141190198378), (55.57845615399576, 26.034574541614095), (55.648454209605326, 26.032127153209657), (55.718452265214886, 26.03980262327932), (55.78845032082445, 26.053909358939187), (55.85844837643401, 26.06651322416689), (55.92844643204357, 26.06506566465783), (55.998444487653124, 26.032207309497796), (56.06844254326265, 25.945747049652102)
Associated file(s): api_response_2023-09-27_13-50-19.json, api_response_2023-09-27_13-50-19.json

Record time: 2023-09-27T09:53:27Z
Event time: 2023-09-29T10:27:47.083Z
Status: Underway
Travel distance: 315.3828293736501
Waypoints: (50.748590316935626, 26.318071054974038), (50.81858837254521, 26.335333706023338), (50.888586428154774, 26.397830000101532), (50.95858448376434, 26.465993093588224), (51.02858253937391, 26.5158869617564), (51.098580594983474, 26.535647291656016), (51.168578650593055, 26.522324218792118), (51.23857670620263, 26.479126907597514), (51.3085747618122, 26.413069975699965), (51.37857281478584, 26.33302176063291), (51.448570870391826, 26.25370284691575), (51.5185689259978, 26.171941205442074), (51.58856698160376, 26.09784324534031), (51.658565037209755, 26.035777981224335), (51.728563092815726, 26.003146078717737), (51.79856114842171, 25.987313583999587), (51.86855920402767, 25.990253904447243), (51.93855725963364, 26.005439905631075), (52.00855531523963, 26.024885601822408), (52.0785533708456, 26.05009696484027), (52.14855142645157, 26.067209252881476), (52.21854948205756, 26.07545345905972), (52.288547537663526, 26.082118185407744), (52.358545593269504, 26.097066699170803), (52.428543648875475, 26.109417929871764), (52.49854170448145, 26.128995563519084), (52.568539760087425, 26.145791201665926), (52.6385378156934, 26.163894905447815), (52.708535871299375, 26.17781430705419), (52.778533926905354, 26.186827520118744), (52.848531982511325, 26.1820513842121), (52.91853003811731, 26.15781258872692), (52.98852809372327, 26.138189719380406), (53.058526149329246, 26.12642089830658), (53.12852420493523, 26.121567484747143), (53.198522260541196, 26.117714911032394), (53.268520316147175, 26.101235922779914), (53.33851837175316, 26.078199642965), (53.40851642735913, 26.047456330899777), (53.47851448296509, 26.012449554185455), (53.54851253857108, 25.98066582103876), (53.618510594177046, 25.96649573826601), (53.688508649783024, 25.96307855815601), (53.758506705388996, 25.968844224982536), (53.828504760994974, 25.976945184779996), (53.89850281660096, 25.97991189271885), (53.96850087220693, 25.97500193453542), (54.038498927812924, 25.972534704108508), (54.10849698341888, 25.972534704108508), (54.17849503902486, 25.976796283936814), (54.24849309463083, 25.977444662291937), (54.31849115023681, 25.973829575997957), (54.38848920584279, 25.96934370249448), (54.45848726144877, 25.968063909171427), (54.528485317054745, 25.970966533203086), (54.59848337266071, 25.986495571772476), (54.668481428266695, 26.003398644704912), (54.73847948387265, 26.017887262192822), (54.80847753947863, 26.02965608326665), (54.8784755950846, 26.04143809808608), (54.94847365069058, 26.048364814525275), (55.018471706296545, 26.05344252175988), (55.08846976190252, 26.066383701371176), (55.15846781750851, 26.09144050908346), (55.22846587311449, 26.11901920702584), (55.29846392872046, 26.129958706947768), (55.36846198432644, 26.106328708580925), (55.43846003993242, 26.066851136929515), (55.5084580983862, 26.047141190198378), (55.57845615399576, 26.034574541614095), (55.648454209605326, 26.032127153209657), (55.718452265214886, 26.03980262327932), (55.78845032082445, 26.053909358939187), (55.85844837643401, 26.06651322416689), (55.92844643204357, 26.06506566465783), (55.998444487653124, 26.032207309497796), (56.06844254326265, 25.945747049652102)
Associated file(s): api_response_2023-09-27_14-10-21.json, api_response_2023-09-27_14-10-21.json

Record time: 2023-09-27T10:15:46Z
Event time: 2023-09-29T11:08:54.500Z
Status: Underway
Travel distance: 309.30183585313176
Waypoints: (50.818588372545214, 26.38187241039722), (50.888586428154795, 26.42052452192556), (50.958584483764355, 26.470506633976644), (51.028582539373915, 26.510608344047423), (51.098580594983474, 26.52823382310069), (51.16857865059304, 26.517842503317326), (51.23857670620261, 26.479473074927935), (51.30857476181218, 26.4173507921238), (51.378572817421755, 26.33857808804722), (51.448570870391826, 26.25190849751436), (51.5185689259978, 26.171941205442074), (51.58856698160376, 26.09784324534031), (51.658565037209755, 26.035777981224335), (51.728563092815726, 26.003146078717737), (51.79856114842171, 25.987313583999587), (51.86855920402767, 25.990253904447243), (51.93855725963364, 26.005439905631075), (52.00855531523963, 26.024885601822408), (52.0785533708456, 26.05009696484027), (52.14855142645157, 26.067209252881476), (52.21854948205756, 26.07545345905972), (52.288547537663526, 26.082118185407744), (52.358545593269504, 26.097066699170803), (52.428543648875475, 26.109417929871764), (52.49854170448145, 26.128995563519084), (52.568539760087425, 26.145791201665926), (52.6385378156934, 26.163894905447815), (52.708535871299375, 26.17781430705419), (52.778533926905354, 26.186827520118744), (52.848531982511325, 26.1820513842121), (52.91853003811731, 26.15781258872692), (52.98852809372327, 26.138189719380406), (53.058526149329246, 26.12642089830658), (53.12852420493523, 26.121567484747143), (53.198522260541196, 26.117714911032394), (53.268520316147175, 26.101235922779914), (53.33851837175316, 26.078199642965), (53.40851642735913, 26.047456330899777), (53.47851448296509, 26.012449554185455), (53.54851253857108, 25.98066582103876), (53.618510594177046, 25.96649573826601), (53.688508649783024, 25.96307855815601), (53.758506705388996, 25.968844224982536), (53.828504760994974, 25.976945184779996), (53.89850281660096, 25.97991189271885), (53.96850087220693, 25.97500193453542), (54.038498927812924, 25.972534704108508), (54.10849698341888, 25.972534704108508), (54.17849503902486, 25.976796283936814), (54.24849309463083, 25.977444662291937), (54.31849115023681, 25.973829575997957), (54.38848920584279, 25.96934370249448), (54.45848726144877, 25.968063909171427), (54.528485317054745, 25.970966533203086), (54.59848337266071, 25.986495571772476), (54.668481428266695, 26.003398644704912), (54.73847948387265, 26.017887262192822), (54.80847753947863, 26.02965608326665), (54.8784755950846, 26.04143809808608), (54.94847365069058, 26.048364814525275), (55.018471706296545, 26.05344252175988), (55.08846976190252, 26.066383701371176), (55.15846781750851, 26.09144050908346), (55.22846587311449, 26.11901920702584), (55.29846392872046, 26.129958706947768), (55.36846198432644, 26.106328708580925), (55.43846003993242, 26.066851136929515), (55.5084580983862, 26.047141190198378), (55.57845615399576, 26.034574541614095), (55.648454209605326, 26.032127153209657), (55.718452265214886, 26.03980262327932), (55.78845032082445, 26.053909358939187), (55.85844837643401, 26.06651322416689), (55.92844643204357, 26.06506566465783), (55.998444487653124, 26.032207309497796), (56.06844254326265, 25.945747049652102)
Associated file(s): api_response_2023-09-27_14-30-23.json, api_response_2023-09-27_14-30-23.json

Record time: 2023-09-27T10:43:17Z
Event time: 2023-09-29T11:48:44.636Z
Status: Underway
Travel distance: 309.30183585313176
Waypoints: (50.818588372545214, 26.38187241039722), (50.888586428154795, 26.42052452192556), (50.958584483764355, 26.470506633976644), (51.028582539373915, 26.510608344047423), (51.098580594983474, 26.52823382310069), (51.16857865059304, 26.517842503317326), (51.23857670620261, 26.479473074927935), (51.30857476181218, 26.4173507921238), (51.378572817421755, 26.33857808804722), (51.448570870391826, 26.25190849751436), (51.5185689259978, 26.171941205442074), (51.58856698160376, 26.09784324534031), (51.658565037209755, 26.035777981224335), (51.728563092815726, 26.003146078717737), (51.79856114842171, 25.987313583999587), (51.86855920402767, 25.990253904447243), (51.93855725963364, 26.005439905631075), (52.00855531523963, 26.024885601822408), (52.0785533708456, 26.05009696484027), (52.14855142645157, 26.067209252881476), (52.21854948205756, 26.07545345905972), (52.288547537663526, 26.082118185407744), (52.358545593269504, 26.097066699170803), (52.428543648875475, 26.109417929871764), (52.49854170448145, 26.128995563519084), (52.568539760087425, 26.145791201665926), (52.6385378156934, 26.163894905447815), (52.708535871299375, 26.17781430705419), (52.778533926905354, 26.186827520118744), (52.848531982511325, 26.1820513842121), (52.91853003811731, 26.15781258872692), (52.98852809372327, 26.138189719380406), (53.058526149329246, 26.12642089830658), (53.12852420493523, 26.121567484747143), (53.198522260541196, 26.117714911032394), (53.268520316147175, 26.101235922779914), (53.33851837175316, 26.078199642965), (53.40851642735913, 26.047456330899777), (53.47851448296509, 26.012449554185455), (53.54851253857108, 25.98066582103876), (53.618510594177046, 25.96649573826601), (53.688508649783024, 25.96307855815601), (53.758506705388996, 25.968844224982536), (53.828504760994974, 25.976945184779996), (53.89850281660096, 25.97991189271885), (53.96850087220693, 25.97500193453542), (54.038498927812924, 25.972534704108508), (54.10849698341888, 25.972534704108508), (54.17849503902486, 25.976796283936814), (54.24849309463083, 25.977444662291937), (54.31849115023681, 25.973829575997957), (54.38848920584279, 25.96934370249448), (54.45848726144877, 25.968063909171427), (54.528485317054745, 25.970966533203086), (54.59848337266071, 25.986495571772476), (54.668481428266695, 26.003398644704912), (54.73847948387265, 26.017887262192822), (54.80847753947863, 26.02965608326665), (54.8784755950846, 26.04143809808608), (54.94847365069058, 26.048364814525275), (55.018471706296545, 26.05344252175988), (55.08846976190252, 26.066383701371176), (55.15846781750851, 26.09144050908346), (55.22846587311449, 26.11901920702584), (55.29846392872046, 26.129958706947768), (55.36846198432644, 26.106328708580925), (55.43846003993242, 26.066851136929515), (55.5084580983862, 26.047141190198378), (55.57845615399576, 26.034574541614095), (55.648454209605326, 26.032127153209657), (55.718452265214886, 26.03980262327932), (55.78845032082445, 26.053909358939187), (55.85844837643401, 26.06651322416689), (55.92844643204357, 26.06506566465783), (55.998444487653124, 26.032207309497796), (56.06844254326265, 25.945747049652102)
Associated file(s): api_response_2023-09-27_15-30-29.json, api_response_2023-09-27_15-10-27.json, api_response_2023-09-27_14-50-24.json, api_response_2023-09-27_15-30-29.json, api_response_2023-09-27_15-10-27.json, api_response_2023-09-27_14-50-24.json

Record time: 2023-09-27T11:42:27Z
Event time: 2023-09-29T12:29:24.818Z
Status: Underway
Travel distance: 303.8677105831533
Waypoints: (50.88858642815477, 26.45423362807885), (50.95858448376434, 26.4927292195187), (51.02858253937391, 26.520817344543662), (51.09858059498347, 26.529157945027293), (51.168578650593034, 26.51345474330362), (51.2385767062026, 26.473610653966713), (51.308574761812174, 26.41287829513619), (51.37857281742175, 26.33700559918861), (51.44857087303132, 26.253376522954852), (51.5185689259978, 26.170146856040684), (51.58856698160376, 26.09784324534031), (51.658565037209755, 26.035777981224335), (51.728563092815726, 26.003146078717737), (51.79856114842171, 25.987313583999587), (51.86855920402767, 25.990253904447243), (51.93855725963364, 26.005439905631075), (52.00855531523963, 26.024885601822408), (52.0785533708456, 26.05009696484027), (52.14855142645157, 26.067209252881476), (52.21854948205756, 26.07545345905972), (52.288547537663526, 26.082118185407744), (52.358545593269504, 26.097066699170803), (52.428543648875475, 26.109417929871764), (52.49854170448145, 26.128995563519084), (52.568539760087425, 26.145791201665926), (52.6385378156934, 26.163894905447815), (52.708535871299375, 26.17781430705419), (52.778533926905354, 26.186827520118744), (52.848531982511325, 26.1820513842121), (52.91853003811731, 26.15781258872692), (52.98852809372327, 26.138189719380406), (53.058526149329246, 26.12642089830658), (53.12852420493523, 26.121567484747143), (53.198522260541196, 26.117714911032394), (53.268520316147175, 26.101235922779914), (53.33851837175316, 26.078199642965), (53.40851642735913, 26.047456330899777), (53.47851448296509, 26.012449554185455), (53.54851253857108, 25.98066582103876), (53.618510594177046, 25.96649573826601), (53.688508649783024, 25.96307855815601), (53.758506705388996, 25.968844224982536), (53.828504760994974, 25.976945184779996), (53.89850281660096, 25.97991189271885), (53.96850087220693, 25.97500193453542), (54.038498927812924, 25.972534704108508), (54.10849698341888, 25.972534704108508), (54.17849503902486, 25.976796283936814), (54.24849309463083, 25.977444662291937), (54.31849115023681, 25.973829575997957), (54.38848920584279, 25.96934370249448), (54.45848726144877, 25.968063909171427), (54.528485317054745, 25.970966533203086), (54.59848337266071, 25.986495571772476), (54.668481428266695, 26.003398644704912), (54.73847948387265, 26.017887262192822), (54.80847753947863, 26.02965608326665), (54.8784755950846, 26.04143809808608), (54.94847365069058, 26.048364814525275), (55.018471706296545, 26.05344252175988), (55.08846976190252, 26.066383701371176), (55.15846781750851, 26.09144050908346), (55.22846587311449, 26.11901920702584), (55.29846392872046, 26.129958706947768), (55.36846198432644, 26.106328708580925), (55.43846003993242, 26.066851136929515), (55.5084580983862, 26.047141190198378), (55.57845615399576, 26.034574541614095), (55.648454209605326, 26.032127153209657), (55.718452265214886, 26.03980262327932), (55.78845032082445, 26.053909358939187), (55.85844837643401, 26.06651322416689), (55.92844643204357, 26.06506566465783), (55.998444487653124, 26.032207309497796), (56.06844254326265, 25.945747049652102)
Associated file(s): api_response_2023-09-27_16-10-34.json, api_response_2023-09-27_15-50-32.json, api_response_2023-09-27_16-30-35.json, api_response_2023-09-27_16-10-34.json, api_response_2023-09-27_15-50-32.json, api_response_2023-09-27_16-30-35.json

Record time: 2023-09-27T12:37:47Z
Event time: 2023-09-29T13:06:14.700Z
Status: Underway
Travel distance: 300.7672786177106
Waypoints: (50.95858448376434, 26.46887796603505), (51.02858253937392, 26.5251987875519), (51.098580594983495, 26.540403614098196), (51.16857865059306, 26.52104202660616), (51.23857670620263, 26.474352508010384), (51.308574761812196, 26.40799988771038), (51.37857281742176, 26.329793372378926), (51.44857087303133, 26.247385163116185), (51.518568928640896, 26.167949658949542), (51.58856698160376, 26.09784324534031), (51.658565037209755, 26.035777981224335), (51.728563092815726, 26.003146078717737), (51.79856114842171, 25.987313583999587), (51.86855920402767, 25.990253904447243), (51.93855725963364, 26.005439905631075), (52.00855531523963, 26.024885601822408), (52.0785533708456, 26.05009696484027), (52.14855142645157, 26.067209252881476), (52.21854948205756, 26.07545345905972), (52.288547537663526, 26.082118185407744), (52.358545593269504, 26.097066699170803), (52.428543648875475, 26.109417929871764), (52.49854170448145, 26.128995563519084), (52.568539760087425, 26.145791201665926), (52.6385378156934, 26.163894905447815), (52.708535871299375, 26.17781430705419), (52.778533926905354, 26.186827520118744), (52.848531982511325, 26.1820513842121), (52.91853003811731, 26.15781258872692), (52.98852809372327, 26.138189719380406), (53.058526149329246, 26.12642089830658), (53.12852420493523, 26.121567484747143), (53.198522260541196, 26.117714911032394), (53.268520316147175, 26.101235922779914), (53.33851837175316, 26.078199642965), (53.40851642735913, 26.047456330899777), (53.47851448296509, 26.012449554185455), (53.54851253857108, 25.98066582103876), (53.618510594177046, 25.96649573826601), (53.688508649783024, 25.96307855815601), (53.758506705388996, 25.968844224982536), (53.828504760994974, 25.976945184779996), (53.89850281660096, 25.97991189271885), (53.96850087220693, 25.97500193453542), (54.038498927812924, 25.972534704108508), (54.10849698341888, 25.972534704108508), (54.17849503902486, 25.976796283936814), (54.24849309463083, 25.977444662291937), (54.31849115023681, 25.973829575997957), (54.38848920584279, 25.96934370249448), (54.45848726144877, 25.968063909171427), (54.528485317054745, 25.970966533203086), (54.59848337266071, 25.986495571772476), (54.668481428266695, 26.003398644704912), (54.73847948387265, 26.017887262192822), (54.80847753947863, 26.02965608326665), (54.8784755950846, 26.04143809808608), (54.94847365069058, 26.048364814525275), (55.018471706296545, 26.05344252175988), (55.08846976190252, 26.066383701371176), (55.15846781750851, 26.09144050908346), (55.22846587311449, 26.11901920702584), (55.29846392872046, 26.129958706947768), (55.36846198432644, 26.106328708580925), (55.43846003993242, 26.066851136929515), (55.5084580983862, 26.047141190198378), (55.57845615399576, 26.034574541614095), (55.648454209605326, 26.032127153209657), (55.718452265214886, 26.03980262327932), (55.78845032082445, 26.053909358939187), (55.85844837643401, 26.06651322416689), (55.92844643204357, 26.06506566465783), (55.998444487653124, 26.032207309497796), (56.06844254326265, 25.945747049652102)
Associated file(s): api_response_2023-09-27_17-50-44.json, api_response_2023-09-27_18-30-49.json, api_response_2023-09-27_16-50-37.json, api_response_2023-09-27_19-10-52.json, api_response_2023-09-27_17-30-42.json, api_response_2023-09-27_18-10-46.json, api_response_2023-09-27_17-10-39.json, api_response_2023-09-27_18-50-50.json, api_response_2023-09-27_19-30-54.json, api_response_2023-09-27_17-50-44.json, api_response_2023-09-27_18-30-49.json, api_response_2023-09-27_16-50-37.json, api_response_2023-09-27_19-10-52.json, api_response_2023-09-27_17-30-42.json, api_response_2023-09-27_18-10-46.json, api_response_2023-09-27_17-10-39.json, api_response_2023-09-27_18-50-50.json, api_response_2023-09-27_19-30-54.json

Record time: 2023-09-27T15:48:27Z
Event time: 2023-09-29T12:49:02.666Z
Status: Underway
Travel distance: 282.2354211663067
Waypoints: (51.23857670620259, 26.455929521295616), (51.308574761812146, 26.408532869339943), (51.378572817421706, 26.33349223610184), (51.44857087303127, 26.248730296893676), (51.518568928640846, 26.167122176925744), (51.58856698425041, 26.097199054910856), (51.65856503985999, 26.04382688703438), (51.72856309546956, 26.00886025128973), (51.79856115107913, 25.991771312179253), (51.86855920402767, 25.990253904447243), (51.93855725963364, 26.005439905631075), (52.00855531523963, 26.024885601822408), (52.0785533708456, 26.05009696484027), (52.14855142645157, 26.067209252881476), (52.21854948205756, 26.07545345905972), (52.288547537663526, 26.082118185407744), (52.358545593269504, 26.097066699170803), (52.428543648875475, 26.109417929871764), (52.49854170448145, 26.128995563519084), (52.568539760087425, 26.145791201665926), (52.6385378156934, 26.163894905447815), (52.708535871299375, 26.17781430705419), (52.778533926905354, 26.186827520118744), (52.848531982511325, 26.1820513842121), (52.91853003811731, 26.15781258872692), (52.98852809372327, 26.138189719380406), (53.058526149329246, 26.12642089830658), (53.12852420493523, 26.121567484747143), (53.198522260541196, 26.117714911032394), (53.268520316147175, 26.101235922779914), (53.33851837175316, 26.078199642965), (53.40851642735913, 26.047456330899777), (53.47851448296509, 26.012449554185455), (53.54851253857108, 25.98066582103876), (53.618510594177046, 25.96649573826601), (53.688508649783024, 25.96307855815601), (53.758506705388996, 25.968844224982536), (53.828504760994974, 25.976945184779996), (53.89850281660096, 25.97991189271885), (53.96850087220693, 25.97500193453542), (54.038498927812924, 25.972534704108508), (54.10849698341888, 25.972534704108508), (54.17849503902486, 25.976796283936814), (54.24849309463083, 25.977444662291937), (54.31849115023681, 25.973829575997957), (54.38848920584279, 25.96934370249448), (54.45848726144877, 25.968063909171427), (54.528485317054745, 25.970966533203086), (54.59848337266071, 25.986495571772476), (54.668481428266695, 26.003398644704912), (54.73847948387265, 26.017887262192822), (54.80847753947863, 26.02965608326665), (54.8784755950846, 26.04143809808608), (54.94847365069058, 26.048364814525275), (55.018471706296545, 26.05344252175988), (55.08846976190252, 26.066383701371176), (55.15846781750851, 26.09144050908346), (55.22846587311449, 26.11901920702584), (55.29846392872046, 26.129958706947768), (55.36846198432644, 26.106328708580925), (55.43846003993242, 26.066851136929515), (55.5084580983862, 26.047141190198378), (55.57845615399576, 26.034574541614095), (55.648454209605326, 26.032127153209657), (55.718452265214886, 26.03980262327932), (55.78845032082445, 26.053909358939187), (55.85844837643401, 26.06651322416689), (55.92844643204357, 26.06506566465783), (55.998444487653124, 26.032207309497796), (56.06844254326265, 25.945747049652102)
Associated file(s): api_response_2023-09-27_21-31-06.json, api_response_2023-09-27_22-31-13.json, api_response_2023-09-27_22-11-10.json, api_response_2023-09-27_19-50-56.json, api_response_2023-09-27_21-11-04.json, api_response_2023-09-27_20-10-58.json, api_response_2023-09-27_20-51-01.json, api_response_2023-09-27_21-51-08.json, api_response_2023-09-27_20-31-00.json, api_response_2023-09-27_21-31-06.json, api_response_2023-09-27_22-31-13.json, api_response_2023-09-27_22-11-10.json, api_response_2023-09-27_19-50-56.json, api_response_2023-09-27_21-11-04.json, api_response_2023-09-27_20-10-58.json, api_response_2023-09-27_20-51-01.json, api_response_2023-09-27_21-51-08.json, api_response_2023-09-27_20-31-00.json

Record time: 2023-09-27T18:49:27Z
Event time: 2023-09-29T12:54:57.250Z
Status: Underway
Travel distance: 264.64092872570194
Waypoints: (51.51856892864086, 26.38564928285496), (51.58856698425043, 26.34340886091098), (51.658565039859994, 26.258392602261132), (51.72856309546957, 26.168408812719537), (51.79856115107914, 26.0945634585822), (51.868559206688715, 26.045730773082248), (51.93855726229829, 26.0224346678631), (52.00855531790786, 26.02014094946964), (52.07855337351743, 26.031960340857292), (52.14855142645157, 26.05076230658259), (52.21854948205756, 26.074364032637448), (52.288547537663526, 26.091687420608228), (52.358545593269504, 26.10447027527234), (52.428543648875475, 26.10944243254216), (52.49854170448145, 26.12293963428939), (52.568539760087425, 26.147585551067316), (52.6385378156934, 26.163894905447815), (52.708535871299375, 26.17781430705419), (52.778533926905354, 26.186827520118744), (52.848531982511325, 26.1820513842121), (52.91853003811731, 26.15781258872692), (52.98852809372327, 26.138189719380406), (53.058526149329246, 26.12642089830658), (53.12852420493523, 26.121567484747143), (53.198522260541196, 26.117714911032394), (53.268520316147175, 26.101235922779914), (53.33851837175316, 26.078199642965), (53.40851642735913, 26.047456330899777), (53.47851448296509, 26.012449554185455), (53.54851253857108, 25.98066582103876), (53.618510594177046, 25.96649573826601), (53.688508649783024, 25.96307855815601), (53.758506705388996, 25.968844224982536), (53.828504760994974, 25.976945184779996), (53.89850281660096, 25.97991189271885), (53.96850087220693, 25.97500193453542), (54.038498927812924, 25.972534704108508), (54.10849698341888, 25.972534704108508), (54.17849503902486, 25.976796283936814), (54.24849309463083, 25.977444662291937), (54.31849115023681, 25.973829575997957), (54.38848920584279, 25.96934370249448), (54.45848726144877, 25.968063909171427), (54.528485317054745, 25.970966533203086), (54.59848337266071, 25.986495571772476), (54.668481428266695, 26.003398644704912), (54.73847948387265, 26.017887262192822), (54.80847753947863, 26.02965608326665), (54.8784755950846, 26.04143809808608), (54.94847365069058, 26.048364814525275), (55.018471706296545, 26.05344252175988), (55.08846976190252, 26.066383701371176), (55.15846781750851, 26.09144050908346), (55.22846587311449, 26.11901920702584), (55.29846392872046, 26.129958706947768), (55.36846198432644, 26.106328708580925), (55.43846003993242, 26.066851136929515), (55.5084580983862, 26.047141190198378), (55.57845615399576, 26.034574541614095), (55.648454209605326, 26.032127153209657), (55.718452265214886, 26.03980262327932), (55.78845032082445, 26.053909358939187), (55.85844837643401, 26.06651322416689), (55.92844643204357, 26.06506566465783), (55.998444487653124, 26.032207309497796), (56.06844254326265, 25.945747049652102)
Associated file(s): api_response_2023-09-27_22-51-15.json, api_response_2023-09-27_23-51-21.json, api_response_2023-09-27_23-11-17.json, api_response_2023-09-28_00-11-23.json, api_response_2023-09-27_23-31-19.json, api_response_2023-09-27_22-51-15.json, api_response_2023-09-27_23-51-21.json, api_response_2023-09-27_23-11-17.json, api_response_2023-09-28_00-11-23.json, api_response_2023-09-27_23-31-19.json

Record time: 2023-09-27T20:19:57Z
Event time: 2023-09-29T13:25:25.916Z
Status: Underway
Travel distance: 256.05291576673864
Waypoints: (51.658565039859994, 26.38916166355026), (51.72856309546957, 26.338181944407697), (51.79856115107913, 26.253778355326215), (51.86855920668869, 26.169679336151265), (51.93855726229825, 26.103865648945302), (52.00855531790781, 26.062993109994736), (52.07855337351738, 26.04620087023605), (52.148551429126954, 26.048305244101225), (52.21854948473652, 26.062379086782343), (52.288547537663526, 26.08171671857739), (52.358545593269504, 26.103471320248456), (52.428543648875475, 26.115673650106235), (52.49854170448145, 26.127874095143216), (52.568539760087425, 26.143996852264532), (52.6385378156934, 26.163894905447815), (52.708535871299375, 26.17781430705419), (52.778533926905354, 26.186827520118744), (52.848531982511325, 26.1820513842121), (52.91853003811731, 26.15781258872692), (52.98852809372327, 26.138189719380406), (53.058526149329246, 26.12642089830658), (53.12852420493523, 26.121567484747143), (53.198522260541196, 26.117714911032394), (53.268520316147175, 26.101235922779914), (53.33851837175316, 26.078199642965), (53.40851642735913, 26.047456330899777), (53.47851448296509, 26.012449554185455), (53.54851253857108, 25.98066582103876), (53.618510594177046, 25.96649573826601), (53.688508649783024, 25.96307855815601), (53.758506705388996, 25.968844224982536), (53.828504760994974, 25.976945184779996), (53.89850281660096, 25.97991189271885), (53.96850087220693, 25.97500193453542), (54.038498927812924, 25.972534704108508), (54.10849698341888, 25.972534704108508), (54.17849503902486, 25.976796283936814), (54.24849309463083, 25.977444662291937), (54.31849115023681, 25.973829575997957), (54.38848920584279, 25.96934370249448), (54.45848726144877, 25.968063909171427), (54.528485317054745, 25.970966533203086), (54.59848337266071, 25.986495571772476), (54.668481428266695, 26.003398644704912), (54.73847948387265, 26.017887262192822), (54.80847753947863, 26.02965608326665), (54.8784755950846, 26.04143809808608), (54.94847365069058, 26.048364814525275), (55.018471706296545, 26.05344252175988), (55.08846976190252, 26.066383701371176), (55.15846781750851, 26.09144050908346), (55.22846587311449, 26.11901920702584), (55.29846392872046, 26.129958706947768), (55.36846198432644, 26.106328708580925), (55.43846003993242, 26.066851136929515), (55.5084580983862, 26.047141190198378), (55.57845615399576, 26.034574541614095), (55.648454209605326, 26.032127153209657), (55.718452265214886, 26.03980262327932), (55.78845032082445, 26.053909358939187), (55.85844837643401, 26.06651322416689), (55.92844643204357, 26.06506566465783), (55.998444487653124, 26.032207309497796), (56.06844254326265, 25.945747049652102)
Associated file(s): api_response_2023-09-28_00-31-25.json, api_response_2023-09-28_00-51-28.json, api_response_2023-09-28_01-31-32.json, api_response_2023-09-28_01-11-30.json, api_response_2023-09-28_00-31-25.json, api_response_2023-09-28_00-51-28.json, api_response_2023-09-28_01-31-32.json, api_response_2023-09-28_01-11-30.json

Record time: 2023-09-27T21:44:46Z
Event time: 2023-09-29T13:58:46.250Z
Status: Underway
Travel distance: 250.6695464362851
Waypoints: (51.72856309546959, 26.324886087213823), (51.798561151079156, 26.25789568353619), (51.868559206688715, 26.17615758518359), (51.938557262298275, 26.10683899944974), (52.00855531790784, 26.061851394074157), (52.078553373517416, 26.042745188377353), (52.14855142912699, 26.04484090349), (52.218549484736556, 26.06059677167609), (52.28854754034613, 26.08221280475001), (52.358545593269504, 26.103471320248456), (52.428543648875475, 26.115673650106235), (52.49854170448145, 26.127874095143216), (52.568539760087425, 26.143996852264532), (52.6385378156934, 26.163894905447815), (52.708535871299375, 26.17781430705419), (52.778533926905354, 26.186827520118744), (52.848531982511325, 26.1820513842121), (52.91853003811731, 26.15781258872692), (52.98852809372327, 26.138189719380406), (53.058526149329246, 26.12642089830658), (53.12852420493523, 26.121567484747143), (53.198522260541196, 26.117714911032394), (53.268520316147175, 26.101235922779914), (53.33851837175316, 26.078199642965), (53.40851642735913, 26.047456330899777), (53.47851448296509, 26.012449554185455), (53.54851253857108, 25.98066582103876), (53.618510594177046, 25.96649573826601), (53.688508649783024, 25.96307855815601), (53.758506705388996, 25.968844224982536), (53.828504760994974, 25.976945184779996), (53.89850281660096, 25.97991189271885), (53.96850087220693, 25.97500193453542), (54.038498927812924, 25.972534704108508), (54.10849698341888, 25.972534704108508), (54.17849503902486, 25.976796283936814), (54.24849309463083, 25.977444662291937), (54.31849115023681, 25.973829575997957), (54.38848920584279, 25.96934370249448), (54.45848726144877, 25.968063909171427), (54.528485317054745, 25.970966533203086), (54.59848337266071, 25.986495571772476), (54.668481428266695, 26.003398644704912), (54.73847948387265, 26.017887262192822), (54.80847753947863, 26.02965608326665), (54.8784755950846, 26.04143809808608), (54.94847365069058, 26.048364814525275), (55.018471706296545, 26.05344252175988), (55.08846976190252, 26.066383701371176), (55.15846781750851, 26.09144050908346), (55.22846587311449, 26.11901920702584), (55.29846392872046, 26.129958706947768), (55.36846198432644, 26.106328708580925), (55.43846003993242, 26.066851136929515), (55.5084580983862, 26.047141190198378), (55.57845615399576, 26.034574541614095), (55.648454209605326, 26.032127153209657), (55.718452265214886, 26.03980262327932), (55.78845032082445, 26.053909358939187), (55.85844837643401, 26.06651322416689), (55.92844643204357, 26.06506566465783), (55.998444487653124, 26.032207309497796), (56.06844254326265, 25.945747049652102)
Associated file(s): api_response_2023-09-28_02-31-38.json, api_response_2023-09-28_03-11-43.json, api_response_2023-09-28_04-11-48.json, api_response_2023-09-28_02-11-36.json, api_response_2023-09-28_03-51-46.json, api_response_2023-09-28_04-31-50.json, api_response_2023-09-28_02-51-41.json, api_response_2023-09-28_01-51-33.json, api_response_2023-09-28_03-31-44.json, api_response_2023-09-28_02-31-38.json, api_response_2023-09-28_03-11-43.json, api_response_2023-09-28_04-11-48.json, api_response_2023-09-28_02-11-36.json, api_response_2023-09-28_03-51-46.json, api_response_2023-09-28_04-31-50.json, api_response_2023-09-28_02-51-41.json, api_response_2023-09-28_01-51-33.json, api_response_2023-09-28_03-31-44.json

Record time: 2023-09-28T00:50:26Z
Event time: 2023-09-29T13:25:19.545Z
Status: Underway
Travel distance: 232.47570194384448
Waypoints: (52.00855531790788, 26.258302325056405), (52.07855337351743, 26.1694917393659), (52.148551429127, 26.115732823396023), (52.218549484736556, 26.08929267144691), (52.28854754034612, 26.08327241102265), (52.3585455959557, 26.09151484661208), (52.42854365156526, 26.10854697265439), (52.49854170717484, 26.12955735568953), (52.56853976278441, 26.150408385693407), (52.6385378156934, 26.167683395255374), (52.708535871299375, 26.178487188079714), (52.778533926905354, 26.185033170717354), (52.848531982511325, 26.1820513842121), (52.91853003811731, 26.15781258872692), (52.98852809372327, 26.138189719380406), (53.058526149329246, 26.12642089830658), (53.12852420493523, 26.121567484747143), (53.198522260541196, 26.117714911032394), (53.268520316147175, 26.101235922779914), (53.33851837175316, 26.078199642965), (53.40851642735913, 26.047456330899777), (53.47851448296509, 26.012449554185455), (53.54851253857108, 25.98066582103876), (53.618510594177046, 25.96649573826601), (53.688508649783024, 25.96307855815601), (53.758506705388996, 25.968844224982536), (53.828504760994974, 25.976945184779996), (53.89850281660096, 25.97991189271885), (53.96850087220693, 25.97500193453542), (54.038498927812924, 25.972534704108508), (54.10849698341888, 25.972534704108508), (54.17849503902486, 25.976796283936814), (54.24849309463083, 25.977444662291937), (54.31849115023681, 25.973829575997957), (54.38848920584279, 25.96934370249448), (54.45848726144877, 25.968063909171427), (54.528485317054745, 25.970966533203086), (54.59848337266071, 25.986495571772476), (54.668481428266695, 26.003398644704912), (54.73847948387265, 26.017887262192822), (54.80847753947863, 26.02965608326665), (54.8784755950846, 26.04143809808608), (54.94847365069058, 26.048364814525275), (55.018471706296545, 26.05344252175988), (55.08846976190252, 26.066383701371176), (55.15846781750851, 26.09144050908346), (55.22846587311449, 26.11901920702584), (55.29846392872046, 26.129958706947768), (55.36846198432644, 26.106328708580925), (55.43846003993242, 26.066851136929515), (55.5084580983862, 26.047141190198378), (55.57845615399576, 26.034574541614095), (55.648454209605326, 26.032127153209657), (55.718452265214886, 26.03980262327932), (55.78845032082445, 26.053909358939187), (55.85844837643401, 26.06651322416689), (55.92844643204357, 26.06506566465783), (55.998444487653124, 26.032207309497796), (56.06844254326265, 25.945747049652102)
Associated file(s): api_response_2023-09-28_04-51-53.json, api_response_2023-09-28_05-11-55.json, api_response_2023-09-28_04-51-53.json, api_response_2023-09-28_05-11-55.json

Record time: 2023-09-28T01:24:35Z
Event time: 2023-09-29T12:52:51.583Z
Status: Underway
Travel distance: 227.57721382289418
Waypoints: (52.07855337351741, 26.25081907243884), (52.148551429126975, 26.185101025609534), (52.21854948473655, 26.13393379535527), (52.288547540346116, 26.104201689647603), (52.35854559595569, 26.096008373630536), (52.428543651565256, 26.105099806758744), (52.49854170717482, 26.124920582290255), (52.56853976278439, 26.148303669133536), (52.63853781839396, 26.168793556049007), (52.708535871299375, 26.18160279686175), (52.778533926905354, 26.187500401144266), (52.848531982511325, 26.180257034810708), (52.91853003811731, 26.15781258872692), (52.98852809372327, 26.138189719380406), (53.058526149329246, 26.12642089830658), (53.12852420493523, 26.121567484747143), (53.198522260541196, 26.117714911032394), (53.268520316147175, 26.101235922779914), (53.33851837175316, 26.078199642965), (53.40851642735913, 26.047456330899777), (53.47851448296509, 26.012449554185455), (53.54851253857108, 25.98066582103876), (53.618510594177046, 25.96649573826601), (53.688508649783024, 25.96307855815601), (53.758506705388996, 25.968844224982536), (53.828504760994974, 25.976945184779996), (53.89850281660096, 25.97991189271885), (53.96850087220693, 25.97500193453542), (54.038498927812924, 25.972534704108508), (54.10849698341888, 25.972534704108508), (54.17849503902486, 25.976796283936814), (54.24849309463083, 25.977444662291937), (54.31849115023681, 25.973829575997957), (54.38848920584279, 25.96934370249448), (54.45848726144877, 25.968063909171427), (54.528485317054745, 25.970966533203086), (54.59848337266071, 25.986495571772476), (54.668481428266695, 26.003398644704912), (54.73847948387265, 26.017887262192822), (54.80847753947863, 26.02965608326665), (54.8784755950846, 26.04143809808608), (54.94847365069058, 26.048364814525275), (55.018471706296545, 26.05344252175988), (55.08846976190252, 26.066383701371176), (55.15846781750851, 26.09144050908346), (55.22846587311449, 26.11901920702584), (55.29846392872046, 26.129958706947768), (55.36846198432644, 26.106328708580925), (55.43846003993242, 26.066851136929515), (55.5084580983862, 26.047141190198378), (55.57845615399576, 26.034574541614095), (55.648454209605326, 26.032127153209657), (55.718452265214886, 26.03980262327932), (55.78845032082445, 26.053909358939187), (55.85844837643401, 26.06651322416689), (55.92844643204357, 26.06506566465783), (55.998444487653124, 26.032207309497796), (56.06844254326265, 25.945747049652102)
Associated file(s): api_response_2023-09-28_05-51-59.json, api_response_2023-09-28_05-31-56.json, api_response_2023-09-28_05-51-59.json, api_response_2023-09-28_05-31-56.json

Record time: 2023-09-28T01:56:49Z
Event time: 2023-09-29T12:19:59.454Z
Status: Underway
Travel distance: 227.57721382289418
Waypoints: (52.07855337351741, 26.25081907243884), (52.148551429126975, 26.185101025609534), (52.21854948473655, 26.13393379535527), (52.288547540346116, 26.104201689647603), (52.35854559595569, 26.096008373630536), (52.428543651565256, 26.105099806758744), (52.49854170717482, 26.124920582290255), (52.56853976278439, 26.148303669133536), (52.63853781839396, 26.168793556049007), (52.708535871299375, 26.18160279686175), (52.778533926905354, 26.187500401144266), (52.848531982511325, 26.180257034810708), (52.91853003811731, 26.15781258872692), (52.98852809372327, 26.138189719380406), (53.058526149329246, 26.12642089830658), (53.12852420493523, 26.121567484747143), (53.198522260541196, 26.117714911032394), (53.268520316147175, 26.101235922779914), (53.33851837175316, 26.078199642965), (53.40851642735913, 26.047456330899777), (53.47851448296509, 26.012449554185455), (53.54851253857108, 25.98066582103876), (53.618510594177046, 25.96649573826601), (53.688508649783024, 25.96307855815601), (53.758506705388996, 25.968844224982536), (53.828504760994974, 25.976945184779996), (53.89850281660096, 25.97991189271885), (53.96850087220693, 25.97500193453542), (54.038498927812924, 25.972534704108508), (54.10849698341888, 25.972534704108508), (54.17849503902486, 25.976796283936814), (54.24849309463083, 25.977444662291937), (54.31849115023681, 25.973829575997957), (54.38848920584279, 25.96934370249448), (54.45848726144877, 25.968063909171427), (54.528485317054745, 25.970966533203086), (54.59848337266071, 25.986495571772476), (54.668481428266695, 26.003398644704912), (54.73847948387265, 26.017887262192822), (54.80847753947863, 26.02965608326665), (54.8784755950846, 26.04143809808608), (54.94847365069058, 26.048364814525275), (55.018471706296545, 26.05344252175988), (55.08846976190252, 26.066383701371176), (55.15846781750851, 26.09144050908346), (55.22846587311449, 26.11901920702584), (55.29846392872046, 26.129958706947768), (55.36846198432644, 26.106328708580925), (55.43846003993242, 26.066851136929515), (55.5084580983862, 26.047141190198378), (55.57845615399576, 26.034574541614095), (55.648454209605326, 26.032127153209657), (55.718452265214886, 26.03980262327932), (55.78845032082445, 26.053909358939187), (55.85844837643401, 26.06651322416689), (55.92844643204357, 26.06506566465783), (55.998444487653124, 26.032207309497796), (56.06844254326265, 25.945747049652102)
Associated file(s): api_response_2023-09-28_06-12-02.json, api_response_2023-09-28_06-32-05.json, api_response_2023-09-28_06-12-02.json, api_response_2023-09-28_06-32-05.json

Record time: 2023-09-28T02:48:24Z
Event time: 2023-09-29T11:41:37.909Z
Status: Underway
Travel distance: 220.59827213822894
Waypoints: (52.21854948473652, 26.259938795013802), (52.28854754034612, 26.170742152330856), (52.3585455959557, 26.12249649712481), (52.42854365156525, 26.108252323759167), (52.498541707174816, 26.11762786792086), (52.56853976278438, 26.139273698298155), (52.63853781839396, 26.162804092454312), (52.70853587400354, 26.180195196896904), (52.77853392961311, 26.186649971342895), (52.848531982511325, 26.18092991583623), (52.91853003811731, 26.15601823932553), (52.98852809372327, 26.138189719380406), (53.058526149329246, 26.12642089830658), (53.12852420493523, 26.121567484747143), (53.198522260541196, 26.117714911032394), (53.268520316147175, 26.101235922779914), (53.33851837175316, 26.078199642965), (53.40851642735913, 26.047456330899777), (53.47851448296509, 26.012449554185455), (53.54851253857108, 25.98066582103876), (53.618510594177046, 25.96649573826601), (53.688508649783024, 25.96307855815601), (53.758506705388996, 25.968844224982536), (53.828504760994974, 25.976945184779996), (53.89850281660096, 25.97991189271885), (53.96850087220693, 25.97500193453542), (54.038498927812924, 25.972534704108508), (54.10849698341888, 25.972534704108508), (54.17849503902486, 25.976796283936814), (54.24849309463083, 25.977444662291937), (54.31849115023681, 25.973829575997957), (54.38848920584279, 25.96934370249448), (54.45848726144877, 25.968063909171427), (54.528485317054745, 25.970966533203086), (54.59848337266071, 25.986495571772476), (54.668481428266695, 26.003398644704912), (54.73847948387265, 26.017887262192822), (54.80847753947863, 26.02965608326665), (54.8784755950846, 26.04143809808608), (54.94847365069058, 26.048364814525275), (55.018471706296545, 26.05344252175988), (55.08846976190252, 26.066383701371176), (55.15846781750851, 26.09144050908346), (55.22846587311449, 26.11901920702584), (55.29846392872046, 26.129958706947768), (55.36846198432644, 26.106328708580925), (55.43846003993242, 26.066851136929515), (55.5084580983862, 26.047141190198378), (55.57845615399576, 26.034574541614095), (55.648454209605326, 26.032127153209657), (55.718452265214886, 26.03980262327932), (55.78845032082445, 26.053909358939187), (55.85844837643401, 26.06651322416689), (55.92844643204357, 26.06506566465783), (55.998444487653124, 26.032207309497796), (56.06844254326265, 25.945747049652102)
Associated file(s): api_response_2023-09-28_06-52-07.json, api_response_2023-09-28_07-52-13.json, api_response_2023-09-28_07-12-08.json, api_response_2023-09-28_07-32-11.json, api_response_2023-09-28_06-52-07.json, api_response_2023-09-28_07-52-13.json, api_response_2023-09-28_07-12-08.json, api_response_2023-09-28_07-32-11.json

Record time: 2023-09-28T04:06:36Z
Event time: 2023-09-29T11:08:52.454Z
Status: Underway
Travel distance: 213.75647948164146
Waypoints: (52.358545595955654, 26.26911036729545), (52.42854365156525, 26.145303365691674), (52.49854170717483, 26.125717872911768), (52.5685397627844, 26.146705803733067), (52.638537818393964, 26.17223546729269), (52.70853587400354, 26.18597682758471), (52.778533929613104, 26.184530473218672), (52.84853198522268, 26.17180029643948), (52.91853004083225, 26.154509881408657), (52.98852809372327, 26.13886260040593), (53.058526149329246, 26.124626548905187), (53.12852420493523, 26.121567484747143), (53.198522260541196, 26.117714911032394), (53.268520316147175, 26.101235922779914), (53.33851837175316, 26.078199642965), (53.40851642735913, 26.047456330899777), (53.47851448296509, 26.012449554185455), (53.54851253857108, 25.98066582103876), (53.618510594177046, 25.96649573826601), (53.688508649783024, 25.96307855815601), (53.758506705388996, 25.968844224982536), (53.828504760994974, 25.976945184779996), (53.89850281660096, 25.97991189271885), (53.96850087220693, 25.97500193453542), (54.038498927812924, 25.972534704108508), (54.10849698341888, 25.972534704108508), (54.17849503902486, 25.976796283936814), (54.24849309463083, 25.977444662291937), (54.31849115023681, 25.973829575997957), (54.38848920584279, 25.96934370249448), (54.45848726144877, 25.968063909171427), (54.528485317054745, 25.970966533203086), (54.59848337266071, 25.986495571772476), (54.668481428266695, 26.003398644704912), (54.73847948387265, 26.017887262192822), (54.80847753947863, 26.02965608326665), (54.8784755950846, 26.04143809808608), (54.94847365069058, 26.048364814525275), (55.018471706296545, 26.05344252175988), (55.08846976190252, 26.066383701371176), (55.15846781750851, 26.09144050908346), (55.22846587311449, 26.11901920702584), (55.29846392872046, 26.129958706947768), (55.36846198432644, 26.106328708580925), (55.43846003993242, 26.066851136929515), (55.5084580983862, 26.047141190198378), (55.57845615399576, 26.034574541614095), (55.648454209605326, 26.032127153209657), (55.718452265214886, 26.03980262327932), (55.78845032082445, 26.053909358939187), (55.85844837643401, 26.06651322416689), (55.92844643204357, 26.06506566465783), (55.998444487653124, 26.032207309497796), (56.06844254326265, 25.945747049652102)
Associated file(s): api_response_2023-09-28_08-52-18.json, api_response_2023-09-28_10-52-30.json, api_response_2023-09-28_11-14-50.json, api_response_2023-09-28_08-12-15.json, api_response_2023-09-28_09-52-24.json, api_response_2023-09-28_09-32-22.json, api_response_2023-09-28_10-12-26.json, api_response_2023-09-28_10-32-28.json, api_response_2023-09-28_09-12-20.json, api_response_2023-09-28_08-32-16.json, api_response_2023-09-28_08-52-18.json, api_response_2023-09-28_10-52-30.json, api_response_2023-09-28_11-14-50.json, api_response_2023-09-28_08-12-15.json, api_response_2023-09-28_09-52-24.json, api_response_2023-09-28_09-32-22.json, api_response_2023-09-28_10-12-26.json, api_response_2023-09-28_10-32-28.json, api_response_2023-09-28_09-12-20.json, api_response_2023-09-28_08-32-16.json

Record time: 2023-09-28T07:19:06Z
Event time: 2023-09-29T10:53:47.700Z
Status: Underway
Travel distance: 190.71004319654426
Waypoints: (52.70853587400349, 26.24796209533987), (52.77853392961309, 26.20747524212916), (52.84853198522266, 26.173041405243577), (52.918530040832216, 26.149664441212114), (52.98852809644177, 26.13660609999692), (53.058526152051336, 26.12989924504789), (53.12852420766091, 26.124401931010347), (53.19852226327049, 26.115392339085904), (53.268520318880064, 26.09970457004648), (53.33851837175316, 26.076405293563607), (53.40851642735913, 26.047456330899777), (53.47851448296509, 26.012449554185455), (53.54851253857108, 25.98066582103876), (53.618510594177046, 25.96649573826601), (53.688508649783024, 25.96307855815601), (53.758506705388996, 25.968844224982536), (53.828504760994974, 25.976945184779996), (53.89850281660096, 25.97991189271885), (53.96850087220693, 25.97500193453542), (54.038498927812924, 25.972534704108508), (54.10849698341888, 25.972534704108508), (54.17849503902486, 25.976796283936814), (54.24849309463083, 25.977444662291937), (54.31849115023681, 25.973829575997957), (54.38848920584279, 25.96934370249448), (54.45848726144877, 25.968063909171427), (54.528485317054745, 25.970966533203086), (54.59848337266071, 25.986495571772476), (54.668481428266695, 26.003398644704912), (54.73847948387265, 26.017887262192822), (54.80847753947863, 26.02965608326665), (54.8784755950846, 26.04143809808608), (54.94847365069058, 26.048364814525275), (55.018471706296545, 26.05344252175988), (55.08846976190252, 26.066383701371176), (55.15846781750851, 26.09144050908346), (55.22846587311449, 26.11901920702584), (55.29846392872046, 26.129958706947768), (55.36846198432644, 26.106328708580925), (55.43846003993242, 26.066851136929515), (55.5084580983862, 26.047141190198378), (55.57845615399576, 26.034574541614095), (55.648454209605326, 26.032127153209657), (55.718452265214886, 26.03980262327932), (55.78845032082445, 26.053909358939187), (55.85844837643401, 26.06651322416689), (55.92844643204357, 26.06506566465783), (55.998444487653124, 26.032207309497796), (56.06844254326265, 25.945747049652102)
Associated file(s): api_response_2023-09-28_11-34-53.json, api_response_2023-09-28_11-54-54.json, api_response_2023-09-28_11-34-53.json, api_response_2023-09-28_11-54-54.json

Record time: 2023-09-28T08:11:47Z
Event time: 2023-09-29T11:31:52.090Z
Status: Underway
Travel distance: 187.97624190064795
Waypoints: (52.77853392961306, 26.25893617315664), (52.848531985222635, 26.186386199239276), (52.918530040832195, 26.150801502196448), (52.988528096441755, 26.136095821890585), (53.058526152051314, 26.13017494863826), (53.12852420766089, 26.124639298487963), (53.19852226327046, 26.11442278155484), (53.268520318880036, 26.09736796341242), (53.33851837448962, 26.07373751954126), (53.40851642735913, 26.045661981498387), (53.47851448296509, 26.012449554185455), (53.54851253857108, 25.98066582103876), (53.618510594177046, 25.96649573826601), (53.688508649783024, 25.96307855815601), (53.758506705388996, 25.968844224982536), (53.828504760994974, 25.976945184779996), (53.89850281660096, 25.97991189271885), (53.96850087220693, 25.97500193453542), (54.038498927812924, 25.972534704108508), (54.10849698341888, 25.972534704108508), (54.17849503902486, 25.976796283936814), (54.24849309463083, 25.977444662291937), (54.31849115023681, 25.973829575997957), (54.38848920584279, 25.96934370249448), (54.45848726144877, 25.968063909171427), (54.528485317054745, 25.970966533203086), (54.59848337266071, 25.986495571772476), (54.668481428266695, 26.003398644704912), (54.73847948387265, 26.017887262192822), (54.80847753947863, 26.02965608326665), (54.8784755950846, 26.04143809808608), (54.94847365069058, 26.048364814525275), (55.018471706296545, 26.05344252175988), (55.08846976190252, 26.066383701371176), (55.15846781750851, 26.09144050908346), (55.22846587311449, 26.11901920702584), (55.29846392872046, 26.129958706947768), (55.36846198432644, 26.106328708580925), (55.43846003993242, 26.066851136929515), (55.5084580983862, 26.047141190198378), (55.57845615399576, 26.034574541614095), (55.648454209605326, 26.032127153209657), (55.718452265214886, 26.03980262327932), (55.78845032082445, 26.053909358939187), (55.85844837643401, 26.06651322416689), (55.92844643204357, 26.06506566465783), (55.998444487653124, 26.032207309497796), (56.06844254326265, 25.945747049652102)
Associated file(s): api_response_2023-09-28_12-14-56.json, api_response_2023-09-28_12-34-58.json, api_response_2023-09-28_12-14-56.json, api_response_2023-09-28_12-34-58.json

Record time: 2023-09-28T08:46:37Z
Event time: 2023-09-29T12:12:47.500Z
Status: Underway
Travel distance: 185.92062634989202
Waypoints: (52.848531985222664, 26.265432533603377), (52.918530040832216, 26.156018389168448), (52.988528096441776, 26.123844029765134), (53.05852615205134, 26.123184902219837), (53.12852420766091, 26.126898901624944), (53.198522263270476, 26.12164759668283), (53.26852031888005, 26.10372361341907), (53.338518374489624, 26.07548417726493), (53.40851643009919, 26.04239081350907), (53.47851448296509, 26.010655204784065), (53.54851253857108, 25.98066582103876), (53.618510594177046, 25.96649573826601), (53.688508649783024, 25.96307855815601), (53.758506705388996, 25.968844224982536), (53.828504760994974, 25.976945184779996), (53.89850281660096, 25.97991189271885), (53.96850087220693, 25.97500193453542), (54.038498927812924, 25.972534704108508), (54.10849698341888, 25.972534704108508), (54.17849503902486, 25.976796283936814), (54.24849309463083, 25.977444662291937), (54.31849115023681, 25.973829575997957), (54.38848920584279, 25.96934370249448), (54.45848726144877, 25.968063909171427), (54.528485317054745, 25.970966533203086), (54.59848337266071, 25.986495571772476), (54.668481428266695, 26.003398644704912), (54.73847948387265, 26.017887262192822), (54.80847753947863, 26.02965608326665), (54.8784755950846, 26.04143809808608), (54.94847365069058, 26.048364814525275), (55.018471706296545, 26.05344252175988), (55.08846976190252, 26.066383701371176), (55.15846781750851, 26.09144050908346), (55.22846587311449, 26.11901920702584), (55.29846392872046, 26.129958706947768), (55.36846198432644, 26.106328708580925), (55.43846003993242, 26.066851136929515), (55.5084580983862, 26.047141190198378), (55.57845615399576, 26.034574541614095), (55.648454209605326, 26.032127153209657), (55.718452265214886, 26.03980262327932), (55.78845032082445, 26.053909358939187), (55.85844837643401, 26.06651322416689), (55.92844643204357, 26.06506566465783), (55.998444487653124, 26.032207309497796), (56.06844254326265, 25.945747049652102)
Associated file(s): api_response_2023-09-28_13-15-03.json, api_response_2023-09-28_12-55-00.json, api_response_2023-09-28_13-15-03.json, api_response_2023-09-28_12-55-00.json

Record time: 2023-09-28T09:21:04Z
Event time: 2023-09-29T13:04:03.090Z
Status: Underway
Travel distance: 185.92062634989202
Waypoints: (52.848531985222664, 26.265432533603377), (52.918530040832216, 26.156018389168448), (52.988528096441776, 26.123844029765134), (53.05852615205134, 26.123184902219837), (53.12852420766091, 26.126898901624944), (53.198522263270476, 26.12164759668283), (53.26852031888005, 26.10372361341907), (53.338518374489624, 26.07548417726493), (53.40851643009919, 26.04239081350907), (53.47851448296509, 26.010655204784065), (53.54851253857108, 25.98066582103876), (53.618510594177046, 25.96649573826601), (53.688508649783024, 25.96307855815601), (53.758506705388996, 25.968844224982536), (53.828504760994974, 25.976945184779996), (53.89850281660096, 25.97991189271885), (53.96850087220693, 25.97500193453542), (54.038498927812924, 25.972534704108508), (54.10849698341888, 25.972534704108508), (54.17849503902486, 25.976796283936814), (54.24849309463083, 25.977444662291937), (54.31849115023681, 25.973829575997957), (54.38848920584279, 25.96934370249448), (54.45848726144877, 25.968063909171427), (54.528485317054745, 25.970966533203086), (54.59848337266071, 25.986495571772476), (54.668481428266695, 26.003398644704912), (54.73847948387265, 26.017887262192822), (54.80847753947863, 26.02965608326665), (54.8784755950846, 26.04143809808608), (54.94847365069058, 26.048364814525275), (55.018471706296545, 26.05344252175988), (55.08846976190252, 26.066383701371176), (55.15846781750851, 26.09144050908346), (55.22846587311449, 26.11901920702584), (55.29846392872046, 26.129958706947768), (55.36846198432644, 26.106328708580925), (55.43846003993242, 26.066851136929515), (55.5084580983862, 26.047141190198378), (55.57845615399576, 26.034574541614095), (55.648454209605326, 26.032127153209657), (55.718452265214886, 26.03980262327932), (55.78845032082445, 26.053909358939187), (55.85844837643401, 26.06651322416689), (55.92844643204357, 26.06506566465783), (55.998444487653124, 26.032207309497796), (56.06844254326265, 25.945747049652102)
Associated file(s): api_response_2023-09-28_13-35-05.json, api_response_2023-09-28_13-35-05.json

Record time: 2023-09-28T09:50:36Z
Event time: 2023-09-29T13:42:34.909Z
Status: Underway
Travel distance: 181.75593952483803
Waypoints: (52.918530040832195, 26.262079197514126), (52.98852809644179, 26.159503971138946), (53.058526152051364, 26.129797287665767), (53.12852420766093, 26.12581489549033), (53.1985222632705, 26.121580023001382), (53.26852031888007, 26.106280601297247), (53.33851837448964, 26.07910372430167), (53.40851643009921, 26.044907346278986), (53.478514485708786, 26.010729216748594), (53.54851253857108, 25.983133051465675), (53.618510594177046, 25.964701388864622), (53.688508649783024, 25.96307855815601), (53.758506705388996, 25.968844224982536), (53.828504760994974, 25.976945184779996), (53.89850281660096, 25.97991189271885), (53.96850087220693, 25.97500193453542), (54.038498927812924, 25.972534704108508), (54.10849698341888, 25.972534704108508), (54.17849503902486, 25.976796283936814), (54.24849309463083, 25.977444662291937), (54.31849115023681, 25.973829575997957), (54.38848920584279, 25.96934370249448), (54.45848726144877, 25.968063909171427), (54.528485317054745, 25.970966533203086), (54.59848337266071, 25.986495571772476), (54.668481428266695, 26.003398644704912), (54.73847948387265, 26.017887262192822), (54.80847753947863, 26.02965608326665), (54.8784755950846, 26.04143809808608), (54.94847365069058, 26.048364814525275), (55.018471706296545, 26.05344252175988), (55.08846976190252, 26.066383701371176), (55.15846781750851, 26.09144050908346), (55.22846587311449, 26.11901920702584), (55.29846392872046, 26.129958706947768), (55.36846198432644, 26.106328708580925), (55.43846003993242, 26.066851136929515), (55.5084580983862, 26.047141190198378), (55.57845615399576, 26.034574541614095), (55.648454209605326, 26.032127153209657), (55.718452265214886, 26.03980262327932), (55.78845032082445, 26.053909358939187), (55.85844837643401, 26.06651322416689), (55.92844643204357, 26.06506566465783), (55.998444487653124, 26.032207309497796), (56.06844254326265, 25.945747049652102)
Associated file(s): api_response_2023-09-28_13-55-07.json, api_response_2023-09-28_13-55-07.json

Record time: 2023-09-28T10:02:45Z
Event time: 2023-09-29T14:13:54.400Z
Status: Underway
Travel distance: 181.75593952483803
Waypoints: (52.918530040832195, 26.262079197514126), (52.98852809644179, 26.159503971138946), (53.058526152051364, 26.129797287665767), (53.12852420766093, 26.12581489549033), (53.1985222632705, 26.121580023001382), (53.26852031888007, 26.106280601297247), (53.33851837448964, 26.07910372430167), (53.40851643009921, 26.044907346278986), (53.478514485708786, 26.010729216748594), (53.54851253857108, 25.983133051465675), (53.618510594177046, 25.964701388864622), (53.688508649783024, 25.96307855815601), (53.758506705388996, 25.968844224982536), (53.828504760994974, 25.976945184779996), (53.89850281660096, 25.97991189271885), (53.96850087220693, 25.97500193453542), (54.038498927812924, 25.972534704108508), (54.10849698341888, 25.972534704108508), (54.17849503902486, 25.976796283936814), (54.24849309463083, 25.977444662291937), (54.31849115023681, 25.973829575997957), (54.38848920584279, 25.96934370249448), (54.45848726144877, 25.968063909171427), (54.528485317054745, 25.970966533203086), (54.59848337266071, 25.986495571772476), (54.668481428266695, 26.003398644704912), (54.73847948387265, 26.017887262192822), (54.80847753947863, 26.02965608326665), (54.8784755950846, 26.04143809808608), (54.94847365069058, 26.048364814525275), (55.018471706296545, 26.05344252175988), (55.08846976190252, 26.066383701371176), (55.15846781750851, 26.09144050908346), (55.22846587311449, 26.11901920702584), (55.29846392872046, 26.129958706947768), (55.36846198432644, 26.106328708580925), (55.43846003993242, 26.066851136929515), (55.5084580983862, 26.047141190198378), (55.57845615399576, 26.034574541614095), (55.648454209605326, 26.032127153209657), (55.718452265214886, 26.03980262327932), (55.78845032082445, 26.053909358939187), (55.85844837643401, 26.06651322416689), (55.92844643204357, 26.06506566465783), (55.998444487653124, 26.032207309497796), (56.06844254326265, 25.945747049652102)
Associated file(s): api_response_2023-09-28_14-35-11.json, api_response_2023-09-28_14-15-10.json, api_response_2023-09-28_14-35-11.json, api_response_2023-09-28_14-15-10.json

Record time: 2023-09-28T10:34:12Z
Event time: 2023-09-29T14:47:54.900Z
Status: Underway
Travel distance: 177.1927645788337
Waypoints: (52.98852809644176, 26.25537369049755), (53.058526152051364, 26.17115364869252), (53.12852420766093, 26.137710336541478), (53.19852226327049, 26.120869639753494), (53.26852031888005, 26.10297884075896), (53.33851837448962, 26.07789525716688), (53.40851643009919, 26.046715049350254), (53.478514485708764, 26.014242197159604), (53.54851254131834, 25.986197645764594), (53.618510594177046, 25.96716861929153), (53.688508649783024, 25.961284208754616), (53.758506705388996, 25.968844224982536), (53.828504760994974, 25.976945184779996), (53.89850281660096, 25.97991189271885), (53.96850087220693, 25.97500193453542), (54.038498927812924, 25.972534704108508), (54.10849698341888, 25.972534704108508), (54.17849503902486, 25.976796283936814), (54.24849309463083, 25.977444662291937), (54.31849115023681, 25.973829575997957), (54.38848920584279, 25.96934370249448), (54.45848726144877, 25.968063909171427), (54.528485317054745, 25.970966533203086), (54.59848337266071, 25.986495571772476), (54.668481428266695, 26.003398644704912), (54.73847948387265, 26.017887262192822), (54.80847753947863, 26.02965608326665), (54.8784755950846, 26.04143809808608), (54.94847365069058, 26.048364814525275), (55.018471706296545, 26.05344252175988), (55.08846976190252, 26.066383701371176), (55.15846781750851, 26.09144050908346), (55.22846587311449, 26.11901920702584), (55.29846392872046, 26.129958706947768), (55.36846198432644, 26.106328708580925), (55.43846003993242, 26.066851136929515), (55.5084580983862, 26.047141190198378), (55.57845615399576, 26.034574541614095), (55.648454209605326, 26.032127153209657), (55.718452265214886, 26.03980262327932), (55.78845032082445, 26.053909358939187), (55.85844837643401, 26.06651322416689), (55.92844643204357, 26.06506566465783), (55.998444487653124, 26.032207309497796), (56.06844254326265, 25.945747049652102)
Associated file(s): api_response_2023-09-28_17-35-29.json, api_response_2023-09-28_16-55-26.json, api_response_2023-09-28_15-35-18.json, api_response_2023-09-28_15-15-16.json, api_response_2023-09-28_16-15-22.json, api_response_2023-09-28_17-15-27.json, api_response_2023-09-28_16-35-24.json, api_response_2023-09-28_15-55-20.json, api_response_2023-09-28_14-55-14.json, api_response_2023-09-28_17-35-29.json, api_response_2023-09-28_16-55-26.json, api_response_2023-09-28_15-35-18.json, api_response_2023-09-28_15-15-16.json, api_response_2023-09-28_16-15-22.json, api_response_2023-09-28_17-15-27.json, api_response_2023-09-28_16-35-24.json, api_response_2023-09-28_15-55-20.json, api_response_2023-09-28_14-55-14.json

Record time: 2023-09-28T13:41:37Z
Event time: 2023-09-29T14:33:13.090Z
Status: Underway
Travel distance: 162.3099352051836
Waypoints: (53.26852031888004, 26.190498638338337), (53.338518374489624, 26.10112392007086), (53.40851643009918, 26.037944783974762), (53.478514485708736, 25.997686782278628), (53.5485125413183, 25.97578436496311), (53.61851059692787, 25.967166850034513), (53.68850865253745, 25.96689737777591), (53.75850670814703, 25.97066484897596), (53.82850476375661, 25.975128847135235), (53.89850281660096, 25.978117543317456), (53.96850087220693, 25.97500193453542), (54.038498927812924, 25.972534704108508), (54.10849698341888, 25.972534704108508), (54.17849503902486, 25.976796283936814), (54.24849309463083, 25.977444662291937), (54.31849115023681, 25.973829575997957), (54.38848920584279, 25.96934370249448), (54.45848726144877, 25.968063909171427), (54.528485317054745, 25.970966533203086), (54.59848337266071, 25.986495571772476), (54.668481428266695, 26.003398644704912), (54.73847948387265, 26.017887262192822), (54.80847753947863, 26.02965608326665), (54.8784755950846, 26.04143809808608), (54.94847365069058, 26.048364814525275), (55.018471706296545, 26.05344252175988), (55.08846976190252, 26.066383701371176), (55.15846781750851, 26.09144050908346), (55.22846587311449, 26.11901920702584), (55.29846392872046, 26.129958706947768), (55.36846198432644, 26.106328708580925), (55.43846003993242, 26.066851136929515), (55.5084580983862, 26.047141190198378), (55.57845615399576, 26.034574541614095), (55.648454209605326, 26.032127153209657), (55.718452265214886, 26.03980262327932), (55.78845032082445, 26.053909358939187), (55.85844837643401, 26.06651322416689), (55.92844643204357, 26.06506566465783), (55.998444487653124, 26.032207309497796), (56.06844254326265, 25.945747049652102)
Associated file(s): api_response_2023-09-28_18-35-35.json, api_response_2023-09-28_18-55-36.json, api_response_2023-09-28_17-55-31.json, api_response_2023-09-28_18-15-33.json, api_response_2023-09-28_18-35-35.json, api_response_2023-09-28_18-55-36.json, api_response_2023-09-28_17-55-31.json, api_response_2023-09-28_18-15-33.json

Record time: 2023-09-28T15:02:17Z
Event time: 2023-09-29T14:01:55.100Z
Status: Underway
Travel distance: 151.01511879049676
Waypoints: (53.47851448570872, 26.19230114387345), (53.54851254131832, 26.097836998212692), (53.618510596927884, 26.036725441995127), (53.68850865253744, 25.999330243207716), (53.75850670814701, 25.97847297616046), (53.82850476375658, 25.96883477936452), (53.89850281936615, 25.966461024626003), (53.968500874975724, 25.968368897355422), (54.0384989305853, 25.972257888092862), (54.10849698341888, 25.97632319391607), (54.17849503902486, 25.977469164962336), (54.24849309463083, 25.975650312890544), (54.31849115023681, 25.973829575997957), (54.38848920584279, 25.96934370249448), (54.45848726144877, 25.968063909171427), (54.528485317054745, 25.970966533203086), (54.59848337266071, 25.986495571772476), (54.668481428266695, 26.003398644704912), (54.73847948387265, 26.017887262192822), (54.80847753947863, 26.02965608326665), (54.8784755950846, 26.04143809808608), (54.94847365069058, 26.048364814525275), (55.018471706296545, 26.05344252175988), (55.08846976190252, 26.066383701371176), (55.15846781750851, 26.09144050908346), (55.22846587311449, 26.11901920702584), (55.29846392872046, 26.129958706947768), (55.36846198432644, 26.106328708580925), (55.43846003993242, 26.066851136929515), (55.5084580983862, 26.047141190198378), (55.57845615399576, 26.034574541614095), (55.648454209605326, 26.032127153209657), (55.718452265214886, 26.03980262327932), (55.78845032082445, 26.053909358939187), (55.85844837643401, 26.06651322416689), (55.92844643204357, 26.06506566465783), (55.998444487653124, 26.032207309497796), (56.06844254326265, 25.945747049652102)
Associated file(s): api_response_2023-09-28_19-15-38.json, api_response_2023-09-28_21-15-49.json, api_response_2023-09-28_20-35-45.json, api_response_2023-09-28_19-35-40.json, api_response_2023-09-28_20-55-47.json, api_response_2023-09-28_21-55-54.json, api_response_2023-09-28_21-35-52.json, api_response_2023-09-28_20-15-44.json, api_response_2023-09-28_19-55-42.json, api_response_2023-09-28_19-15-38.json, api_response_2023-09-28_21-15-49.json, api_response_2023-09-28_20-35-45.json, api_response_2023-09-28_19-35-40.json, api_response_2023-09-28_20-55-47.json, api_response_2023-09-28_21-55-54.json, api_response_2023-09-28_21-35-52.json, api_response_2023-09-28_20-15-44.json, api_response_2023-09-28_19-55-42.json

Record time: 2023-09-28T18:02:56Z
Event time: 2023-09-29T14:15:24.444Z
Status: Underway
Travel distance: 134.17170626349892
Waypoints: (53.758506708146975, 26.11932821616863), (53.82850476375656, 26.02895301217427), (53.898502819366115, 25.98762016000332), (53.96850087497567, 25.97359304945488), (54.03849893058522, 25.97224272956438), (54.10849698619479, 25.974603004978395), (54.17849504180436, 25.97605539648258), (54.24849309741394, 25.9751439656827), (54.31849115302352, 25.97252000383879), (54.38848920584279, 25.970016583520003), (54.45848726144877, 25.966269559770033), (54.528485317054745, 25.970966533203086), (54.59848337266071, 25.986495571772476), (54.668481428266695, 26.003398644704912), (54.73847948387265, 26.017887262192822), (54.80847753947863, 26.02965608326665), (54.8784755950846, 26.04143809808608), (54.94847365069058, 26.048364814525275), (55.018471706296545, 26.05344252175988), (55.08846976190252, 26.066383701371176), (55.15846781750851, 26.09144050908346), (55.22846587311449, 26.11901920702584), (55.29846392872046, 26.129958706947768), (55.36846198432644, 26.106328708580925), (55.43846003993242, 26.066851136929515), (55.5084580983862, 26.047141190198378), (55.57845615399576, 26.034574541614095), (55.648454209605326, 26.032127153209657), (55.718452265214886, 26.03980262327932), (55.78845032082445, 26.053909358939187), (55.85844837643401, 26.06651322416689), (55.92844643204357, 26.06506566465783), (55.998444487653124, 26.032207309497796), (56.06844254326265, 25.945747049652102)
Associated file(s): api_response_2023-09-28_22-35-59.json, api_response_2023-09-28_22-15-56.json, api_response_2023-09-28_23-16-02.json, api_response_2023-09-28_22-56-01.json, api_response_2023-09-28_22-35-59.json, api_response_2023-09-28_22-15-56.json, api_response_2023-09-28_23-16-02.json, api_response_2023-09-28_22-56-01.json

Record time: 2023-09-28T19:16:38Z
Event time: 2023-09-29T14:49:31.750Z
Status: Underway
Travel distance: 126.86717062634989
Waypoints: (53.89850281936617, 26.12236229788386), (53.9685008749757, 26.022188858672905), (54.03849893058526, 25.986601203032574), (54.10849698619483, 25.978602354829427), (54.178495041804396, 25.977916525656134), (54.24849309741398, 25.97592384741388), (54.31849115302355, 25.971367127494414), (54.38848920863313, 25.96683062656171), (54.458487264242706, 25.96599085893327), (54.528485317054745, 25.97163941422861), (54.59848337266071, 25.98470122237109), (54.668481428266695, 26.003398644704912), (54.73847948387265, 26.017887262192822), (54.80847753947863, 26.02965608326665), (54.8784755950846, 26.04143809808608), (54.94847365069058, 26.048364814525275), (55.018471706296545, 26.05344252175988), (55.08846976190252, 26.066383701371176), (55.15846781750851, 26.09144050908346), (55.22846587311449, 26.11901920702584), (55.29846392872046, 26.129958706947768), (55.36846198432644, 26.106328708580925), (55.43846003993242, 26.066851136929515), (55.5084580983862, 26.047141190198378), (55.57845615399576, 26.034574541614095), (55.648454209605326, 26.032127153209657), (55.718452265214886, 26.03980262327932), (55.78845032082445, 26.053909358939187), (55.85844837643401, 26.06651322416689), (55.92844643204357, 26.06506566465783), (55.998444487653124, 26.032207309497796), (56.06844254326265, 25.945747049652102)
Associated file(s): api_response_2023-09-28_23-56-06.json, api_response_2023-09-28_23-36-04.json, api_response_2023-09-29_00-16-08.json, api_response_2023-09-28_23-56-06.json, api_response_2023-09-28_23-36-04.json, api_response_2023-09-29_00-16-08.json

Record time: 2023-09-28T20:22:19Z
Event time: 2023-09-29T15:21:13.571Z
Status: Underway
Travel distance: 118.48326133909288
Waypoints: (54.03849893058528, 26.112689123383113), (54.10849698619484, 26.039300427056123), (54.178495041804396, 25.994426499221085), (54.24849309741396, 25.970762802541753), (54.31849115302353, 25.962135692161805), (54.388489208633096, 25.963489221959247), (54.45848726424267, 25.970849332951207), (54.528485319852244, 25.981265423849152), (54.59848337546181, 25.99272930376448), (54.668481428266695, 26.004071525730435), (54.73847948387265, 26.016092912791432), (54.80847753947863, 26.02965608326665), (54.8784755950846, 26.04143809808608), (54.94847365069058, 26.048364814525275), (55.018471706296545, 26.05344252175988), (55.08846976190252, 26.066383701371176), (55.15846781750851, 26.09144050908346), (55.22846587311449, 26.11901920702584), (55.29846392872046, 26.129958706947768), (55.36846198432644, 26.106328708580925), (55.43846003993242, 26.066851136929515), (55.5084580983862, 26.047141190198378), (55.57845615399576, 26.034574541614095), (55.648454209605326, 26.032127153209657), (55.718452265214886, 26.03980262327932), (55.78845032082445, 26.053909358939187), (55.85844837643401, 26.06651322416689), (55.92844643204357, 26.06506566465783), (55.998444487653124, 26.032207309497796), (56.06844254326265, 25.945747049652102)
Associated file(s): api_response_2023-09-29_00-56-12.json, api_response_2023-09-29_00-36-10.json, api_response_2023-09-29_00-56-12.json, api_response_2023-09-29_00-36-10.json

Record time: 2023-09-28T21:11:09Z
Event time: 2023-09-29T15:56:54.285Z
Status: Underway
Travel distance: 114.81641468682506
Waypoints: (54.1084969861948, 26.11253823491072), (54.1784950418044, 26.041055160951352), (54.24849309741397, 25.99346835913485), (54.31849115302352, 25.9677885724543), (54.38848920863309, 25.959856172751717), (54.45848726424265, 25.964521812467108), (54.52848531985222, 25.976599766999037), (54.598483375461804, 25.99159396767674), (54.668481431071385, 26.006196725343774), (54.73847948387265, 26.018560143218345), (54.80847753947863, 26.02786173386526), (54.8784755950846, 26.04143809808608), (54.94847365069058, 26.048364814525275), (55.018471706296545, 26.05344252175988), (55.08846976190252, 26.066383701371176), (55.15846781750851, 26.09144050908346), (55.22846587311449, 26.11901920702584), (55.29846392872046, 26.129958706947768), (55.36846198432644, 26.106328708580925), (55.43846003993242, 26.066851136929515), (55.5084580983862, 26.047141190198378), (55.57845615399576, 26.034574541614095), (55.648454209605326, 26.032127153209657), (55.718452265214886, 26.03980262327932), (55.78845032082445, 26.053909358939187), (55.85844837643401, 26.06651322416689), (55.92844643204357, 26.06506566465783), (55.998444487653124, 26.032207309497796), (56.06844254326265, 25.945747049652102)
Associated file(s): api_response_2023-09-29_01-16-14.json, api_response_2023-09-29_01-36-16.json, api_response_2023-09-29_01-56-18.json, api_response_2023-09-29_01-16-14.json, api_response_2023-09-29_01-36-16.json, api_response_2023-09-29_01-56-18.json

Record time: 2023-09-28T22:02:07Z
Event time: 2023-09-29T16:28:09.500Z
Status: Underway
Travel distance: 111.27969762419006
Waypoints: (54.178495041804375, 26.115720292193483), (54.248493097413956, 26.036914369578206), (54.318491153023515, 25.989456101117096), (54.388489208633075, 25.967245349965026), (54.45848726424264, 25.963556218771316), (54.52848531985221, 25.971847899587825), (54.598483375461775, 25.986390245892437), (54.66848143107135, 26.002704066727915), (54.73847948668093, 26.017816142956125), (54.80847753947863, 26.030328964292174), (54.8784755950846, 26.03964374868469), (54.94847365069058, 26.048364814525275), (55.018471706296545, 26.05344252175988), (55.08846976190252, 26.066383701371176), (55.15846781750851, 26.09144050908346), (55.22846587311449, 26.11901920702584), (55.29846392872046, 26.129958706947768), (55.36846198432644, 26.106328708580925), (55.43846003993242, 26.066851136929515), (55.5084580983862, 26.047141190198378), (55.57845615399576, 26.034574541614095), (55.648454209605326, 26.032127153209657), (55.718452265214886, 26.03980262327932), (55.78845032082445, 26.053909358939187), (55.85844837643401, 26.06651322416689), (55.92844643204357, 26.06506566465783), (55.998444487653124, 26.032207309497796), (56.06844254326265, 25.945747049652102)
Associated file(s): api_response_2023-09-29_02-56-23.json, api_response_2023-09-29_03-16-25.json, api_response_2023-09-29_03-36-28.json, api_response_2023-09-29_02-36-21.json, api_response_2023-09-29_02-16-19.json, api_response_2023-09-29_03-56-29.json, api_response_2023-09-29_02-56-23.json, api_response_2023-09-29_03-16-25.json, api_response_2023-09-29_03-36-28.json, api_response_2023-09-29_02-36-21.json, api_response_2023-09-29_02-16-19.json, api_response_2023-09-29_03-56-29.json

Record time: 2023-09-29T00:14:36Z
Event time: 2023-09-29T15:56:27.400Z
Status: Underway
Travel distance: 100.97246220302375
Waypoints: (54.38848920863312, 26.12782923774862), (54.45848726424269, 26.01099145814922), (54.528485319852244, 25.98099302726254), (54.5984833754618, 25.988605253026996), (54.66848143107136, 26.006030798286016), (54.73847948668093, 26.02063043171978), (54.808477542290504, 26.02956523623952), (54.878475597900085, 26.03535427484427), (54.94847365350966, 26.04234771394014), (55.018471706296545, 26.0541154027854), (55.08846976190252, 26.064589351969783), (55.15846781750851, 26.09144050908346), (55.22846587311449, 26.11901920702584), (55.29846392872046, 26.129958706947768), (55.36846198432644, 26.106328708580925), (55.43846003993242, 26.066851136929515), (55.5084580983862, 26.047141190198378), (55.57845615399576, 26.034574541614095), (55.648454209605326, 26.032127153209657), (55.718452265214886, 26.03980262327932), (55.78845032082445, 26.053909358939187), (55.85844837643401, 26.06651322416689), (55.92844643204357, 26.06506566465783), (55.998444487653124, 26.032207309497796), (56.06844254326265, 25.945747049652102)
Associated file(s): api_response_2023-09-29_05-16-37.json, api_response_2023-09-29_04-16-31.json, api_response_2023-09-29_04-56-35.json, api_response_2023-09-29_04-36-33.json, api_response_2023-09-29_05-16-37.json, api_response_2023-09-29_04-16-31.json, api_response_2023-09-29_04-56-35.json, api_response_2023-09-29_04-36-33.json

Record time: 2023-09-29T01:35:56Z
Event time: 2023-09-29T15:20:50.666Z
Status: Underway
Travel distance: 89.34665226781857
Waypoints: (54.52848531985224, 26.032567344540066), (54.59848337546183, 25.99351752439983), (54.6684814310714, 25.995972486356933), (54.73847948668096, 26.012194607804695), (54.80847754229052, 26.028834045712287), (54.878475597900085, 26.04180843243979), (54.94847365350965, 26.05209463633831), (55.018471709119225, 26.062432587135156), (55.088469764728806, 26.07494116610408), (55.15846781750851, 26.089646159682065), (55.22846587311449, 26.11901920702584), (55.29846392872046, 26.129958706947768), (55.36846198432644, 26.106328708580925), (55.43846003993242, 26.066851136929515), (55.5084580983862, 26.047141190198378), (55.57845615399576, 26.034574541614095), (55.648454209605326, 26.032127153209657), (55.718452265214886, 26.03980262327932), (55.78845032082445, 26.053909358939187), (55.85844837643401, 26.06651322416689), (55.92844643204357, 26.06506566465783), (55.998444487653124, 26.032207309497796), (56.06844254326265, 25.945747049652102)
Associated file(s): api_response_2023-09-29_05-36-39.json, api_response_2023-09-29_05-56-40.json, api_response_2023-09-29_05-36-39.json, api_response_2023-09-29_05-56-40.json

Record time: 2023-09-29T02:11:57Z
Event time: 2023-09-29T14:50:29Z
Status: Underway
Travel distance: 85.02267818574514
Waypoints: (54.598483375461775, 26.01900252912964), (54.66848143107135, 26.036086910400744), (54.738479486680916, 26.028328839487415), (54.808477542290476, 26.020088511470334), (54.87847559790004, 26.022465464692633), (54.948473653509616, 26.037349626105094), (55.01847170911919, 26.06091218786957), (55.088469764728764, 26.08653631522075), (55.15846782033833, 26.107187685586148), (55.22846587311449, 26.11722485762445), (55.29846392872046, 26.129958706947768), (55.36846198432644, 26.106328708580925), (55.43846003993242, 26.066851136929515), (55.5084580983862, 26.047141190198378), (55.57845615399576, 26.034574541614095), (55.648454209605326, 26.032127153209657), (55.718452265214886, 26.03980262327932), (55.78845032082445, 26.053909358939187), (55.85844837643401, 26.06651322416689), (55.92844643204357, 26.06506566465783), (55.998444487653124, 26.032207309497796), (56.06844254326265, 25.945747049652102)
Associated file(s): api_response_2023-09-29_08-56-59.json, api_response_2023-09-29_06-16-42.json, api_response_2023-09-29_07-56-53.json, api_response_2023-09-29_07-16-50.json, api_response_2023-09-29_08-16-55.json, api_response_2023-09-29_06-36-45.json, api_response_2023-09-29_09-37-02.json, api_response_2023-09-29_06-56-48.json, api_response_2023-09-29_09-17-01.json, api_response_2023-09-29_07-36-51.json, api_response_2023-09-29_08-36-57.json, api_response_2023-09-29_08-56-59.json, api_response_2023-09-29_06-16-42.json, api_response_2023-09-29_07-56-53.json, api_response_2023-09-29_07-16-50.json, api_response_2023-09-29_08-16-55.json, api_response_2023-09-29_06-36-45.json, api_response_2023-09-29_09-37-02.json, api_response_2023-09-29_06-56-48.json, api_response_2023-09-29_09-17-01.json, api_response_2023-09-29_07-36-51.json, api_response_2023-09-29_08-36-57.json

Record time: 2023-09-29T05:41:36Z
Event time: 2023-09-29T15:36:46.333Z
Status: Underway
Travel distance: 68.18358531317494
Waypoints: (54.94847365350966, 26.044615279017066), (55.01847170911923, 26.041255585941304), (55.0884697647288, 26.058245795590047), (55.15846782033836, 26.09004199755289), (55.228465875947926, 26.1204959896269), (55.29846393155749, 26.133571281488074), (55.36846198716705, 26.120518776627076), (55.43846004222247, 26.08351213228849), (55.50845809783134, 26.027656192815762), (55.578456153440214, 25.99646023378488), (55.648454209605255, 26.010707666964077), (55.718452265214815, 26.050245891184268), (55.78845032082438, 26.089173312643446), (55.85844837643395, 26.097039829731052), (55.92844643204353, 26.056011558011082), (55.99844448765311, 25.984704365072144), (56.0684425432627, 25.968686215504423)
Associated file(s): api_response_2023-09-29_09-57-05.json, api_response_2023-09-29_09-57-05.json

Record time: 2023-09-29T06:04:16Z
Event time: 2023-09-29T15:54:11Z
Status: Underway
Travel distance: 65.08963282937366
Waypoints: (55.01847170911911, 26.047758217700878), (55.088469764728764, 26.042512761414837), (55.15846782033833, 26.09265638898856), (55.228465875947876, 26.1335212612438), (55.29846393155742, 26.14024731676127), (55.36846198716698, 26.113904988769075), (55.43846004277655, 26.06975656536549), (55.50845809783134, 26.027656192815762), (55.578456153440214, 25.99646023378488), (55.648454209605255, 26.010707666964077), (55.718452265214815, 26.050245891184268), (55.78845032082438, 26.089173312643446), (55.85844837643395, 26.097039829731052), (55.92844643204353, 26.056011558011082), (55.99844448765311, 25.984704365072144), (56.0684425432627, 25.968686215504423)
Associated file(s): api_response_2023-09-29_10-17-07.json, api_response_2023-09-29_10-17-07.json

Record time: 2023-09-29T06:26:47Z
Event time: 2023-09-29T16:15:03.750Z
Status: Underway
Travel distance: 65.08963282937366
Waypoints: (55.01847170911911, 26.047758217700878), (55.088469764728764, 26.042512761414837), (55.15846782033833, 26.09265638898856), (55.228465875947876, 26.1335212612438), (55.29846393155742, 26.14024731676127), (55.36846198716698, 26.113904988769075), (55.43846004277655, 26.06975656536549), (55.50845809783134, 26.027656192815762), (55.578456153440214, 25.99646023378488), (55.648454209605255, 26.010707666964077), (55.718452265214815, 26.050245891184268), (55.78845032082438, 26.089173312643446), (55.85844837643395, 26.097039829731052), (55.92844643204353, 26.056011558011082), (55.99844448765311, 25.984704365072144), (56.0684425432627, 25.968686215504423)
Associated file(s): api_response_2023-09-29_10-37-09.json, api_response_2023-09-29_10-37-09.json

Record time: 2023-09-29T06:39:26Z
Event time: 2023-09-29T16:30:26.250Z
Status: Underway
Travel distance: 64.6792656587473
Waypoints: (55.08846976472876, 26.049426114958198), (55.15846782033832, 26.097678977297186), (55.22846587594789, 26.122955116203205), (55.29846393155745, 26.130368722715115), (55.36846198716702, 26.117047422197857), (55.43846004277658, 26.083320135651856), (55.50845809867343, 26.038377704161583), (55.57845615428335, 25.98623387312141), (55.64845420989328, 25.986562794121838), (55.71845226521487, 26.0350642417829), (55.78845032082444, 26.097916952398883), (55.858448376434005, 26.12035785291183), (55.92844643204356, 26.06327187015818), (55.998444487653096, 25.95768898690394), (56.06844254326259, 25.97835568450907)
Associated file(s): api_response_2023-09-29_10-57-11.json, api_response_2023-09-29_11-17-13.json, api_response_2023-09-29_10-57-11.json, api_response_2023-09-29_11-17-13.json

Record time: 2023-09-29T07:27:17Z
Event time: 2023-09-29T16:55:42Z
Status: Underway
Travel distance: 57.52537796976242
Waypoints: (55.15846782033835, 26.045691270050124), (55.22846587594792, 26.039380382560378), (55.298463931557464, 26.05123972775546), (55.368461987167024, 26.034035037362205), (55.43846004277659, 25.994687294274367), (55.50845809838617, 25.961034280212342), (55.57845615428335, 25.958020939568584), (55.64845420989328, 25.99177247835442), (55.71845226521487, 26.050240080751845), (55.78845032082444, 26.102371027789427), (55.858448376434005, 26.110731987413168), (55.92844643204356, 26.055580120772618), (55.998444487653096, 25.96837664577026), (56.06844254326259, 25.97537947997286)
Associated file(s): api_response_2023-09-29_12-37-21.json, api_response_2023-09-29_11-37-14.json, api_response_2023-09-29_12-17-18.json, api_response_2023-09-29_11-57-16.json, api_response_2023-09-29_12-57-23.json, api_response_2023-09-29_12-37-21.json, api_response_2023-09-29_11-37-14.json, api_response_2023-09-29_12-17-18.json, api_response_2023-09-29_11-57-16.json, api_response_2023-09-29_12-57-23.json

Record time: 2023-09-29T09:06:41Z
Event time: 2023-09-29T17:14:34Z
Status: Underway
Travel distance: 49.15658747300216
Waypoints: (55.29846393155743, 25.975495435993757), (55.368461987167024, 25.968540348387975), (55.43846004277659, 25.983732102889203), (55.50845809838616, 25.972917877647077), (55.578456153995724, 25.962233250310657), (55.6484542096468, 25.985416875682667), (55.71845226525644, 26.045550303926515), (55.788450320824374, 26.100321258808428), (55.85844837643393, 26.113851280163278), (55.92844643204349, 26.05866561196368), (55.998444487653074, 25.96447097414904), (56.06844254326263, 25.976445820635515)
Associated file(s): api_response_2023-09-29_13-17-25.json, api_response_2023-09-29_13-37-27.json, api_response_2023-09-29_13-17-25.json, api_response_2023-09-29_13-37-27.json

Record time: 2023-09-29T09:49:09Z
Event time: 2023-09-29T17:35:24.666Z
Status: Underway
Travel distance: 49.15658747300216
Waypoints: (55.29846393155743, 25.975495435993757), (55.368461987167024, 25.968540348387975), (55.43846004277659, 25.983732102889203), (55.50845809838616, 25.972917877647077), (55.578456153995724, 25.962233250310657), (55.6484542096468, 25.985416875682667), (55.71845226525644, 26.045550303926515), (55.788450320824374, 26.100321258808428), (55.85844837643393, 26.113851280163278), (55.92844643204349, 26.05866561196368), (55.998444487653074, 25.96447097414904), (56.06844254326263, 25.976445820635515)
Associated file(s): api_response_2023-09-29_14-17-30.json, api_response_2023-09-29_13-57-29.json, api_response_2023-09-29_14-37-33.json, api_response_2023-09-29_14-17-30.json, api_response_2023-09-29_13-57-29.json, api_response_2023-09-29_14-37-33.json

Record time: 2023-09-29T10:36:42Z
Event time: 2023-09-29T17:51:02.666Z
Status: Underway
Travel distance: 45.245140388768895
Waypoints: (55.36846198716699, 25.97465544956793), (55.438460042776526, 25.97220748912695), (55.50845809838616, 25.98004096253802), (55.57845615399573, 25.96633238406865), (55.64845420960529, 25.98004096253804), (55.71845226521487, 26.042055960375663), (55.78845032082443, 26.11435239206534), (55.858448376434005, 26.114352392065353), (55.928446432043586, 26.04434072345392), (55.99844448765318, 25.974329054842492), (56.06844254326276, 25.97432905484249)
Associated file(s): api_response_2023-09-29_15-57-41.json, api_response_2023-09-29_15-17-38.json, api_response_2023-09-29_16-37-45.json, api_response_2023-09-29_17-17-49.json, api_response_2023-09-29_14-57-35.json, api_response_2023-09-29_15-37-40.json, api_response_2023-09-29_17-37-51.json, api_response_2023-09-29_16-57-47.json, api_response_2023-09-29_16-17-43.json, api_response_2023-09-29_15-57-41.json, api_response_2023-09-29_15-17-38.json, api_response_2023-09-29_16-37-45.json, api_response_2023-09-29_17-17-49.json, api_response_2023-09-29_14-57-35.json, api_response_2023-09-29_15-37-40.json, api_response_2023-09-29_17-37-51.json, api_response_2023-09-29_16-57-47.json, api_response_2023-09-29_16-17-43.json

Record time: 2023-09-30T09:13:32Z
Event time: 2023-09-30T09:13:32Z
Status: Arrived
Travel distance: N/A
Waypoints: 
Associated file(s): api_response_2023-09-30_20-20-38.json, api_response_2023-10-01_00-41-06.json, api_response_2023-09-30_18-20-25.json, api_response_2023-09-30_21-00-42.json, api_response_2023-09-30_17-20-19.json, api_response_2023-09-30_23-20-57.json, api_response_2023-09-30_14-20-00.json, api_response_2023-09-30_21-40-47.json, api_response_2023-09-30_23-00-55.json, api_response_2023-09-30_16-00-09.json, api_response_2023-09-30_15-40-08.json, api_response_2023-09-30_20-00-36.json, api_response_2023-09-30_13-19-53.json, api_response_2023-09-30_18-40-28.json, api_response_2023-09-30_22-40-53.json, api_response_2023-09-30_17-00-16.json, api_response_2023-09-30_17-40-21.json, api_response_2023-09-30_14-40-02.json, api_response_2023-09-30_13-39-55.json, api_response_2023-09-30_19-40-34.json, api_response_2023-09-30_23-40-59.json, api_response_2023-09-30_20-40-40.json, api_response_2023-10-01_00-21-04.json, api_response_2023-09-30_15-00-04.json, api_response_2023-10-01_01-01-08.json, api_response_2023-09-30_22-00-49.json, api_response_2023-10-01_00-01-01.json, api_response_2023-09-30_19-20-32.json, api_response_2023-09-30_18-00-23.json, api_response_2023-09-30_21-20-44.json, api_response_2023-09-30_19-00-30.json, api_response_2023-09-30_13-59-58.json, api_response_2023-09-30_16-40-14.json, api_response_2023-09-30_22-20-51.json, api_response_2023-09-30_15-20-06.json, api_response_2023-09-30_16-20-12.json, api_response_2023-09-30_20-20-38.json, api_response_2023-10-01_00-41-06.json, api_response_2023-09-30_18-20-25.json, api_response_2023-09-30_21-00-42.json, api_response_2023-09-30_17-20-19.json, api_response_2023-09-30_23-20-57.json, api_response_2023-09-30_14-20-00.json, api_response_2023-09-30_21-40-47.json, api_response_2023-09-30_23-00-55.json, api_response_2023-09-30_16-00-09.json, api_response_2023-09-30_15-40-08.json, api_response_2023-09-30_20-00-36.json, api_response_2023-09-30_13-19-53.json, api_response_2023-09-30_18-40-28.json, api_response_2023-09-30_22-40-53.json, api_response_2023-09-30_17-00-16.json, api_response_2023-09-30_17-40-21.json, api_response_2023-09-30_14-40-02.json, api_response_2023-09-30_13-39-55.json, api_response_2023-09-30_19-40-34.json, api_response_2023-09-30_23-40-59.json, api_response_2023-09-30_20-40-40.json, api_response_2023-10-01_00-21-04.json, api_response_2023-09-30_15-00-04.json, api_response_2023-10-01_01-01-08.json, api_response_2023-09-30_22-00-49.json, api_response_2023-10-01_00-01-01.json, api_response_2023-09-30_19-20-32.json, api_response_2023-09-30_18-00-23.json, api_response_2023-09-30_21-20-44.json, api_response_2023-09-30_19-00-30.json, api_response_2023-09-30_13-59-58.json, api_response_2023-09-30_16-40-14.json, api_response_2023-09-30_22-20-51.json, api_response_2023-09-30_15-20-06.json, api_response_2023-09-30_16-20-12.json
