Record time: 2023-10-21T23:00:27Z
Event time: 2023-10-23T06:04:45Z
Status: Underway
Travel distance: 315.3828293736501
Waypoints: (50.748590316935626, 26.318071054974038), (50.81858837254521, 26.335333706023338), (50.888586428154774, 26.397830000101532), (50.95858448376434, 26.465993093588224), (51.02858253937391, 26.5158869617564), (51.098580594983474, 26.535647291656016), (51.168578650593055, 26.522324218792118), (51.23857670620263, 26.479126907597514), (51.3085747618122, 26.413069975699965), (51.37857281478584, 26.33302176063291), (51.448570870391826, 26.25370284691575), (51.5185689259978, 26.171941205442074), (51.58856698160376, 26.09784324534031), (51.658565037209755, 26.035777981224335), (51.728563092815726, 26.003146078717737), (51.79856114842171, 25.987313583999587), (51.86855920402767, 25.990253904447243), (51.93855725963364, 26.005439905631075), (52.00855531523963, 26.024885601822408), (52.0785533708456, 26.05009696484027), (52.14855142645157, 26.067209252881476), (52.21854948205756, 26.07545345905972), (52.288547537663526, 26.082118185407744), (52.358545593269504, 26.097066699170803), (52.428543648875475, 26.109417929871764), (52.49854170448145, 26.128995563519084), (52.568539760087425, 26.145791201665926), (52.6385378156934, 26.163894905447815), (52.708535871299375, 26.17781430705419), (52.778533926905354, 26.186827520118744), (52.848531982511325, 26.1820513842121), (52.91853003811731, 26.15781258872692), (52.98852809372327, 26.138189719380406), (53.058526149329246, 26.12642089830658), (53.12852420493523, 26.121567484747143), (53.198522260541196, 26.117714911032394), (53.268520316147175, 26.101235922779914), (53.33851837175316, 26.078199642965), (53.40851642735913, 26.047456330899777), (53.47851448296509, 26.012449554185455), (53.54851253857108, 25.98066582103876), (53.618510594177046, 25.96649573826601), (53.688508649783024, 25.96307855815601), (53.758506705388996, 25.968844224982536), (53.828504760994974, 25.976945184779996), (53.89850281660096, 25.97991189271885), (53.96850087220693, 25.97500193453542), (54.038498927812924, 25.972534704108508), (54.10849698341888, 25.972534704108508), (54.17849503902486, 25.976796283936814), (54.24849309463083, 25.977444662291937), (54.31849115023681, 25.973829575997957), (54.38848920584279, 25.96934370249448), (54.45848726144877, 25.968063909171427), (54.528485317054745, 25.970966533203086), (54.59848337266071, 25.986495571772476), (54.668481428266695, 26.003398644704912), (54.73847948387265, 26.017887262192822), (54.80847753947863, 26.02965608326665), (54.8784755950846, 26.04143809808608), (54.94847365069058, 26.048364814525275), (55.018471706296545, 26.05344252175988), (55.08846976190252, 26.066383701371176), (55.15846781750851, 26.09144050908346), (55.22846587311449, 26.11901920702584), (55.29846392872046, 26.129958706947768), (55.36846198432644, 26.106328708580925), (55.43846003993242, 26.066851136929515), (55.5084580983862, 26.047141190198378), (55.57845615399576, 26.034574541614095), (55.648454209605326, 26.032127153209657), (55.718452265214886, 26.03980262327932), (55.78845032082445, 26.053909358939187), (55.85844837643401, 26.06651322416689), (55.92844643204357, 26.06506566465783), (55.998444487653124, 26.032207309497796), (56.06844254326265, 25.945747049652102)
Associated file(s): api_response_2023-10-22_05-06-27.json, api_response_2023-10-22_04-26-21.json, api_response_2023-10-22_03-26-11.json, api_response_2023-10-22_04-46-24.json, api_response_2023-10-22_03-46-14.json, api_response_2023-10-22_03-06-07.json, api_response_2023-10-22_04-06-17.json

Record time: 2023-10-22T01:25:19Z
Event time: 2023-10-23T06:37:57.500Z
Status: Underway
Travel distance: 291.7203023758099
Waypoints: (51.098580594983474, 26.543028289889353), (51.16857865059305, 26.511742914783696), (51.23857670620261, 26.469401694907972), (51.308574761812174, 26.409700076033953), (51.37857281742174, 26.334687029718463), (51.448570873031315, 26.25133524489383), (51.51856892864089, 26.168693352121377), (51.58856698425046, 26.09562018050786), (51.65856503986003, 26.03910104728498), (51.728563092815726, 26.003146078717737), (51.79856114842171, 25.987313583999587), (51.86855920402767, 25.990253904447243), (51.93855725963364, 26.005439905631075), (52.00855531523963, 26.024885601822408), (52.0785533708456, 26.05009696484027), (52.14855142645157, 26.067209252881476), (52.21854948205756, 26.07545345905972), (52.288547537663526, 26.082118185407744), (52.358545593269504, 26.097066699170803), (52.428543648875475, 26.109417929871764), (52.49854170448145, 26.128995563519084), (52.568539760087425, 26.145791201665926), (52.6385378156934, 26.163894905447815), (52.708535871299375, 26.17781430705419), (52.778533926905354, 26.186827520118744), (52.848531982511325, 26.1820513842121), (52.91853003811731, 26.15781258872692), (52.98852809372327, 26.138189719380406), (53.058526149329246, 26.12642089830658), (53.12852420493523, 26.121567484747143), (53.198522260541196, 26.117714911032394), (53.268520316147175, 26.101235922779914), (53.33851837175316, 26.078199642965), (53.40851642735913, 26.047456330899777), (53.47851448296509, 26.012449554185455), (53.54851253857108, 25.98066582103876), (53.618510594177046, 25.96649573826601), (53.688508649783024, 25.96307855815601), (53.758506705388996, 25.968844224982536), (53.828504760994974, 25.976945184779996), (53.89850281660096, 25.97991189271885), (53.96850087220693, 25.97500193453542), (54.038498927812924, 25.972534704108508), (54.10849698341888, 25.972534704108508), (54.17849503902486, 25.976796283936814), (54.24849309463083, 25.977444662291937), (54.31849115023681, 25.973829575997957), (54.38848920584279, 25.96934370249448), (54.45848726144877, 25.968063909171427), (54.528485317054745, 25.970966533203086), (54.59848337266071, 25.986495571772476), (54.668481428266695, 26.003398644704912), (54.73847948387265, 26.017887262192822), (54.80847753947863, 26.02965608326665), (54.8784755950846, 26.04143809808608), (54.94847365069058, 26.048364814525275), (55.018471706296545, 26.05344252175988), (55.08846976190252, 26.066383701371176), (55.15846781750851, 26.09144050908346), (55.22846587311449, 26.11901920702584), (55.29846392872046, 26.129958706947768), (55.36846198432644, 26.106328708580925), (55.43846003993242, 26.066851136929515), (55.5084580983862, 26.047141190198378), (55.57845615399576, 26.034574541614095), (55.648454209605326, 26.032127153209657), (55.718452265214886, 26.03980262327932), (55.78845032082445, 26.053909358939187), (55.85844837643401, 26.06651322416689), (55.92844643204357, 26.06506566465783), (55.998444487653124, 26.032207309497796), (56.06844254326265, 25.945747049652102)
Associated file(s): api_response_2023-10-22_05-46-34.json, api_response_2023-10-22_05-26-30.json

Record time: 2023-10-22T02:02:00Z
Event time: 2023-10-23T07:48:51.750Z
Status: Underway
Travel distance: 294.24352051835854
Waypoints: (51.098580594983474, 26.608404944267633), (51.16857865059305, 26.524360453529592), (51.23857670620261, 26.464206237777322), (51.308574761812174, 26.40339130666102), (51.37857281742174, 26.33283150931467), (51.448570873031315, 26.253614884247092), (51.51856892864089, 26.172538969134116), (51.58856698425046, 26.098480070511737), (51.65856503986003, 26.0395944933704), (51.728563092815726, 26.001351729316344), (51.79856114842171, 25.987313583999587), (51.86855920402767, 25.990253904447243), (51.93855725963364, 26.005439905631075), (52.00855531523963, 26.024885601822408), (52.0785533708456, 26.05009696484027), (52.14855142645157, 26.067209252881476), (52.21854948205756, 26.07545345905972), (52.288547537663526, 26.082118185407744), (52.358545593269504, 26.097066699170803), (52.428543648875475, 26.109417929871764), (52.49854170448145, 26.128995563519084), (52.568539760087425, 26.145791201665926), (52.6385378156934, 26.163894905447815), (52.708535871299375, 26.17781430705419), (52.778533926905354, 26.186827520118744), (52.848531982511325, 26.1820513842121), (52.91853003811731, 26.15781258872692), (52.98852809372327, 26.138189719380406), (53.058526149329246, 26.12642089830658), (53.12852420493523, 26.121567484747143), (53.198522260541196, 26.117714911032394), (53.268520316147175, 26.101235922779914), (53.33851837175316, 26.078199642965), (53.40851642735913, 26.047456330899777), (53.47851448296509, 26.012449554185455), (53.54851253857108, 25.98066582103876), (53.618510594177046, 25.96649573826601), (53.688508649783024, 25.96307855815601), (53.758506705388996, 25.968844224982536), (53.828504760994974, 25.976945184779996), (53.89850281660096, 25.97991189271885), (53.96850087220693, 25.97500193453542), (54.038498927812924, 25.972534704108508), (54.10849698341888, 25.972534704108508), (54.17849503902486, 25.976796283936814), (54.24849309463083, 25.977444662291937), (54.31849115023681, 25.973829575997957), (54.38848920584279, 25.96934370249448), (54.45848726144877, 25.968063909171427), (54.528485317054745, 25.970966533203086), (54.59848337266071, 25.986495571772476), (54.668481428266695, 26.003398644704912), (54.73847948387265, 26.017887262192822), (54.80847753947863, 26.02965608326665), (54.8784755950846, 26.04143809808608), (54.94847365069058, 26.048364814525275), (55.018471706296545, 26.05344252175988), (55.08846976190252, 26.066383701371176), (55.15846781750851, 26.09144050908346), (55.22846587311449, 26.11901920702584), (55.29846392872046, 26.129958706947768), (55.36846198432644, 26.106328708580925), (55.43846003993242, 26.066851136929515), (55.5084580983862, 26.047141190198378), (55.57845615399576, 26.034574541614095), (55.648454209605326, 26.032127153209657), (55.718452265214886, 26.03980262327932), (55.78845032082445, 26.053909358939187), (55.85844837643401, 26.06651322416689), (55.92844643204357, 26.06506566465783), (55.998444487653124, 26.032207309497796), (56.06844254326265, 25.945747049652102)
Associated file(s): api_response_2023-10-22_06-26-40.json, api_response_2023-10-22_06-06-37.json, api_response_2023-10-22_06-46-44.json

Record time: 2023-10-22T03:03:20Z
Event time: 2023-10-23T07:07:31.444Z
Status: Underway
Travel distance: 287.7219222462203
Waypoints: (51.23857670620259, 26.678851800867015), (51.308574761812146, 26.594869646293247), (51.378572817421706, 26.532495762758636), (51.44857087303127, 26.471481434736443), (51.518568928640846, 26.403137552665562), (51.58856698425041, 26.32681697189173), (51.65856503985999, 26.246877877876827), (51.72856309546956, 26.170128157676338), (51.79856115107913, 26.10375077768492), (51.86855920402767, 26.053710166313447), (51.93855725963364, 26.02142130119241), (52.00855531523963, 26.010496879836886), (52.0785533708456, 26.026010839839877), (52.14855142645157, 26.05076230658259), (52.21854948205756, 26.074364032637448), (52.288547537663526, 26.091687420608228), (52.358545593269504, 26.10447027527234), (52.428543648875475, 26.10944243254216), (52.49854170448145, 26.12293963428939), (52.568539760087425, 26.147585551067316), (52.6385378156934, 26.163894905447815), (52.708535871299375, 26.17781430705419), (52.778533926905354, 26.186827520118744), (52.848531982511325, 26.1820513842121), (52.91853003811731, 26.15781258872692), (52.98852809372327, 26.138189719380406), (53.058526149329246, 26.12642089830658), (53.12852420493523, 26.121567484747143), (53.198522260541196, 26.117714911032394), (53.268520316147175, 26.101235922779914), (53.33851837175316, 26.078199642965), (53.40851642735913, 26.047456330899777), (53.47851448296509, 26.012449554185455), (53.54851253857108, 25.98066582103876), (53.618510594177046, 25.96649573826601), (53.688508649783024, 25.96307855815601), (53.758506705388996, 25.968844224982536), (53.828504760994974, 25.976945184779996), (53.89850281660096, 25.97991189271885), (53.96850087220693, 25.97500193453542), (54.038498927812924, 25.972534704108508), (54.10849698341888, 25.972534704108508), (54.17849503902486, 25.976796283936814), (54.24849309463083, 25.977444662291937), (54.31849115023681, 25.973829575997957), (54.38848920584279, 25.96934370249448), (54.45848726144877, 25.968063909171427), (54.528485317054745, 25.970966533203086), (54.59848337266071, 25.986495571772476), (54.668481428266695, 26.003398644704912), (54.73847948387265, 26.017887262192822), (54.80847753947863, 26.02965608326665), (54.8784755950846, 26.04143809808608), (54.94847365069058, 26.048364814525275), (55.018471706296545, 26.05344252175988), (55.08846976190252, 26.066383701371176), (55.15846781750851, 26.09144050908346), (55.22846587311449, 26.11901920702584), (55.29846392872046, 26.129958706947768), (55.36846198432644, 26.106328708580925), (55.43846003993242, 26.066851136929515), (55.5084580983862, 26.047141190198378), (55.57845615399576, 26.034574541614095), (55.648454209605326, 26.032127153209657), (55.718452265214886, 26.03980262327932), (55.78845032082445, 26.053909358939187), (55.85844837643401, 26.06651322416689), (55.92844643204357, 26.06506566465783), (55.998444487653124, 26.032207309497796), (56.06844254326265, 25.945747049652102)
Associated file(s): api_response_2023-10-22_07-06-48.json

Record time: 2023-10-22T03:26:29Z
Event time: 2023-10-23T06:08:57Z
Status: Underway
Travel distance: 282.94114470842334
Waypoints: (51.30857476181214, 26.678669453022003), (51.378572817421734, 26.59542834144781), (51.44857087303131, 26.532727492908627), (51.518568928640875, 26.4709005158312), (51.588566984250434, 26.401933923237515), (51.65856503986, 26.325787020133024), (51.72856309546957, 26.24723482866688), (51.79856115107914, 26.173234051064075), (51.86855920668871, 26.110812070329604), (51.93855725963364, 26.065478987387277), (52.00855531523963, 26.03645086224986), (52.0785533708456, 26.035710127675546), (52.14855142645157, 26.049194135677176), (52.21854948205756, 26.068098888298977), (52.288547537663526, 26.08670206959281), (52.358545593269504, 26.103970797760397), (52.428543648875475, 26.1125580413242), (52.49854170448145, 26.125406864716304), (52.568539760087425, 26.145791201665926), (52.6385378156934, 26.163894905447815), (52.708535871299375, 26.17781430705419), (52.778533926905354, 26.186827520118744), (52.848531982511325, 26.1820513842121), (52.91853003811731, 26.15781258872692), (52.98852809372327, 26.138189719380406), (53.058526149329246, 26.12642089830658), (53.12852420493523, 26.121567484747143), (53.198522260541196, 26.117714911032394), (53.268520316147175, 26.101235922779914), (53.33851837175316, 26.078199642965), (53.40851642735913, 26.047456330899777), (53.47851448296509, 26.012449554185455), (53.54851253857108, 25.98066582103876), (53.618510594177046, 25.96649573826601), (53.688508649783024, 25.96307855815601), (53.758506705388996, 25.968844224982536), (53.828504760994974, 25.976945184779996), (53.89850281660096, 25.97991189271885), (53.96850087220693, 25.97500193453542), (54.038498927812924, 25.972534704108508), (54.10849698341888, 25.972534704108508), (54.17849503902486, 25.976796283936814), (54.24849309463083, 25.977444662291937), (54.31849115023681, 25.973829575997957), (54.38848920584279, 25.96934370249448), (54.45848726144877, 25.968063909171427), (54.528485317054745, 25.970966533203086), (54.59848337266071, 25.986495571772476), (54.668481428266695, 26.003398644704912), (54.73847948387265, 26.017887262192822), (54.80847753947863, 26.02965608326665), (54.8784755950846, 26.04143809808608), (54.94847365069058, 26.048364814525275), (55.018471706296545, 26.05344252175988), (55.08846976190252, 26.066383701371176), (55.15846781750851, 26.09144050908346), (55.22846587311449, 26.11901920702584), (55.29846392872046, 26.129958706947768), (55.36846198432644, 26.106328708580925), (55.43846003993242, 26.066851136929515), (55.5084580983862, 26.047141190198378), (55.57845615399576, 26.034574541614095), (55.648454209605326, 26.032127153209657), (55.718452265214886, 26.03980262327932), (55.78845032082445, 26.053909358939187), (55.85844837643401, 26.06651322416689), (55.92844643204357, 26.06506566465783), (55.998444487653124, 26.032207309497796), (56.06844254326265, 25.945747049652102)
Associated file(s): api_response_2023-10-22_07-26-51.json

Record time: 2023-10-22T03:39:09Z
Event time: 2023-10-23T05:37:42.555Z
Status: Underway
Travel distance: 279.2904967602592
Waypoints: (51.37857281742175, 26.682139887887157), (51.448570873031315, 26.588660109879637), (51.51856892864088, 26.53065471549395), (51.58856698425044, 26.47485636059124), (51.65856503986001, 26.407707272136985), (51.728563095469575, 26.32876576807883), (51.79856115107915, 26.24514057000666), (51.86855920668872, 26.16695290859479), (51.938557262298296, 26.103826421826373), (52.00855531523963, 26.062404844662836), (52.0785533708456, 26.045409415511216), (52.14855142645157, 26.047625964771758), (52.21854948205756, 26.061833743960506), (52.288547537663526, 26.08171671857739), (52.358545593269504, 26.103471320248456), (52.428543648875475, 26.115673650106235), (52.49854170448145, 26.127874095143216), (52.568539760087425, 26.143996852264532), (52.6385378156934, 26.163894905447815), (52.708535871299375, 26.17781430705419), (52.778533926905354, 26.186827520118744), (52.848531982511325, 26.1820513842121), (52.91853003811731, 26.15781258872692), (52.98852809372327, 26.138189719380406), (53.058526149329246, 26.12642089830658), (53.12852420493523, 26.121567484747143), (53.198522260541196, 26.117714911032394), (53.268520316147175, 26.101235922779914), (53.33851837175316, 26.078199642965), (53.40851642735913, 26.047456330899777), (53.47851448296509, 26.012449554185455), (53.54851253857108, 25.98066582103876), (53.618510594177046, 25.96649573826601), (53.688508649783024, 25.96307855815601), (53.758506705388996, 25.968844224982536), (53.828504760994974, 25.976945184779996), (53.89850281660096, 25.97991189271885), (53.96850087220693, 25.97500193453542), (54.038498927812924, 25.972534704108508), (54.10849698341888, 25.972534704108508), (54.17849503902486, 25.976796283936814), (54.24849309463083, 25.977444662291937), (54.31849115023681, 25.973829575997957), (54.38848920584279, 25.96934370249448), (54.45848726144877, 25.968063909171427), (54.528485317054745, 25.970966533203086), (54.59848337266071, 25.986495571772476), (54.668481428266695, 26.003398644704912), (54.73847948387265, 26.017887262192822), (54.80847753947863, 26.02965608326665), (54.8784755950846, 26.04143809808608), (54.94847365069058, 26.048364814525275), (55.018471706296545, 26.05344252175988), (55.08846976190252, 26.066383701371176), (55.15846781750851, 26.09144050908346), (55.22846587311449, 26.11901920702584), (55.29846392872046, 26.129958706947768), (55.36846198432644, 26.106328708580925), (55.43846003993242, 26.066851136929515), (55.5084580983862, 26.047141190198378), (55.57845615399576, 26.034574541614095), (55.648454209605326, 26.032127153209657), (55.718452265214886, 26.03980262327932), (55.78845032082445, 26.053909358939187), (55.85844837643401, 26.06651322416689), (55.92844643204357, 26.06506566465783), (55.998444487653124, 26.032207309497796), (56.06844254326265, 25.945747049652102)
Associated file(s): api_response_2023-10-22_07-46-55.json

Record time: 2023-10-22T04:05:09Z
Event time: 2023-10-23T02:42:01.375Z
Status: Underway
Travel distance: 279.4330453563715
Waypoints: (51.44393676002586, 26.75445857715765), (51.461185958435024, 26.655595750945675), (51.513374481709924, 26.597550775323185), (51.58225944154857, 26.544851065815475), (51.656709880241806, 26.481422613620175), (51.730842291571925, 26.40449409817629), (51.80240602035378, 26.319404394342612), (51.8714185406183, 26.235313474185524), (51.939050612438514, 26.161816703376182), (52.00676131472982, 26.106462530857705), (52.0785533708456, 26.07136339792419), (52.14855142645157, 26.057325252607427), (52.21854948205756, 26.06026557305509), (52.288547537663526, 26.07545157423892), (52.358545593269504, 26.098485969233035), (52.428543648875475, 26.115174172594294), (52.49854170448145, 26.130989703925252), (52.568539760087425, 26.146464082691445), (52.6385378156934, 26.162100556046422), (52.708535871299375, 26.17781430705419), (52.778533926905354, 26.186827520118744), (52.848531982511325, 26.1820513842121), (52.91853003811731, 26.15781258872692), (52.98852809372327, 26.138189719380406), (53.058526149329246, 26.12642089830658), (53.12852420493523, 26.121567484747143), (53.198522260541196, 26.117714911032394), (53.268520316147175, 26.101235922779914), (53.33851837175316, 26.078199642965), (53.40851642735913, 26.047456330899777), (53.47851448296509, 26.012449554185455), (53.54851253857108, 25.98066582103876), (53.618510594177046, 25.96649573826601), (53.688508649783024, 25.96307855815601), (53.758506705388996, 25.968844224982536), (53.828504760994974, 25.976945184779996), (53.89850281660096, 25.97991189271885), (53.96850087220693, 25.97500193453542), (54.038498927812924, 25.972534704108508), (54.10849698341888, 25.972534704108508), (54.17849503902486, 25.976796283936814), (54.24849309463083, 25.977444662291937), (54.31849115023681, 25.973829575997957), (54.38848920584279, 25.96934370249448), (54.45848726144877, 25.968063909171427), (54.528485317054745, 25.970966533203086), (54.59848337266071, 25.986495571772476), (54.668481428266695, 26.003398644704912), (54.73847948387265, 26.017887262192822), (54.80847753947863, 26.02965608326665), (54.8784755950846, 26.04143809808608), (54.94847365069058, 26.048364814525275), (55.018471706296545, 26.05344252175988), (55.08846976190252, 26.066383701371176), (55.15846781750851, 26.09144050908346), (55.22846587311449, 26.11901920702584), (55.29846392872046, 26.129958706947768), (55.36846198432644, 26.106328708580925), (55.43846003993242, 26.066851136929515), (55.5084580983862, 26.047141190198378), (55.57845615399576, 26.034574541614095), (55.648454209605326, 26.032127153209657), (55.718452265214886, 26.03980262327932), (55.78845032082445, 26.053909358939187), (55.85844837643401, 26.06651322416689), (55.92844643204357, 26.06506566465783), (55.998444487653124, 26.032207309497796), (56.06844254326265, 25.945747049652102)
Associated file(s): api_response_2023-10-22_08-47-04.json, api_response_2023-10-22_08-06-58.json, api_response_2023-10-22_08-27-01.json

Record time: 2023-10-22T04:51:38Z
Event time: 2023-10-23T03:13:38.444Z
Status: Underway
Travel distance: 271.15064794816413
Waypoints: (51.58393287124499, 26.8166677387775), (51.601182069654186, 26.73964703846177), (51.65337059292909, 26.673325951784896), (51.72225555276774, 26.608059679366576), (51.79670599146097, 26.53925756880136), (51.87083840279109, 26.466129897308836), (51.94240213157293, 26.390556413807452), (52.011414651837455, 26.316076640412035), (52.079046723657676, 26.24700193335496), (52.14675742594175, 26.18764930198744), (52.21854948205756, 26.1399765294986), (52.288547537663526, 26.10953667358215), (52.358545593269504, 26.10035194182482), (52.428543648875475, 26.102355506334987), (52.49854170448145, 26.11923973105942), (52.568539760087425, 26.144094862946123), (52.6385378156934, 26.167183917743433), (52.708535871299375, 26.18160279686175), (52.778533926905354, 26.187500401144266), (52.848531982511325, 26.180257034810708), (52.91853003811731, 26.15781258872692), (52.98852809372327, 26.138189719380406), (53.058526149329246, 26.12642089830658), (53.12852420493523, 26.121567484747143), (53.198522260541196, 26.117714911032394), (53.268520316147175, 26.101235922779914), (53.33851837175316, 26.078199642965), (53.40851642735913, 26.047456330899777), (53.47851448296509, 26.012449554185455), (53.54851253857108, 25.98066582103876), (53.618510594177046, 25.96649573826601), (53.688508649783024, 25.96307855815601), (53.758506705388996, 25.968844224982536), (53.828504760994974, 25.976945184779996), (53.89850281660096, 25.97991189271885), (53.96850087220693, 25.97500193453542), (54.038498927812924, 25.972534704108508), (54.10849698341888, 25.972534704108508), (54.17849503902486, 25.976796283936814), (54.24849309463083, 25.977444662291937), (54.31849115023681, 25.973829575997957), (54.38848920584279, 25.96934370249448), (54.45848726144877, 25.968063909171427), (54.528485317054745, 25.970966533203086), (54.59848337266071, 25.986495571772476), (54.668481428266695, 26.003398644704912), (54.73847948387265, 26.017887262192822), (54.80847753947863, 26.02965608326665), (54.8784755950846, 26.04143809808608), (54.94847365069058, 26.048364814525275), (55.018471706296545, 26.05344252175988), (55.08846976190252, 26.066383701371176), (55.15846781750851, 26.09144050908346), (55.22846587311449, 26.11901920702584), (55.29846392872046, 26.129958706947768), (55.36846198432644, 26.106328708580925), (55.43846003993242, 26.066851136929515), (55.5084580983862, 26.047141190198378), (55.57845615399576, 26.034574541614095), (55.648454209605326, 26.032127153209657), (55.718452265214886, 26.03980262327932), (55.78845032082445, 26.053909358939187), (55.85844837643401, 26.06651322416689), (55.92844643204357, 26.06506566465783), (55.998444487653124, 26.032207309497796), (56.06844254326265, 25.945747049652102)
Associated file(s): api_response_2023-10-22_09-07-08.json, api_response_2023-10-22_09-27-12.json

Record time: 2023-10-22T05:30:50Z
Event time: 2023-10-23T03:52:09.777Z
Status: Underway
Travel distance: 261.21652267818575
Waypoints: (51.658565039859994, 26.87059318152082), (51.72856309546957, 26.916838653470894), (51.79856115107913, 26.957192689642575), (51.86855920668869, 26.990392631447303), (51.93855726229825, 27.015509433578085), (52.00855531790781, 27.032006658900546), (52.07855337351738, 27.039766112015798), (52.148551429126954, 27.03908011149516), (52.21854948473652, 27.030610400786742), (52.288547537663526, 27.015313696407826), (52.358545593269504, 26.99884790190094), (52.428543648875475, 26.97798482046817), (52.49854170448145, 26.942823488448276), (52.568539760087425, 26.909096505057004), (52.6385378156934, 26.8696208182264), (52.708535871299375, 26.825140932172378), (52.778533926905354, 26.785399485609002), (52.848531982511325, 26.748072494490152), (52.91853003811731, 26.7073528259317), (52.98852809372327, 26.660792097714722), (53.058526149329246, 26.616391374134295), (53.12852420493523, 26.57034520199566), (53.198522260541196, 26.52736940293987), (53.268520316147175, 26.49329938216304), (53.33851837175316, 26.47117158597362), (53.40851642735913, 26.46041491366927), (53.47851448296509, 26.456984539813675), (53.54851253857108, 26.46729827923007), (53.618510594177046, 26.465413458430294), (53.688508649783024, 26.45009363496968), (53.758506705388996, 26.412606434082843), (53.828504760994974, 26.369858698343815), (53.89850281660096, 26.3399729797425), (53.96850087220693, 26.31647680365244), (54.038498927812924, 26.296763462907535), (54.10849698341888, 26.293267120323947), (54.17849503902486, 26.305484528748128), (54.24849309463083, 26.325075356141042), (54.31849115023681, 26.34295288142696), (54.38848920584279, 26.358862653797903), (54.45848726144877, 26.36056653180091), (54.528485317054745, 26.35809741655319), (54.59848337266071, 26.34764797003921), (54.668481428266695, 26.342146178124647), (54.73847948387265, 26.327804576659123), (54.80847753947863, 26.31862172972259), (54.8784755950846, 26.316286436751664), (54.94847365069058, 26.323215038011657), (55.018471706296545, 26.328624473707027), (55.08846976190252, 26.31947743836569), (55.15846781750851, 26.322444146304544), (55.22846587311449, 26.332987833858517), (55.29846392872046, 26.33693276379246), (55.36846198432644, 26.326562479752056), (55.44025404044223, 26.306202645472833), (55.5059913448374, 26.28387694309944), (55.57733917510683, 26.270770905843314), (55.64970340866165, 26.260178275775363), (55.72214627535571, 26.250279259761765), (55.79318539489754, 26.23746725320196), (55.8609219225916, 26.216812507293863), (55.923251985112636, 26.182858277339758), (55.97816140916089, 26.13074945344123), (56.02410374299812, 26.057693673583262), (56.060461570864405, 25.96475491910738)
Associated file(s): api_response_2023-10-22_10-07-18.json, api_response_2023-10-22_10-27-21.json, api_response_2023-10-22_10-47-24.json, api_response_2023-10-22_09-47-15.json

Record time: 2023-10-22T06:52:30Z
Event time: 2023-10-23T04:22:58.111Z
Status: Underway
Travel distance: 248.8477321814255
Waypoints: (51.93855726229831, 27.024766245452547), (52.00855531790788, 27.02208151812836), (52.07855337351744, 27.02591313035138), (52.148551429127, 27.02928553168861), (52.218549484736556, 27.027767679786894), (52.28854754034613, 27.018959426704924), (52.358545595955704, 27.002025025765303), (52.42854365156528, 26.977273758926554), (52.49854170717485, 26.945787684675153), (52.568539760087425, 26.909096505057004), (52.6385378156934, 26.8696208182264), (52.708535871299375, 26.825140932172378), (52.778533926905354, 26.787193835010395), (52.848531982511325, 26.74739961346463), (52.91853003811731, 26.703564336124142), (52.98852809372327, 26.655708736017722), (53.058526149329246, 26.62055494328101), (53.12852420493523, 26.57962794443458), (53.198522260541196, 26.53886680981853), (53.268520316147175, 26.48946565665629), (53.33851837175316, 26.438956228863766), (53.40851642735913, 26.385674229674773), (53.47851448296509, 26.337475592182788), (53.54851253857108, 26.288562607607687), (53.618510594177046, 26.229243527397), (53.688508649783024, 26.16899711535282), (53.758506705388996, 26.103275298885276), (53.828504760994974, 26.04830826990128), (53.89850281660096, 26.007232370211664), (53.96850087220693, 25.974998164893822), (54.038498927812924, 25.961683790764173), (54.10849698341888, 25.962105990623325), (54.17849503902486, 25.976894294618404), (54.24849309463083, 25.980733674587555), (54.31849115023681, 25.97761806580552), (54.38848920584279, 25.970016583520003), (54.45848726144877, 25.966269559770033), (54.528485317054745, 25.970966533203086), (54.59848337266071, 25.986495571772476), (54.668481428266695, 26.003398644704912), (54.73847948387265, 26.017887262192822), (54.80847753947863, 26.02965608326665), (54.8784755950846, 26.04143809808608), (54.94847365069058, 26.048364814525275), (55.018471706296545, 26.05344252175988), (55.08846976190252, 26.066383701371176), (55.15846781750851, 26.09144050908346), (55.22846587311449, 26.11901920702584), (55.29846392872046, 26.129958706947768), (55.36846198432644, 26.106328708580925), (55.43846003993242, 26.066851136929515), (55.5084580983862, 26.047141190198378), (55.57845615399576, 26.034574541614095), (55.648454209605326, 26.032127153209657), (55.718452265214886, 26.03980262327932), (55.78845032082445, 26.053909358939187), (55.85844837643401, 26.06651322416689), (55.92844643204357, 26.06506566465783), (55.998444487653124, 26.032207309497796), (56.06844254326265, 25.945747049652102)
Associated file(s): api_response_2023-10-22_12-07-38.json, api_response_2023-10-22_11-47-34.json, api_response_2023-10-22_11-27-31.json, api_response_2023-10-22_11-07-28.json

Record time: 2023-10-22T08:22:08Z
Event time: 2023-10-23T04:53:02.666Z
Status: Underway
Travel distance: 235.35529157667386
Waypoints: (52.21854948473652, 27.09070101240435), (52.28854754034612, 27.039979765020817), (52.3585455959557, 27.00222385722494), (52.42854365156525, 26.970140488973637), (52.498541707174816, 26.93895686563326), (52.56853976278438, 26.905915631451457), (52.63853781839396, 26.86980950730171), (52.70853587400354, 26.830555132700457), (52.77853392961311, 26.788806112096896), (52.848531982511325, 26.74560526406324), (52.91853003811731, 26.703564336124142), (52.98852809372327, 26.655708736017722), (53.058526149329246, 26.62055494328101), (53.12852420493523, 26.57962794443458), (53.198522260541196, 26.53886680981853), (53.268520316147175, 26.48946565665629), (53.33851837175316, 26.438956228863766), (53.40851642735913, 26.385674229674773), (53.47851448296509, 26.337475592182788), (53.54851253857108, 26.288562607607687), (53.618510594177046, 26.229243527397), (53.688508649783024, 26.16899711535282), (53.758506705388996, 26.103275298885276), (53.828504760994974, 26.04830826990128), (53.89850281660096, 26.007232370211664), (53.96850087220693, 25.974998164893822), (54.038498927812924, 25.961683790764173), (54.10849698341888, 25.962105990623325), (54.17849503902486, 25.976894294618404), (54.24849309463083, 25.980733674587555), (54.31849115023681, 25.97761806580552), (54.38848920584279, 25.970016583520003), (54.45848726144877, 25.966269559770033), (54.528485317054745, 25.970966533203086), (54.59848337266071, 25.986495571772476), (54.668481428266695, 26.003398644704912), (54.73847948387265, 26.017887262192822), (54.80847753947863, 26.02965608326665), (54.8784755950846, 26.04143809808608), (54.94847365069058, 26.048364814525275), (55.018471706296545, 26.05344252175988), (55.08846976190252, 26.066383701371176), (55.15846781750851, 26.09144050908346), (55.22846587311449, 26.11901920702584), (55.29846392872046, 26.129958706947768), (55.36846198432644, 26.106328708580925), (55.43846003993242, 26.066851136929515), (55.5084580983862, 26.047141190198378), (55.57845615399576, 26.034574541614095), (55.648454209605326, 26.032127153209657), (55.718452265214886, 26.03980262327932), (55.78845032082445, 26.053909358939187), (55.85844837643401, 26.06651322416689), (55.92844643204357, 26.06506566465783), (55.998444487653124, 26.032207309497796), (56.06844254326265, 25.945747049652102)
Associated file(s): api_response_2023-10-22_13-47-55.json, api_response_2023-10-22_14-48-06.json, api_response_2023-10-22_13-07-48.json, api_response_2023-10-22_14-28-02.json, api_response_2023-10-22_14-07-58.json, api_response_2023-10-22_12-27-42.json, api_response_2023-10-22_13-27-51.json, api_response_2023-10-22_12-47-45.json

Record time: 2023-10-22T11:03:20Z
Event time: 2023-10-23T05:23:05Z
Status: Underway
Travel distance: 207.35421166306696
Waypoints: (52.70853587400349, 26.892097410451843), (52.77853392961309, 26.797686668047067), (52.84853198522266, 26.740482973621244), (52.918530040832216, 26.69934797623008), (52.98852809644177, 26.6620849148039), (53.058526152051336, 26.622828329821893), (53.12852420766091, 26.57982883342602), (53.19852226327049, 26.533632937974577), (53.268520318880064, 26.485657943035395), (53.33851837175316, 26.43716187946238), (53.40851642735913, 26.385674229674773), (53.47851448296509, 26.337475592182788), (53.54851253857108, 26.288562607607687), (53.618510594177046, 26.229243527397), (53.688508649783024, 26.16899711535282), (53.758506705388996, 26.103275298885276), (53.828504760994974, 26.04830826990128), (53.89850281660096, 26.007232370211664), (53.96850087220693, 25.974998164893822), (54.038498927812924, 25.961683790764173), (54.10849698341888, 25.962105990623325), (54.17849503902486, 25.976894294618404), (54.24849309463083, 25.980733674587555), (54.31849115023681, 25.97761806580552), (54.38848920584279, 25.970016583520003), (54.45848726144877, 25.966269559770033), (54.528485317054745, 25.970966533203086), (54.59848337266071, 25.986495571772476), (54.668481428266695, 26.003398644704912), (54.73847948387265, 26.017887262192822), (54.80847753947863, 26.02965608326665), (54.8784755950846, 26.04143809808608), (54.94847365069058, 26.048364814525275), (55.018471706296545, 26.05344252175988), (55.08846976190252, 26.066383701371176), (55.15846781750851, 26.09144050908346), (55.22846587311449, 26.11901920702584), (55.29846392872046, 26.129958706947768), (55.36846198432644, 26.106328708580925), (55.43846003993242, 26.066851136929515), (55.5084580983862, 26.047141190198378), (55.57845615399576, 26.034574541614095), (55.648454209605326, 26.032127153209657), (55.718452265214886, 26.03980262327932), (55.78845032082445, 26.053909358939187), (55.85844837643401, 26.06651322416689), (55.92844643204357, 26.06506566465783), (55.998444487653124, 26.032207309497796), (56.06844254326265, 25.945747049652102)
Associated file(s): api_response_2023-10-22_17-28-33.json, api_response_2023-10-22_16-48-26.json, api_response_2023-10-22_16-08-19.json, api_response_2023-10-22_15-28-12.json, api_response_2023-10-22_15-48-16.json, api_response_2023-10-22_17-08-29.json, api_response_2023-10-22_17-48-36.json, api_response_2023-10-22_16-28-23.json, api_response_2023-10-22_15-08-09.json

Record time: 2023-10-22T14:06:08Z
Event time: 2023-10-23T05:23:57.857Z
Status: Underway
Travel distance: 173.02429805615552
Waypoints: (53.19852226327043, 26.53443988116318), (53.26852031888003, 26.47664590655546), (53.3385183744896, 26.435036545461593), (53.40851643009916, 26.39389667609424), (53.47851448570872, 26.345771403821523), (53.54851254131829, 26.289127940964782), (53.61851059692786, 26.2263181155139), (53.68850865253744, 26.161841508760215), (53.75850670814702, 26.100909221847026), (53.828504760994974, 26.04830826990128), (53.89850281660096, 26.007232370211664), (53.96850087220693, 25.974998164893822), (54.038498927812924, 25.961683790764173), (54.10849698341888, 25.962105990623325), (54.17849503902486, 25.976894294618404), (54.24849309463083, 25.980733674587555), (54.31849115023681, 25.97761806580552), (54.38848920584279, 25.970016583520003), (54.45848726144877, 25.966269559770033), (54.528485317054745, 25.970966533203086), (54.59848337266071, 25.986495571772476), (54.668481428266695, 26.003398644704912), (54.73847948387265, 26.017887262192822), (54.80847753947863, 26.02965608326665), (54.8784755950846, 26.04143809808608), (54.94847365069058, 26.048364814525275), (55.018471706296545, 26.05344252175988), (55.08846976190252, 26.066383701371176), (55.15846781750851, 26.09144050908346), (55.22846587311449, 26.11901920702584), (55.29846392872046, 26.129958706947768), (55.36846198432644, 26.106328708580925), (55.43846003993242, 26.066851136929515), (55.5084580983862, 26.047141190198378), (55.57845615399576, 26.034574541614095), (55.648454209605326, 26.032127153209657), (55.718452265214886, 26.03980262327932), (55.78845032082445, 26.053909358939187), (55.85844837643401, 26.06651322416689), (55.92844643204357, 26.06506566465783), (55.998444487653124, 26.032207309497796), (56.06844254326265, 25.945747049652102)
Associated file(s): api_response_2023-10-22_20-09-01.json, api_response_2023-10-22_19-48-57.json, api_response_2023-10-22_20-29-05.json, api_response_2023-10-22_18-28-43.json, api_response_2023-10-22_20-49-08.json, api_response_2023-10-22_19-08-50.json, api_response_2023-10-22_19-28-54.json, api_response_2023-10-22_18-08-39.json, api_response_2023-10-22_18-48-47.json, api_response_2023-10-22_21-09-11.json

Record time: 2023-10-22T17:09:19Z
Event time: 2023-10-23T05:03:55.666Z
Status: Underway
Travel distance: 139.10529157667386
Waypoints: (53.758506708146975, 26.323251364999347), (53.82850476375656, 26.260832668422342), (53.898502819366115, 26.180002699577436), (53.96850087497567, 26.1032657904468), (54.03849893058522, 26.042043526709335), (54.10849698619479, 25.99997789619244), (54.17849504180436, 25.975744383915842), (54.24849309741394, 25.965375013727428), (54.31849115302352, 25.964091336531148), (54.38848920584279, 25.967647363774677), (54.45848726144877, 25.971352921467044), (54.528485317054745, 25.974755023010648), (54.59848337266071, 25.987168452798), (54.668481428266695, 26.001604295303522), (54.73847948387265, 26.017887262192822), (54.80847753947863, 26.02965608326665), (54.8784755950846, 26.04143809808608), (54.94847365069058, 26.048364814525275), (55.018471706296545, 26.05344252175988), (55.08846976190252, 26.066383701371176), (55.15846781750851, 26.09144050908346), (55.22846587311449, 26.11901920702584), (55.29846392872046, 26.129958706947768), (55.36846198432644, 26.106328708580925), (55.43846003993242, 26.066851136929515), (55.5084580983862, 26.047141190198378), (55.57845615399576, 26.034574541614095), (55.648454209605326, 26.032127153209657), (55.718452265214886, 26.03980262327932), (55.78845032082445, 26.053909358939187), (55.85844837643401, 26.06651322416689), (55.92844643204357, 26.06506566465783), (55.998444487653124, 26.032207309497796), (56.06844254326265, 25.945747049652102)
Associated file(s): api_response_2023-10-22_22-09-21.json, api_response_2023-10-22_22-29-25.json, api_response_2023-10-22_21-49-18.json, api_response_2023-10-22_21-29-15.json

Record time: 2023-10-22T18:43:40Z
Event time: 2023-10-23T04:30:17Z
Status: Underway
Travel distance: 116.9244060475162
Waypoints: (54.1084969861948, 26.252251056474172), (54.1784950418044, 26.184585053059777), (54.24849309741397, 26.118081298689514), (54.31849115302352, 26.063673724497146), (54.38848920863309, 26.025738027643268), (54.45848726424265, 26.00419739311292), (54.52848531985222, 25.996305345710194), (54.598483375461804, 25.99810573224982), (54.668481431071385, 26.005569833945728), (54.73847948387265, 26.015410607661913), (54.80847753947863, 26.025343613276757), (54.8784755950846, 26.03914427117275), (54.94847365069058, 26.05148042330731), (55.018471706296545, 26.055909752186793), (55.08846976190252, 26.064589351969783), (55.15846781750851, 26.09144050908346), (55.22846587311449, 26.11901920702584), (55.29846392872046, 26.129958706947768), (55.36846198432644, 26.106328708580925), (55.43846003993242, 26.066851136929515), (55.5084580983862, 26.047141190198378), (55.57845615399576, 26.034574541614095), (55.648454209605326, 26.032127153209657), (55.718452265214886, 26.03980262327932), (55.78845032082445, 26.053909358939187), (55.85844837643401, 26.06651322416689), (55.92844643204357, 26.06506566465783), (55.998444487653124, 26.032207309497796), (56.06844254326265, 25.945747049652102)
Associated file(s): api_response_2023-10-22_22-49-29.json

Record time: 2023-10-22T19:07:08Z
Event time: 2023-10-23T04:13:21.750Z
Status: Underway
Travel distance: 113.80723542116631
Waypoints: (54.178495041804375, 26.25315347440369), (54.248493097413956, 26.18745989597531), (54.318491153023515, 26.11403889496212), (54.388489208633075, 26.052476072664017), (54.45848726424264, 26.0112544934592), (54.52848531985221, 25.99127421068382), (54.598483375461775, 25.98883612644024), (54.66848143107135, 25.99809018533401), (54.73847948668093, 26.012947902139487), (54.80847753947863, 26.028459222058792), (54.8784755950846, 26.04161150159966), (54.94847365069058, 26.04968607390592), (55.018471706296545, 26.055909752186793), (55.08846976190252, 26.064589351969783), (55.15846781750851, 26.09144050908346), (55.22846587311449, 26.11901920702584), (55.29846392872046, 26.129958706947768), (55.36846198432644, 26.106328708580925), (55.43846003993242, 26.066851136929515), (55.5084580983862, 26.047141190198378), (55.57845615399576, 26.034574541614095), (55.648454209605326, 26.032127153209657), (55.718452265214886, 26.03980262327932), (55.78845032082445, 26.053909358939187), (55.85844837643401, 26.06651322416689), (55.92844643204357, 26.06506566465783), (55.998444487653124, 26.032207309497796), (56.06844254326265, 25.945747049652102)
Associated file(s): api_response_2023-10-22_23-09-32.json, api_response_2023-10-22_23-29-36.json

Record time: 2023-10-22T19:39:40Z
Event time: 2023-10-23T03:55:11.750Z
Status: Underway
Travel distance: 104.55939524838013
Waypoints: (54.318491153023565, 26.25999180988248), (54.38848920863315, 26.17673030797416), (54.45848726424272, 26.171897913022182), (54.52848531985227, 26.190964189075917), (54.59848337546183, 26.20400032367514), (54.6684814310714, 26.198923930103252), (54.738479486680966, 26.175622176133285), (54.80847754229054, 26.140953239266604), (54.87847559790011, 26.104626088464396), (54.94847365069058, 26.07595859103406), (55.018471706296545, 26.05658828767471), (55.08846976190252, 26.058050908615346), (55.15846781750851, 26.083305622511606), (55.22846587311449, 26.11600160892539), (55.29846392872046, 26.130780488816473), (55.36846198432644, 26.111911547789873), (55.43846003993242, 26.067524017955037), (55.5084580983862, 26.046722508671362), (55.57845615399576, 26.033553665553093), (55.648454209605326, 26.03125852497666), (55.718452265214886, 26.039657172229347), (55.78845032082445, 26.054522039930692), (55.85844837643401, 26.067293300091745), (55.92844643204357, 26.0651363511494), (55.998444487653124, 26.03134139997603), (56.06844254326265, 25.946065138864192)
Associated file(s): api_response_2023-10-23_01-09-52.json, api_response_2023-10-23_01-29-56.json, api_response_2023-10-23_00-49-49.json, api_response_2023-10-23_02-30-07.json, api_response_2023-10-23_01-49-59.json, api_response_2023-10-23_02-10-03.json, api_response_2023-10-23_00-29-46.json, api_response_2023-10-22_23-49-39.json, api_response_2023-10-23_00-09-42.json

Record time: 2023-10-22T22:40:59Z
Event time: 2023-10-23T03:57:56.500Z
Status: Underway
Travel distance: 67.38012958963283
Waypoints: (54.94847365350966, 26.113673228303764), (55.01847170911923, 26.118897009150643), (55.0884697647288, 26.108155995357016), (55.15846782033836, 26.109428176903826), (55.228465875947926, 26.1205543465786), (55.29846393155749, 26.127327087657413), (55.36846198716705, 26.11660886086395), (55.43846004222247, 26.084479190345032), (55.50845809783134, 26.031268766015494), (55.578456153440214, 25.995015204504988), (55.648454209605255, 26.008178865724286), (55.718452265214815, 26.0489814905644), (55.78845032082438, 26.090336561213828), (55.85844837643395, 26.099416902896557), (55.92844643204353, 26.056567894283912), (55.99844448765311, 25.981922683708387), (56.0684425432627, 25.969719411439616)
Associated file(s): api_response_2023-10-23_03-10-14.json, api_response_2023-10-23_03-30-17.json, api_response_2023-10-23_02-50-10.json

Record time: 2023-10-22T23:40:39Z
Event time: 2023-10-23T04:14:19.500Z
Status: Underway
Travel distance: 56.836933045356375
Waypoints: (55.22846587594787, 26.11664195506602), (55.29846393155744, 26.102962176131232), (55.368461987167, 26.133907276058405), (55.438460042776576, 26.105453335874078), (55.50845809838614, 26.03506727331285), (55.578456154037184, 25.979973763643358), (55.6484542096468, 25.976143425541615), (55.71845226525644, 26.04434072347333), (55.788450320824374, 26.10407095821329), (55.85844837643393, 26.11435239206531), (55.92844643204349, 26.05535654543819), (55.998444487653074, 25.966495581431367), (56.06844254326263, 25.976042627151074)
Associated file(s): api_response_2023-10-23_04-10-24.json, api_response_2023-10-23_03-50-21.json, api_response_2023-10-23_04-50-31.json, api_response_2023-10-23_06-30-47.json, api_response_2023-10-23_06-10-44.json, api_response_2023-10-23_04-30-28.json, api_response_2023-10-23_05-30-37.json, api_response_2023-10-23_05-50-40.json, api_response_2023-10-23_05-10-34.json

Record time: 2023-10-23T02:45:46Z
Event time: 2023-10-23T03:56:22.750Z
Status: Underway
Travel distance: 18.8585313174946
Waypoints: (55.78845032082444, 26.114352392065342), (55.858448376433984, 26.114352392065342), (55.92844643204356, 26.044340723453907), (55.99844448765313, 25.97432905484247), (56.06844254326268, 25.97432905484247)
Associated file(s): api_response_2023-10-23_06-50-50.json, api_response_2023-10-23_07-30-56.json, api_response_2023-10-23_07-10-53.json

Record time: 2023-10-23T12:33:45Z
Event time: 2023-10-23T12:33:45Z
Status: Arrived
Travel distance: N/A
Waypoints: 
Associated file(s): api_response_2023-10-24_03-54-18.json, api_response_2023-10-23_23-33-34.json, api_response_2023-10-23_19-32-54.json, api_response_2023-10-24_00-53-48.json, api_response_2023-10-23_23-13-31.json, api_response_2023-10-23_19-12-50.json, api_response_2023-10-23_20-53-07.json, api_response_2023-10-23_17-52-37.json, api_response_2023-10-23_21-13-11.json, api_response_2023-10-24_03-34-15.json, api_response_2023-10-24_04-14-21.json, api_response_2023-10-23_21-33-14.json, api_response_2023-10-24_03-14-11.json, api_response_2023-10-23_22-53-27.json, api_response_2023-10-24_00-33-44.json, api_response_2023-10-23_18-52-47.json, api_response_2023-10-24_00-13-41.json, api_response_2023-10-23_20-13-00.json, api_response_2023-10-24_01-13-51.json, api_response_2023-10-24_02-14-01.json, api_response_2023-10-23_18-32-43.json, api_response_2023-10-24_01-33-54.json, api_response_2023-10-23_19-52-57.json, api_response_2023-10-23_23-53-37.json, api_response_2023-10-23_20-33-04.json, api_response_2023-10-23_16-52-27.json, api_response_2023-10-23_17-32-33.json, api_response_2023-10-24_02-34-05.json, api_response_2023-10-23_21-53-17.json, api_response_2023-10-23_18-12-40.json, api_response_2023-10-24_01-53-58.json, api_response_2023-10-23_22-13-21.json, api_response_2023-10-24_02-54-08.json, api_response_2023-10-23_17-12-30.json, api_response_2023-10-23_22-33-24.json
