Record time: 2023-10-01T10:56:02Z
Event time: 2023-10-03T19:13:33.818Z
Status: Underway
Travel distance: 538.8585313174946
Waypoints: (63.989999999999995, 22.97308283752862), (63.810000000000024, 23.093044393592685), (63.63000000000002, 23.28460858796609), (63.45, 23.503038309328332), (63.26999999999999, 23.71422587158436), (63.08999999999999, 23.89499055054519), (62.91, 24.032840166913473), (62.73000000000001, 24.125196715574123), (62.550000000000026, 24.17808604118995), (62.3699999968002, 24.204291558860536), (62.189999996809426, 24.197512180748085), (62.009999996818664, 24.21454542882905), (61.829999996827894, 24.290906715673966), (61.64999999683714, 24.41493686777422), (61.469999996846376, 24.55640247552036), (61.289999996855585, 24.66088921666455), (61.10999999686484, 24.714993402958715), (60.92999999687408, 24.74999999873024), (60.7499999968833, 24.785006594501763), (60.569999996892555, 24.84372405310691), (60.389999996901764, 24.941867544823506), (60.209999996911016, 25.075322922391024), (60.029999996920246, 25.200637231174472), (59.84999999692947, 25.289815855480033), (59.66999999693871, 25.322956789655205), (59.489999996947944, 25.32020917894058), (59.30999999695718, 25.291477990356775), (59.12999999696641, 25.283273925207112), (58.94999999697565, 25.28365674927494), (58.769999996984886, 25.288715842019325), (58.589999996994116, 25.291536140848095), (58.409999997003354, 25.282348363220347), (58.22999999701258, 25.281606944456083), (58.049999997021835, 25.294467894785218), (57.86999999703106, 25.336840219456626), (57.689999997040296, 25.40659173378876), (57.509999997049526, 25.500756762724567), (57.32077345243681, 25.636271636859497), (57.15253729977119, 25.822021429532953), (56.98470555439985, 26.028796147774734), (56.80977416267944, 26.23070538797591), (56.62172190555441, 26.396683351485006), (56.420458914083625, 26.495375910131088), (56.21756030788431, 26.50168205190961), (56.04328495943412, 26.40494970814621), (55.95487938423123, 26.21882596213852), (56.04616675681281, 25.992761639275923)
Associated file(s): api_response_2023-10-01_15-02-33.json

Record time: 2023-10-01T11:18:57Z
Event time: 2023-10-03T17:58:23.909Z
Status: Underway
Travel distance: 528.104211663067
Waypoints: (63.809999999999995, 22.983161639276073), (63.63, 23.071854795090506), (63.45, 23.27976526878695), (63.27, 23.5173644317723), (63.09, 23.73269129578189), (62.910000000000004, 23.902029050771553), (62.730000000000004, 24.02165254102474), (62.550000000000004, 24.100646679474796), (62.370000000000005, 24.154795800242308), (62.189999996809426, 24.20154394814591), (62.009999996818664, 24.23065311492326), (61.829999996827894, 24.303724053134612), (61.64999999683714, 24.416221024457418), (61.469999996846376, 24.54839224534174), (61.289999996855585, 24.654545967236956), (61.10999999686484, 24.71960667526969), (60.92999999687408, 24.74999999873024), (60.7499999968833, 24.785006594501763), (60.569999996892555, 24.84372405310691), (60.389999996901764, 24.941867544823506), (60.209999996911016, 25.075322922391024), (60.029999996920246, 25.200637231174472), (59.84999999692947, 25.289815855480033), (59.66999999693871, 25.322956789655205), (59.489999996947944, 25.32020917894058), (59.30999999695718, 25.291477990356775), (59.12999999696641, 25.283273925207112), (58.94999999697565, 25.28365674927494), (58.769999996984886, 25.288715842019325), (58.589999996994116, 25.291536140848095), (58.409999997003354, 25.282348363220347), (58.22999999701258, 25.281606944456083), (58.049999997021835, 25.294467894785218), (57.86999999703106, 25.336840219456626), (57.689999997040296, 25.40659173378876), (57.509999997049526, 25.500756762724567), (57.32077345243681, 25.636271636859497), (57.15253729977119, 25.822021429532953), (56.98470555439985, 26.028796147774734), (56.80977416267944, 26.23070538797591), (56.62172190555441, 26.396683351485006), (56.420458914083625, 26.495375910131088), (56.21756030788431, 26.50168205190961), (56.04328495943412, 26.40494970814621), (55.95487938423123, 26.21882596213852), (56.04616675681281, 25.992761639275923)
Associated file(s): api_response_2023-10-01_15-22-35.json

Record time: 2023-10-01T11:29:19Z
Event time: 2023-10-03T17:00:03.500Z
Status: Underway
Travel distance: 528.104211663067
Waypoints: (63.809999999999995, 22.983161639276073), (63.63, 23.071854795090506), (63.45, 23.27976526878695), (63.27, 23.5173644317723), (63.09, 23.73269129578189), (62.910000000000004, 23.902029050771553), (62.730000000000004, 24.02165254102474), (62.550000000000004, 24.100646679474796), (62.370000000000005, 24.154795800242308), (62.189999996809426, 24.20154394814591), (62.009999996818664, 24.23065311492326), (61.829999996827894, 24.303724053134612), (61.64999999683714, 24.416221024457418), (61.469999996846376, 24.54839224534174), (61.289999996855585, 24.654545967236956), (61.10999999686484, 24.71960667526969), (60.92999999687408, 24.74999999873024), (60.7499999968833, 24.785006594501763), (60.569999996892555, 24.84372405310691), (60.389999996901764, 24.941867544823506), (60.209999996911016, 25.075322922391024), (60.029999996920246, 25.200637231174472), (59.84999999692947, 25.289815855480033), (59.66999999693871, 25.322956789655205), (59.489999996947944, 25.32020917894058), (59.30999999695718, 25.291477990356775), (59.12999999696641, 25.283273925207112), (58.94999999697565, 25.28365674927494), (58.769999996984886, 25.288715842019325), (58.589999996994116, 25.291536140848095), (58.409999997003354, 25.282348363220347), (58.22999999701258, 25.281606944456083), (58.049999997021835, 25.294467894785218), (57.86999999703106, 25.336840219456626), (57.689999997040296, 25.40659173378876), (57.509999997049526, 25.500756762724567), (57.32077345243681, 25.636271636859497), (57.15253729977119, 25.822021429532953), (56.98470555439985, 26.028796147774734), (56.80977416267944, 26.23070538797591), (56.62172190555441, 26.396683351485006), (56.420458914083625, 26.495375910131088), (56.21756030788431, 26.50168205190961), (56.04328495943412, 26.40494970814621), (55.95487938423123, 26.21882596213852), (56.04616675681281, 25.992761639275923)
Associated file(s): api_response_2023-10-01_15-42-37.json

Record time: 2023-10-01T11:58:00Z
Event time: 2023-10-03T14:41:06.166Z
Status: Underway
Travel distance: 524.8471922246221
Waypoints: (63.809999999999995, 23.165084834616177), (63.63, 23.24195123777825), (63.45, 23.465393883919294), (63.27, 23.713376918464498), (63.09, 23.920071782571984), (62.910000000000004, 24.060508390949472), (62.730000000000004, 24.137211179774592), (62.550000000000004, 24.168820024718855), (62.370000000000005, 24.18069602907525), (62.189999996809426, 24.197512180748085), (62.009999996818664, 24.21454542882905), (61.829999996827894, 24.290906715673966), (61.64999999683714, 24.41493686777422), (61.469999996846376, 24.55640247552036), (61.289999996855585, 24.66088921666455), (61.10999999686484, 24.714993402958715), (60.92999999687408, 24.74999999873024), (60.7499999968833, 24.785006594501763), (60.569999996892555, 24.84372405310691), (60.389999996901764, 24.941867544823506), (60.209999996911016, 25.075322922391024), (60.029999996920246, 25.200637231174472), (59.84999999692947, 25.289815855480033), (59.66999999693871, 25.322956789655205), (59.489999996947944, 25.32020917894058), (59.30999999695718, 25.291477990356775), (59.12999999696641, 25.283273925207112), (58.94999999697565, 25.28365674927494), (58.769999996984886, 25.288715842019325), (58.589999996994116, 25.291536140848095), (58.409999997003354, 25.282348363220347), (58.22999999701258, 25.281606944456083), (58.049999997021835, 25.294467894785218), (57.86999999703106, 25.336840219456626), (57.689999997040296, 25.40659173378876), (57.509999997049526, 25.500756762724567), (57.32077345243681, 25.636271636859497), (57.15253729977119, 25.822021429532953), (56.98470555439985, 26.028796147774734), (56.80977416267944, 26.23070538797591), (56.62172190555441, 26.396683351485006), (56.420458914083625, 26.495375910131088), (56.21756030788431, 26.50168205190961), (56.04328495943412, 26.40494970814621), (55.95487938423123, 26.21882596213852), (56.04616675681281, 25.992761639275923)
Associated file(s): api_response_2023-10-01_16-02-40.json

Record time: 2023-10-01T12:09:03Z
Event time: 2023-10-03T11:48:51.272Z
Status: Underway
Travel distance: 514.5642548596112
Waypoints: (63.63000000000002, 23.16698256708965), (63.45000000000002, 23.233741710006257), (63.27000000000001, 23.468943883307446), (63.09, 23.72384189233839), (62.910000000000004, 23.92557977948825), (62.73, 24.053658351179045), (62.55, 24.11993286261458), (62.37, 24.152142860289548), (62.190000000000005, 24.180974182258744), (62.009999996818664, 24.23065311492326), (61.829999996827894, 24.303724053134612), (61.64999999683714, 24.416221024457418), (61.469999996846376, 24.54839224534174), (61.289999996855585, 24.654545967236956), (61.10999999686484, 24.71960667526969), (60.92999999687408, 24.74999999873024), (60.7499999968833, 24.785006594501763), (60.569999996892555, 24.84372405310691), (60.389999996901764, 24.941867544823506), (60.209999996911016, 25.075322922391024), (60.029999996920246, 25.200637231174472), (59.84999999692947, 25.289815855480033), (59.66999999693871, 25.322956789655205), (59.489999996947944, 25.32020917894058), (59.30999999695718, 25.291477990356775), (59.12999999696641, 25.283273925207112), (58.94999999697565, 25.28365674927494), (58.769999996984886, 25.288715842019325), (58.589999996994116, 25.291536140848095), (58.409999997003354, 25.282348363220347), (58.22999999701258, 25.281606944456083), (58.049999997021835, 25.294467894785218), (57.86999999703106, 25.336840219456626), (57.689999997040296, 25.40659173378876), (57.509999997049526, 25.500756762724567), (57.32077345243681, 25.636271636859497), (57.15253729977119, 25.822021429532953), (56.98470555439985, 26.028796147774734), (56.80977416267944, 26.23070538797591), (56.62172190555441, 26.396683351485006), (56.420458914083625, 26.495375910131088), (56.21756030788431, 26.50168205190961), (56.04328495943412, 26.40494970814621), (55.95487938423123, 26.21882596213852), (56.04616675681281, 25.992761639275923)
Associated file(s): api_response_2023-10-01_16-22-42.json

Record time: 2023-10-01T12:21:37Z
Event time: 2023-10-03T09:59:32.272Z
Status: Underway
Travel distance: 514.5642548596112
Waypoints: (63.63000000000002, 23.16698256708965), (63.45000000000002, 23.233741710006257), (63.27000000000001, 23.468943883307446), (63.09, 23.72384189233839), (62.910000000000004, 23.92557977948825), (62.73, 24.053658351179045), (62.55, 24.11993286261458), (62.37, 24.152142860289548), (62.190000000000005, 24.180974182258744), (62.009999996818664, 24.23065311492326), (61.829999996827894, 24.303724053134612), (61.64999999683714, 24.416221024457418), (61.469999996846376, 24.54839224534174), (61.289999996855585, 24.654545967236956), (61.10999999686484, 24.71960667526969), (60.92999999687408, 24.74999999873024), (60.7499999968833, 24.785006594501763), (60.569999996892555, 24.84372405310691), (60.389999996901764, 24.941867544823506), (60.209999996911016, 25.075322922391024), (60.029999996920246, 25.200637231174472), (59.84999999692947, 25.289815855480033), (59.66999999693871, 25.322956789655205), (59.489999996947944, 25.32020917894058), (59.30999999695718, 25.291477990356775), (59.12999999696641, 25.283273925207112), (58.94999999697565, 25.28365674927494), (58.769999996984886, 25.288715842019325), (58.589999996994116, 25.291536140848095), (58.409999997003354, 25.282348363220347), (58.22999999701258, 25.281606944456083), (58.049999997021835, 25.294467894785218), (57.86999999703106, 25.336840219456626), (57.689999997040296, 25.40659173378876), (57.509999997049526, 25.500756762724567), (57.32077345243681, 25.636271636859497), (57.15253729977119, 25.822021429532953), (56.98470555439985, 26.028796147774734), (56.80977416267944, 26.23070538797591), (56.62172190555441, 26.396683351485006), (56.420458914083625, 26.495375910131088), (56.21756030788431, 26.50168205190961), (56.04328495943412, 26.40494970814621), (55.95487938423123, 26.21882596213852), (56.04616675681281, 25.992761639275923)
Associated file(s): api_response_2023-10-01_16-42-44.json

Record time: 2023-10-01T12:57:48Z
Event time: 2023-10-03T06:24:34.250Z
Status: Underway
Travel distance: 514.5642548596112
Waypoints: (63.63000000000002, 23.16698256708965), (63.45000000000002, 23.233741710006257), (63.27000000000001, 23.468943883307446), (63.09, 23.72384189233839), (62.910000000000004, 23.92557977948825), (62.73, 24.053658351179045), (62.55, 24.11993286261458), (62.37, 24.152142860289548), (62.190000000000005, 24.180974182258744), (62.009999996818664, 24.23065311492326), (61.829999996827894, 24.303724053134612), (61.64999999683714, 24.416221024457418), (61.469999996846376, 24.54839224534174), (61.289999996855585, 24.654545967236956), (61.10999999686484, 24.71960667526969), (60.92999999687408, 24.74999999873024), (60.7499999968833, 24.785006594501763), (60.569999996892555, 24.84372405310691), (60.389999996901764, 24.941867544823506), (60.209999996911016, 25.075322922391024), (60.029999996920246, 25.200637231174472), (59.84999999692947, 25.289815855480033), (59.66999999693871, 25.322956789655205), (59.489999996947944, 25.32020917894058), (59.30999999695718, 25.291477990356775), (59.12999999696641, 25.283273925207112), (58.94999999697565, 25.28365674927494), (58.769999996984886, 25.288715842019325), (58.589999996994116, 25.291536140848095), (58.409999997003354, 25.282348363220347), (58.22999999701258, 25.281606944456083), (58.049999997021835, 25.294467894785218), (57.86999999703106, 25.336840219456626), (57.689999997040296, 25.40659173378876), (57.509999997049526, 25.500756762724567), (57.32077345243681, 25.636271636859497), (57.15253729977119, 25.822021429532953), (56.98470555439985, 26.028796147774734), (56.80977416267944, 26.23070538797591), (56.62172190555441, 26.396683351485006), (56.420458914083625, 26.495375910131088), (56.21756030788431, 26.50168205190961), (56.04328495943412, 26.40494970814621), (55.95487938423123, 26.21882596213852), (56.04616675681281, 25.992761639275923)
Associated file(s): api_response_2023-10-01_19-02-58.json, api_response_2023-10-01_17-22-48.json, api_response_2023-10-01_18-22-55.json, api_response_2023-10-01_19-23-01.json, api_response_2023-10-01_17-02-46.json, api_response_2023-10-01_17-42-51.json, api_response_2023-10-01_18-42-56.json, api_response_2023-10-01_18-02-52.json, api_response_2023-10-01_19-43-03.json

Record time: 2023-10-01T15:47:00Z
Event time: 2023-10-03T05:52:06.916Z
Status: Underway
Travel distance: 486.26619870410366
Waypoints: (62.92825199300018, 23.38226900239563), (62.85825393739062, 23.456249989380044), (62.788255881781055, 23.525721114232386), (62.71825782617149, 23.593555015199012), (62.64825977056192, 23.661700768334352), (62.57826171495236, 23.73122535355847), (62.5082636593428, 23.802391874720307), (62.43826560373324, 23.874774533666425), (62.36826754812368, 23.947410358315437), (62.29826948931799, 24.01898768350571), (62.22827143371201, 24.090279145436597), (62.15827337810604, 24.15559384061139), (62.08827532250007, 24.214338050478144), (62.018277266894074, 24.269889373910075), (61.94827921128813, 24.317535758907724), (61.878281155682146, 24.370644354583145), (61.80828310007616, 24.434798000145268), (61.738285044470175, 24.502131338396623), (61.668286988864196, 24.569792635467138), (61.598288933258225, 24.644354261485653), (61.52829087765227, 24.71055293761554), (61.45829282204629, 24.768778821762353), (61.38829476644031, 24.81841746234537), (61.318296710834325, 24.861817346081114), (61.24829865522835, 24.88873635674358), (61.17830059962238, 24.912379548856027), (61.1083025440164, 24.941735632812605), (61.03830448841043, 24.986174052809027), (60.968306432804454, 25.036681595780745), (60.898308377198454, 25.077742416903963), (60.82831032159251, 25.09555774310349), (60.758312265986525, 25.098752514359113), (60.68831421038055, 25.067720824711525), (60.618316154774575, 25.011500389895676), (60.548318099168604, 24.956271370820506), (60.47832004356263, 24.918933070776855), (60.408321987956654, 24.904184348018575), (60.338323932350676, 24.921430458336566), (60.268325876744704, 24.947738787059905), (60.198327821138726, 24.97576230271104), (60.12832976553274, 24.991370503754023), (60.05833170992677, 24.9959072674191), (59.9883336543208, 24.993651136921763), (59.918335598714826, 24.991091550275662), (59.848337543108855, 24.99376988063215), (59.778339487502876, 25.004537861861294), (59.7083414318969, 25.022735806683173), (59.638343376290926, 25.03764850885103), (59.56834532068494, 25.042728100906437), (59.49834726507898, 25.05292686625405), (59.428349209473, 25.072308478538194), (59.35835115386701, 25.101453462565196), (59.288353098261055, 25.14685502599031), (59.21835504265506, 25.194501410987957), (59.14835698704909, 25.237160560149384), (59.07835893144311, 25.269155393225653), (59.008360875837134, 25.278971539950906), (58.938362820231184, 25.286861399818786), (58.868364764625184, 25.289396483794494), (58.79836670901922, 25.292789161234097), (58.728368653413256, 25.31196344323027), (58.65837059780727, 25.330702331621687), (58.5883725422013, 25.34372455852737), (58.51837448659532, 25.355875998223553), (58.44837643098934, 25.37448106433818), (58.37837837538336, 25.3898291601108), (58.3083803197774, 25.407429616739147), (58.23838226417141, 25.423778552356442), (58.168384208565456, 25.459665540384258), (58.09838615295947, 25.488812409232064), (58.02838809735349, 25.52333855664244), (57.958390041747506, 25.55739349885288), (57.88839198614154, 25.592096819418437), (57.81839393053556, 25.617219595858707), (57.74839587492958, 25.61759090555627), (57.678397819323614, 25.603554645060296), (57.60839976371764, 25.58137972835088), (57.53840170811167, 25.558594129702335), (57.468403652505685, 25.55317526990296), (57.398405596899714, 25.57383856033095), (57.32840754129375, 25.62183929163897), (57.25661548517795, 25.68886728892076), (57.189084180272964, 25.766435204114927), (57.122201127653035, 25.839296721772037), (57.053497692162864, 25.90373686009573), (56.97425450367756, 25.940669923667425), (56.89913827014654, 25.975001934535417), (56.82871998122786, 26.009982323758546), (56.76978932582578, 26.05179895802248), (56.727519131040545, 26.104524935075535), (56.70185851660558, 26.16735732125701), (56.687159772932766, 26.24926597875307), (56.67404397088626, 26.33299725796251), (56.652510311405585, 26.413175649964376), (56.615294223098616, 26.47100572174324), (56.56047921592493, 26.50926946879958), (56.488779498070684, 26.527529612707852), (56.422753872165, 26.521262583548584), (56.35474014695487, 26.496588394458662), (56.27798934063656, 26.462974250363594), (56.2005028233302, 26.420168776278537), (56.12594603288787, 26.370432816112334), (56.058937938154855, 26.315022602928096), (56.005132073396574, 26.254370703099408), (55.97127062213742, 26.18854666651377), (55.96521155330295, 26.117997384182836), (55.99592880966533, 26.044567153259294), (56.07348554859199, 25.972797449460426)
Associated file(s): api_response_2023-10-01_20-23-08.json, api_response_2023-10-01_21-03-12.json, api_response_2023-10-01_20-03-06.json, api_response_2023-10-01_20-43-10.json

Record time: 2023-10-01T17:05:54Z
Event time: 2023-10-03T05:21:25.818Z
Status: Underway
Travel distance: 469.01133909287256
Waypoints: (62.64825977056196, 23.52392065344224), (62.57826171495237, 23.593932322053675), (62.508263659342795, 23.663943990665107), (62.43826560373323, 23.733955659276535), (62.36826754812367, 23.803967327887968), (62.2982694925141, 23.873978996499403), (62.22827143690454, 23.943990665110842), (62.15827338129498, 24.014002333722278), (62.088275325685416, 24.084014002333717), (62.018277266894074, 24.15402566970597), (61.94827921128813, 24.224037338313817), (61.878281155682146, 24.294049006921664), (61.80828310007616, 24.365855024930898), (61.738285044470175, 24.43339946311183), (61.668286988864196, 24.498501173536244), (61.598288933258225, 24.573273899484334), (61.52829087765227, 24.647124948061332), (61.45829282204629, 24.722253905140576), (61.38829476644031, 24.794257829333784), (61.318296710834325, 24.852118058245445), (61.24829865522835, 24.890304527648997), (61.17830059962238, 24.918644693194498), (61.1083025440164, 24.946720983828026), (61.03830448841043, 24.986673530320967), (60.968306432804454, 25.033565986998706), (60.898308377198454, 25.075275186477054), (60.82831032159251, 25.097352092504877), (60.758312265986525, 25.098752514359113), (60.68831421038055, 25.067720824711525), (60.618316154774575, 25.011500389895676), (60.548318099168604, 24.956271370820506), (60.47832004356263, 24.918933070776855), (60.408321987956654, 24.904184348018575), (60.338323932350676, 24.921430458336566), (60.268325876744704, 24.947738787059905), (60.198327821138726, 24.97576230271104), (60.12832976553274, 24.991370503754023), (60.05833170992677, 24.9959072674191), (59.9883336543208, 24.993651136921763), (59.918335598714826, 24.991091550275662), (59.848337543108855, 24.99376988063215), (59.778339487502876, 25.004537861861294), (59.7083414318969, 25.022735806683173), (59.638343376290926, 25.03764850885103), (59.56834532068494, 25.042728100906437), (59.49834726507898, 25.05292686625405), (59.428349209473, 25.072308478538194), (59.35835115386701, 25.101453462565196), (59.288353098261055, 25.14685502599031), (59.21835504265506, 25.194501410987957), (59.14835698704909, 25.237160560149384), (59.07835893144311, 25.269155393225653), (59.008360875837134, 25.278971539950906), (58.938362820231184, 25.286861399818786), (58.868364764625184, 25.289396483794494), (58.79836670901922, 25.292789161234097), (58.728368653413256, 25.31196344323027), (58.65837059780727, 25.330702331621687), (58.5883725422013, 25.34372455852737), (58.51837448659532, 25.355875998223553), (58.44837643098934, 25.37448106433818), (58.37837837538336, 25.3898291601108), (58.3083803197774, 25.407429616739147), (58.23838226417141, 25.423778552356442), (58.168384208565456, 25.459665540384258), (58.09838615295947, 25.488812409232064), (58.02838809735349, 25.52333855664244), (57.958390041747506, 25.55739349885288), (57.88839198614154, 25.592096819418437), (57.81839393053556, 25.617219595858707), (57.74839587492958, 25.61759090555627), (57.678397819323614, 25.603554645060296), (57.60839976371764, 25.58137972835088), (57.53840170811167, 25.558594129702335), (57.468403652505685, 25.55317526990296), (57.398405596899714, 25.57383856033095), (57.32840754129375, 25.62183929163897), (57.25661548517795, 25.68886728892076), (57.189084180272964, 25.766435204114927), (57.122201127653035, 25.839296721772037), (57.053497692162864, 25.90373686009573), (56.97425450367756, 25.940669923667425), (56.89913827014654, 25.975001934535417), (56.82871998122786, 26.009982323758546), (56.76978932582578, 26.05179895802248), (56.727519131040545, 26.104524935075535), (56.70185851660558, 26.16735732125701), (56.687159772932766, 26.24926597875307), (56.67404397088626, 26.33299725796251), (56.652510311405585, 26.413175649964376), (56.615294223098616, 26.47100572174324), (56.56047921592493, 26.50926946879958), (56.488779498070684, 26.527529612707852), (56.422753872165, 26.521262583548584), (56.35474014695487, 26.496588394458662), (56.27798934063656, 26.462974250363594), (56.2005028233302, 26.420168776278537), (56.12594603288787, 26.370432816112334), (56.058937938154855, 26.315022602928096), (56.005132073396574, 26.254370703099408), (55.97127062213742, 26.18854666651377), (55.96521155330295, 26.117997384182836), (55.99592880966533, 26.044567153259294), (56.07348554859199, 25.972797449460426)
Associated file(s): api_response_2023-10-01_23-23-27.json, api_response_2023-10-01_23-03-24.json, api_response_2023-10-01_21-43-16.json, api_response_2023-10-01_22-43-22.json, api_response_2023-10-01_22-03-18.json, api_response_2023-10-01_22-23-20.json, api_response_2023-10-01_21-23-14.json

Record time: 2023-10-01T19:31:59Z
Event time: 2023-10-03T04:47:04.300Z
Status: Underway
Travel distance: 442.08369330453564
Waypoints: (62.158273381294975, 23.663943990665132), (62.08827532568543, 23.733955659276564), (62.018277270075856, 23.803967327887996), (61.94827921446628, 23.873978996499428), (61.87828115885671, 23.943990665110864), (61.80828310324715, 24.014002333722303), (61.73828504763759, 24.084014002333742), (61.66828699202804, 24.15402567094518), (61.59828893641848, 24.22403733955662), (61.52829087765227, 24.294049006921664), (61.45829282204629, 24.36406067552951), (61.38829476644031, 24.43407234413735), (61.318296710834325, 24.50408401274519), (61.24829865522835, 24.57409568135304), (61.17830059962238, 24.645901699362266), (61.1083025440164, 24.715240486944595), (61.03830448841043, 24.77966931634349), (60.968306432804454, 24.847064853681236), (60.898308377198454, 24.92076700141505), (60.82831032159251, 25.0044963958037), (60.758312265986525, 25.08545698843746), (60.68831421038055, 25.146838062603113), (60.618316154774575, 25.176211109946887), (60.548318099168604, 25.169945965608417), (60.47832004356263, 25.134019396343803), (60.408321987956654, 25.08183813250188), (60.338323932350676, 25.02994713106313), (60.268325876744704, 24.990948303894875), (60.198327821138726, 24.980025767360146), (60.12832976553274, 24.984858447890783), (60.05833170992677, 24.993091345144226), (59.9883336543208, 24.99426370368169), (59.918335598714826, 24.9898946890678), (59.848337543108855, 24.99394328414573), (59.778339487502876, 25.00585912124194), (59.7083414318969, 25.025203037110085), (59.638343376290926, 25.03585415944964), (59.56834532068494, 25.042728100906437), (59.49834726507898, 25.05292686625405), (59.428349209473, 25.072308478538194), (59.35835115386701, 25.101453462565196), (59.288353098261055, 25.14685502599031), (59.21835504265506, 25.194501410987957), (59.14835698704909, 25.237160560149384), (59.07835893144311, 25.269155393225653), (59.008360875837134, 25.278971539950906), (58.938362820231184, 25.286861399818786), (58.868364764625184, 25.289396483794494), (58.79836670901922, 25.292789161234097), (58.728368653413256, 25.31196344323027), (58.65837059780727, 25.330702331621687), (58.5883725422013, 25.34372455852737), (58.51837448659532, 25.355875998223553), (58.44837643098934, 25.37448106433818), (58.37837837538336, 25.3898291601108), (58.3083803197774, 25.407429616739147), (58.23838226417141, 25.423778552356442), (58.168384208565456, 25.459665540384258), (58.09838615295947, 25.488812409232064), (58.02838809735349, 25.52333855664244), (57.958390041747506, 25.55739349885288), (57.88839198614154, 25.592096819418437), (57.81839393053556, 25.617219595858707), (57.74839587492958, 25.61759090555627), (57.678397819323614, 25.603554645060296), (57.60839976371764, 25.58137972835088), (57.53840170811167, 25.558594129702335), (57.468403652505685, 25.55317526990296), (57.398405596899714, 25.57383856033095), (57.32840754129375, 25.62183929163897), (57.25661548517795, 25.68886728892076), (57.189084180272964, 25.766435204114927), (57.122201127653035, 25.839296721772037), (57.053497692162864, 25.90373686009573), (56.97425450367756, 25.940669923667425), (56.89913827014654, 25.975001934535417), (56.82871998122786, 26.009982323758546), (56.76978932582578, 26.05179895802248), (56.727519131040545, 26.104524935075535), (56.70185851660558, 26.16735732125701), (56.687159772932766, 26.24926597875307), (56.67404397088626, 26.33299725796251), (56.652510311405585, 26.413175649964376), (56.615294223098616, 26.47100572174324), (56.56047921592493, 26.50926946879958), (56.488779498070684, 26.527529612707852), (56.422753872165, 26.521262583548584), (56.35474014695487, 26.496588394458662), (56.27798934063656, 26.462974250363594), (56.2005028233302, 26.420168776278537), (56.12594603288787, 26.370432816112334), (56.058937938154855, 26.315022602928096), (56.005132073396574, 26.254370703099408), (55.97127062213742, 26.18854666651377), (55.96521155330295, 26.117997384182836), (55.99592880966533, 26.044567153259294), (56.07348554859199, 25.972797449460426)
Associated file(s): api_response_2023-10-02_00-03-31.json, api_response_2023-10-01_23-43-29.json, api_response_2023-10-02_00-23-33.json

Record time: 2023-10-01T20:32:27Z
Event time: 2023-10-03T04:12:05.700Z
Status: Underway
Travel distance: 417.0399568034557
Waypoints: (61.87828115885673, 23.802164822352832), (61.808283103247156, 23.877265918357587), (61.73828504763758, 23.945210007090502), (61.668286992028015, 24.012358872793204), (61.59828893641845, 24.081325391136367), (61.52829088080889, 24.15235774161514), (61.45829282519933, 24.2244736927065), (61.38829476958977, 24.296344959788566), (61.3182967139802, 24.366931635821842), (61.24829865522835, 24.435866693538742), (61.17830059962238, 24.50161678231828), (61.1083025440164, 24.570980072571), (61.03830448841043, 24.644606827472817), (60.968306432804454, 24.72089871898553), (60.898308377198454, 24.78792860108813), (60.82831032159251, 24.854389267309188), (60.758312265986525, 24.914281333043004), (60.68831421038055, 24.969408571794986), (60.618316154774575, 25.02489015685732), (60.548318099168604, 25.074673928641925), (60.47832004356263, 25.127767445750937), (60.408321987956654, 25.182010703547814), (60.338323932350676, 25.229985047364618), (60.268325876744704, 25.263553705808707), (60.198327821138726, 25.27715834234152), (60.12832976553274, 25.270244819647925), (60.05833170992677, 25.24944016765995), (59.9883336543208, 25.231351542444457), (59.918335598714826, 25.211932233744324), (59.848337543108855, 25.20377849896447), (59.778339487502876, 25.19858393284028), (59.7083414318969, 25.200510219697655), (59.638343376290926, 25.198715870296265), (59.56834532068494, 25.201051163267195), (59.49834726507898, 25.20509975834512), (59.428349209473, 25.212105637257903), (59.35835115386701, 25.22836033183521), (59.288353098261055, 25.250725615445404), (59.21835504265506, 25.267628688377833), (59.14835698704909, 25.275281060824938), (59.07835893144311, 25.27549216075451), (59.008360875837134, 25.271138224707016), (58.938362820231184, 25.275610904464894), (58.868364764625184, 25.283911655267136), (58.79836670901922, 25.295405292504192), (58.728368653413256, 25.317546282439217), (58.65837059780727, 25.33137521264721), (58.5883725422013, 25.341930209125977), (58.51837448659532, 25.355875998223553), (58.44837643098934, 25.37448106433818), (58.37837837538336, 25.3898291601108), (58.3083803197774, 25.407429616739147), (58.23838226417141, 25.423778552356442), (58.168384208565456, 25.459665540384258), (58.09838615295947, 25.488812409232064), (58.02838809735349, 25.52333855664244), (57.958390041747506, 25.55739349885288), (57.88839198614154, 25.592096819418437), (57.81839393053556, 25.617219595858707), (57.74839587492958, 25.61759090555627), (57.678397819323614, 25.603554645060296), (57.60839976371764, 25.58137972835088), (57.53840170811167, 25.558594129702335), (57.468403652505685, 25.55317526990296), (57.398405596899714, 25.57383856033095), (57.32840754129375, 25.62183929163897), (57.25661548517795, 25.68886728892076), (57.189084180272964, 25.766435204114927), (57.122201127653035, 25.839296721772037), (57.053497692162864, 25.90373686009573), (56.97425450367756, 25.940669923667425), (56.89913827014654, 25.975001934535417), (56.82871998122786, 26.009982323758546), (56.76978932582578, 26.05179895802248), (56.727519131040545, 26.104524935075535), (56.70185851660558, 26.16735732125701), (56.687159772932766, 26.24926597875307), (56.67404397088626, 26.33299725796251), (56.652510311405585, 26.413175649964376), (56.615294223098616, 26.47100572174324), (56.56047921592493, 26.50926946879958), (56.488779498070684, 26.527529612707852), (56.422753872165, 26.521262583548584), (56.35474014695487, 26.496588394458662), (56.27798934063656, 26.462974250363594), (56.2005028233302, 26.420168776278537), (56.12594603288787, 26.370432816112334), (56.058937938154855, 26.315022602928096), (56.005132073396574, 26.254370703099408), (55.97127062213742, 26.18854666651377), (55.96521155330295, 26.117997384182836), (55.99592880966533, 26.044567153259294), (56.07348554859199, 25.972797449460426)
Associated file(s): api_response_2023-10-02_02-43-47.json, api_response_2023-10-02_03-43-54.json, api_response_2023-10-02_03-23-52.json, api_response_2023-10-02_01-23-39.json, api_response_2023-10-02_02-03-43.json, api_response_2023-10-02_01-03-36.json, api_response_2023-10-02_01-43-41.json, api_response_2023-10-02_02-23-45.json, api_response_2023-10-02_03-03-49.json, api_response_2023-10-02_00-43-35.json

Record time: 2023-10-01T23:42:58Z
Event time: 2023-10-03T03:57:00.363Z
Status: Underway
Travel distance: 369.78833693304534
Waypoints: (61.17830060276101, 24.078915253644823), (61.1083025471515, 24.163134907062556), (61.038304491541936, 24.227910577761403), (60.968306435932355, 24.289715856553315), (60.898308380322774, 24.356044105549223), (60.8283103247132, 24.428363291727013), (60.75831226910364, 24.504602819494878), (60.68831421349409, 24.581172362250065), (60.61831615788453, 24.65451269293302), (60.548318099168604, 24.72217851230858), (60.47832004356263, 24.785025977056463), (60.408321987956654, 24.840654578141187), (60.338323932350676, 24.894911029683662), (60.268325876744704, 24.951804345525034), (60.198327821138726, 25.011826463894042), (60.12832976553274, 25.072138844666217), (60.05833170992677, 25.127754252005335), (59.9883336543208, 25.173091731523254), (59.918335598714826, 25.201737238038316), (59.848337543108855, 25.219313191996264), (59.778339487502876, 25.217745021090845), (59.7083414318969, 25.203603210630096), (59.638343376290926, 25.19592633551259), (59.56834532068494, 25.194147064677598), (59.49834726507898, 25.20195964689269), (59.428349209473, 25.215694336060686), (59.35835115386701, 25.22836033183521), (59.288353098261055, 25.250725615445404), (59.21835504265506, 25.267628688377833), (59.14835698704909, 25.275281060824938), (59.07835893144311, 25.27549216075451), (59.008360875837134, 25.271138224707016), (58.938362820231184, 25.275610904464894), (58.868364764625184, 25.283911655267136), (58.79836670901922, 25.295405292504192), (58.728368653413256, 25.317546282439217), (58.65837059780727, 25.33137521264721), (58.5883725422013, 25.341930209125977), (58.51837448659532, 25.355875998223553), (58.44837643098934, 25.37448106433818), (58.37837837538336, 25.3898291601108), (58.3083803197774, 25.407429616739147), (58.23838226417141, 25.423778552356442), (58.168384208565456, 25.459665540384258), (58.09838615295947, 25.488812409232064), (58.02838809735349, 25.52333855664244), (57.958390041747506, 25.55739349885288), (57.88839198614154, 25.592096819418437), (57.81839393053556, 25.617219595858707), (57.74839587492958, 25.61759090555627), (57.678397819323614, 25.603554645060296), (57.60839976371764, 25.58137972835088), (57.53840170811167, 25.558594129702335), (57.468403652505685, 25.55317526990296), (57.398405596899714, 25.57383856033095), (57.32840754129375, 25.62183929163897), (57.25661548517795, 25.68886728892076), (57.189084180272964, 25.766435204114927), (57.122201127653035, 25.839296721772037), (57.053497692162864, 25.90373686009573), (56.97425450367756, 25.940669923667425), (56.89913827014654, 25.975001934535417), (56.82871998122786, 26.009982323758546), (56.76978932582578, 26.05179895802248), (56.727519131040545, 26.104524935075535), (56.70185851660558, 26.16735732125701), (56.687159772932766, 26.24926597875307), (56.67404397088626, 26.33299725796251), (56.652510311405585, 26.413175649964376), (56.615294223098616, 26.47100572174324), (56.56047921592493, 26.50926946879958), (56.488779498070684, 26.527529612707852), (56.422753872165, 26.521262583548584), (56.35474014695487, 26.496588394458662), (56.27798934063656, 26.462974250363594), (56.2005028233302, 26.420168776278537), (56.12594603288787, 26.370432816112334), (56.058937938154855, 26.315022602928096), (56.005132073396574, 26.254370703099408), (55.97127062213742, 26.18854666651377), (55.96521155330295, 26.117997384182836), (55.99592880966533, 26.044567153259294), (56.07348554859199, 25.972797449460426)
Associated file(s): api_response_2023-10-02_04-23-58.json, api_response_2023-10-02_04-44-01.json, api_response_2023-10-02_05-24-05.json, api_response_2023-10-02_04-03-56.json, api_response_2023-10-02_05-04-03.json

Record time: 2023-10-02T01:19:13Z
Event time: 2023-10-03T04:28:07.200Z
Status: Underway
Travel distance: 346.4843412526998
Waypoints: (60.8283103247132, 24.220016948251512), (60.75831226910361, 24.30067664352769), (60.68831421349404, 24.367941088726475), (60.618316157884465, 24.431561147235016), (60.5483181022749, 24.497398354719927), (60.47832004666534, 24.5679622815373), (60.40832199105578, 24.642994261734465), (60.33832393544622, 24.72009748864335), (60.26832587983666, 24.79541347706559), (60.198327821138726, 24.864344890773623), (60.12832976553274, 24.927772880327833), (60.05833170992677, 24.97312543841215), (59.9883336543208, 24.9916268393828), (59.918335598714826, 24.990151024696573), (59.848337543108855, 24.99177574022598), (59.778339487502876, 25.00084361309372), (59.7083414318969, 25.02446230253577), (59.638343376290926, 25.06510280862064), (59.56834532068494, 25.117551717016127), (59.49834726507898, 25.170341777976375), (59.428349209473, 25.212034014067513), (59.35835115386701, 25.241178998094515), (59.288353098261055, 25.262475588311233), (59.21835504265506, 25.269997908123155), (59.14835698704909, 25.27019769912793), (59.07835893144311, 25.27170367094695), (59.008360875837134, 25.270465343681494), (58.938362820231184, 25.277405253866288), (58.868364764625184, 25.283911655267136), (58.79836670901922, 25.295405292504192), (58.728368653413256, 25.317546282439217), (58.65837059780727, 25.33137521264721), (58.5883725422013, 25.341930209125977), (58.51837448659532, 25.355875998223553), (58.44837643098934, 25.37448106433818), (58.37837837538336, 25.3898291601108), (58.3083803197774, 25.407429616739147), (58.23838226417141, 25.423778552356442), (58.168384208565456, 25.459665540384258), (58.09838615295947, 25.488812409232064), (58.02838809735349, 25.52333855664244), (57.958390041747506, 25.55739349885288), (57.88839198614154, 25.592096819418437), (57.81839393053556, 25.617219595858707), (57.74839587492958, 25.61759090555627), (57.678397819323614, 25.603554645060296), (57.60839976371764, 25.58137972835088), (57.53840170811167, 25.558594129702335), (57.468403652505685, 25.55317526990296), (57.398405596899714, 25.57383856033095), (57.32840754129375, 25.62183929163897), (57.25661548517795, 25.68886728892076), (57.189084180272964, 25.766435204114927), (57.122201127653035, 25.839296721772037), (57.053497692162864, 25.90373686009573), (56.97425450367756, 25.940669923667425), (56.89913827014654, 25.975001934535417), (56.82871998122786, 26.009982323758546), (56.76978932582578, 26.05179895802248), (56.727519131040545, 26.104524935075535), (56.70185851660558, 26.16735732125701), (56.687159772932766, 26.24926597875307), (56.67404397088626, 26.33299725796251), (56.652510311405585, 26.413175649964376), (56.615294223098616, 26.47100572174324), (56.56047921592493, 26.50926946879958), (56.488779498070684, 26.527529612707852), (56.422753872165, 26.521262583548584), (56.35474014695487, 26.496588394458662), (56.27798934063656, 26.462974250363594), (56.2005028233302, 26.420168776278537), (56.12594603288787, 26.370432816112334), (56.058937938154855, 26.315022602928096), (56.005132073396574, 26.254370703099408), (55.97127062213742, 26.18854666651377), (55.96521155330295, 26.117997384182836), (55.99592880966533, 26.044567153259294), (56.07348554859199, 25.972797449460426)
Associated file(s): api_response_2023-10-02_05-44-08.json

Record time: 2023-10-02T01:55:32Z
Event time: 2023-10-03T03:51:18.800Z
Status: Underway
Travel distance: 333.92602591792655
Waypoints: (60.61831615788448, 24.285400011020485), (60.54831810227496, 24.306717037265038), (60.478320046665395, 24.319052721050817), (60.40832199105582, 24.32952817238079), (60.33832393544625, 24.343820728525206), (60.26832587983668, 24.3660548228973), (60.19832782422712, 24.39877126247424), (60.12832976861756, 24.44297491376338), (60.05833171300801, 24.49826079731376), (59.9883336543208, 24.56301858951273), (59.918335598714826, 24.63994378081416), (59.848337543108855, 24.72099672966712), (59.778339487502876, 24.787246295958607), (59.7083414318969, 24.851026747002376), (59.638343376290926, 24.91907066269525), (59.56834532068494, 24.995862031719906), (59.49834726507898, 25.07213884466622), (59.428349209473, 25.143718684179476), (59.35835115386701, 25.202236715550253), (59.288353098261055, 25.250555981573427), (59.21835504265506, 25.277158342341522), (59.14835698704909, 25.28324254388321), (59.07835893144311, 25.277188499474313), (59.008360875837134, 25.2678492124114), (58.938362820231184, 25.271822414657336), (58.868364764625184, 25.283238774241614), (58.79836670901922, 25.297199641905586), (58.728368653413256, 25.317546282439217), (58.65837059780727, 25.33137521264721), (58.5883725422013, 25.341930209125977), (58.51837448659532, 25.355875998223553), (58.44837643098934, 25.37448106433818), (58.37837837538336, 25.3898291601108), (58.3083803197774, 25.407429616739147), (58.23838226417141, 25.423778552356442), (58.168384208565456, 25.459665540384258), (58.09838615295947, 25.488812409232064), (58.02838809735349, 25.52333855664244), (57.958390041747506, 25.55739349885288), (57.88839198614154, 25.592096819418437), (57.81839393053556, 25.617219595858707), (57.74839587492958, 25.61759090555627), (57.678397819323614, 25.603554645060296), (57.60839976371764, 25.58137972835088), (57.53840170811167, 25.558594129702335), (57.468403652505685, 25.55317526990296), (57.398405596899714, 25.57383856033095), (57.32840754129375, 25.62183929163897), (57.25661548517795, 25.68886728892076), (57.189084180272964, 25.766435204114927), (57.122201127653035, 25.839296721772037), (57.053497692162864, 25.90373686009573), (56.97425450367756, 25.940669923667425), (56.89913827014654, 25.975001934535417), (56.82871998122786, 26.009982323758546), (56.76978932582578, 26.05179895802248), (56.727519131040545, 26.104524935075535), (56.70185851660558, 26.16735732125701), (56.687159772932766, 26.24926597875307), (56.67404397088626, 26.33299725796251), (56.652510311405585, 26.413175649964376), (56.615294223098616, 26.47100572174324), (56.56047921592493, 26.50926946879958), (56.488779498070684, 26.527529612707852), (56.422753872165, 26.521262583548584), (56.35474014695487, 26.496588394458662), (56.27798934063656, 26.462974250363594), (56.2005028233302, 26.420168776278537), (56.12594603288787, 26.370432816112334), (56.058937938154855, 26.315022602928096), (56.005132073396574, 26.254370703099408), (55.97127062213742, 26.18854666651377), (55.96521155330295, 26.117997384182836), (55.99592880966533, 26.044567153259294), (56.07348554859199, 25.972797449460426)
Associated file(s): api_response_2023-10-02_06-04-10.json

Record time: 2023-10-02T02:19:00Z
Event time: 2023-10-03T03:15:37.700Z
Status: Underway
Travel distance: 331.0577753779698
Waypoints: (60.61831615788448, 24.359329536685486), (60.54831810227496, 24.44574998683124), (60.478320046665395, 24.504352024096917), (60.40832199105582, 24.56406156492987), (60.33832393544625, 24.634945008853876), (60.26832587983668, 24.71515876124037), (60.19832782422712, 24.796719046741035), (60.12832976861756, 24.870092013381722), (60.05833171300801, 24.927604127317775), (59.9883336543208, 24.96567285696982), (59.918335598714826, 24.9804517368609), (59.848337543108855, 24.993343911131397), (59.778339487502876, 25.007108757432192), (59.7083414318969, 25.02944765355119), (59.638343376290926, 25.065602286132577), (59.56834532068494, 25.114436108234088), (59.49834726507898, 25.167874547549463), (59.428349209473, 25.213828363468906), (59.35835115386701, 25.241178998094515), (59.288353098261055, 25.262475588311233), (59.21835504265506, 25.269997908123155), (59.14835698704909, 25.27019769912793), (59.07835893144311, 25.27170367094695), (59.008360875837134, 25.270465343681494), (58.938362820231184, 25.277405253866288), (58.868364764625184, 25.283911655267136), (58.79836670901922, 25.295405292504192), (58.728368653413256, 25.317546282439217), (58.65837059780727, 25.33137521264721), (58.5883725422013, 25.341930209125977), (58.51837448659532, 25.355875998223553), (58.44837643098934, 25.37448106433818), (58.37837837538336, 25.3898291601108), (58.3083803197774, 25.407429616739147), (58.23838226417141, 25.423778552356442), (58.168384208565456, 25.459665540384258), (58.09838615295947, 25.488812409232064), (58.02838809735349, 25.52333855664244), (57.958390041747506, 25.55739349885288), (57.88839198614154, 25.592096819418437), (57.81839393053556, 25.617219595858707), (57.74839587492958, 25.61759090555627), (57.678397819323614, 25.603554645060296), (57.60839976371764, 25.58137972835088), (57.53840170811167, 25.558594129702335), (57.468403652505685, 25.55317526990296), (57.398405596899714, 25.57383856033095), (57.32840754129375, 25.62183929163897), (57.25661548517795, 25.68886728892076), (57.189084180272964, 25.766435204114927), (57.122201127653035, 25.839296721772037), (57.053497692162864, 25.90373686009573), (56.97425450367756, 25.940669923667425), (56.89913827014654, 25.975001934535417), (56.82871998122786, 26.009982323758546), (56.76978932582578, 26.05179895802248), (56.727519131040545, 26.104524935075535), (56.70185851660558, 26.16735732125701), (56.687159772932766, 26.24926597875307), (56.67404397088626, 26.33299725796251), (56.652510311405585, 26.413175649964376), (56.615294223098616, 26.47100572174324), (56.56047921592493, 26.50926946879958), (56.488779498070684, 26.527529612707852), (56.422753872165, 26.521262583548584), (56.35474014695487, 26.496588394458662), (56.27798934063656, 26.462974250363594), (56.2005028233302, 26.420168776278537), (56.12594603288787, 26.370432816112334), (56.058937938154855, 26.315022602928096), (56.005132073396574, 26.254370703099408), (55.97127062213742, 26.18854666651377), (55.96521155330295, 26.117997384182836), (55.99592880966533, 26.044567153259294), (56.07348554859199, 25.972797449460426)
Associated file(s): api_response_2023-10-02_06-24-12.json

Record time: 2023-10-02T02:40:59Z
Event time: 2023-10-03T02:15:40.500Z
Status: Underway
Travel distance: 323.07127429805615
Waypoints: (60.47832004666535, 24.36776530919635), (60.40832199105579, 24.429176529074788), (60.338323935446226, 24.49921405971223), (60.268325879836645, 24.573929972595984), (60.19832782422708, 24.649539376212555), (60.12832976861751, 24.722790971816888), (60.05833171300795, 24.791231305308518), (59.98833365739839, 24.853362715214594), (59.91833560178883, 24.908694976779802), (59.848337543108855, 24.95769064088275), (59.778339487502876, 24.998977640501938), (59.7083414318969, 25.037280968795077), (59.638343376290926, 25.07685278148647), (59.56834532068494, 25.11992093676145), (59.49834726507898, 25.165258416279368), (59.428349209473, 25.208245524259954), (59.35835115386701, 25.240506117068993), (59.288353098261055, 25.264269937712626), (59.21835504265506, 25.269997908123155), (59.14835698704909, 25.27019769912793), (59.07835893144311, 25.27170367094695), (59.008360875837134, 25.270465343681494), (58.938362820231184, 25.277405253866288), (58.868364764625184, 25.283911655267136), (58.79836670901922, 25.295405292504192), (58.728368653413256, 25.317546282439217), (58.65837059780727, 25.33137521264721), (58.5883725422013, 25.341930209125977), (58.51837448659532, 25.355875998223553), (58.44837643098934, 25.37448106433818), (58.37837837538336, 25.3898291601108), (58.3083803197774, 25.407429616739147), (58.23838226417141, 25.423778552356442), (58.168384208565456, 25.459665540384258), (58.09838615295947, 25.488812409232064), (58.02838809735349, 25.52333855664244), (57.958390041747506, 25.55739349885288), (57.88839198614154, 25.592096819418437), (57.81839393053556, 25.617219595858707), (57.74839587492958, 25.61759090555627), (57.678397819323614, 25.603554645060296), (57.60839976371764, 25.58137972835088), (57.53840170811167, 25.558594129702335), (57.468403652505685, 25.55317526990296), (57.398405596899714, 25.57383856033095), (57.32840754129375, 25.62183929163897), (57.25661548517795, 25.68886728892076), (57.189084180272964, 25.766435204114927), (57.122201127653035, 25.839296721772037), (57.053497692162864, 25.90373686009573), (56.97425450367756, 25.940669923667425), (56.89913827014654, 25.975001934535417), (56.82871998122786, 26.009982323758546), (56.76978932582578, 26.05179895802248), (56.727519131040545, 26.104524935075535), (56.70185851660558, 26.16735732125701), (56.687159772932766, 26.24926597875307), (56.67404397088626, 26.33299725796251), (56.652510311405585, 26.413175649964376), (56.615294223098616, 26.47100572174324), (56.56047921592493, 26.50926946879958), (56.488779498070684, 26.527529612707852), (56.422753872165, 26.521262583548584), (56.35474014695487, 26.496588394458662), (56.27798934063656, 26.462974250363594), (56.2005028233302, 26.420168776278537), (56.12594603288787, 26.370432816112334), (56.058937938154855, 26.315022602928096), (56.005132073396574, 26.254370703099408), (55.97127062213742, 26.18854666651377), (55.96521155330295, 26.117997384182836), (55.99592880966533, 26.044567153259294), (56.07348554859199, 25.972797449460426)
Associated file(s): api_response_2023-10-02_06-44-13.json

Record time: 2023-10-02T02:51:29Z
Event time: 2023-10-03T01:43:55.700Z
Status: Underway
Travel distance: 322.30561555075593
Waypoints: (60.408321991055786, 24.369877165228946), (60.33832393544621, 24.351698114306767), (60.268325879836645, 24.35759405080876), (60.198327824227086, 24.386638328290765), (60.128329768617526, 24.434914974520026), (60.058331713007966, 24.497067260244354), (59.98833365739841, 24.56753263378021), (59.91833560178885, 24.6414640214197), (59.84833754617928, 24.715337493656428), (59.778339487502876, 24.787246295958607), (59.7083414318969, 24.851026747002376), (59.638343376290926, 24.91907066269525), (59.56834532068494, 24.995862031719906), (59.49834726507898, 25.07213884466622), (59.428349209473, 25.143718684179476), (59.35835115386701, 25.202236715550253), (59.288353098261055, 25.250555981573427), (59.21835504265506, 25.277158342341522), (59.14835698704909, 25.28324254388321), (59.07835893144311, 25.277188499474313), (59.008360875837134, 25.2678492124114), (58.938362820231184, 25.271822414657336), (58.868364764625184, 25.283238774241614), (58.79836670901922, 25.297199641905586), (58.728368653413256, 25.317546282439217), (58.65837059780727, 25.33137521264721), (58.5883725422013, 25.341930209125977), (58.51837448659532, 25.355875998223553), (58.44837643098934, 25.37448106433818), (58.37837837538336, 25.3898291601108), (58.3083803197774, 25.407429616739147), (58.23838226417141, 25.423778552356442), (58.168384208565456, 25.459665540384258), (58.09838615295947, 25.488812409232064), (58.02838809735349, 25.52333855664244), (57.958390041747506, 25.55739349885288), (57.88839198614154, 25.592096819418437), (57.81839393053556, 25.617219595858707), (57.74839587492958, 25.61759090555627), (57.678397819323614, 25.603554645060296), (57.60839976371764, 25.58137972835088), (57.53840170811167, 25.558594129702335), (57.468403652505685, 25.55317526990296), (57.398405596899714, 25.57383856033095), (57.32840754129375, 25.62183929163897), (57.25661548517795, 25.68886728892076), (57.189084180272964, 25.766435204114927), (57.122201127653035, 25.839296721772037), (57.053497692162864, 25.90373686009573), (56.97425450367756, 25.940669923667425), (56.89913827014654, 25.975001934535417), (56.82871998122786, 26.009982323758546), (56.76978932582578, 26.05179895802248), (56.727519131040545, 26.104524935075535), (56.70185851660558, 26.16735732125701), (56.687159772932766, 26.24926597875307), (56.67404397088626, 26.33299725796251), (56.652510311405585, 26.413175649964376), (56.615294223098616, 26.47100572174324), (56.56047921592493, 26.50926946879958), (56.488779498070684, 26.527529612707852), (56.422753872165, 26.521262583548584), (56.35474014695487, 26.496588394458662), (56.27798934063656, 26.462974250363594), (56.2005028233302, 26.420168776278537), (56.12594603288787, 26.370432816112334), (56.058937938154855, 26.315022602928096), (56.005132073396574, 26.254370703099408), (55.97127062213742, 26.18854666651377), (55.96521155330295, 26.117997384182836), (55.99592880966533, 26.044567153259294), (56.07348554859199, 25.972797449460426)
Associated file(s): api_response_2023-10-02_07-04-15.json

Record time: 2023-10-02T03:02:37Z
Event time: 2023-10-03T01:10:28.400Z
Status: Underway
Travel distance: 317.35151187904967
Waypoints: (60.408321991055786, 24.439594630448273), (60.33832393544621, 24.49445375630009), (60.268325879836645, 24.56866210978874), (60.198327824227086, 24.64836017520438), (60.128329768617526, 24.725110123868), (60.058331713007966, 24.794613382059193), (59.98833365739841, 24.8555678641652), (59.91833560178885, 24.908664871051215), (59.84833754617928, 24.95572565365195), (59.778339487502876, 24.998977640501938), (59.7083414318969, 25.037280968795077), (59.638343376290926, 25.07685278148647), (59.56834532068494, 25.11992093676145), (59.49834726507898, 25.165258416279368), (59.428349209473, 25.208245524259954), (59.35835115386701, 25.240506117068993), (59.288353098261055, 25.264269937712626), (59.21835504265506, 25.269997908123155), (59.14835698704909, 25.27019769912793), (59.07835893144311, 25.27170367094695), (59.008360875837134, 25.270465343681494), (58.938362820231184, 25.277405253866288), (58.868364764625184, 25.283911655267136), (58.79836670901922, 25.295405292504192), (58.728368653413256, 25.317546282439217), (58.65837059780727, 25.33137521264721), (58.5883725422013, 25.341930209125977), (58.51837448659532, 25.355875998223553), (58.44837643098934, 25.37448106433818), (58.37837837538336, 25.3898291601108), (58.3083803197774, 25.407429616739147), (58.23838226417141, 25.423778552356442), (58.168384208565456, 25.459665540384258), (58.09838615295947, 25.488812409232064), (58.02838809735349, 25.52333855664244), (57.958390041747506, 25.55739349885288), (57.88839198614154, 25.592096819418437), (57.81839393053556, 25.617219595858707), (57.74839587492958, 25.61759090555627), (57.678397819323614, 25.603554645060296), (57.60839976371764, 25.58137972835088), (57.53840170811167, 25.558594129702335), (57.468403652505685, 25.55317526990296), (57.398405596899714, 25.57383856033095), (57.32840754129375, 25.62183929163897), (57.25661548517795, 25.68886728892076), (57.189084180272964, 25.766435204114927), (57.122201127653035, 25.839296721772037), (57.053497692162864, 25.90373686009573), (56.97425450367756, 25.940669923667425), (56.89913827014654, 25.975001934535417), (56.82871998122786, 26.009982323758546), (56.76978932582578, 26.05179895802248), (56.727519131040545, 26.104524935075535), (56.70185851660558, 26.16735732125701), (56.687159772932766, 26.24926597875307), (56.67404397088626, 26.33299725796251), (56.652510311405585, 26.413175649964376), (56.615294223098616, 26.47100572174324), (56.56047921592493, 26.50926946879958), (56.488779498070684, 26.527529612707852), (56.422753872165, 26.521262583548584), (56.35474014695487, 26.496588394458662), (56.27798934063656, 26.462974250363594), (56.2005028233302, 26.420168776278537), (56.12594603288787, 26.370432816112334), (56.058937938154855, 26.315022602928096), (56.005132073396574, 26.254370703099408), (55.97127062213742, 26.18854666651377), (55.96521155330295, 26.117997384182836), (55.99592880966533, 26.044567153259294), (56.07348554859199, 25.972797449460426)
Associated file(s): api_response_2023-10-02_07-24-17.json

Record time: 2023-10-02T03:25:01Z
Event time: 2023-10-03T00:19:53Z
Status: Underway
Travel distance: 311.8849892008639
Waypoints: (60.26832587983665, 24.431362178697484), (60.19832782422713, 24.509236554334542), (60.12832976861757, 24.57610494727907), (60.058331713008, 24.641193383999127), (59.98833365739843, 24.70906390189348), (59.91833560178886, 24.780873044139664), (59.84833754617931, 24.85547334896945), (59.77833949056975, 24.93035783337166), (59.70834143496019, 25.00244747122234), (59.638343376290926, 25.068721664556218), (59.56834532068494, 25.12775425200534), (59.49834726507898, 25.176508911633256), (59.428349209473, 25.213730352787316), (59.35835115386701, 25.237889985798898), (59.288353098261055, 25.258687098503678), (59.21835504265506, 25.269325027097633), (59.14835698704909, 25.27199204852932), (59.07835893144311, 25.27170367094695), (59.008360875837134, 25.270465343681494), (58.938362820231184, 25.277405253866288), (58.868364764625184, 25.283911655267136), (58.79836670901922, 25.295405292504192), (58.728368653413256, 25.317546282439217), (58.65837059780727, 25.33137521264721), (58.5883725422013, 25.341930209125977), (58.51837448659532, 25.355875998223553), (58.44837643098934, 25.37448106433818), (58.37837837538336, 25.3898291601108), (58.3083803197774, 25.407429616739147), (58.23838226417141, 25.423778552356442), (58.168384208565456, 25.459665540384258), (58.09838615295947, 25.488812409232064), (58.02838809735349, 25.52333855664244), (57.958390041747506, 25.55739349885288), (57.88839198614154, 25.592096819418437), (57.81839393053556, 25.617219595858707), (57.74839587492958, 25.61759090555627), (57.678397819323614, 25.603554645060296), (57.60839976371764, 25.58137972835088), (57.53840170811167, 25.558594129702335), (57.468403652505685, 25.55317526990296), (57.398405596899714, 25.57383856033095), (57.32840754129375, 25.62183929163897), (57.25661548517795, 25.68886728892076), (57.189084180272964, 25.766435204114927), (57.122201127653035, 25.839296721772037), (57.053497692162864, 25.90373686009573), (56.97425450367756, 25.940669923667425), (56.89913827014654, 25.975001934535417), (56.82871998122786, 26.009982323758546), (56.76978932582578, 26.05179895802248), (56.727519131040545, 26.104524935075535), (56.70185851660558, 26.16735732125701), (56.687159772932766, 26.24926597875307), (56.67404397088626, 26.33299725796251), (56.652510311405585, 26.413175649964376), (56.615294223098616, 26.47100572174324), (56.56047921592493, 26.50926946879958), (56.488779498070684, 26.527529612707852), (56.422753872165, 26.521262583548584), (56.35474014695487, 26.496588394458662), (56.27798934063656, 26.462974250363594), (56.2005028233302, 26.420168776278537), (56.12594603288787, 26.370432816112334), (56.058937938154855, 26.315022602928096), (56.005132073396574, 26.254370703099408), (55.97127062213742, 26.18854666651377), (55.96521155330295, 26.117997384182836), (55.99592880966533, 26.044567153259294), (56.07348554859199, 25.972797449460426)
Associated file(s): api_response_2023-10-02_08-24-25.json, api_response_2023-10-02_08-04-22.json, api_response_2023-10-02_08-44-27.json, api_response_2023-10-02_07-44-20.json

Record time: 2023-10-02T04:52:51Z
Event time: 2023-10-03T00:55:21Z
Status: Underway
Travel distance: 290.58153347732184
Waypoints: (59.91833560178886, 24.567708847390257), (59.84833754617929, 24.656269117455377), (59.778339490569714, 24.718419107125268), (59.70834143496015, 24.777171792977057), (59.63834337935059, 24.84307111958627), (59.56834532374102, 24.91795466728965), (59.49834726813146, 24.99819761726381), (59.428349212521894, 25.077438013919778), (59.35835115691233, 25.148783324613426), (59.288353098261055, 25.20649829537856), (59.21835504265506, 25.25120435992855), (59.14835698704909, 25.273543256047542), (59.07835893144311, 25.278756670379728), (59.008360875837134, 25.27411435674987), (58.938362820231184, 25.276807765672753), (58.868364764625184, 25.28373825175355), (58.79836670901922, 25.294084033123546), (58.728368653413256, 25.3150790520123), (58.65837059780727, 25.333169562048596), (58.5883725422013, 25.341930209125977), (58.51837448659532, 25.355875998223553), (58.44837643098934, 25.37448106433818), (58.37837837538336, 25.3898291601108), (58.3083803197774, 25.407429616739147), (58.23838226417141, 25.423778552356442), (58.168384208565456, 25.459665540384258), (58.09838615295947, 25.488812409232064), (58.02838809735349, 25.52333855664244), (57.958390041747506, 25.55739349885288), (57.88839198614154, 25.592096819418437), (57.81839393053556, 25.617219595858707), (57.74839587492958, 25.61759090555627), (57.678397819323614, 25.603554645060296), (57.60839976371764, 25.58137972835088), (57.53840170811167, 25.558594129702335), (57.468403652505685, 25.55317526990296), (57.398405596899714, 25.57383856033095), (57.32840754129375, 25.62183929163897), (57.25661548517795, 25.68886728892076), (57.189084180272964, 25.766435204114927), (57.122201127653035, 25.839296721772037), (57.053497692162864, 25.90373686009573), (56.97425450367756, 25.940669923667425), (56.89913827014654, 25.975001934535417), (56.82871998122786, 26.009982323758546), (56.76978932582578, 26.05179895802248), (56.727519131040545, 26.104524935075535), (56.70185851660558, 26.16735732125701), (56.687159772932766, 26.24926597875307), (56.67404397088626, 26.33299725796251), (56.652510311405585, 26.413175649964376), (56.615294223098616, 26.47100572174324), (56.56047921592493, 26.50926946879958), (56.488779498070684, 26.527529612707852), (56.422753872165, 26.521262583548584), (56.35474014695487, 26.496588394458662), (56.27798934063656, 26.462974250363594), (56.2005028233302, 26.420168776278537), (56.12594603288787, 26.370432816112334), (56.058937938154855, 26.315022602928096), (56.005132073396574, 26.254370703099408), (55.97127062213742, 26.18854666651377), (55.96521155330295, 26.117997384182836), (55.99592880966533, 26.044567153259294), (56.07348554859199, 25.972797449460426)
Associated file(s): api_response_2023-10-02_09-04-28.json

Record time: 2023-10-02T05:18:10Z
Event time: 2023-10-03T01:27:38.375Z
Status: Underway
Travel distance: 282.6889848812095
Waypoints: (59.7783394905697, 24.56813296633969), (59.70834143496014, 24.656271641972925), (59.63834337935058, 24.7174128298581), (59.56834532374101, 24.776206130742345), (59.49834726813145, 24.843193261685688), (59.42834921252189, 24.919413615685595), (59.35835115691232, 25.000304898322288), (59.28835310130276, 25.078898841424948), (59.2183550456932, 25.14831199375875), (59.14835698704909, 25.203531587439702), (59.07835893144311, 25.24310340013109), (59.008360875837134, 25.26598323981962), (58.938362820231184, 25.284641080916646), (58.868364764625184, 25.294988747107443), (58.79836670901922, 25.29956886165091), (58.728368653413256, 25.312462920742206), (58.65837059780727, 25.327586722839648), (58.5883725422013, 25.341257328100454), (58.51837448659532, 25.357670347624946), (58.44837643098934, 25.37448106433818), (58.37837837538336, 25.3898291601108), (58.3083803197774, 25.407429616739147), (58.23838226417141, 25.423778552356442), (58.168384208565456, 25.459665540384258), (58.09838615295947, 25.488812409232064), (58.02838809735349, 25.52333855664244), (57.958390041747506, 25.55739349885288), (57.88839198614154, 25.592096819418437), (57.81839393053556, 25.617219595858707), (57.74839587492958, 25.61759090555627), (57.678397819323614, 25.603554645060296), (57.60839976371764, 25.58137972835088), (57.53840170811167, 25.558594129702335), (57.468403652505685, 25.55317526990296), (57.398405596899714, 25.57383856033095), (57.32840754129375, 25.62183929163897), (57.25661548517795, 25.68886728892076), (57.189084180272964, 25.766435204114927), (57.122201127653035, 25.839296721772037), (57.053497692162864, 25.90373686009573), (56.97425450367756, 25.940669923667425), (56.89913827014654, 25.975001934535417), (56.82871998122786, 26.009982323758546), (56.76978932582578, 26.05179895802248), (56.727519131040545, 26.104524935075535), (56.70185851660558, 26.16735732125701), (56.687159772932766, 26.24926597875307), (56.67404397088626, 26.33299725796251), (56.652510311405585, 26.413175649964376), (56.615294223098616, 26.47100572174324), (56.56047921592493, 26.50926946879958), (56.488779498070684, 26.527529612707852), (56.422753872165, 26.521262583548584), (56.35474014695487, 26.496588394458662), (56.27798934063656, 26.462974250363594), (56.2005028233302, 26.420168776278537), (56.12594603288787, 26.370432816112334), (56.058937938154855, 26.315022602928096), (56.005132073396574, 26.254370703099408), (55.97127062213742, 26.18854666651377), (55.96521155330295, 26.117997384182836), (55.99592880966533, 26.044567153259294), (56.07348554859199, 25.972797449460426)
Associated file(s): api_response_2023-10-02_09-24-31.json, api_response_2023-10-02_09-44-33.json

Record time: 2023-10-02T05:52:59Z
Event time: 2023-10-03T02:01:20.250Z
Status: Underway
Travel distance: 276.66414686825055
Waypoints: (59.70834143496017, 24.643140266807517), (59.638343379350594, 24.71844274163578), (59.56834532374102, 24.78222467769315), (59.498347268131454, 24.84840719006018), (59.42834921252189, 24.921105613606056), (59.35835115691232, 24.99822668348517), (59.28835310130276, 25.07446916985053), (59.2183550456932, 25.143727966783977), (59.14835699008364, 25.200901635443305), (59.07835893144311, 25.24310340013109), (59.008360875837134, 25.26598323981962), (58.938362820231184, 25.284641080916646), (58.868364764625184, 25.294988747107443), (58.79836670901922, 25.29956886165091), (58.728368653413256, 25.312462920742206), (58.65837059780727, 25.327586722839648), (58.5883725422013, 25.341257328100454), (58.51837448659532, 25.357670347624946), (58.44837643098934, 25.37448106433818), (58.37837837538336, 25.3898291601108), (58.3083803197774, 25.407429616739147), (58.23838226417141, 25.423778552356442), (58.168384208565456, 25.459665540384258), (58.09838615295947, 25.488812409232064), (58.02838809735349, 25.52333855664244), (57.958390041747506, 25.55739349885288), (57.88839198614154, 25.592096819418437), (57.81839393053556, 25.617219595858707), (57.74839587492958, 25.61759090555627), (57.678397819323614, 25.603554645060296), (57.60839976371764, 25.58137972835088), (57.53840170811167, 25.558594129702335), (57.468403652505685, 25.55317526990296), (57.398405596899714, 25.57383856033095), (57.32840754129375, 25.62183929163897), (57.25661548517795, 25.68886728892076), (57.189084180272964, 25.766435204114927), (57.122201127653035, 25.839296721772037), (57.053497692162864, 25.90373686009573), (56.97425450367756, 25.940669923667425), (56.89913827014654, 25.975001934535417), (56.82871998122786, 26.009982323758546), (56.76978932582578, 26.05179895802248), (56.727519131040545, 26.104524935075535), (56.70185851660558, 26.16735732125701), (56.687159772932766, 26.24926597875307), (56.67404397088626, 26.33299725796251), (56.652510311405585, 26.413175649964376), (56.615294223098616, 26.47100572174324), (56.56047921592493, 26.50926946879958), (56.488779498070684, 26.527529612707852), (56.422753872165, 26.521262583548584), (56.35474014695487, 26.496588394458662), (56.27798934063656, 26.462974250363594), (56.2005028233302, 26.420168776278537), (56.12594603288787, 26.370432816112334), (56.058937938154855, 26.315022602928096), (56.005132073396574, 26.254370703099408), (55.97127062213742, 26.18854666651377), (55.96521155330295, 26.117997384182836), (55.99592880966533, 26.044567153259294), (56.07348554859199, 25.972797449460426)
Associated file(s): api_response_2023-10-02_10-04-35.json, api_response_2023-10-02_10-24-37.json

Record time: 2023-10-02T06:38:40Z
Event time: 2023-10-03T02:32:36Z
Status: Underway
Travel distance: 263.86177105831536
Waypoints: (59.49834726813142, 24.713485171736377), (59.42834921252184, 24.78614098119744), (59.35835115691227, 24.852962756240853), (59.28835310130271, 24.921974007664343), (59.21835504569316, 24.994600431055666), (59.148356990083606, 25.06823571334749), (59.078358934474046, 25.138373453624126), (59.00836087886449, 25.20030519818013), (58.93836282325493, 25.250384589830798), (58.868364764625184, 25.28685763017719), (58.79836670901922, 25.307402176894797), (58.728368653413256, 25.323713416096098), (58.65837059780727, 25.333071551367006), (58.5883725422013, 25.33864119683036), (58.51837448659532, 25.352087508416), (58.44837643098934, 25.373808183312665), (58.37837837538336, 25.39162350951219), (58.3083803197774, 25.407429616739147), (58.23838226417141, 25.423778552356442), (58.168384208565456, 25.459665540384258), (58.09838615295947, 25.488812409232064), (58.02838809735349, 25.52333855664244), (57.958390041747506, 25.55739349885288), (57.88839198614154, 25.592096819418437), (57.81839393053556, 25.617219595858707), (57.74839587492958, 25.61759090555627), (57.678397819323614, 25.603554645060296), (57.60839976371764, 25.58137972835088), (57.53840170811167, 25.558594129702335), (57.468403652505685, 25.55317526990296), (57.398405596899714, 25.57383856033095), (57.32840754129375, 25.62183929163897), (57.25661548517795, 25.68886728892076), (57.189084180272964, 25.766435204114927), (57.122201127653035, 25.839296721772037), (57.053497692162864, 25.90373686009573), (56.97425450367756, 25.940669923667425), (56.89913827014654, 25.975001934535417), (56.82871998122786, 26.009982323758546), (56.76978932582578, 26.05179895802248), (56.727519131040545, 26.104524935075535), (56.70185851660558, 26.16735732125701), (56.687159772932766, 26.24926597875307), (56.67404397088626, 26.33299725796251), (56.652510311405585, 26.413175649964376), (56.615294223098616, 26.47100572174324), (56.56047921592493, 26.50926946879958), (56.488779498070684, 26.527529612707852), (56.422753872165, 26.521262583548584), (56.35474014695487, 26.496588394458662), (56.27798934063656, 26.462974250363594), (56.2005028233302, 26.420168776278537), (56.12594603288787, 26.370432816112334), (56.058937938154855, 26.315022602928096), (56.005132073396574, 26.254370703099408), (55.97127062213742, 26.18854666651377), (55.96521155330295, 26.117997384182836), (55.99592880966533, 26.044567153259294), (56.07348554859199, 25.972797449460426)
Associated file(s): api_response_2023-10-02_12-44-50.json, api_response_2023-10-02_11-44-45.json, api_response_2023-10-02_11-24-43.json, api_response_2023-10-02_11-04-41.json, api_response_2023-10-02_13-24-55.json, api_response_2023-10-02_12-24-49.json, api_response_2023-10-02_13-04-52.json, api_response_2023-10-02_10-44-39.json, api_response_2023-10-02_12-04-47.json

Record time: 2023-10-02T09:40:00Z
Event time: 2023-10-03T03:08:19Z
Status: Underway
Travel distance: 222.52807775377968
Waypoints: (58.798366712035765, 24.93073952100677), (58.72836865642624, 24.982006064182475), (58.65837060081668, 25.05860100061425), (58.58837254520711, 25.14082015663918), (58.51837448959754, 25.217547544568976), (58.44837643398797, 25.283908006865826), (58.3783783783784, 25.33922915941147), (58.30838032276884, 25.385312633869578), (58.23838226715928, 25.42501461914134), (58.168384208565456, 25.46113570060809), (58.09838615295947, 25.491788541274918), (58.02838809735349, 25.524535417850306), (57.958390041747506, 25.557220095339293), (57.88839198614154, 25.59077556003779), (57.81839393053556, 25.614752365431798), (57.74839587492958, 25.619385254957656), (57.678397819323614, 25.603554645060296), (57.60839976371764, 25.58137972835088), (57.53840170811167, 25.558594129702335), (57.468403652505685, 25.55317526990296), (57.398405596899714, 25.57383856033095), (57.32840754129375, 25.62183929163897), (57.25661548517795, 25.68886728892076), (57.189084180272964, 25.766435204114927), (57.122201127653035, 25.839296721772037), (57.053497692162864, 25.90373686009573), (56.97425450367756, 25.940669923667425), (56.89913827014654, 25.975001934535417), (56.82871998122786, 26.009982323758546), (56.76978932582578, 26.05179895802248), (56.727519131040545, 26.104524935075535), (56.70185851660558, 26.16735732125701), (56.687159772932766, 26.24926597875307), (56.67404397088626, 26.33299725796251), (56.652510311405585, 26.413175649964376), (56.615294223098616, 26.47100572174324), (56.56047921592493, 26.50926946879958), (56.488779498070684, 26.527529612707852), (56.422753872165, 26.521262583548584), (56.35474014695487, 26.496588394458662), (56.27798934063656, 26.462974250363594), (56.2005028233302, 26.420168776278537), (56.12594603288787, 26.370432816112334), (56.058937938154855, 26.315022602928096), (56.005132073396574, 26.254370703099408), (55.97127062213742, 26.18854666651377), (55.96521155330295, 26.117997384182836), (55.99592880966533, 26.044567153259294), (56.07348554859199, 25.972797449460426)
Associated file(s): api_response_2023-10-02_14-45-03.json, api_response_2023-10-02_14-04-59.json, api_response_2023-10-02_13-44-57.json, api_response_2023-10-02_14-25-01.json

Record time: 2023-10-02T10:52:49Z
Event time: 2023-10-03T03:43:07.714Z
Status: Underway
Travel distance: 208.22948164146868
Waypoints: (58.58837254520708, 25.06482577551846), (58.51837448959751, 25.129887253589505), (58.44837643398794, 25.206914430834885), (58.378378378378365, 25.28185279826564), (58.3083803227688, 25.348343570218695), (58.23838226715924, 25.404945835462016), (58.16838421154968, 25.45285856277587), (58.09838615594012, 25.494142461010235), (58.02838810033056, 25.530441693618304), (57.958390041747506, 25.562205446354714), (57.88839198614154, 25.59127503754973), (57.81839393053556, 25.61163675664976), (57.74839587492958, 25.616918024530747), (57.678397819323614, 25.60534899446169), (57.60839976371764, 25.58137972835088), (57.53840170811167, 25.558594129702335), (57.468403652505685, 25.55317526990296), (57.398405596899714, 25.57383856033095), (57.32840754129375, 25.62183929163897), (57.25661548517795, 25.68886728892076), (57.189084180272964, 25.766435204114927), (57.122201127653035, 25.839296721772037), (57.053497692162864, 25.90373686009573), (56.97425450367756, 25.940669923667425), (56.89913827014654, 25.975001934535417), (56.82871998122786, 26.009982323758546), (56.76978932582578, 26.05179895802248), (56.727519131040545, 26.104524935075535), (56.70185851660558, 26.16735732125701), (56.687159772932766, 26.24926597875307), (56.67404397088626, 26.33299725796251), (56.652510311405585, 26.413175649964376), (56.615294223098616, 26.47100572174324), (56.56047921592493, 26.50926946879958), (56.488779498070684, 26.527529612707852), (56.422753872165, 26.521262583548584), (56.35474014695487, 26.496588394458662), (56.27798934063656, 26.462974250363594), (56.2005028233302, 26.420168776278537), (56.12594603288787, 26.370432816112334), (56.058937938154855, 26.315022602928096), (56.005132073396574, 26.254370703099408), (55.97127062213742, 26.18854666651377), (55.96521155330295, 26.117997384182836), (55.99592880966533, 26.044567153259294), (56.07348554859199, 25.972797449460426)
Associated file(s): api_response_2023-10-02_16-25-13.json, api_response_2023-10-02_15-25-06.json, api_response_2023-10-02_16-45-15.json, api_response_2023-10-02_15-05-05.json, api_response_2023-10-02_17-45-20.json, api_response_2023-10-02_16-05-11.json, api_response_2023-10-02_17-05-17.json, api_response_2023-10-02_15-45-09.json, api_response_2023-10-02_17-25-19.json

Record time: 2023-10-02T13:58:37Z
Event time: 2023-10-03T04:06:12.833Z
Status: Underway
Travel distance: 168.52537796976242
Waypoints: (57.95839004472096, 25.276137216267905), (57.888391989111405, 25.332433375190167), (57.81839393350184, 25.42456923027474), (57.74839587789227, 25.503927028420225), (57.678397822282705, 25.552100809126433), (57.608399766673145, 25.570416046918787), (57.53840171106358, 25.571139224101813), (57.46840365545402, 25.570377333841886), (57.39840559984446, 25.582667313579073), (57.32840754129375, 25.617255407453904), (57.25661548517795, 25.681963190331164), (57.189084180272964, 25.763295092662496), (57.122201127653035, 25.84288542057482), (57.053497692162864, 25.90373686009573), (56.97425450367756, 25.940669923667425), (56.89913827014654, 25.975001934535417), (56.82871998122786, 26.009982323758546), (56.76978932582578, 26.05179895802248), (56.727519131040545, 26.104524935075535), (56.70185851660558, 26.16735732125701), (56.687159772932766, 26.24926597875307), (56.67404397088626, 26.33299725796251), (56.652510311405585, 26.413175649964376), (56.615294223098616, 26.47100572174324), (56.56047921592493, 26.50926946879958), (56.488779498070684, 26.527529612707852), (56.422753872165, 26.521262583548584), (56.35474014695487, 26.496588394458662), (56.27798934063656, 26.462974250363594), (56.2005028233302, 26.420168776278537), (56.12594603288787, 26.370432816112334), (56.058937938154855, 26.315022602928096), (56.005132073396574, 26.254370703099408), (55.97127062213742, 26.18854666651377), (55.96521155330295, 26.117997384182836), (55.99592880966533, 26.044567153259294), (56.07348554859199, 25.972797449460426)
Associated file(s): api_response_2023-10-02_21-05-41.json, api_response_2023-10-02_20-25-36.json, api_response_2023-10-02_19-45-32.json, api_response_2023-10-02_18-05-22.json, api_response_2023-10-02_18-45-27.json, api_response_2023-10-02_20-05-34.json, api_response_2023-10-02_19-25-31.json, api_response_2023-10-02_20-45-39.json, api_response_2023-10-02_18-25-24.json, api_response_2023-10-02_19-05-29.json

Record time: 2023-10-02T17:09:59Z
Event time: 2023-10-03T04:06:02.600Z
Status: Underway
Travel distance: 125.93196544276458
Waypoints: (57.331152132027945, 25.622504326270597), (57.25108049173703, 25.693341123735596), (57.188926071779285, 25.771818813375944), (57.12535368560493, 25.841982644141705), (57.05387918287977, 25.898132232544672), (56.97621258597678, 25.94147261306115), (56.89835934243939, 25.97723592828845), (56.82747969341655, 26.012273758855144), (56.76950615806959, 26.053120093085024), (56.727519131040545, 26.104524935075535), (56.70185851660558, 26.16735732125701), (56.687159772932766, 26.24926597875307), (56.67404397088626, 26.33299725796251), (56.652510311405585, 26.413175649964376), (56.615294223098616, 26.47100572174324), (56.56047921592493, 26.50926946879958), (56.488779498070684, 26.527529612707852), (56.422753872165, 26.521262583548584), (56.35474014695487, 26.496588394458662), (56.27798934063656, 26.462974250363594), (56.2005028233302, 26.420168776278537), (56.12594603288787, 26.370432816112334), (56.058937938154855, 26.315022602928096), (56.005132073396574, 26.254370703099408), (55.97127062213742, 26.18854666651377), (55.96521155330295, 26.117997384182836), (55.99592880966533, 26.044567153259294), (56.07348554859199, 25.972797449460426)
Associated file(s): api_response_2023-10-02_21-45-44.json, api_response_2023-10-02_21-25-43.json

Record time: 2023-10-02T17:56:10Z
Event time: 2023-10-03T03:45:59Z
Status: Underway
Travel distance: 116.73596112311016
Waypoints: (57.18125639981325, 25.691624063410046), (57.13096769201342, 25.769207536947178), (57.055529399525284, 25.839237505455106), (56.9722327612207, 25.899033411061733), (56.89307087265893, 25.95096036117622), (56.82533869634121, 25.999896494780202), (56.7722733992877, 26.051180601058796), (56.73373501793684, 26.109039990371436), (56.70692745036709, 26.1754986175625), (56.687159772932766, 26.249765456265006), (56.67404397088626, 26.32988164918048), (56.652510311405585, 26.410708419537464), (56.615294223098616, 26.472800071144633), (56.56047921592493, 26.50926946879958), (56.488779498070684, 26.527529612707852), (56.422753872165, 26.521262583548584), (56.35474014695487, 26.496588394458662), (56.27798934063656, 26.462974250363594), (56.2005028233302, 26.420168776278537), (56.12594603288787, 26.370432816112334), (56.058937938154855, 26.315022602928096), (56.005132073396574, 26.254370703099408), (55.97127062213742, 26.18854666651377), (55.96521155330295, 26.117997384182836), (55.99592880966533, 26.044567153259294), (56.07348554859199, 25.972797449460426)
Associated file(s): api_response_2023-10-02_22-05-47.json

Record time: 2023-10-02T18:20:47Z
Event time: 2023-10-03T03:28:33.750Z
Status: Underway
Travel distance: 114.80777537796976
Waypoints: (57.18125639981325, 25.758114030030605), (57.13096769201342, 25.85054166679817), (57.055529399525284, 25.90703725118421), (56.9722327612207, 25.943475429354688), (56.89307087265893, 25.973062883633325), (56.82533869634121, 26.005845074898286), (56.7722733992877, 26.048423707944288), (56.73373501793684, 26.103884919810103), (56.70692745036709, 26.171938191071533), (56.687159772932766, 26.24926597875307), (56.67404397088626, 26.33299725796251), (56.652510311405585, 26.413175649964376), (56.615294223098616, 26.47100572174324), (56.56047921592493, 26.50926946879958), (56.488779498070684, 26.527529612707852), (56.422753872165, 26.521262583548584), (56.35474014695487, 26.496588394458662), (56.27798934063656, 26.462974250363594), (56.2005028233302, 26.420168776278537), (56.12594603288787, 26.370432816112334), (56.058937938154855, 26.315022602928096), (56.005132073396574, 26.254370703099408), (55.97127062213742, 26.18854666651377), (55.96521155330295, 26.117997384182836), (55.99592880966533, 26.044567153259294), (56.07348554859199, 25.972797449460426)
Associated file(s): api_response_2023-10-02_23-25-54.json, api_response_2023-10-02_22-45-51.json, api_response_2023-10-02_23-45-57.json, api_response_2023-10-02_22-25-49.json, api_response_2023-10-02_23-05-53.json

Record time: 2023-10-02T20:01:35Z
Event time: 2023-10-03T03:13:07.750Z
Status: Underway
Travel distance: 90.16684665226782
Waypoints: (56.98034814660602, 26.05071940254378), (56.90628640802327, 26.10431335671262), (56.83370567921973, 26.176698802908895), (56.766937635414386, 26.257590531048685), (56.70687482269743, 26.33770511330322), (56.65209379280332, 26.409251145988897), (56.599843499400095, 26.466272663917053), (56.546898955895045, 26.504845727203353), (56.49028015475667, 26.52312818053694), (56.427836245458025, 26.521262583548584), (56.35852790013209, 26.496588394458662), (56.28233803304905, 26.462974250363594), (56.203156249218075, 26.420168776278537), (56.12569899805831, 26.370432816112334), (56.056126218104374, 26.315022602928096), (56.001585301953064, 26.254370703099408), (55.96958112318512, 26.18854666651377), (55.967172128153585, 26.117997384182836), (55.999992492638576, 26.044567153259294), (56.07110034336872, 25.972797449460426)
Associated file(s): api_response_2023-10-03_01-46-09.json, api_response_2023-10-03_03-06-17.json, api_response_2023-10-03_00-26-01.json, api_response_2023-10-03_00-05-59.json, api_response_2023-10-03_02-26-13.json, api_response_2023-10-03_02-46-15.json, api_response_2023-10-03_01-26-07.json, api_response_2023-10-03_01-06-05.json, api_response_2023-10-03_02-06-11.json, api_response_2023-10-03_00-46-03.json

Record time: 2023-10-02T23:05:43Z
Event time: 2023-10-03T03:14:17Z
Status: Underway
Travel distance: 56.165766738660906
Waypoints: (56.559033605161424, 26.60260530189833), (56.48581062884913, 26.544044328243643), (56.4216577420132, 26.51484448011318), (56.349298583746304, 26.484305453623854), (56.27521178938867, 26.449129702064013), (56.2068261941724, 26.413147563555075), (56.145293555407385, 26.381900068514575), (56.06058179909167, 26.324790591403683), (55.99437302526587, 26.257238403027387), (55.95779321043807, 26.184588697046628), (55.965412085598224, 26.113105372217156), (56.01422068455495, 26.044775596426334), (56.065577546745445, 25.974300255307842)
Associated file(s): api_response_2023-10-03_03-46-22.json, api_response_2023-10-03_03-26-20.json

Record time: 2023-10-03T00:02:11Z
Event time: 2023-10-03T03:31:12.600Z
Status: Underway
Travel distance: 49.375269978401725
Waypoints: (56.348434765700944, 26.60443407234539), (56.2784367100914, 26.534422403733956), (56.208438654481824, 26.46441073512252), (56.13844059887225, 26.394399066511085), (56.06844254326268, 26.32438739789965), (55.99844448765313, 26.254375729288213), (55.92844643204356, 26.184364060676778), (55.99844448765313, 26.114352392065342), (55.99844448765313, 26.044340723453907), (56.06844254326268, 25.97432905484247)
Associated file(s): api_response_2023-10-03_04-46-28.json, api_response_2023-10-03_06-06-37.json, api_response_2023-10-03_04-26-25.json, api_response_2023-10-03_06-26-39.json, api_response_2023-10-03_04-06-23.json, api_response_2023-10-03_05-06-30.json, api_response_2023-10-03_06-46-41.json, api_response_2023-10-03_05-26-32.json, api_response_2023-10-03_05-46-34.json

Record time: 2023-10-03T03:00:00Z
Event time: 2023-10-03T03:46:16.400Z
Status: Underway
Travel distance: 15.083693304535638
Waypoints: (55.858448376433984, 26.114352392065342), (55.92844643204356, 26.044340723453907), (55.99844448765313, 25.97432905484247), (56.06844254326268, 25.97432905484247)
Associated file(s): api_response_2023-10-03_07-06-43.json
