MMSI: 245810000
Record time: 2023-07-21T07:32:18Z
Event time: 2023-07-22T15:58:55Z
Status: Underway
Travel distance: 251.73110151187905
Num waypoints: 51
Waypoints: (58.44837643398792, 23.873978996499417), (58.37837837837836, 23.943990665110842), (58.30838032276879, 24.01400233372227), (58.238382267159224, 24.084014002333706), (58.168384211549665, 24.154025670945146), (58.0983861559401, 24.22403733955658), (58.02838810033054, 24.29404900816802), (57.95839004472098, 24.364060676779456), (57.88839198911141, 24.43407234539089), (57.81839393053556, 24.50408401274519), (57.74839587492958, 24.57409568135304), (57.678397819323614, 24.64410734996088), (57.60839976371764, 24.714119018568724), (57.53840170811167, 24.78413068717657), (57.468403652505685, 24.854142355784415), (57.398405596899714, 24.92415402439226), (57.32840754129375, 24.994165693000095), (57.25661548517795, 25.064177361607943), (57.189084180272964, 25.134189030215786), (57.122201127653035, 25.204200698823634), (57.051703691653046, 25.27421236743147), (56.976721254378546, 25.344224036039307), (56.90045927262277, 25.414235704647155), (56.82889335102503, 25.484247373255), (56.768592697334476, 25.554259041862842), (56.72454357767396, 25.624270710470686), (56.6985946417285, 25.694282379078533), (56.69069124032289, 25.764294047686374), (56.68799835510386, 25.834305716294217), (56.69540802947841, 25.904317384902054), (56.701540043826014, 25.976123402911295), (56.7034094225085, 26.04366784109223), (56.702073344397725, 26.112358250319428), (56.69989491520724, 26.178607816610896), (56.69668757395966, 26.254750807280427), (56.68200390592139, 26.330381126692416), (56.65420632029091, 26.40759281075543), (56.6120058503154, 26.470332840717717), (56.55669146274771, 26.511063818200974), (56.48810674787951, 26.527529612707852), (56.42454787267482, 26.521262583548584), (56.35474014695487, 26.496588394458662), (56.27798934063656, 26.462974250363594), (56.2005028233302, 26.420168776278537), (56.12594603288787, 26.370432816112334), (56.058937938154855, 26.315022602928096), (56.005132073396574, 26.254370703099408), (55.97127062213742, 26.18854666651377), (55.96521155330295, 26.117997384182836), (55.99592880966533, 26.044567153259294), (56.07348554859199, 25.972797449460426)
Day of Week: Friday

MMSI: 245810000
Record time: 2023-07-21T08:13:48Z
Event time: 2023-07-22T14:33:29.111Z
Status: Underway
Travel distance: 246.03455723542118
Num waypoints: 50
Waypoints: (58.378378378378386, 23.943990665110835), (58.30838032276882, 24.014002333722292), (58.23838226715926, 24.084014002333728), (58.1683842115497, 24.154025670945156), (58.09838615594013, 24.224037339556588), (58.028388100330574, 24.294049008168024), (57.95839004472101, 24.364060676779463), (57.88839198911144, 24.434072345390906), (57.818393933501866, 24.50408401400235), (57.74839587492958, 24.57409568135304), (57.678397819323614, 24.64410734996088), (57.60839976371764, 24.714119018568724), (57.53840170811167, 24.78413068717657), (57.468403652505685, 24.854142355784415), (57.398405596899714, 24.92415402439226), (57.32840754129375, 24.994165693000095), (57.25661548517795, 25.064177361607943), (57.189084180272964, 25.134189030215786), (57.122201127653035, 25.204200698823634), (57.051703691653046, 25.27421236743147), (56.976721254378546, 25.344224036039307), (56.90045927262277, 25.414235704647155), (56.82889335102503, 25.484247373255), (56.768592697334476, 25.554259041862842), (56.72454357767396, 25.624270710470686), (56.6985946417285, 25.694282379078533), (56.69069124032289, 25.764294047686374), (56.68799835510386, 25.834305716294217), (56.69540802947841, 25.904317384902054), (56.701540043826014, 25.976123402911295), (56.7034094225085, 26.04366784109223), (56.702073344397725, 26.112358250319428), (56.69989491520724, 26.178607816610896), (56.69668757395966, 26.254750807280427), (56.68200390592139, 26.330381126692416), (56.65420632029091, 26.40759281075543), (56.6120058503154, 26.470332840717717), (56.55669146274771, 26.511063818200974), (56.48810674787951, 26.527529612707852), (56.42454787267482, 26.521262583548584), (56.35474014695487, 26.496588394458662), (56.27798934063656, 26.462974250363594), (56.2005028233302, 26.420168776278537), (56.12594603288787, 26.370432816112334), (56.058937938154855, 26.315022602928096), (56.005132073396574, 26.254370703099408), (55.97127062213742, 26.18854666651377), (55.96521155330295, 26.117997384182836), (55.99592880966533, 26.044567153259294), (56.07348554859199, 25.972797449460426)
Day of Week: Friday

MMSI: 245810000
Record time: 2023-07-21T08:26:38Z
Event time: 2023-07-22T13:44:17Z
Status: Underway
Travel distance: 241.81263498920086
Num waypoints: 49
Waypoints: (58.378378378378386, 24.014002333722278), (58.30838032276882, 24.08401400233372), (58.23838226715926, 24.154025670945156), (58.1683842115497, 24.22403733955659), (58.09838615594013, 24.294049008168027), (58.028388100330574, 24.364060676779463), (57.95839004472101, 24.434072345390902), (57.88839198911144, 24.50408401400234), (57.818393933501866, 24.574095682613777), (57.74839587492958, 24.64410734996088), (57.678397819323614, 24.714119018568724), (57.60839976371764, 24.78413068717657), (57.53840170811167, 24.854142355784415), (57.468403652505685, 24.92415402439226), (57.398405596899714, 24.994165693000095), (57.32840754129375, 25.064177361607943), (57.25661548517795, 25.134189030215786), (57.189084180272964, 25.204200698823634), (57.122201127653035, 25.27421236743147), (57.051703691653046, 25.344224036039307), (56.976721254378546, 25.414235704647155), (56.90045927262277, 25.484247373255), (56.82889335102503, 25.554259041862842), (56.768592697334476, 25.624270710470686), (56.72454357767396, 25.694282379078533), (56.70038864223831, 25.764294047686374), (56.6864304891121, 25.834305716294217), (56.68914410332861, 25.904317384902054), (56.69655566215748, 25.976123402911295), (56.702910042114496, 26.04366784109223), (56.705188347383775, 26.112358250319428), (56.70236166590823, 26.178607816610896), (56.694893573449846, 26.254750807280427), (56.68200390592139, 26.330381126692416), (56.65420632029091, 26.40759281075543), (56.6120058503154, 26.470332840717717), (56.55669146274771, 26.511063818200974), (56.48810674787951, 26.527529612707852), (56.42454787267482, 26.521262583548584), (56.35474014695487, 26.496588394458662), (56.27798934063656, 26.462974250363594), (56.2005028233302, 26.420168776278537), (56.12594603288787, 26.370432816112334), (56.058937938154855, 26.315022602928096), (56.005132073396574, 26.254370703099408), (55.97127062213742, 26.18854666651377), (55.96521155330295, 26.117997384182836), (55.99592880966533, 26.044567153259294), (56.07348554859199, 25.972797449460426)
Day of Week: Friday

MMSI: 245810000
Record time: 2023-07-21T09:39:29Z
Event time: 2023-07-22T14:17:14Z
Status: Underway
Travel distance: 230.42656587473002
Num waypoints: 47
Waypoints: (58.23838226715925, 24.15402567094516), (58.168384211549714, 24.224037339556602), (58.09838615594015, 24.294049008168034), (58.028388100330574, 24.364060676779467), (57.958390044721, 24.4340723453909), (57.88839198911143, 24.504084014002334), (57.81839393350187, 24.57409568261377), (57.748395877892314, 24.64410735122521), (57.67839782228276, 24.71411901983665), (57.60839976371764, 24.78413068717657), (57.53840170811167, 24.854142355784415), (57.468403652505685, 24.92415402439226), (57.398405596899714, 24.994165693000095), (57.32840754129375, 25.064177361607943), (57.25661548517795, 25.134189030215786), (57.189084180272964, 25.204200698823634), (57.122201127653035, 25.27421236743147), (57.051703691653046, 25.344224036039307), (56.976721254378546, 25.414235704647155), (56.90045927262277, 25.484247373255), (56.82889335102503, 25.554259041862842), (56.768592697334476, 25.624270710470686), (56.72454357767396, 25.694282379078533), (56.70038864223831, 25.764294047686374), (56.6864304891121, 25.834305716294217), (56.68914410332861, 25.904317384902054), (56.69655566215748, 25.976123402911295), (56.702910042114496, 26.04366784109223), (56.705188347383775, 26.112358250319428), (56.70236166590823, 26.178607816610896), (56.694893573449846, 26.254750807280427), (56.68200390592139, 26.330381126692416), (56.65420632029091, 26.40759281075543), (56.6120058503154, 26.470332840717717), (56.55669146274771, 26.511063818200974), (56.48810674787951, 26.527529612707852), (56.42454787267482, 26.521262583548584), (56.35474014695487, 26.496588394458662), (56.27798934063656, 26.462974250363594), (56.2005028233302, 26.420168776278537), (56.12594603288787, 26.370432816112334), (56.058937938154855, 26.315022602928096), (56.005132073396574, 26.254370703099408), (55.97127062213742, 26.18854666651377), (55.96521155330295, 26.117997384182836), (55.99592880966533, 26.044567153259294), (56.07348554859199, 25.972797449460426)
Day of Week: Friday

MMSI: 245810000
Record time: 2023-07-21T11:30:59Z
Event time: 2023-07-22T13:41:45.727Z
Status: Underway
Travel distance: 210.63066954643628
Num waypoints: 43
Waypoints: (58.09838615594015, 24.434072345390906), (58.02838810033058, 24.50408401400234), (57.95839004472101, 24.574095682613777), (57.88839198911143, 24.644107351225212), (57.818393933501866, 24.714119019836648), (57.7483958778923, 24.784130688448087), (57.67839782228274, 24.854142357059523), (57.60839976667318, 24.924154025670962), (57.53840171106363, 24.9941656942824), (57.468403652505685, 25.064177361607943), (57.398405596899714, 25.134189030215786), (57.32840754129375, 25.204200698823634), (57.25661548517795, 25.27421236743147), (57.189084180272964, 25.344224036039307), (57.122201127653035, 25.414235704647155), (57.051703691653046, 25.484247373255), (56.976721254378546, 25.554259041862842), (56.90045927262277, 25.624270710470686), (56.82889335102503, 25.694282379078533), (56.77038669784429, 25.764294047686374), (56.72207682697298, 25.834305716294217), (56.697273639252266, 25.904317384902054), (56.688723870015906, 25.976123402911295), (56.69166173429616, 26.04366784109223), (56.69970458532122, 26.112358250319428), (56.70497728850026, 26.178607816610896), (56.700475327136886, 26.254750807280427), (56.68267665611256, 26.330381126692416), (56.6524123197811, 26.40759281075543), (56.6120058503154, 26.470332840717717), (56.55669146274771, 26.511063818200974), (56.48810674787951, 26.527529612707852), (56.42454787267482, 26.521262583548584), (56.35474014695487, 26.496588394458662), (56.27798934063656, 26.462974250363594), (56.2005028233302, 26.420168776278537), (56.12594603288787, 26.370432816112334), (56.058937938154855, 26.315022602928096), (56.005132073396574, 26.254370703099408), (55.97127062213742, 26.18854666651377), (55.96521155330295, 26.117997384182836), (55.99592880966533, 26.044567153259294), (56.07348554859199, 25.972797449460426)
Day of Week: Friday

MMSI: 245810000
Record time: 2023-07-21T11:58:18Z
Event time: 2023-07-22T13:06:06.100Z
Status: Underway
Travel distance: 204.94546436285097
Num waypoints: 42
Waypoints: (58.02838810033054, 24.50408401400233), (57.95839004472099, 24.574095682613777), (57.888391989111426, 24.644107351225212), (57.81839393350185, 24.714119019836644), (57.748395877892285, 24.78413068844808), (57.67839782228272, 24.854142357059516), (57.60839976667315, 24.92415402567095), (57.5384017110636, 24.994165694282394), (57.46840365545404, 25.064177362893833), (57.398405596899714, 25.134189030215786), (57.32840754129375, 25.204200698823634), (57.25661548517795, 25.27421236743147), (57.189084180272964, 25.344224036039307), (57.122201127653035, 25.414235704647155), (57.051703691653046, 25.484247373255), (56.976721254378546, 25.554259041862842), (56.90045927262277, 25.624270710470686), (56.82889335102503, 25.694282379078533), (56.77038669784429, 25.764294047686374), (56.72207682697298, 25.834305716294217), (56.697273639252266, 25.904317384902054), (56.688723870015906, 25.976123402911295), (56.69166173429616, 26.04366784109223), (56.69970458532122, 26.112358250319428), (56.70497728850026, 26.178607816610896), (56.700475327136886, 26.254750807280427), (56.68267665611256, 26.330381126692416), (56.6524123197811, 26.40759281075543), (56.6120058503154, 26.470332840717717), (56.55669146274771, 26.511063818200974), (56.48810674787951, 26.527529612707852), (56.42454787267482, 26.521262583548584), (56.35474014695487, 26.496588394458662), (56.27798934063656, 26.462974250363594), (56.2005028233302, 26.420168776278537), (56.12594603288787, 26.370432816112334), (56.058937938154855, 26.315022602928096), (56.005132073396574, 26.254370703099408), (55.97127062213742, 26.18854666651377), (55.96521155330295, 26.117997384182836), (55.99592880966533, 26.044567153259294), (56.07348554859199, 25.972797449460426)
Day of Week: Friday

MMSI: 245810000
Record time: 2023-07-21T12:27:40Z
Event time: 2023-07-22T12:30:31.444Z
Status: Underway
Travel distance: 199.26133909287256
Num waypoints: 41
Waypoints: (57.95839004472096, 24.574095682613777), (57.888391989111405, 24.644107351225223), (57.81839393350184, 24.71411901983666), (57.74839587789227, 24.784130688448087), (57.678397822282705, 24.854142357059523), (57.608399766673145, 24.924154025670955), (57.53840171106358, 24.994165694282394), (57.46840365545402, 25.064177362893833), (57.39840559984446, 25.13418903150527), (57.32840754129375, 25.204200698823634), (57.25661548517795, 25.27421236743147), (57.189084180272964, 25.344224036039307), (57.122201127653035, 25.414235704647155), (57.051703691653046, 25.484247373255), (56.976721254378546, 25.554259041862842), (56.90045927262277, 25.624270710470686), (56.82889335102503, 25.694282379078533), (56.77038669784429, 25.764294047686374), (56.72207682697298, 25.834305716294217), (56.697273639252266, 25.904317384902054), (56.688723870015906, 25.976123402911295), (56.69166173429616, 26.04366784109223), (56.69970458532122, 26.112358250319428), (56.70497728850026, 26.178607816610896), (56.700475327136886, 26.254750807280427), (56.68267665611256, 26.330381126692416), (56.6524123197811, 26.40759281075543), (56.6120058503154, 26.470332840717717), (56.55669146274771, 26.511063818200974), (56.48810674787951, 26.527529612707852), (56.42454787267482, 26.521262583548584), (56.35474014695487, 26.496588394458662), (56.27798934063656, 26.462974250363594), (56.2005028233302, 26.420168776278537), (56.12594603288787, 26.370432816112334), (56.058937938154855, 26.315022602928096), (56.005132073396574, 26.254370703099408), (55.97127062213742, 26.18854666651377), (55.96521155330295, 26.117997384182836), (55.99592880966533, 26.044567153259294), (56.07348554859199, 25.972797449460426)
Day of Week: Friday

MMSI: 245810000
Record time: 2023-07-21T15:40:36Z
Event time: 2023-07-22T12:50:12Z
Status: Underway
Travel distance: 163.65172786177106
Num waypoints: 34
Waypoints: (57.67495252584894, 25.064177362893812), (57.61488651527012, 25.134189031505265), (57.54064598194595, 25.2042007001167), (57.46488546490099, 25.274212368728133), (57.39290542018722, 25.344224037339565), (57.32524146111577, 25.414235705951), (57.2598371340846, 25.48424737456244), (57.19380023000197, 25.554259043173882), (57.124742631306, 25.62427071178532), (57.051703691653046, 25.694282379078533), (56.97851525488835, 25.764294047686374), (56.89799252192179, 25.834305716294217), (56.8275723485488, 25.904317384902054), (56.7684193275373, 25.976123402911295), (56.72574020616527, 26.04366784109223), (56.70157019509508, 26.112358250319428), (56.692161114690165, 26.178607816610896), (56.68872763892453, 26.254750807280427), (56.68030789703606, 26.330381126692416), (56.65749469307412, 26.40759281075543), (56.61579360349262, 26.470332840717717), (56.55736421293889, 26.511063818200974), (56.486312747369695, 26.527529612707852), (56.42454787267482, 26.521262583548584), (56.35474014695487, 26.496588394458662), (56.27798934063656, 26.462974250363594), (56.2005028233302, 26.420168776278537), (56.12594603288787, 26.370432816112334), (56.058937938154855, 26.315022602928096), (56.005132073396574, 26.254370703099408), (55.97127062213742, 26.18854666651377), (55.96521155330295, 26.117997384182836), (55.99592880966533, 26.044567153259294), (56.07348554859199, 25.972797449460426)
Day of Week: Friday

MMSI: 245810000
Record time: 2023-07-21T18:42:18Z
Event time: 2023-07-22T12:24:33.750Z
Status: Underway
Travel distance: 134.07937365010798
Num waypoints: 29
Waypoints: (57.40406427353072, 25.48753720932546), (57.31694555071736, 25.54716359529167), (57.255239550940544, 25.62236408417992), (57.19581802373817, 25.699850003961693), (57.12871092091745, 25.772367878809682), (57.052882392203045, 25.83720627406012), (56.97262582412848, 25.894851165054153), (56.8945779221706, 25.947789829858237), (56.82535183612728, 25.999463265863568), (56.76978932582578, 26.053367128927896), (56.727519131040545, 26.110790079414006), (56.70185851660558, 26.172342672272425), (56.687159772932766, 26.249765456265006), (56.67404397088626, 26.32988164918048), (56.652510311405585, 26.410708419537464), (56.615294223098616, 26.472800071144633), (56.56047921592493, 26.50926946879958), (56.488779498070684, 26.527529612707852), (56.422753872165, 26.521262583548584), (56.35474014695487, 26.496588394458662), (56.27798934063656, 26.462974250363594), (56.2005028233302, 26.420168776278537), (56.12594603288787, 26.370432816112334), (56.058937938154855, 26.315022602928096), (56.005132073396574, 26.254370703099408), (55.97127062213742, 26.18854666651377), (55.96521155330295, 26.117997384182836), (55.99592880966533, 26.044567153259294), (56.07348554859199, 25.972797449460426)
Day of Week: Friday

MMSI: 245810000
Record time: 2023-07-21T19:52:59Z
Event time: 2023-07-22T11:49:55.285Z
Status: Underway
Travel distance: 122.32235421166307
Num waypoints: 27
Waypoints: (57.255861774914194, 25.626103511531102), (57.190755088876706, 25.68906167809052), (57.123437766611204, 25.766836420957766), (57.05032771743188, 25.84009042113651), (56.97354992055232, 25.901979894302393), (56.89814724425078, 25.953678895331663), (56.829824377161664, 26.000621551072445), (56.773224871693394, 26.049462221358706), (56.73074129957262, 26.10575358826688), (56.70185851660558, 26.172342672272425), (56.687159772932766, 26.249765456265006), (56.67404397088626, 26.32988164918048), (56.652510311405585, 26.410708419537464), (56.615294223098616, 26.472800071144633), (56.56047921592493, 26.50926946879958), (56.488779498070684, 26.527529612707852), (56.422753872165, 26.521262583548584), (56.35474014695487, 26.496588394458662), (56.27798934063656, 26.462974250363594), (56.2005028233302, 26.420168776278537), (56.12594603288787, 26.370432816112334), (56.058937938154855, 26.315022602928096), (56.005132073396574, 26.254370703099408), (55.97127062213742, 26.18854666651377), (55.96521155330295, 26.117997384182836), (55.99592880966533, 26.044567153259294), (56.07348554859199, 25.972797449460426)
Day of Week: Friday

MMSI: 245810000
Record time: 2023-07-21T21:22:46Z
Event time: 2023-07-22T11:17:14.500Z
Status: Underway
Travel distance: 109.23920086393089
Num waypoints: 25
Waypoints: (57.1105215225657, 25.8346372061941), (57.06531581621057, 25.91228884170523), (56.98262677166157, 25.951265496528983), (56.8950521079814, 25.976374753664984), (56.82037490661867, 26.004176220292596), (56.76544068771997, 26.044146535507316), (56.729554704372795, 26.099849278591268), (56.70739945477929, 26.17010977781776), (56.69147241236089, 26.25019481978994), (56.67404397088626, 26.33299725796251), (56.652510311405585, 26.413175649964376), (56.615294223098616, 26.47100572174324), (56.56047921592493, 26.50926946879958), (56.488779498070684, 26.527529612707852), (56.422753872165, 26.521262583548584), (56.35474014695487, 26.496588394458662), (56.27798934063656, 26.462974250363594), (56.2005028233302, 26.420168776278537), (56.12594603288787, 26.370432816112334), (56.058937938154855, 26.315022602928096), (56.005132073396574, 26.254370703099408), (55.97127062213742, 26.18854666651377), (55.96521155330295, 26.117997384182836), (55.99592880966533, 26.044567153259294), (56.07348554859199, 25.972797449460426)
Day of Week: Friday

MMSI: 245810000
Record time: 2023-07-21T23:08:11Z
Event time: 2023-07-22T10:42:34.400Z
Status: Underway
Travel distance: 87.61879049676025
Num waypoints: 19
Waypoints: (56.98127535523469, 26.120053974984963), (56.902131414672674, 26.172795973017507), (56.837686217784224, 26.24972022191249), (56.77286413003236, 26.333180086931055), (56.70295401562426, 26.409828137085757), (56.6290865471502, 26.470503418358113), (56.55469143146734, 26.509967941252153), (56.48293455182846, 26.526492382683998), (56.41513502647003, 26.521291002308256), (56.35291034491837, 26.492540960730334), (56.2830065120244, 26.454482079194204), (56.20619458346576, 26.412390285155126), (56.12855820635745, 26.367983786288182), (56.05680132671857, 26.319396972366434), (55.99981856892597, 26.262640910139375), (55.96717353863903, 26.194185547728164), (55.9669034335203, 26.11474820443336), (56.00264996153761, 26.034288345854616), (56.07011656684788, 25.978208644322265)
Day of Week: Friday

MMSI: 245810000
Record time: 2023-07-22T00:50:27Z
Event time: 2023-07-22T10:11:45.250Z
Status: Underway
Travel distance: 71.06425485961122
Num waypoints: 16
Waypoints: (56.765959803490134, 26.32368655869889), (56.70454355284076, 26.393893306263138), (56.62817415718501, 26.472678525725573), (56.55332174725453, 26.52363581593997), (56.48453728022519, 26.537953277201368), (56.41969697608158, 26.522228579733525), (56.35421375894012, 26.488942886051387), (56.28421570276798, 26.449593626934195), (56.21109476812028, 26.4136123978649), (56.13264493546024, 26.369627929970534), (56.05696790764832, 26.320063425669762), (55.995931736938886, 26.261796510421004), (55.962761427090854, 26.192710216329196), (55.96714901657323, 26.114470217529686), (56.00853605459704, 26.035988454216046), (56.067568470535264, 25.977573145575878)
Day of Week: Saturday

MMSI: 245810000
Record time: 2023-07-22T01:25:08Z
Event time: 2023-07-22T09:54:40Z
Status: Underway
Travel distance: 68.76889848812095
Num waypoints: 16
Waypoints: (56.765959803490134, 26.39163183544005), (56.70454355284076, 26.40112567780907), (56.62817415718501, 26.466558826725176), (56.55332174725453, 26.52085413457615), (56.48453728022519, 26.540026894218034), (56.41969697608158, 26.525516021345314), (56.35421375894012, 26.49020728667131), (56.28421570276798, 26.448148597654303), (56.21109476812028, 26.4136123978649), (56.13264493546024, 26.369627929970534), (56.05696790764832, 26.320063425669762), (55.995931736938886, 26.261796510421004), (55.962761427090854, 26.192710216329196), (55.96714901657323, 26.114470217529686), (56.00853605459704, 26.035988454216046), (56.067568470535264, 25.977573145575878)
Day of Week: Saturday

MMSI: 245810000
Record time: 2023-07-22T02:52:08Z
Event time: 2023-07-22T10:14:43.750Z
Status: Underway
Travel distance: 59.75053995680346
Num waypoints: 14
Waypoints: (56.62603481834167, 26.601424520979734), (56.566072206760936, 26.54471823735328), (56.4846384126069, 26.529670480525013), (56.41148969433711, 26.515227513923346), (56.34841809552815, 26.48916393511078), (56.2859382878538, 26.453351713836284), (56.215206744931706, 26.41314756367207), (56.13708273781427, 26.377082967528384), (56.05990286837563, 26.324484406858293), (55.994434553358346, 26.25889422469038), (55.95844668121216, 26.1855637886576), (55.965723969376796, 26.112395539477564), (56.013522658955516, 26.044290703209604), (56.06580032087287, 25.974570819356572)
Day of Week: Saturday

MMSI: 245810000
Record time: 2023-07-22T03:30:08Z
Event time: 2023-07-22T09:57:26Z
Status: Underway
Travel distance: 53.225161987041034
Num waypoints: 12
Waypoints: (56.486717637796744, 26.604894864898963), (56.42562842562838, 26.530891580792037), (56.340309117287475, 26.476039987193786), (56.27481443308777, 26.443191238029577), (56.21666220227368, 26.417139179030855), (56.145293555407385, 26.381093681545785), (56.06058179909167, 26.324790591403683), (55.99437302526587, 26.257238403027387), (55.95779321043807, 26.184588697046628), (55.965412085598224, 26.113105372217156), (56.01422068455495, 26.044775596426334), (56.065577546745445, 25.974300255307842)
Day of Week: Saturday

MMSI: 245810000
Record time: 2023-07-22T03:40:29Z
Event time: 2023-07-22T09:28:31.250Z
Status: Underway
Travel distance: 53.225161987041034
Num waypoints: 12
Waypoints: (56.486717637796744, 26.604894864898963), (56.42562842562838, 26.530891580792037), (56.340309117287475, 26.476039987193786), (56.27481443308777, 26.443191238029577), (56.21666220227368, 26.417139179030855), (56.145293555407385, 26.381093681545785), (56.06058179909167, 26.324790591403683), (55.99437302526587, 26.257238403027387), (55.95779321043807, 26.184588697046628), (55.965412085598224, 26.113105372217156), (56.01422068455495, 26.044775596426334), (56.065577546745445, 25.974300255307842)
Day of Week: Saturday

MMSI: 245810000
Record time: 2023-07-22T03:54:17Z
Event time: 2023-07-22T09:06:40.500Z
Status: Underway
Travel distance: 51.15550755939525
Num waypoints: 11
Waypoints: (56.41858510923254, 26.604521110938833), (56.3475427935859, 26.603900960960445), (56.280416453078296, 26.53571710281161), (56.206763487338996, 26.46296371850631), (56.13767915926195, 26.394779860357495), (56.07339190073009, 26.324387397899688), (55.984357854861514, 26.254375729288256), (55.95684812951, 26.184364060676774), (55.97567744330337, 26.114352392065353), (56.00739684192927, 26.044340723453928), (56.06701756342054, 25.97432905484251)
Day of Week: Saturday

MMSI: 245810000
Record time: 2023-07-22T04:04:37Z
Event time: 2023-07-22T08:44:07.750Z
Status: Underway
Travel distance: 51.15550755939525
Num waypoints: 11
Waypoints: (56.41858510923254, 26.604521110938833), (56.3475427935859, 26.603900960960445), (56.280416453078296, 26.53571710281161), (56.206763487338996, 26.46296371850631), (56.13767915926195, 26.394779860357495), (56.07339190073009, 26.324387397899688), (55.984357854861514, 26.254375729288256), (55.95684812951, 26.184364060676774), (55.97567744330337, 26.114352392065353), (56.00739684192927, 26.044340723453928), (56.06701756342054, 25.97432905484251)
Day of Week: Saturday

MMSI: 245810000
Record time: 2023-07-22T05:00:50Z
Event time: 2023-07-22T09:02:08.750Z
Status: Underway
Travel distance: 43.734341252699785
Num waypoints: 9
Waypoints: (56.2784367100914, 26.534422403733956), (56.208438654481824, 26.46441073512252), (56.13844059887225, 26.394399066511085), (56.06844254326268, 26.32438739789965), (55.99844448765313, 26.254375729288213), (55.92844643204356, 26.184364060676778), (55.99844448765313, 26.114352392065342), (55.99844448765313, 26.044340723453907), (56.06844254326268, 25.97432905484247)
Day of Week: Saturday

MMSI: 245810000
Record time: 2023-07-22T08:05:21Z
Event time: 2023-07-22T08:46:12.250Z
Status: Underway
Travel distance: 9.857451403887689
Num waypoints: 3
Waypoints: (55.99844448765313, 26.114352392065342), (55.99844448765313, 26.044340723453907), (56.06844254326268, 25.97432905484247)
Day of Week: Saturday

MMSI: 245810000
Record time: 2023-07-22T09:04:10Z
Event time: 2023-07-22T09:08:24.500Z
Status: Underway
Travel distance: 3.779157667386609
Num waypoints: 2
Waypoints: (55.99844448765313, 25.97432905484247), (56.06844254326268, 25.97432905484247)
Day of Week: Saturday

MMSI: 245810000
Record time: 2023-07-22T09:26:58Z
Event time: 2023-07-22T09:25:34Z
Status: Underway
Travel distance: 3.779157667386609
Num waypoints: 2
Waypoints: (55.99844448765313, 25.97432905484247), (56.06844254326268, 25.97432905484247)
Day of Week: Saturday

MMSI: 245810000
Record time: 2023-07-22T09:58:28Z
Event time: 2023-07-22T09:58:28Z
Status: Arrived
Travel distance: N/A
Num waypoints: 0
Waypoints: 
Day of Week: Saturday

Number of Journeys: 1
