Record time: 2024-01-09T06:18:04Z
Event time: 2024-01-09T17:32:04Z
Status: Underway
Travel distance: 143.03671706263498
Num waypoints: 37
Waypoints: (53.54851254131831, 26.038221292897685), (53.618510596927905, 25.989367605924766), (53.68850865253748, 25.970423626183045), (53.758506708147046, 25.967156900465316), (53.828504763756605, 25.970397604232836), (53.89850281936617, 25.974795313815736), (53.968500874975746, 25.977742396772115), (54.03849893058531, 25.97846402040588), (54.10849698619488, 25.97727477844326), (54.17849503902486, 25.97500193453542), (54.24849309463083, 25.977444662291937), (54.31849115023681, 25.973829575997957), (54.38848920584279, 25.96934370249448), (54.45848726144877, 25.968063909171427), (54.528485317054745, 25.970966533203086), (54.59848337266071, 25.986495571772476), (54.668481428266695, 26.003398644704912), (54.73847948387265, 26.017887262192822), (54.80847753947863, 26.02965608326665), (54.8784755950846, 26.04143809808608), (54.94847365069058, 26.048364814525275), (55.018471706296545, 26.05344252175988), (55.08846976190252, 26.066383701371176), (55.15846781750851, 26.09144050908346), (55.22846587311449, 26.11901920702584), (55.29846392872046, 26.129958706947768), (55.36846198432644, 26.106328708580925), (55.43846003993242, 26.066851136929515), (55.5084580983862, 26.047141190198378), (55.57845615399576, 26.034574541614095), (55.648454209605326, 26.032127153209657), (55.718452265214886, 26.03980262327932), (55.78845032082445, 26.053909358939187), (55.85844837643401, 26.06651322416689), (55.92844643204357, 26.06506566465783), (55.998444487653124, 26.032207309497796), (56.06844254326265, 25.945747049652102)

Record time: 2024-01-09T09:19:53Z
Event time: 2024-01-09T17:35:23.200Z
Status: Underway
Travel distance: 110.79967602591793
Num waypoints: 27
Waypoints: (54.24849309741396, 25.847180757156234), (54.318491153023565, 25.803885281067416), (54.38848920863313, 25.761509083486903), (54.45848726424269, 25.72739525490367), (54.528485319852244, 25.703486874215045), (54.598483375461804, 25.688485128542574), (54.66848143107137, 25.679616332731882), (54.738479486680944, 25.67400784853662), (54.80847754229052, 25.669672903486358), (54.8784755950846, 25.66610430812181), (54.94847365069058, 25.655153499275087), (55.018471706296545, 25.66038010735287), (55.08846976190252, 25.67808799876681), (55.15846781750851, 25.709159269651195), (55.22846587311449, 25.752834337223707), (55.29846392872046, 25.796494326229823), (55.36846198432644, 25.831114714680194), (55.43846003993242, 25.862885254081284), (55.5084580983862, 25.91316749946954), (55.57845615399576, 25.967885326588718), (55.648454209605326, 26.02057345872744), (55.718452265214886, 26.06265184890998), (55.78845032082445, 26.085242648474225), (55.85844837643401, 26.081786526823993), (55.92844643204357, 26.051458343682565), (55.998444487653124, 26.00338217384745), (56.06844254326265, 25.961645684446378)

Record time: 2024-01-09T10:02:14Z
Event time: 2024-01-09T17:58:18.500Z
Status: Underway
Travel distance: 105.68250539956803
Num waypoints: 26
Waypoints: (54.318491153023565, 25.7708498327143), (54.38848920863315, 25.759291231986428), (54.45848726424272, 25.802435785333376), (54.52848531985227, 25.86549252802062), (54.59848337546183, 25.927317540315148), (54.6684814310714, 25.977143217951422), (54.738479486680966, 26.011667920334297), (54.80847754229054, 26.032505996478864), (54.87847559790011, 26.04399818868724), (54.94847365069058, 26.051382412625724), (55.018471706296545, 26.052620739891175), (55.08846976190252, 26.060800862162225), (55.15846781750851, 26.090767628057936), (55.22846587311449, 26.12081355642723), (55.29846392872046, 26.129958706947768), (55.36846198432644, 26.106328708580925), (55.43846003993242, 26.066851136929515), (55.5084580983862, 26.047141190198378), (55.57845615399576, 26.034574541614095), (55.648454209605326, 26.032127153209657), (55.718452265214886, 26.03980262327932), (55.78845032082445, 26.053909358939187), (55.85844837643401, 26.06651322416689), (55.92844643204357, 26.06506566465783), (55.998444487653124, 26.032207309497796), (56.06844254326265, 25.945747049652102)

Record time: 2024-01-09T11:34:27Z
Event time: 2024-01-09T18:14:09.250Z
Status: Underway
Travel distance: 90.07235421166307
Num waypoints: 21
Waypoints: (54.66848143107134, 25.60978017520636), (54.738479486680944, 25.732260251543885), (54.80847754229051, 25.753481243312883), (54.87847559790007, 25.73305849028736), (54.94847365350964, 25.706546652320487), (55.01847170911921, 25.69196552440003), (55.08846976472879, 25.695399085316435), (55.15846782033837, 25.71566777994367), (55.228465875947954, 25.74807403513273), (55.29846392872046, 25.787221007894903), (55.36846198432644, 25.833057964924766), (55.43846003993242, 25.870262442691626), (55.5084580983862, 25.923258955686766), (55.57845615399576, 25.97513117174754), (55.648454209605326, 26.021199082155096), (55.718452265214886, 26.056503723384953), (55.78845032082445, 26.076317964871023), (55.85844837643401, 26.076809777445074), (55.92844643204357, 26.055857983778925), (55.998444487653124, 26.014020490829342), (56.06844254326265, 25.955655004285642)

Record time: 2024-01-09T12:39:56Z
Event time: 2024-01-09T17:57:33.333Z
Status: Underway
Travel distance: 70.89470842332614
Num waypoints: 17
Waypoints: (54.94847365350966, 25.69354541546396), (55.01847170911923, 25.696731705026167), (55.0884697647288, 25.69080597341757), (55.15846782033836, 25.703912944766806), (55.228465875947926, 25.73935395519797), (55.29846393155749, 25.78823707261521), (55.36846198716705, 25.838940926925133), (55.43846004222247, 25.883392250438312), (55.50845809783134, 25.915571940940502), (55.578456153440214, 25.951747693182092), (55.648454209605255, 26.006886676079755), (55.718452265214815, 26.061744989569412), (55.78845032082438, 26.097719549273165), (55.85844837643395, 26.096228945992895), (55.92844643204353, 26.05092060870195), (55.99844448765311, 25.98443703465546), (56.0684425432627, 25.969741086878848)

Record time: 2024-01-09T15:47:46Z
Event time: 2024-01-09T17:56:21.500Z
Status: Underway
Travel distance: 33.94222462203024
Num waypoints: 8
Waypoints: (55.57845615399572, 25.97432905484247), (55.64845420960529, 25.97432905484247), (55.718452265214864, 26.044340723453907), (55.78845032082444, 26.114352392065342), (55.858448376433984, 26.114352392065342), (55.92844643204356, 26.044340723453907), (55.99844448765313, 25.97432905484247), (56.06844254326268, 25.97432905484247)

Record time: 2024-01-09T17:09:36Z
Event time: 2024-01-09T18:12:54.250Z
Status: Underway
Travel distance: 16.986501079913605
Num waypoints: 5
Waypoints: (55.78845032082444, 26.044340723453907), (55.858448376433984, 26.044340723453907), (55.92844643204356, 26.044340723453907), (55.99844448765313, 25.97432905484247), (56.06844254326268, 25.97432905484247)

