Record time: 2023-11-18T18:38:51Z
Event time: 2023-11-22T13:05:57.333Z
Status: Underway
Travel distance: 1138.158747300216
Waypoints: (72.62519051383393, 18.789175868525067), (72.4598201789057, 19.02844992718952), (72.443226554412, 19.185633554008252), (72.46325386262674, 19.329789708635698), (72.45690287448447, 19.494010425971933), (72.39693739766759, 19.68590958773358), (72.28029876038619, 19.896728804806717), (72.11832829085036, 20.109056410381918), (71.92879779243508, 20.303159563871315), (71.72974801085762, 20.461929464557983), (71.54154394571721, 20.585072821665676), (71.36025978904323, 20.653031362515602), (71.18827001923107, 20.66863992355936), (71.0146132686679, 20.651044554062345), (70.82999999636615, 20.630905100570313), (70.64999999637539, 20.640480548140154), (70.46999999638462, 20.702435050761828), (70.28999999639387, 20.825815855709052), (70.1099999964031, 20.974404898641264), (69.92999999641236, 21.149166508539423), (69.74999999642156, 21.317289270679137), (69.56999999643081, 21.505386726585495), (69.38999999644003, 21.70444070423042), (69.20999999644928, 21.8898002411707), (69.02999999645851, 22.04597792321949), (68.84999999646773, 22.172072417761406), (68.66999999647699, 22.289924080159455), (68.48538672417524, 22.372197333621376), (68.31634324592304, 22.4261076849445), (68.13801022668329, 22.46926504124865), (67.94871583983073, 22.50007995577123), (67.75718265906251, 22.560566158487205), (67.57389231043818, 22.6620339199573), (67.40596822914378, 22.800577465514877), (67.25493686557635, 22.94173778318161), (67.11672768534385, 23.116063264394906), (66.98327230777633, 23.27224579231797), (66.84506312754381, 23.42846224136097), (66.6940317639764, 23.57411953035606), (66.526107682682, 23.711403148601804), (66.34281733405767, 23.840284020852565), (66.15128415328947, 23.972111184663273), (65.96198976643689, 24.08501036355101), (65.78365674719713, 24.157107281032836), (65.61461326894494, 24.1954090713122), (65.42999999664319, 24.220748147902633), (65.24999999665243, 24.25962659722087), (65.06999999666169, 24.34725454175804), (64.8899999966709, 24.456281867099065), (64.70999999668014, 24.570634808269666), (64.52999999668937, 24.668099877587593), (64.34999999669861, 24.746525506874185), (64.16999999670784, 24.77142360890548), (63.98999999671708, 24.770914792106474), (63.80999999672631, 24.757758243446496), (63.62999999673554, 24.747887197545808), (63.449999996744786, 24.735646519124032), (63.269999996754, 24.748270021613628), (63.089999996763254, 24.754613271041222), (62.909999996772484, 24.749999998730246), (62.72999999678173, 24.749999998730246), (62.54999999679096, 24.749999998730246), (62.3699999968002, 24.749999998730246), (62.189999996809426, 24.749999998730246), (62.009999996818664, 24.74538672641927), (61.829999996827894, 24.75172997584686), (61.64999999683714, 24.759740206025473), (61.469999996846376, 24.763069321653244), (61.289999996855585, 24.743908734765014), (61.10999999686484, 24.71979081849219), (60.92999999687408, 24.71704320777756), (60.7499999968833, 24.754797414263713), (60.569999996892555, 24.83763278914168), (60.389999996901764, 24.95493686774651), (60.209999996911016, 25.08506312968626), (60.029999996920246, 25.20236720829109), (59.84999999692947, 25.285202583169056), (59.66999999693871, 25.322956789655205), (59.489999996947944, 25.32020917894058), (59.30999999695718, 25.291477990356775), (59.12999999696641, 25.283273925207112), (58.94999999697565, 25.28365674927494), (58.769999996984886, 25.288715842019325), (58.589999996994116, 25.291536140848095), (58.409999997003354, 25.282348363220347), (58.22999999701258, 25.281606944456083), (58.049999997021835, 25.294467894785218), (57.86999999703106, 25.336840219456626), (57.689999997040296, 25.40659173378876), (57.509999997049526, 25.500756762724567), (57.32077345243681, 25.636271636859497), (57.15253729977119, 25.822021429532953), (56.98470555439985, 26.028796147774734), (56.80977416267944, 26.23070538797591), (56.62172190555441, 26.396683351485006), (56.420458914083625, 26.495375910131088), (56.21756030788431, 26.50168205190961), (56.04328495943412, 26.40494970814621), (55.95487938423123, 26.21882596213852), (56.04616675681281, 25.992761639275923)
Associated file(s): api_response_2023-11-18_22-44-53.json

Record time: 2023-11-18T19:02:01Z
Event time: 2023-11-22T11:36:08.800Z
Status: Underway
Travel distance: 1138.158747300216
Waypoints: (72.62519051383393, 18.789175868525067), (72.4598201789057, 19.02844992718952), (72.443226554412, 19.185633554008252), (72.46325386262674, 19.329789708635698), (72.45690287448447, 19.494010425971933), (72.39693739766759, 19.68590958773358), (72.28029876038619, 19.896728804806717), (72.11832829085036, 20.109056410381918), (71.92879779243508, 20.303159563871315), (71.72974801085762, 20.461929464557983), (71.54154394571721, 20.585072821665676), (71.36025978904323, 20.653031362515602), (71.18827001923107, 20.66863992355936), (71.0146132686679, 20.651044554062345), (70.82999999636615, 20.630905100570313), (70.64999999637539, 20.640480548140154), (70.46999999638462, 20.702435050761828), (70.28999999639387, 20.825815855709052), (70.1099999964031, 20.974404898641264), (69.92999999641236, 21.149166508539423), (69.74999999642156, 21.317289270679137), (69.56999999643081, 21.505386726585495), (69.38999999644003, 21.70444070423042), (69.20999999644928, 21.8898002411707), (69.02999999645851, 22.04597792321949), (68.84999999646773, 22.172072417761406), (68.66999999647699, 22.289924080159455), (68.48538672417524, 22.372197333621376), (68.31634324592304, 22.4261076849445), (68.13801022668329, 22.46926504124865), (67.94871583983073, 22.50007995577123), (67.75718265906251, 22.560566158487205), (67.57389231043818, 22.6620339199573), (67.40596822914378, 22.800577465514877), (67.25493686557635, 22.94173778318161), (67.11672768534385, 23.116063264394906), (66.98327230777633, 23.27224579231797), (66.84506312754381, 23.42846224136097), (66.6940317639764, 23.57411953035606), (66.526107682682, 23.711403148601804), (66.34281733405767, 23.840284020852565), (66.15128415328947, 23.972111184663273), (65.96198976643689, 24.08501036355101), (65.78365674719713, 24.157107281032836), (65.61461326894494, 24.1954090713122), (65.42999999664319, 24.220748147902633), (65.24999999665243, 24.25962659722087), (65.06999999666169, 24.34725454175804), (64.8899999966709, 24.456281867099065), (64.70999999668014, 24.570634808269666), (64.52999999668937, 24.668099877587593), (64.34999999669861, 24.746525506874185), (64.16999999670784, 24.77142360890548), (63.98999999671708, 24.770914792106474), (63.80999999672631, 24.757758243446496), (63.62999999673554, 24.747887197545808), (63.449999996744786, 24.735646519124032), (63.269999996754, 24.748270021613628), (63.089999996763254, 24.754613271041222), (62.909999996772484, 24.749999998730246), (62.72999999678173, 24.749999998730246), (62.54999999679096, 24.749999998730246), (62.3699999968002, 24.749999998730246), (62.189999996809426, 24.749999998730246), (62.009999996818664, 24.74538672641927), (61.829999996827894, 24.75172997584686), (61.64999999683714, 24.759740206025473), (61.469999996846376, 24.763069321653244), (61.289999996855585, 24.743908734765014), (61.10999999686484, 24.71979081849219), (60.92999999687408, 24.71704320777756), (60.7499999968833, 24.754797414263713), (60.569999996892555, 24.83763278914168), (60.389999996901764, 24.95493686774651), (60.209999996911016, 25.08506312968626), (60.029999996920246, 25.20236720829109), (59.84999999692947, 25.285202583169056), (59.66999999693871, 25.322956789655205), (59.489999996947944, 25.32020917894058), (59.30999999695718, 25.291477990356775), (59.12999999696641, 25.283273925207112), (58.94999999697565, 25.28365674927494), (58.769999996984886, 25.288715842019325), (58.589999996994116, 25.291536140848095), (58.409999997003354, 25.282348363220347), (58.22999999701258, 25.281606944456083), (58.049999997021835, 25.294467894785218), (57.86999999703106, 25.336840219456626), (57.689999997040296, 25.40659173378876), (57.509999997049526, 25.500756762724567), (57.32077345243681, 25.636271636859497), (57.15253729977119, 25.822021429532953), (56.98470555439985, 26.028796147774734), (56.80977416267944, 26.23070538797591), (56.62172190555441, 26.396683351485006), (56.420458914083625, 26.495375910131088), (56.21756030788431, 26.50168205190961), (56.04328495943412, 26.40494970814621), (55.95487938423123, 26.21882596213852), (56.04616675681281, 25.992761639275923)
Associated file(s): api_response_2023-11-18_23-24-59.json, api_response_2023-11-18_23-04-56.json, api_response_2023-11-18_23-45-03.json, api_response_2023-11-19_00-25-09.json, api_response_2023-11-19_00-05-06.json

Record time: 2023-11-18T20:24:09Z
Event time: 2023-11-22T11:03:11Z
Status: Underway
Travel distance: 1112.8401727861772
Waypoints: (72.43422800083209, 19.167311420844584), (72.48401040149784, 19.363657582691893), (72.46644396040091, 19.52213103439836), (72.38994728276167, 19.69086672622034), (72.26625839767985, 19.88256415276741), (72.10841402856128, 20.087908001811087), (71.92910684173815, 20.286757277989206), (71.73942067328285, 20.457102901406035), (71.54794373401538, 20.581793781128006), (71.36025978904323, 20.653031362515602), (71.18827001923107, 20.66863992355936), (71.0146132686679, 20.651044554062345), (70.82999999636615, 20.630905100570313), (70.64999999637539, 20.640480548140154), (70.46999999638462, 20.702435050761828), (70.28999999639387, 20.825815855709052), (70.1099999964031, 20.974404898641264), (69.92999999641236, 21.149166508539423), (69.74999999642156, 21.317289270679137), (69.56999999643081, 21.505386726585495), (69.38999999644003, 21.70444070423042), (69.20999999644928, 21.8898002411707), (69.02999999645851, 22.04597792321949), (68.84999999646773, 22.172072417761406), (68.66999999647699, 22.289924080159455), (68.48538672417524, 22.372197333621376), (68.31634324592304, 22.4261076849445), (68.13801022668329, 22.46926504124865), (67.94871583983073, 22.50007995577123), (67.75718265906251, 22.560566158487205), (67.57389231043818, 22.6620339199573), (67.40596822914378, 22.800577465514877), (67.25493686557635, 22.94173778318161), (67.11672768534385, 23.116063264394906), (66.98327230777633, 23.27224579231797), (66.84506312754381, 23.42846224136097), (66.6940317639764, 23.57411953035606), (66.526107682682, 23.711403148601804), (66.34281733405767, 23.840284020852565), (66.15128415328947, 23.972111184663273), (65.96198976643689, 24.08501036355101), (65.78365674719713, 24.157107281032836), (65.61461326894494, 24.1954090713122), (65.42999999664319, 24.220748147902633), (65.24999999665243, 24.25962659722087), (65.06999999666169, 24.34725454175804), (64.8899999966709, 24.456281867099065), (64.70999999668014, 24.570634808269666), (64.52999999668937, 24.668099877587593), (64.34999999669861, 24.746525506874185), (64.16999999670784, 24.77142360890548), (63.98999999671708, 24.770914792106474), (63.80999999672631, 24.757758243446496), (63.62999999673554, 24.747887197545808), (63.449999996744786, 24.735646519124032), (63.269999996754, 24.748270021613628), (63.089999996763254, 24.754613271041222), (62.909999996772484, 24.749999998730246), (62.72999999678173, 24.749999998730246), (62.54999999679096, 24.749999998730246), (62.3699999968002, 24.749999998730246), (62.189999996809426, 24.749999998730246), (62.009999996818664, 24.74538672641927), (61.829999996827894, 24.75172997584686), (61.64999999683714, 24.759740206025473), (61.469999996846376, 24.763069321653244), (61.289999996855585, 24.743908734765014), (61.10999999686484, 24.71979081849219), (60.92999999687408, 24.71704320777756), (60.7499999968833, 24.754797414263713), (60.569999996892555, 24.83763278914168), (60.389999996901764, 24.95493686774651), (60.209999996911016, 25.08506312968626), (60.029999996920246, 25.20236720829109), (59.84999999692947, 25.285202583169056), (59.66999999693871, 25.322956789655205), (59.489999996947944, 25.32020917894058), (59.30999999695718, 25.291477990356775), (59.12999999696641, 25.283273925207112), (58.94999999697565, 25.28365674927494), (58.769999996984886, 25.288715842019325), (58.589999996994116, 25.291536140848095), (58.409999997003354, 25.282348363220347), (58.22999999701258, 25.281606944456083), (58.049999997021835, 25.294467894785218), (57.86999999703106, 25.336840219456626), (57.689999997040296, 25.40659173378876), (57.509999997049526, 25.500756762724567), (57.32077345243681, 25.636271636859497), (57.15253729977119, 25.822021429532953), (56.98470555439985, 26.028796147774734), (56.80977416267944, 26.23070538797591), (56.62172190555441, 26.396683351485006), (56.420458914083625, 26.495375910131088), (56.21756030788431, 26.50168205190961), (56.04328495943412, 26.40494970814621), (55.95487938423123, 26.21882596213852), (56.04616675681281, 25.992761639275923)
Associated file(s): api_response_2023-11-19_01-05-17.json, api_response_2023-11-19_01-25-20.json, api_response_2023-11-19_00-45-13.json

Record time: 2023-11-18T21:43:51Z
Event time: 2023-11-22T13:17:07.125Z
Status: Underway
Travel distance: 1103.0761339092874
Waypoints: (72.60947692947786, 19.364031537341358), (72.51598277511961, 19.511116538381515), (72.39784206365717, 19.689322184559273), (72.25664247971707, 19.890654545454538), (72.09636072394426, 20.098060328687325), (71.922176242979, 20.291645105789343), (71.73949914707721, 20.453581698258656), (71.55321231537344, 20.57170872379739), (71.36712768878722, 20.641819302732518), (71.1836567469201, 20.66863992355936), (71.0146132686679, 20.651044554062345), (70.82999999636615, 20.630905100570313), (70.64999999637539, 20.640480548140154), (70.46999999638462, 20.702435050761828), (70.28999999639387, 20.825815855709052), (70.1099999964031, 20.974404898641264), (69.92999999641236, 21.149166508539423), (69.74999999642156, 21.317289270679137), (69.56999999643081, 21.505386726585495), (69.38999999644003, 21.70444070423042), (69.20999999644928, 21.8898002411707), (69.02999999645851, 22.04597792321949), (68.84999999646773, 22.172072417761406), (68.66999999647699, 22.289924080159455), (68.48538672417524, 22.372197333621376), (68.31634324592304, 22.4261076849445), (68.13801022668329, 22.46926504124865), (67.94871583983073, 22.50007995577123), (67.75718265906251, 22.560566158487205), (67.57389231043818, 22.6620339199573), (67.40596822914378, 22.800577465514877), (67.25493686557635, 22.94173778318161), (67.11672768534385, 23.116063264394906), (66.98327230777633, 23.27224579231797), (66.84506312754381, 23.42846224136097), (66.6940317639764, 23.57411953035606), (66.526107682682, 23.711403148601804), (66.34281733405767, 23.840284020852565), (66.15128415328947, 23.972111184663273), (65.96198976643689, 24.08501036355101), (65.78365674719713, 24.157107281032836), (65.61461326894494, 24.1954090713122), (65.42999999664319, 24.220748147902633), (65.24999999665243, 24.25962659722087), (65.06999999666169, 24.34725454175804), (64.8899999966709, 24.456281867099065), (64.70999999668014, 24.570634808269666), (64.52999999668937, 24.668099877587593), (64.34999999669861, 24.746525506874185), (64.16999999670784, 24.77142360890548), (63.98999999671708, 24.770914792106474), (63.80999999672631, 24.757758243446496), (63.62999999673554, 24.747887197545808), (63.449999996744786, 24.735646519124032), (63.269999996754, 24.748270021613628), (63.089999996763254, 24.754613271041222), (62.909999996772484, 24.749999998730246), (62.72999999678173, 24.749999998730246), (62.54999999679096, 24.749999998730246), (62.3699999968002, 24.749999998730246), (62.189999996809426, 24.749999998730246), (62.009999996818664, 24.74538672641927), (61.829999996827894, 24.75172997584686), (61.64999999683714, 24.759740206025473), (61.469999996846376, 24.763069321653244), (61.289999996855585, 24.743908734765014), (61.10999999686484, 24.71979081849219), (60.92999999687408, 24.71704320777756), (60.7499999968833, 24.754797414263713), (60.569999996892555, 24.83763278914168), (60.389999996901764, 24.95493686774651), (60.209999996911016, 25.08506312968626), (60.029999996920246, 25.20236720829109), (59.84999999692947, 25.285202583169056), (59.66999999693871, 25.322956789655205), (59.489999996947944, 25.32020917894058), (59.30999999695718, 25.291477990356775), (59.12999999696641, 25.283273925207112), (58.94999999697565, 25.28365674927494), (58.769999996984886, 25.288715842019325), (58.589999996994116, 25.291536140848095), (58.409999997003354, 25.282348363220347), (58.22999999701258, 25.281606944456083), (58.049999997021835, 25.294467894785218), (57.86999999703106, 25.336840219456626), (57.689999997040296, 25.40659173378876), (57.509999997049526, 25.500756762724567), (57.32077345243681, 25.636271636859497), (57.15253729977119, 25.822021429532953), (56.98470555439985, 26.028796147774734), (56.80977416267944, 26.23070538797591), (56.62172190555441, 26.396683351485006), (56.420458914083625, 26.495375910131088), (56.21756030788431, 26.50168205190961), (56.04328495943412, 26.40494970814621), (55.95487938423123, 26.21882596213852), (56.04616675681281, 25.992761639275923)
Associated file(s): api_response_2023-11-19_01-45-23.json

Record time: 2023-11-18T22:00:16Z
Event time: 2023-11-22T15:49:10.857Z
Status: Underway
Travel distance: 1103.0761339092874
Waypoints: (72.60947692947786, 19.364031537341358), (72.51598277511961, 19.511116538381515), (72.39784206365717, 19.689322184559273), (72.25664247971707, 19.890654545454538), (72.09636072394426, 20.098060328687325), (71.922176242979, 20.291645105789343), (71.73949914707721, 20.453581698258656), (71.55321231537344, 20.57170872379739), (71.36712768878722, 20.641819302732518), (71.1836567469201, 20.66863992355936), (71.0146132686679, 20.651044554062345), (70.82999999636615, 20.630905100570313), (70.64999999637539, 20.640480548140154), (70.46999999638462, 20.702435050761828), (70.28999999639387, 20.825815855709052), (70.1099999964031, 20.974404898641264), (69.92999999641236, 21.149166508539423), (69.74999999642156, 21.317289270679137), (69.56999999643081, 21.505386726585495), (69.38999999644003, 21.70444070423042), (69.20999999644928, 21.8898002411707), (69.02999999645851, 22.04597792321949), (68.84999999646773, 22.172072417761406), (68.66999999647699, 22.289924080159455), (68.48538672417524, 22.372197333621376), (68.31634324592304, 22.4261076849445), (68.13801022668329, 22.46926504124865), (67.94871583983073, 22.50007995577123), (67.75718265906251, 22.560566158487205), (67.57389231043818, 22.6620339199573), (67.40596822914378, 22.800577465514877), (67.25493686557635, 22.94173778318161), (67.11672768534385, 23.116063264394906), (66.98327230777633, 23.27224579231797), (66.84506312754381, 23.42846224136097), (66.6940317639764, 23.57411953035606), (66.526107682682, 23.711403148601804), (66.34281733405767, 23.840284020852565), (66.15128415328947, 23.972111184663273), (65.96198976643689, 24.08501036355101), (65.78365674719713, 24.157107281032836), (65.61461326894494, 24.1954090713122), (65.42999999664319, 24.220748147902633), (65.24999999665243, 24.25962659722087), (65.06999999666169, 24.34725454175804), (64.8899999966709, 24.456281867099065), (64.70999999668014, 24.570634808269666), (64.52999999668937, 24.668099877587593), (64.34999999669861, 24.746525506874185), (64.16999999670784, 24.77142360890548), (63.98999999671708, 24.770914792106474), (63.80999999672631, 24.757758243446496), (63.62999999673554, 24.747887197545808), (63.449999996744786, 24.735646519124032), (63.269999996754, 24.748270021613628), (63.089999996763254, 24.754613271041222), (62.909999996772484, 24.749999998730246), (62.72999999678173, 24.749999998730246), (62.54999999679096, 24.749999998730246), (62.3699999968002, 24.749999998730246), (62.189999996809426, 24.749999998730246), (62.009999996818664, 24.74538672641927), (61.829999996827894, 24.75172997584686), (61.64999999683714, 24.759740206025473), (61.469999996846376, 24.763069321653244), (61.289999996855585, 24.743908734765014), (61.10999999686484, 24.71979081849219), (60.92999999687408, 24.71704320777756), (60.7499999968833, 24.754797414263713), (60.569999996892555, 24.83763278914168), (60.389999996901764, 24.95493686774651), (60.209999996911016, 25.08506312968626), (60.029999996920246, 25.20236720829109), (59.84999999692947, 25.285202583169056), (59.66999999693871, 25.322956789655205), (59.489999996947944, 25.32020917894058), (59.30999999695718, 25.291477990356775), (59.12999999696641, 25.283273925207112), (58.94999999697565, 25.28365674927494), (58.769999996984886, 25.288715842019325), (58.589999996994116, 25.291536140848095), (58.409999997003354, 25.282348363220347), (58.22999999701258, 25.281606944456083), (58.049999997021835, 25.294467894785218), (57.86999999703106, 25.336840219456626), (57.689999997040296, 25.40659173378876), (57.509999997049526, 25.500756762724567), (57.32077345243681, 25.636271636859497), (57.15253729977119, 25.822021429532953), (56.98470555439985, 26.028796147774734), (56.80977416267944, 26.23070538797591), (56.62172190555441, 26.396683351485006), (56.420458914083625, 26.495375910131088), (56.21756030788431, 26.50168205190961), (56.04328495943412, 26.40494970814621), (55.95487938423123, 26.21882596213852), (56.04616675681281, 25.992761639275923)
Associated file(s): api_response_2023-11-19_02-05-26.json
