Record time: 2024-02-08T07:36:13Z
Event time: 2024-02-12T00:21:13Z
Status: Underway
Travel distance: 1172.9168466522679
Waypoints: (66.51, 11.600945704181397), (66.33000000000003, 11.819110047846879), (66.15000000000003, 11.96431314626952), (65.97000000000003, 12.084260429031179), (65.79000000000003, 12.206825585237205), (65.61000000000004, 12.345293799483585), (65.43000000000005, 12.50291202780258), (65.25000000000006, 12.676746313586792), (65.07000000000006, 12.86084614349171), (64.8899999966709, 13.048715842647297), (64.70999999668014, 13.238010229499881), (64.52999999668937, 13.416343248739619), (64.34999999669861, 13.585386726991816), (64.16999999670784, 13.769999999293557), (63.98999999671708, 13.949999999284325), (63.80999999672631, 14.129999999275086), (63.62999999673554, 14.309999999265854), (63.449999996744786, 14.489999999256618), (63.269999996754, 14.669999999247382), (63.089999996763254, 14.849999999238152), (62.909999996772484, 15.029999999228911), (62.72999999678173, 15.209999999219677), (62.54999999679096, 15.389999999210444), (62.3699999968002, 15.569999999201206), (62.189999996809426, 15.749999999191976), (62.009999996818664, 15.929999999182742), (61.829999996827894, 16.109999999173503), (61.64999999683714, 16.289999999164273), (61.4653867245354, 16.469999999155043), (61.2917299739722, 16.64999999914581), (61.119740204160074, 16.829999999136575), (60.938456047486106, 17.009999999127338), (60.7456387100347, 17.189999999118104), (60.549531023949726, 17.36999999910887), (60.36549925656114, 17.549999999099633), (60.210436125595876, 17.729999999090396), (60.097163814388885, 17.90999999908116), (60.030436125605114, 18.089999999071928), (60.00549925657962, 18.269999999062694), (60.00953102397744, 18.449999999053457), (60.025638710071654, 18.62999999904422), (60.038456047532286, 18.809999999034986), (60.0397402042155, 18.989999999025752), (60.03172997403687, 19.169999999016515), (60.025386724609284, 19.349999999007277), (60.02999999692026, 19.52999999899805), (60.02999999692026, 19.709999998988813), (60.02999999692026, 19.88999999897958), (60.02999999692026, 20.069999998970342), (60.03461326923124, 20.249999998961105), (60.01904347518169, 20.429999998951875), (60.028333016169235, 20.60999999894264), (60.03929438378208, 20.7899999989334), (60.0415331776977, 20.969999998924173), (60.03790361786481, 21.149999998914936), (60.01619410110726, 21.32999999890571), (59.991291153201686, 21.509999998896472), (59.97975312654997, 21.689999998887235), (59.98781666134563, 21.869999998878004), (60.00867815010483, 22.049999998868767), (60.025532100837566, 22.22999999885953), (60.01748794953901, 22.409999998850292), (59.96612652808519, 22.589999998841066), (59.86109704902205, 22.769999998831825), (59.70379512414117, 22.94999999882259), (59.50880198913973, 23.129999998813357), (59.303404762067224, 23.30999999880413), (59.12615721866536, 23.489999998794886), (58.94025978968041, 23.669999998785652), (58.76827001986827, 23.84999999877641), (58.59461326930509, 24.029999998767188), (58.409999997003354, 24.209999998757944), (58.2253867247016, 24.389999998748713), (58.05172997413845, 24.569999998739473), (57.88435347663727, 24.74999999873024), (57.6967260705357, 24.929999998721012), (57.495898502905675, 25.11461327102275), (57.30107497350392, 25.2928832938969), (57.12986054357596, 25.45852981428145), (56.98167855408295, 25.63180374077681), (56.88198115493343, 25.835041324538995), (56.802021879856646, 26.042095032978896), (56.71876190359652, 26.235301655673737), (56.607284621691434, 26.39153425763901), (56.45017242012261, 26.485691210122514), (56.24989272996488, 26.495634136492146), (56.044193369962834, 26.408574774532234), (55.92450717703336, 26.2289107551487), (56.05736592469285, 25.98751029748277)
Associated file(s): api_response_2024-02-08_12-26-45.json, api_response_2024-02-08_12-46-48.json, api_response_2024-02-08_13-46-58.json, api_response_2024-02-08_13-26-54.json, api_response_2024-02-08_13-06-51.json, api_response_2024-02-08_12-06-42.json

Record time: 2024-02-08T09:53:03Z
Event time: 2024-02-11T23:49:39.142Z
Status: Underway
Travel distance: 1140.3266738660907
Waypoints: (66.32999999999998, 11.969999999999997), (66.15000000000002, 12.15), (65.97000000000001, 12.329999999999997), (65.79, 12.509999999999994), (65.61, 12.68999999999999), (65.42999999999999, 12.869999999999992), (65.25, 13.049999999999994), (65.07000000000002, 13.229999999999995), (64.89000000000003, 13.409999999999998), (64.70999999668014, 13.589999999302792), (64.52999999668937, 13.769999999293557), (64.34999999669861, 13.949999999284325), (64.16999999670784, 14.129999999275086), (63.98999999671708, 14.309999999265854), (63.80999999672631, 14.489999999256618), (63.62999999673554, 14.669999999247382), (63.449999996744786, 14.849999999238152), (63.269999996754, 15.029999999228911), (63.08538672445228, 15.209999999219677), (62.91634324620007, 15.389999999210444), (62.73801022696034, 15.569999999201206), (62.548715840107754, 15.749999999191976), (62.35718265933956, 15.929999999182742), (62.17389231071523, 16.109999999173503), (62.00596822942084, 16.289999999164273), (61.854936865853404, 16.469999999155043), (61.716727685620896, 16.64999999914581), (61.58327230805338, 16.829999999136575), (61.44044985550989, 17.009999999127338), (61.295761741370036, 17.189999999118104), (61.13584789025429, 17.36999999910887), (60.95127338494674, 17.549999999099633), (60.746922866717895, 17.729999999090396), (60.5415207937711, 17.90999999908116), (60.359156007133535, 18.089999999071928), (60.21504939790685, 18.269999999062694), (60.097163814388885, 18.449999999053457), (60.030436125605114, 18.62999999904422), (60.010112528890595, 18.809999999034986), (59.99857450223887, 18.989999999025752), (60.02397172932063, 19.169999999016515), (60.0477504343941, 19.349999999007277), (60.05127338499294, 19.52999999899805), (60.03502032267044, 19.709999998988813), (60.0133108059129, 19.88999999897958), (60.001031360496924, 20.069999998970342), (59.992822449472975, 20.249999998961105), (59.97249885275845, 20.429999998951875), (59.98654219641097, 20.60999999894264), (60.010325747358735, 20.7899999989334), (60.02945725900132, 20.969999998924173), (60.04119396649836, 21.149999998914936), (60.027727281884694, 21.32999999890571), (60.0005855400635, 21.509999998896472), (59.97808614579895, 21.689999998887235), (59.976860139607055, 21.869999998878004), (60.013291422415804, 22.049999998868767), (60.025532100837566, 22.22999999885953), (60.01748794953901, 22.409999998850292), (59.96612652808519, 22.589999998841066), (59.86109704902205, 22.769999998831825), (59.70379512414117, 22.94999999882259), (59.50880198913973, 23.129999998813357), (59.303404762067224, 23.30999999880413), (59.12615721866536, 23.489999998794886), (58.94025978968041, 23.669999998785652), (58.76827001986827, 23.84999999877641), (58.59461326930509, 24.029999998767188), (58.409999997003354, 24.209999998757944), (58.2253867247016, 24.389999998748713), (58.05172997413845, 24.569999998739473), (57.88435347663727, 24.74999999873024), (57.6967260705357, 24.929999998721012), (57.495898502905675, 25.11461327102275), (57.30107497350392, 25.2928832938969), (57.12986054357596, 25.45852981428145), (56.98167855408295, 25.63180374077681), (56.88198115493343, 25.835041324538995), (56.802021879856646, 26.042095032978896), (56.71876190359652, 26.235301655673737), (56.607284621691434, 26.39153425763901), (56.45017242012261, 26.485691210122514), (56.24989272996488, 26.495634136492146), (56.044193369962834, 26.408574774532234), (55.92450717703336, 26.2289107551487), (56.05736592469285, 25.98751029748277)
Associated file(s): api_response_2024-02-08_15-07-10.json, api_response_2024-02-08_16-07-19.json, api_response_2024-02-08_14-47-07.json, api_response_2024-02-08_15-27-13.json, api_response_2024-02-08_15-47-16.json, api_response_2024-02-08_14-27-04.json, api_response_2024-02-08_16-27-22.json, api_response_2024-02-08_16-47-25.json, api_response_2024-02-08_14-07-01.json

Record time: 2024-02-08T12:57:32Z
Event time: 2024-02-11T23:52:42.750Z
Status: Underway
Travel distance: 1093.914686825054
Waypoints: (65.97000000000003, 12.710523070522154), (65.79000000000003, 12.804017224880383), (65.61000000000003, 12.922157936342835), (65.43000000000002, 13.063357520282922), (65.25000000000001, 13.223639276055755), (65.07000000000002, 13.397823757021014), (64.89000000000003, 13.580500852922823), (64.71000000000005, 13.766787684626587), (64.53000000000006, 13.952872311212815), (64.34999999669861, 14.13634324870268), (64.16999999670784, 14.305386726954877), (63.98999999671708, 14.489999999256618), (63.80999999672631, 14.669999999247382), (63.62999999673554, 14.849999999238152), (63.449999996744786, 15.029999999228911), (63.269999996754, 15.209999999219677), (63.089999996763254, 15.389999999210444), (62.909999996772484, 15.569999999201206), (62.72999999678173, 15.749999999191976), (62.54999999679096, 15.929999999182742), (62.3699999968002, 16.109999999173503), (62.189999996809426, 16.289999999164273), (62.009999996818664, 16.469999999155043), (61.829999996827894, 16.64999999914581), (61.64999999683714, 16.829999999136575), (61.4653867245354, 17.009999999127338), (61.2917299739722, 17.189999999118104), (61.119740204160074, 17.36999999910887), (60.938456047486106, 17.549999999099633), (60.7456387100347, 17.729999999090396), (60.549531023949726, 17.90999999908116), (60.36549925656114, 18.089999999071928), (60.210436125595876, 18.269999999062694), (60.097163814388885, 18.449999999053457), (60.030436125605114, 18.62999999904422), (60.010112528890595, 18.809999999034986), (59.99857450223887, 18.989999999025752), (60.02397172932063, 19.169999999016515), (60.0477504343941, 19.349999999007277), (60.05127338499294, 19.52999999899805), (60.03502032267044, 19.709999998988813), (60.0133108059129, 19.88999999897958), (60.001031360496924, 20.069999998970342), (59.992822449472975, 20.249999998961105), (59.97249885275845, 20.429999998951875), (59.98654219641097, 20.60999999894264), (60.010325747358735, 20.7899999989334), (60.02945725900132, 20.969999998924173), (60.04119396649836, 21.149999998914936), (60.027727281884694, 21.32999999890571), (60.0005855400635, 21.509999998896472), (59.97808614579895, 21.689999998887235), (59.976860139607055, 21.869999998878004), (60.013291422415804, 22.049999998868767), (60.025532100837566, 22.22999999885953), (60.01748794953901, 22.409999998850292), (59.96612652808519, 22.589999998841066), (59.86109704902205, 22.769999998831825), (59.70379512414117, 22.94999999882259), (59.50880198913973, 23.129999998813357), (59.303404762067224, 23.30999999880413), (59.12615721866536, 23.489999998794886), (58.94025978968041, 23.669999998785652), (58.76827001986827, 23.84999999877641), (58.59461326930509, 24.029999998767188), (58.409999997003354, 24.209999998757944), (58.2253867247016, 24.389999998748713), (58.05172997413845, 24.569999998739473), (57.88435347663727, 24.74999999873024), (57.6967260705357, 24.929999998721012), (57.495898502905675, 25.11461327102275), (57.30107497350392, 25.2928832938969), (57.12986054357596, 25.45852981428145), (56.98167855408295, 25.63180374077681), (56.88198115493343, 25.835041324538995), (56.802021879856646, 26.042095032978896), (56.71876190359652, 26.235301655673737), (56.607284621691434, 26.39153425763901), (56.45017242012261, 26.485691210122514), (56.24989272996488, 26.495634136492146), (56.044193369962834, 26.408574774532234), (55.92450717703336, 26.2289107551487), (56.05736592469285, 25.98751029748277)
Associated file(s): api_response_2024-02-08_19-27-50.json, api_response_2024-02-08_18-47-44.json, api_response_2024-02-08_17-27-32.json, api_response_2024-02-08_17-47-35.json, api_response_2024-02-08_20-07-56.json, api_response_2024-02-08_18-07-37.json, api_response_2024-02-08_17-07-29.json, api_response_2024-02-08_19-07-47.json, api_response_2024-02-08_19-47-53.json, api_response_2024-02-08_18-27-41.json

Record time: 2024-02-08T16:10:50Z
Event time: 2024-02-12T00:05:52.428Z
Status: Underway
Travel distance: 1078.2769978401727
Waypoints: (65.60551853546909, 13.232726024547537), (65.4321308924485, 13.403769086748497), (65.26006617310539, 13.589270475654377), (65.07725330461703, 13.7747024804513), (64.88484075918696, 13.955023189221595), (64.6911837932427, 14.130911244630987), (64.50696174451475, 14.305693559637291), (64.34142538699692, 14.482965993220672), (64.19977434378788, 14.66490698613542), (64.08166455452636, 14.85128415592135), (63.989999996717074, 15.042817336689557), (63.898335438907814, 15.226107685313883), (63.789094895098636, 15.394031766608272), (63.65013945022758, 15.545063130175697), (63.478925020299634, 15.683272310408212), (63.28410149089785, 15.816727687975737), (63.08327392326784, 15.954936868208252), (62.89564651716627, 16.105968231775677), (62.7282700196651, 16.273892313070068), (62.554613269101935, 16.4571826616944), (62.3699999968002, 16.648715842462607), (62.189999996809426, 16.842623501626168), (62.009999996818664, 17.009999999127334), (61.829999996827894, 17.17737649662851), (61.64999999683714, 17.371284155792072), (61.4653867245354, 17.562817336560276), (61.2917299739722, 17.746107685184604), (61.119740204160074, 17.914031766478985), (60.94306931979708, 18.06506313004642), (60.74390873291808, 18.203272310278926), (60.53979081665449, 18.336727687846455), (60.35704320594911, 18.474936868078963), (60.21479741244449, 18.625968231646393), (60.113019515020724, 18.793892312940784), (60.052053570751404, 18.97718266156511), (60.02114658461756, 19.168715842333313), (59.95422021498848, 19.358010229185897), (59.84590038729178, 19.536343248425645), (59.67306743535556, 19.705386726677837), (59.48465984349552, 19.88999999897958), (59.303075242616444, 20.069999998970342), (59.19798276718773, 20.249999998961105), (59.173971460148984, 20.429999998951875), (59.23092986639186, 20.60999999894264), (59.32709624140375, 20.7899999989334), (59.43048781496151, 20.969999998924173), (59.54411872086495, 21.149999998914936), (59.63696082612334, 21.32999999890571), (59.71714066189793, 21.509999998896472), (59.80397872892808, 21.689999998887235), (59.90720069688618, 21.869999998878004), (59.99719342807015, 22.049999998868767), (60.04061246158521, 22.22999999885953), (60.04301601522622, 22.409999998850292), (59.97388477280144, 22.589999998841066), (59.85898424783761, 22.769999998831825), (59.689441644534966, 22.94999999882259), (59.507072012023116, 23.129999998813357), (59.3080180343782, 23.30999999880413), (59.12615721866536, 23.489999998794886), (58.94025978968041, 23.669999998785652), (58.76827001986827, 23.84999999877641), (58.59461326930509, 24.029999998767188), (58.409999997003354, 24.209999998757944), (58.2253867247016, 24.389999998748713), (58.05172997413845, 24.569999998739473), (57.88435347663727, 24.74999999873024), (57.6967260705357, 24.929999998721012), (57.495898502905675, 25.11461327102275), (57.30107497350392, 25.2928832938969), (57.12986054357596, 25.45852981428145), (56.98167855408295, 25.63180374077681), (56.88198115493343, 25.835041324538995), (56.802021879856646, 26.042095032978896), (56.71876190359652, 26.235301655673737), (56.607284621691434, 26.39153425763901), (56.45017242012261, 26.485691210122514), (56.24989272996488, 26.495634136492146), (56.044193369962834, 26.408574774532234), (55.92450717703336, 26.2289107551487), (56.05736592469285, 25.98751029748277)
Associated file(s): api_response_2024-02-08_20-27-59.json

Record time: 2024-02-08T16:26:00Z
Event time: 2024-02-12T00:59:55Z
Status: Underway
Travel distance: 1071.874190064795
Waypoints: (65.60551853546909, 13.40367172872894), (65.4321308924485, 13.612879134595394), (65.26006617310539, 13.76358362192392), (65.07725330461703, 13.888962909482498), (64.88484075918696, 14.011848774458816), (64.6911837932427, 14.146205044114586), (64.50696174451475, 14.298605587439885), (64.34142538699692, 14.46971230680748), (64.19977434378788, 14.655753129627145), (64.08166455452636, 14.849999999238149), (63.989999996717074, 15.050827566868174), (63.898335438907814, 15.232450934741474), (63.789094895098636, 15.389418494297296), (63.65013945022758, 15.545063130175697), (63.478925020299634, 15.683272310408212), (63.28410149089785, 15.816727687975737), (63.08327392326784, 15.954936868208252), (62.89564651716627, 16.105968231775677), (62.7282700196651, 16.273892313070068), (62.554613269101935, 16.4571826616944), (62.3699999968002, 16.648715842462607), (62.189999996809426, 16.842623501626168), (62.009999996818664, 17.009999999127334), (61.829999996827894, 17.17737649662851), (61.64999999683714, 17.371284155792072), (61.4653867245354, 17.562817336560276), (61.2917299739722, 17.746107685184604), (61.119740204160074, 17.914031766478985), (60.94306931979708, 18.06506313004642), (60.74390873291808, 18.203272310278926), (60.53979081665449, 18.336727687846455), (60.35704320594911, 18.474936868078963), (60.21479741244449, 18.625968231646393), (60.113019515020724, 18.793892312940784), (60.052053570751404, 18.97718266156511), (60.02114658461756, 19.168715842333313), (59.95422021498848, 19.358010229185897), (59.84590038729178, 19.536343248425645), (59.67306743535556, 19.705386726677837), (59.48465984349552, 19.88999999897958), (59.303075242616444, 20.069999998970342), (59.19798276718773, 20.249999998961105), (59.173971460148984, 20.429999998951875), (59.23092986639186, 20.60999999894264), (59.32709624140375, 20.7899999989334), (59.43048781496151, 20.969999998924173), (59.54411872086495, 21.149999998914936), (59.63696082612334, 21.32999999890571), (59.71714066189793, 21.509999998896472), (59.80397872892808, 21.689999998887235), (59.90720069688618, 21.869999998878004), (59.99719342807015, 22.049999998868767), (60.04061246158521, 22.22999999885953), (60.04301601522622, 22.409999998850292), (59.97388477280144, 22.589999998841066), (59.85898424783761, 22.769999998831825), (59.689441644534966, 22.94999999882259), (59.507072012023116, 23.129999998813357), (59.3080180343782, 23.30999999880413), (59.12615721866536, 23.489999998794886), (58.94025978968041, 23.669999998785652), (58.76827001986827, 23.84999999877641), (58.59461326930509, 24.029999998767188), (58.409999997003354, 24.209999998757944), (58.2253867247016, 24.389999998748713), (58.05172997413845, 24.569999998739473), (57.88435347663727, 24.74999999873024), (57.6967260705357, 24.929999998721012), (57.495898502905675, 25.11461327102275), (57.30107497350392, 25.2928832938969), (57.12986054357596, 25.45852981428145), (56.98167855408295, 25.63180374077681), (56.88198115493343, 25.835041324538995), (56.802021879856646, 26.042095032978896), (56.71876190359652, 26.235301655673737), (56.607284621691434, 26.39153425763901), (56.45017242012261, 26.485691210122514), (56.24989272996488, 26.495634136492146), (56.044193369962834, 26.408574774532234), (55.92450717703336, 26.2289107551487), (56.05736592469285, 25.98751029748277)
Associated file(s): api_response_2024-02-08_21-28-09.json, api_response_2024-02-08_21-08-06.json, api_response_2024-02-08_20-48-02.json

Record time: 2024-02-08T17:25:28Z
Event time: 2024-02-12T00:26:11.833Z
Status: Underway
Travel distance: 1056.3250539956803
Waypoints: (65.41352402745996, 13.592979155398382), (65.27677345537757, 13.775551404202202), (65.08768744110915, 13.899384608230639), (64.88079283887467, 14.0119449870899), (64.67942253331537, 14.139105544610183), (64.49731457800512, 14.29088164563932), (64.3402113339615, 14.466454733905207), (64.20745860815721, 14.658484190947021), (64.09360479203123, 14.85670733611522), (63.989999996717074, 15.050827566868174), (63.898335438907814, 15.232450934741474), (63.789094895098636, 15.389418494297296), (63.65013945022758, 15.545063130175697), (63.478925020299634, 15.683272310408212), (63.28410149089785, 15.816727687975737), (63.08327392326784, 15.954936868208252), (62.89564651716627, 16.105968231775677), (62.7282700196651, 16.273892313070068), (62.554613269101935, 16.4571826616944), (62.3699999968002, 16.648715842462607), (62.189999996809426, 16.842623501626168), (62.009999996818664, 17.009999999127334), (61.829999996827894, 17.17737649662851), (61.64999999683714, 17.371284155792072), (61.4653867245354, 17.562817336560276), (61.2917299739722, 17.746107685184604), (61.119740204160074, 17.914031766478985), (60.94306931979708, 18.06506313004642), (60.74390873291808, 18.203272310278926), (60.53979081665449, 18.336727687846455), (60.35704320594911, 18.474936868078963), (60.21479741244449, 18.625968231646393), (60.113019515020724, 18.793892312940784), (60.052053570751404, 18.97718266156511), (60.02114658461756, 19.168715842333313), (59.95422021498848, 19.358010229185897), (59.84590038729178, 19.536343248425645), (59.67306743535556, 19.705386726677837), (59.48465984349552, 19.88999999897958), (59.303075242616444, 20.069999998970342), (59.19798276718773, 20.249999998961105), (59.173971460148984, 20.429999998951875), (59.23092986639186, 20.60999999894264), (59.32709624140375, 20.7899999989334), (59.43048781496151, 20.969999998924173), (59.54411872086495, 21.149999998914936), (59.63696082612334, 21.32999999890571), (59.71714066189793, 21.509999998896472), (59.80397872892808, 21.689999998887235), (59.90720069688618, 21.869999998878004), (59.99719342807015, 22.049999998868767), (60.04061246158521, 22.22999999885953), (60.04301601522622, 22.409999998850292), (59.97388477280144, 22.589999998841066), (59.85898424783761, 22.769999998831825), (59.689441644534966, 22.94999999882259), (59.507072012023116, 23.129999998813357), (59.3080180343782, 23.30999999880413), (59.12615721866536, 23.489999998794886), (58.94025978968041, 23.669999998785652), (58.76827001986827, 23.84999999877641), (58.59461326930509, 24.029999998767188), (58.409999997003354, 24.209999998757944), (58.2253867247016, 24.389999998748713), (58.05172997413845, 24.569999998739473), (57.88435347663727, 24.74999999873024), (57.6967260705357, 24.929999998721012), (57.495898502905675, 25.11461327102275), (57.30107497350392, 25.2928832938969), (57.12986054357596, 25.45852981428145), (56.98167855408295, 25.63180374077681), (56.88198115493343, 25.835041324538995), (56.802021879856646, 26.042095032978896), (56.71876190359652, 26.235301655673737), (56.607284621691434, 26.39153425763901), (56.45017242012261, 26.485691210122514), (56.24989272996488, 26.495634136492146), (56.044193369962834, 26.408574774532234), (55.92450717703336, 26.2289107551487), (56.05736592469285, 25.98751029748277)
Associated file(s): api_response_2024-02-08_22-48-21.json, api_response_2024-02-08_22-08-15.json, api_response_2024-02-09_00-28-37.json, api_response_2024-02-08_23-28-28.json, api_response_2024-02-09_00-48-40.json, api_response_2024-02-09_00-08-34.json, api_response_2024-02-08_21-48-12.json, api_response_2024-02-08_22-28-18.json, api_response_2024-02-08_23-48-31.json, api_response_2024-02-09_01-08-43.json, api_response_2024-02-08_23-08-24.json

Record time: 2024-02-08T21:11:11Z
Event time: 2024-02-12T00:13:10.166Z
Status: Underway
Travel distance: 991.2899568034558
Waypoints: (65.08098647805284, 14.309999999999995), (64.87800998543791, 14.49), (64.68901163744052, 14.670000000000002), (64.52390455096123, 14.850000000000001), (64.37914242709775, 15.030000000000001), (64.24446258520051, 15.21), (64.10824307688543, 15.39), (63.96147388000343, 15.57), (63.80034217256698, 15.750000000000002), (63.62743168336915, 15.929999999182742), (63.43315089188632, 16.109999999173503), (63.26400565027432, 16.29461327147525), (63.14065392057274, 16.463656749727452), (63.06680279660295, 16.641989768967193), (63.02313177762547, 16.831284155819777), (62.96057638659357, 17.022817336587977), (62.87623394481568, 17.206107685212306), (62.75088086903803, 17.374031766506697), (62.583499525662575, 17.525063130074127), (62.38762444154287, 17.663272310306635), (62.186225060748235, 17.796727687874153), (61.998592808772415, 17.934936868106668), (61.817313497972705, 18.085968231674098), (61.65922654145909, 18.25389231296849), (61.469999996846376, 18.437182661592814), (61.289999996855585, 18.628715842361018), (61.10999999686484, 18.818010229213606), (60.92999999687408, 18.996343248453343), (60.74538672457232, 19.165386726705538), (60.56711670169819, 19.349999999007277), (60.4060834536246, 19.52999999899805), (60.221853005390685, 19.709999998988813), (60.03069780281602, 19.88999999897958), (59.82011064439365, 20.069999998970342), (59.63445066324825, 20.249999998961105), (59.476983978641975, 20.429999998951875), (59.391052090101496, 20.60999999894264), (59.368324939745946, 20.7899999989334), (59.40631659407164, 20.969999998924173), (59.4990860112159, 21.149999998914936), (59.61004199451885, 21.32999999890571), (59.722582578710146, 21.509999998896472), (59.826342438712906, 21.689999998887235), (59.91527392343038, 21.869999998878004), (59.98796688344821, 22.049999998868767), (60.04061246158521, 22.22999999885953), (60.04301601522622, 22.409999998850292), (59.97388477280144, 22.589999998841066), (59.85898424783761, 22.769999998831825), (59.689441644534966, 22.94999999882259), (59.507072012023116, 23.129999998813357), (59.3080180343782, 23.30999999880413), (59.12615721866536, 23.489999998794886), (58.94025978968041, 23.669999998785652), (58.76827001986827, 23.84999999877641), (58.59461326930509, 24.029999998767188), (58.409999997003354, 24.209999998757944), (58.2253867247016, 24.389999998748713), (58.05172997413845, 24.569999998739473), (57.88435347663727, 24.74999999873024), (57.6967260705357, 24.929999998721012), (57.495898502905675, 25.11461327102275), (57.30107497350392, 25.2928832938969), (57.12986054357596, 25.45852981428145), (56.98167855408295, 25.63180374077681), (56.88198115493343, 25.835041324538995), (56.802021879856646, 26.042095032978896), (56.71876190359652, 26.235301655673737), (56.607284621691434, 26.39153425763901), (56.45017242012261, 26.485691210122514), (56.24989272996488, 26.495634136492146), (56.044193369962834, 26.408574774532234), (55.92450717703336, 26.2289107551487), (56.05736592469285, 25.98751029748277)
Associated file(s): api_response_2024-02-09_03-49-09.json, api_response_2024-02-09_04-29-15.json, api_response_2024-02-09_02-08-53.json, api_response_2024-02-09_02-28-56.json, api_response_2024-02-09_04-09-12.json, api_response_2024-02-09_03-29-06.json, api_response_2024-02-09_03-09-03.json, api_response_2024-02-09_01-48-50.json, api_response_2024-02-09_01-28-46.json, api_response_2024-02-09_02-48-59.json

Record time: 2024-02-09T00:21:41Z
Event time: 2024-02-12T00:06:00.666Z
Status: Underway
Travel distance: 942.0890928725702
Waypoints: (64.71289977116707, 15.036951362596215), (64.51844485125862, 15.197323985853963), (64.35411188585277, 15.385140116741516), (64.18441938349713, 15.57635012175871), (63.99872580428053, 15.760695725596252), (63.80176265984656, 15.936856383460396), (63.605788073765, 16.108402006877228), (63.42436080226145, 16.28055204297655), (63.26773471530493, 16.457740907255356), (63.139873734814294, 16.641989768967193), (63.043455374340006, 16.831284155819777), (62.95654461919574, 17.022817336587977), (62.860126258721465, 17.206107685212306), (62.73806353157738, 17.374031766506697), (62.58221536897938, 17.525063130074127), (62.39563467172148, 17.663272310306635), (62.19256831017582, 17.796727687874153), (61.99397953646144, 17.934936868106668), (61.817313497972705, 18.085968231674098), (61.65922654145909, 18.25389231296849), (61.469999996846376, 18.437182661592814), (61.289999996855585, 18.628715842361018), (61.10999999686484, 18.818010229213606), (60.92999999687408, 18.996343248453343), (60.74538672457232, 19.165386726705538), (60.56711670169819, 19.349999999007277), (60.4060834536246, 19.52999999899805), (60.221853005390685, 19.709999998988813), (60.03069780281602, 19.88999999897958), (59.82011064439365, 20.069999998970342), (59.63445066324825, 20.249999998961105), (59.476983978641975, 20.429999998951875), (59.391052090101496, 20.60999999894264), (59.368324939745946, 20.7899999989334), (59.40631659407164, 20.969999998924173), (59.4990860112159, 21.149999998914936), (59.61004199451885, 21.32999999890571), (59.722582578710146, 21.509999998896472), (59.826342438712906, 21.689999998887235), (59.91527392343038, 21.869999998878004), (59.98796688344821, 22.049999998868767), (60.04061246158521, 22.22999999885953), (60.04301601522622, 22.409999998850292), (59.97388477280144, 22.589999998841066), (59.85898424783761, 22.769999998831825), (59.689441644534966, 22.94999999882259), (59.507072012023116, 23.129999998813357), (59.3080180343782, 23.30999999880413), (59.12615721866536, 23.489999998794886), (58.94025978968041, 23.669999998785652), (58.76827001986827, 23.84999999877641), (58.59461326930509, 24.029999998767188), (58.409999997003354, 24.209999998757944), (58.2253867247016, 24.389999998748713), (58.05172997413845, 24.569999998739473), (57.88435347663727, 24.74999999873024), (57.6967260705357, 24.929999998721012), (57.495898502905675, 25.11461327102275), (57.30107497350392, 25.2928832938969), (57.12986054357596, 25.45852981428145), (56.98167855408295, 25.63180374077681), (56.88198115493343, 25.835041324538995), (56.802021879856646, 26.042095032978896), (56.71876190359652, 26.235301655673737), (56.607284621691434, 26.39153425763901), (56.45017242012261, 26.485691210122514), (56.24989272996488, 26.495634136492146), (56.044193369962834, 26.408574774532234), (55.92450717703336, 26.2289107551487), (56.05736592469285, 25.98751029748277)
Associated file(s): api_response_2024-02-09_08-09-52.json, api_response_2024-02-09_07-09-42.json, api_response_2024-02-09_04-49-18.json, api_response_2024-02-09_06-09-31.json, api_response_2024-02-09_09-10-01.json, api_response_2024-02-09_10-30-13.json, api_response_2024-02-09_09-30-04.json, api_response_2024-02-09_06-29-34.json, api_response_2024-02-09_06-49-38.json, api_response_2024-02-09_10-10-10.json, api_response_2024-02-09_08-49-58.json, api_response_2024-02-09_05-09-21.json, api_response_2024-02-09_11-10-20.json, api_response_2024-02-09_07-49-49.json, api_response_2024-02-09_09-50-07.json, api_response_2024-02-09_05-29-25.json, api_response_2024-02-09_07-29-45.json, api_response_2024-02-09_11-30-23.json, api_response_2024-02-09_08-29-55.json, api_response_2024-02-09_05-49-28.json, api_response_2024-02-09_10-50-16.json

Record time: 2024-02-09T07:31:35Z
Event time: 2024-02-11T22:58:35Z
Status: Underway
Travel distance: 844.3029157667387
Waypoints: (63.989999999999995, 16.29), (63.810000000000024, 16.470000000000002), (63.63000000000002, 16.650000000000006), (63.45, 16.830000000000005), (63.26999999999999, 17.010000000000005), (63.08999999999999, 17.19000000000001), (62.91, 17.370000000000008), (62.73000000000001, 17.55000000000001), (62.550000000000026, 17.730000000000015), (62.3699999968002, 17.90999999908116), (62.189999996809426, 18.089999999071928), (62.009999996818664, 18.269999999062694), (61.829999996827894, 18.449999999053457), (61.64999999683714, 18.62999999904422), (61.469999996846376, 18.809999999034986), (61.289999996855585, 18.989999999025752), (61.10999999686484, 19.169999999016515), (60.925386724563104, 19.349999999007277), (60.75172997399993, 19.52999999899805), (60.57512693187681, 19.709999998988813), (60.404799296941405, 19.88999999897958), (60.20903566793005, 20.069999998970342), (60.01459011672181, 20.249999998961105), (59.816078876995824, 20.429999998951875), (59.659387532273755, 20.60999999894264), (59.548324939736716, 20.7899999989334), (59.49798115188091, 20.969999998924173), (59.51999111284357, 21.149999998914936), (59.58990254102682, 21.32999999890571), (59.6936575551553, 21.509999998896472), (59.81224094456906, 21.689999998887235), (59.921999996925805, 21.869999998878004), (60.00232036305441, 22.049999998868767), (60.04234243870184, 22.22999999885953), (60.038402742915245, 22.409999998850292), (59.97388477280144, 22.589999998841066), (59.85898424783761, 22.769999998831825), (59.689441644534966, 22.94999999882259), (59.507072012023116, 23.129999998813357), (59.3080180343782, 23.30999999880413), (59.12615721866536, 23.489999998794886), (58.94025978968041, 23.669999998785652), (58.76827001986827, 23.84999999877641), (58.59461326930509, 24.029999998767188), (58.409999997003354, 24.209999998757944), (58.2253867247016, 24.389999998748713), (58.05172997413845, 24.569999998739473), (57.88435347663727, 24.74999999873024), (57.6967260705357, 24.929999998721012), (57.495898502905675, 25.11461327102275), (57.30107497350392, 25.2928832938969), (57.12986054357596, 25.45852981428145), (56.98167855408295, 25.63180374077681), (56.88198115493343, 25.835041324538995), (56.802021879856646, 26.042095032978896), (56.71876190359652, 26.235301655673737), (56.607284621691434, 26.39153425763901), (56.45017242012261, 26.485691210122514), (56.24989272996488, 26.495634136492146), (56.044193369962834, 26.408574774532234), (55.92450717703336, 26.2289107551487), (56.05736592469285, 25.98751029748277)
Associated file(s): api_response_2024-02-09_14-10-48.json, api_response_2024-02-09_11-50-26.json, api_response_2024-02-09_13-10-39.json, api_response_2024-02-09_12-30-32.json, api_response_2024-02-09_14-30-51.json, api_response_2024-02-09_13-30-42.json, api_response_2024-02-09_13-50-45.json, api_response_2024-02-09_12-50-36.json, api_response_2024-02-09_12-10-29.json

Record time: 2024-02-09T10:40:47Z
Event time: 2024-02-11T22:59:36.333Z
Status: Underway
Travel distance: 789.4983801295896
Waypoints: (63.63000000000002, 17.01000000000001), (63.45000000000002, 17.190000000000012), (63.27000000000001, 17.37000000000001), (63.09, 17.55000000000001), (62.910000000000004, 17.730000000000015), (62.73, 17.910000000000014), (62.55, 18.090000000000014), (62.37, 18.270000000000014), (62.190000000000005, 18.450000000000017), (62.009999996818664, 18.62999999904422), (61.829999996827894, 18.809999999034986), (61.64999999683714, 18.989999999025752), (61.469999996846376, 19.169999999016515), (61.289999996855585, 19.349999999007277), (61.10999999686484, 19.52999999899805), (60.92077345225213, 19.709999998988813), (60.758073223427516, 19.88999999897958), (60.58313716205542, 20.069999998970342), (60.4035151402582, 20.249999998961105), (60.1962183304694, 20.429999998951875), (59.99848243062762, 20.60999999894264), (59.816660381908974, 20.7899999989334), (59.67798115187168, 20.969999998924173), (59.611655670652844, 21.149999998914936), (59.61080764265449, 21.32999999890571), (59.67351810166326, 21.509999998896472), (59.783315921014214, 21.689999998887235), (59.90789850278196, 21.869999998878004), (60.00904643654982, 22.049999998868767), (60.05669591830804, 22.22999999885953), (60.040132720031856, 22.409999998850292), (59.969271500490464, 22.589999998841066), (59.85898424783761, 22.769999998831825), (59.689441644534966, 22.94999999882259), (59.507072012023116, 23.129999998813357), (59.3080180343782, 23.30999999880413), (59.12615721866536, 23.489999998794886), (58.94025978968041, 23.669999998785652), (58.76827001986827, 23.84999999877641), (58.59461326930509, 24.029999998767188), (58.409999997003354, 24.209999998757944), (58.2253867247016, 24.389999998748713), (58.05172997413845, 24.569999998739473), (57.88435347663727, 24.74999999873024), (57.6967260705357, 24.929999998721012), (57.495898502905675, 25.11461327102275), (57.30107497350392, 25.2928832938969), (57.12986054357596, 25.45852981428145), (56.98167855408295, 25.63180374077681), (56.88198115493343, 25.835041324538995), (56.802021879856646, 26.042095032978896), (56.71876190359652, 26.235301655673737), (56.607284621691434, 26.39153425763901), (56.45017242012261, 26.485691210122514), (56.24989272996488, 26.495634136492146), (56.044193369962834, 26.408574774532234), (55.92450717703336, 26.2289107551487), (56.05736592469285, 25.98751029748277)
Associated file(s): api_response_2024-02-09_15-51-03.json, api_response_2024-02-09_15-10-57.json, api_response_2024-02-09_16-51-11.json, api_response_2024-02-09_16-11-06.json, api_response_2024-02-09_15-31-00.json, api_response_2024-02-09_14-50-54.json, api_response_2024-02-09_17-11-14.json, api_response_2024-02-09_17-51-20.json, api_response_2024-02-09_17-31-17.json, api_response_2024-02-09_16-31-08.json

Record time: 2024-02-09T13:44:18Z
Event time: 2024-02-11T22:04:24Z
Status: Underway
Travel distance: 745.6004319654428
Waypoints: (63.26999999999998, 17.549999999999997), (63.090000000000025, 17.730000000000004), (62.910000000000025, 17.910000000000004), (62.73000000000002, 18.09), (62.55000000000002, 18.27), (62.37000000000002, 18.450000000000003), (62.190000000000026, 18.630000000000003), (62.01000000000003, 18.810000000000006), (61.83000000000004, 18.99000000000001), (61.64999999683714, 19.169999999016515), (61.469999996846376, 19.349999999007277), (61.289999996855585, 19.52999999899805), (61.10538672455387, 19.709999998988813), (60.9317299739907, 19.88999999897958), (60.755126931867565, 20.069999998970342), (60.584799296932175, 20.249999998961105), (60.38903566792081, 20.429999998951875), (60.19459011671259, 20.60999999894264), (60.00069214929758, 20.7899999989334), (59.83304428283694, 20.969999998924173), (59.72492798185985, 21.149999998914936), (59.67753533143826, 21.32999999890571), (59.69845497068877, 21.509999998896472), (59.77928415361638, 21.689999998887235), (59.891790816687745, 21.869999998878004), (59.99622909908918, 22.049999998868767), (60.05541176162484, 22.22999999885953), (60.04814295021047, 22.409999998850292), (59.97561474991806, 22.589999998841066), (59.854370975526635, 22.769999998831825), (59.689441644534966, 22.94999999882259), (59.507072012023116, 23.129999998813357), (59.3080180343782, 23.30999999880413), (59.12615721866536, 23.489999998794886), (58.94025978968041, 23.669999998785652), (58.76827001986827, 23.84999999877641), (58.59461326930509, 24.029999998767188), (58.409999997003354, 24.209999998757944), (58.2253867247016, 24.389999998748713), (58.05172997413845, 24.569999998739473), (57.88435347663727, 24.74999999873024), (57.6967260705357, 24.929999998721012), (57.495898502905675, 25.11461327102275), (57.30107497350392, 25.2928832938969), (57.12986054357596, 25.45852981428145), (56.98167855408295, 25.63180374077681), (56.88198115493343, 25.835041324538995), (56.802021879856646, 26.042095032978896), (56.71876190359652, 26.235301655673737), (56.607284621691434, 26.39153425763901), (56.45017242012261, 26.485691210122514), (56.24989272996488, 26.495634136492146), (56.044193369962834, 26.408574774532234), (55.92450717703336, 26.2289107551487), (56.05736592469285, 25.98751029748277)
Associated file(s): api_response_2024-02-09_18-51-29.json, api_response_2024-02-09_18-31-26.json, api_response_2024-02-09_18-11-23.json

Record time: 2024-02-09T14:53:44Z
Event time: 2024-02-11T21:26:31.200Z
Status: Underway
Travel distance: 723.2041036717062
Waypoints: (63.09, 17.917165550239236), (62.91000000000003, 18.089532681506135), (62.73000000000003, 18.2147556235392), (62.55000000000002, 18.33291504301325), (62.37000000000001, 18.46487286922258), (62.19000000000001, 18.6179012616405), (62.01000000000001, 18.790505223999318), (61.83000000000003, 18.976438864890664), (61.650000000000034, 19.16791530488626), (61.469999996846376, 19.358010229185897), (61.289999996855585, 19.536343248425645), (61.10538672455387, 19.705386726677837), (60.9317299739907, 19.88999999897958), (60.755126931867565, 20.069999998970342), (60.584799296932175, 20.249999998961105), (60.38903566792081, 20.429999998951875), (60.19459011671259, 20.60999999894264), (60.00069214929758, 20.7899999989334), (59.83304428283694, 20.969999998924173), (59.72492798185985, 21.149999998914936), (59.67753533143826, 21.32999999890571), (59.69845497068877, 21.509999998896472), (59.77928415361638, 21.689999998887235), (59.891790816687745, 21.869999998878004), (59.99622909908918, 22.049999998868767), (60.05541176162484, 22.22999999885953), (60.04814295021047, 22.409999998850292), (59.97561474991806, 22.589999998841066), (59.854370975526635, 22.769999998831825), (59.689441644534966, 22.94999999882259), (59.507072012023116, 23.129999998813357), (59.3080180343782, 23.30999999880413), (59.12615721866536, 23.489999998794886), (58.94025978968041, 23.669999998785652), (58.76827001986827, 23.84999999877641), (58.59461326930509, 24.029999998767188), (58.409999997003354, 24.209999998757944), (58.2253867247016, 24.389999998748713), (58.05172997413845, 24.569999998739473), (57.88435347663727, 24.74999999873024), (57.6967260705357, 24.929999998721012), (57.495898502905675, 25.11461327102275), (57.30107497350392, 25.2928832938969), (57.12986054357596, 25.45852981428145), (56.98167855408295, 25.63180374077681), (56.88198115493343, 25.835041324538995), (56.802021879856646, 26.042095032978896), (56.71876190359652, 26.235301655673737), (56.607284621691434, 26.39153425763901), (56.45017242012261, 26.485691210122514), (56.24989272996488, 26.495634136492146), (56.044193369962834, 26.408574774532234), (55.92450717703336, 26.2289107551487), (56.05736592469285, 25.98751029748277)
Associated file(s): api_response_2024-02-09_19-11-32.json, api_response_2024-02-09_22-52-08.json, api_response_2024-02-09_20-51-49.json, api_response_2024-02-09_21-11-52.json, api_response_2024-02-09_22-32-05.json, api_response_2024-02-09_20-11-42.json, api_response_2024-02-09_22-12-02.json, api_response_2024-02-09_19-51-39.json, api_response_2024-02-09_21-31-55.json, api_response_2024-02-09_20-31-46.json, api_response_2024-02-09_19-31-35.json, api_response_2024-02-09_21-51-58.json

Record time: 2024-02-09T18:49:36Z
Event time: 2024-02-11T21:10:08.333Z
Status: Underway
Travel distance: 660.8309935205184
Waypoints: (62.73081780736424, 18.629999999999992), (62.547773746619534, 18.81), (62.37018173496986, 18.99), (62.19200557520285, 19.17), (62.01157520282922, 19.35), (61.829626045350544, 19.53), (61.647766756813, 19.71), (61.467375327647204, 19.89), (61.28892356979408, 20.07), (61.111729973981454, 20.249999998961105), (60.93512693185833, 20.429999998951875), (60.76479929692293, 20.60999999894264), (60.573648940222554, 20.7899999989334), (60.368246867275765, 20.969999998924173), (60.17729519142071, 21.149999998914936), (60.01259846239428, 21.32999999890571), (59.90339183970504, 21.509999998896472), (59.86691694402783, 21.689999998887235), (59.89658823222122, 21.869999998878004), (59.963272308136496, 22.049999998868767), (60.02520258138678, 22.22999999885953), (60.04205168624525, 22.409999998850292), (59.98868407284107, 22.589999998841066), (59.86411118282187, 22.769999998831825), (59.69117162165158, 22.94999999882259), (59.50245873971214, 23.129999998813357), (59.3080180343782, 23.30999999880413), (59.12615721866536, 23.489999998794886), (58.94025978968041, 23.669999998785652), (58.76827001986827, 23.84999999877641), (58.59461326930509, 24.029999998767188), (58.409999997003354, 24.209999998757944), (58.2253867247016, 24.389999998748713), (58.05172997413845, 24.569999998739473), (57.88435347663727, 24.74999999873024), (57.6967260705357, 24.929999998721012), (57.495898502905675, 25.11461327102275), (57.30107497350392, 25.2928832938969), (57.12986054357596, 25.45852981428145), (56.98167855408295, 25.63180374077681), (56.88198115493343, 25.835041324538995), (56.802021879856646, 26.042095032978896), (56.71876190359652, 26.235301655673737), (56.607284621691434, 26.39153425763901), (56.45017242012261, 26.485691210122514), (56.24989272996488, 26.495634136492146), (56.044193369962834, 26.408574774532234), (55.92450717703336, 26.2289107551487), (56.05736592469285, 25.98751029748277)
Associated file(s): api_response_2024-02-10_01-52-34.json, api_response_2024-02-09_23-52-17.json, api_response_2024-02-10_02-32-41.json, api_response_2024-02-10_03-32-51.json, api_response_2024-02-10_00-12-20.json, api_response_2024-02-09_23-32-14.json, api_response_2024-02-09_23-12-11.json, api_response_2024-02-10_01-12-28.json, api_response_2024-02-10_02-52-44.json, api_response_2024-02-10_03-12-48.json, api_response_2024-02-10_00-32-23.json, api_response_2024-02-10_01-32-31.json, api_response_2024-02-10_00-52-25.json, api_response_2024-02-10_02-12-37.json

Record time: 2024-02-09T23:33:36Z
Event time: 2024-02-11T20:28:55Z
Status: Underway
Travel distance: 584.8207343412527
Waypoints: (62.17352702309131, 19.529999999999983), (62.0295799459122, 19.709999999999987), (61.88952146257295, 19.88999999999999), (61.75478264785421, 20.069999999999993), (61.61983832401276, 20.249999999999993), (61.47668852531234, 20.429999999999993), (61.31833832034166, 20.609999999999992), (61.14127599211934, 20.789999999999996), (60.94694957598601, 20.969999999999995), (60.74224175216705, 21.149999998914936), (60.541457797405506, 21.32999999890571), (60.360372321576875, 21.509999998896472), (60.20198007498385, 21.689999998887235), (60.101525101237485, 21.869999998878004), (60.05090509854794, 22.049999998868767), (60.02999999692025, 22.22999999885953), (60.00909489529257, 22.409999998850292), (59.958474892603014, 22.589999998841066), (59.85801991885664, 22.769999998831825), (59.704240944574586, 22.94999999882259), (59.51219894700738, 23.129999998813357), (59.30974801149481, 23.30999999880413), (59.121543946354386, 23.489999998794886), (58.94025978968041, 23.669999998785652), (58.76827001986827, 23.84999999877641), (58.59461326930509, 24.029999998767188), (58.409999997003354, 24.209999998757944), (58.2253867247016, 24.389999998748713), (58.05172997413845, 24.569999998739473), (57.88435347663727, 24.74999999873024), (57.6967260705357, 24.929999998721012), (57.495898502905675, 25.11461327102275), (57.30107497350392, 25.2928832938969), (57.12986054357596, 25.45852981428145), (56.98167855408295, 25.63180374077681), (56.88198115493343, 25.835041324538995), (56.802021879856646, 26.042095032978896), (56.71876190359652, 26.235301655673737), (56.607284621691434, 26.39153425763901), (56.45017242012261, 26.485691210122514), (56.24989272996488, 26.495634136492146), (56.044193369962834, 26.408574774532234), (55.92450717703336, 26.2289107551487), (56.05736592469285, 25.98751029748277)
Associated file(s): api_response_2024-02-10_03-52-54.json

Record time: 2024-02-09T23:48:48Z
Event time: 2024-02-11T18:35:12Z
Status: Underway
Travel distance: 577.1074514038877
Waypoints: (62.192983648845455, 19.709999999999972), (62.007919034740986, 19.889999999999993), (61.824137255717744, 20.07), (61.646832648466074, 20.25), (61.473746595039096, 20.429999999999996), (61.29964171857219, 20.609999999999996), (61.11974293860669, 20.79), (60.93214538601794, 20.970000000000006), (60.739189177547445, 21.15000000000001), (60.54780104683311, 21.32999999890571), (60.3557590492659, 21.509999998896472), (60.20198007498385, 21.689999998887235), (60.101525101237485, 21.869999998878004), (60.05090509854794, 22.049999998868767), (60.02999999692025, 22.22999999885953), (60.00909489529257, 22.409999998850292), (59.958474892603014, 22.589999998841066), (59.85801991885664, 22.769999998831825), (59.704240944574586, 22.94999999882259), (59.51219894700738, 23.129999998813357), (59.30974801149481, 23.30999999880413), (59.121543946354386, 23.489999998794886), (58.94025978968041, 23.669999998785652), (58.76827001986827, 23.84999999877641), (58.59461326930509, 24.029999998767188), (58.409999997003354, 24.209999998757944), (58.2253867247016, 24.389999998748713), (58.05172997413845, 24.569999998739473), (57.88435347663727, 24.74999999873024), (57.6967260705357, 24.929999998721012), (57.495898502905675, 25.11461327102275), (57.30107497350392, 25.2928832938969), (57.12986054357596, 25.45852981428145), (56.98167855408295, 25.63180374077681), (56.88198115493343, 25.835041324538995), (56.802021879856646, 26.042095032978896), (56.71876190359652, 26.235301655673737), (56.607284621691434, 26.39153425763901), (56.45017242012261, 26.485691210122514), (56.24989272996488, 26.495634136492146), (56.044193369962834, 26.408574774532234), (55.92450717703336, 26.2289107551487), (56.05736592469285, 25.98751029748277)
Associated file(s): api_response_2024-02-10_06-33-18.json, api_response_2024-02-10_04-53-03.json, api_response_2024-02-10_04-12-57.json, api_response_2024-02-10_05-33-09.json, api_response_2024-02-10_04-33-00.json, api_response_2024-02-10_06-13-15.json, api_response_2024-02-10_05-53-12.json, api_response_2024-02-10_05-13-06.json

Record time: 2024-02-10T02:50:55Z
Event time: 2024-02-11T18:30:59.444Z
Status: Underway
Travel distance: 537.0151187904968
Waypoints: (61.84727730393172, 20.250000000000004), (61.61429457041814, 20.430000000000003), (61.46111898089795, 20.610000000000003), (61.31374852849396, 20.790000000000006), (61.14150332236074, 20.970000000000006), (60.942398316181034, 21.15000000000001), (60.730800866383575, 21.330000000000013), (60.527373120082245, 21.510000000000012), (60.3512992327366, 21.690000000000015), (60.21479741244449, 21.869999998878004), (60.1176327873317, 22.049999998868767), (60.05493686594576, 22.22999999885953), (60.005063127894736, 22.409999998850292), (59.94236720650881, 22.589999998841066), (59.845202581395995, 22.769999998831825), (59.70295678789138, 22.94999999882259), (59.52020917718599, 23.129999998813357), (59.31609126092241, 23.30999999880413), (59.11693067404341, 23.489999998794886), (58.94025978968041, 23.669999998785652), (58.76827001986827, 23.84999999877641), (58.59461326930509, 24.029999998767188), (58.409999997003354, 24.209999998757944), (58.2253867247016, 24.389999998748713), (58.05172997413845, 24.569999998739473), (57.88435347663727, 24.74999999873024), (57.6967260705357, 24.929999998721012), (57.495898502905675, 25.11461327102275), (57.30107497350392, 25.2928832938969), (57.12986054357596, 25.45852981428145), (56.98167855408295, 25.63180374077681), (56.88198115493343, 25.835041324538995), (56.802021879856646, 26.042095032978896), (56.71876190359652, 26.235301655673737), (56.607284621691434, 26.39153425763901), (56.45017242012261, 26.485691210122514), (56.24989272996488, 26.495634136492146), (56.044193369962834, 26.408574774532234), (55.92450717703336, 26.2289107551487), (56.05736592469285, 25.98751029748277)
Associated file(s): api_response_2024-02-10_07-33-27.json, api_response_2024-02-10_09-33-45.json, api_response_2024-02-10_08-13-33.json, api_response_2024-02-10_08-33-36.json, api_response_2024-02-10_07-13-24.json, api_response_2024-02-10_09-53-48.json, api_response_2024-02-10_07-53-30.json, api_response_2024-02-10_06-53-21.json, api_response_2024-02-10_10-13-52.json, api_response_2024-02-10_08-53-39.json, api_response_2024-02-10_09-13-42.json

Record time: 2024-02-10T06:08:03Z
Event time: 2024-02-11T18:39:58.571Z
Status: Underway
Travel distance: 490.56641468682506
Waypoints: (61.38829476958975, 20.933488914819133), (61.318296713980196, 21.00350058343057), (61.24829865837062, 21.073512252042), (61.17830060276105, 21.143523920653436), (61.108302547151474, 21.21353558926487), (61.03830449154191, 21.283547257876307), (60.96830643593235, 21.353558926487747), (60.89830838032278, 21.423570595099186), (60.82831032471322, 21.493582263710625), (60.758312265986525, 21.56359393121577), (60.68831421038055, 21.63360559982361), (60.618316154774575, 21.703617268431458), (60.546524098658786, 21.7736289370393), (60.47899279375381, 21.843640605647145), (60.41210974113388, 21.91365227425499), (60.343406305643704, 21.983663942862833), (60.265957117668194, 22.05367561147068), (60.18658013292638, 22.123687280078524), (60.115513591722646, 22.193698948686357), (60.06019731970063, 22.263710617294205), (60.02241212618993, 22.33372228590205), (59.99803105623621, 22.403733954509892), (59.97863625240539, 22.473745623117733), (59.95425518245168, 22.54375729172557), (59.91646998894097, 22.61376896033342), (59.86115371691896, 22.68378062894126), (59.79008717571522, 22.753792297549108), (59.710710190973394, 22.823803966156948), (59.633261002997905, 22.89381563476479), (59.56455756750772, 22.96382730337264), (59.4976745148878, 23.033838971980483), (59.430143209982816, 23.10385064058832), (59.35835115386701, 23.17386230919617), (59.288353098261055, 23.243873977804007), (59.21835504265506, 23.313885646411855), (59.14835698704909, 23.383897315019702), (59.07835893144311, 23.453908983627542), (59.008360875837134, 23.52392065223539), (58.938362820231184, 23.59393232084323), (58.868364764625184, 23.663943989451074), (58.79836670901922, 23.733955658058914), (58.728368653413256, 23.803967326666754), (58.65837059780727, 23.873978995274598), (58.5883725422013, 23.943990663882442), (58.51837448659532, 24.01400233249029), (58.44837643098934, 24.08401400109813), (58.37837837538336, 24.15402566970597), (58.3083803197774, 24.224037338313817), (58.23838226417141, 24.294049006921664), (58.168384208565456, 24.36406067552951), (58.09838615295947, 24.43407234413735), (58.02838809735349, 24.50408401274519), (57.958390041747506, 24.57409568135304), (57.88839198614154, 24.64410734996088), (57.81839393053556, 24.714119018568724), (57.74839587492958, 24.78413068717657), (57.678397819323614, 24.854142355784415), (57.60839976371764, 24.92415402439226), (57.53840170811167, 24.994165693000095), (57.468403652505685, 25.064177361607943), (57.398405596899714, 25.134189030215786), (57.32840754129375, 25.204200698823634), (57.25661548517795, 25.27421236743147), (57.189084180272964, 25.344224036039307), (57.122201127653035, 25.414235704647155), (57.051703691653046, 25.484247373255), (56.976721254378546, 25.554259041862842), (56.90045927262277, 25.624270710470686), (56.82889335102503, 25.694282379078533), (56.77038669784429, 25.764294047686374), (56.72207682697298, 25.834305716294217), (56.697273639252266, 25.904317384902054), (56.688723870015906, 25.976123402911295), (56.69166173429616, 26.04366784109223), (56.69970458532122, 26.112358250319428), (56.70497728850026, 26.178607816610896), (56.700475327136886, 26.254750807280427), (56.68267665611256, 26.330381126692416), (56.6524123197811, 26.40759281075543), (56.6120058503154, 26.470332840717717), (56.55669146274771, 26.511063818200974), (56.48810674787951, 26.527529612707852), (56.42454787267482, 26.521262583548584), (56.35474014695487, 26.496588394458662), (56.27798934063656, 26.462974250363594), (56.2005028233302, 26.420168776278537), (56.12594603288787, 26.370432816112334), (56.058937938154855, 26.315022602928096), (56.005132073396574, 26.254370703099408), (55.97127062213742, 26.18854666651377), (55.96521155330295, 26.117997384182836), (55.99592880966533, 26.044567153259294), (56.07348554859199, 25.972797449460426)
Associated file(s): api_response_2024-02-10_11-14-01.json, api_response_2024-02-10_10-53-58.json, api_response_2024-02-10_11-34-03.json, api_response_2024-02-10_10-33-55.json

Record time: 2024-02-10T07:27:23Z
Event time: 2024-02-11T18:08:23.375Z
Status: Underway
Travel distance: 469.26889848812095
Waypoints: (61.18010275781868, 21.21353558926489), (61.105016264399275, 21.283547257876318), (61.03708538664999, 21.353558926487747), (60.96994957730849, 21.423570595099182), (60.90099646874916, 21.493582263710618), (60.829977929732664, 21.56359393232206), (60.75787600079785, 21.6336056009335), (60.68601870829622, 21.70361726954494), (60.61544575706872, 21.773628938156378), (60.546524098658786, 21.843640605647145), (60.47899279375381, 21.91365227425499), (60.413903741643686, 21.983663942862833), (60.34093955494271, 22.05367561147068), (60.26284211468216, 22.123687280078524), (60.1870795133204, 22.193698948686357), (60.12049797339119, 22.263710617294205), (60.06646124585043, 22.33372228590205), (60.02397999218167, 22.403733954509892), (59.988333654320805, 22.473745623117733), (59.952687316459915, 22.54375729172557), (59.91020606279117, 22.61376896033342), (59.85616933525043, 22.68378062894126), (59.78958779532121, 22.753792297549108), (59.71382519395944, 22.823803966156948), (59.635727753698895, 22.89381563476479), (59.56276356699791, 22.96382730337264), (59.4976745148878, 23.033838971980483), (59.430143209982816, 23.10385064058832), (59.35835115386701, 23.17386230919617), (59.288353098261055, 23.243873977804007), (59.21835504265506, 23.313885646411855), (59.14835698704909, 23.383897315019702), (59.07835893144311, 23.453908983627542), (59.008360875837134, 23.52392065223539), (58.938362820231184, 23.59393232084323), (58.868364764625184, 23.663943989451074), (58.79836670901922, 23.733955658058914), (58.728368653413256, 23.803967326666754), (58.65837059780727, 23.873978995274598), (58.5883725422013, 23.943990663882442), (58.51837448659532, 24.01400233249029), (58.44837643098934, 24.08401400109813), (58.37837837538336, 24.15402566970597), (58.3083803197774, 24.224037338313817), (58.23838226417141, 24.294049006921664), (58.168384208565456, 24.36406067552951), (58.09838615295947, 24.43407234413735), (58.02838809735349, 24.50408401274519), (57.958390041747506, 24.57409568135304), (57.88839198614154, 24.64410734996088), (57.81839393053556, 24.714119018568724), (57.74839587492958, 24.78413068717657), (57.678397819323614, 24.854142355784415), (57.60839976371764, 24.92415402439226), (57.53840170811167, 24.994165693000095), (57.468403652505685, 25.064177361607943), (57.398405596899714, 25.134189030215786), (57.32840754129375, 25.204200698823634), (57.25661548517795, 25.27421236743147), (57.189084180272964, 25.344224036039307), (57.122201127653035, 25.414235704647155), (57.051703691653046, 25.484247373255), (56.976721254378546, 25.554259041862842), (56.90045927262277, 25.624270710470686), (56.82889335102503, 25.694282379078533), (56.77038669784429, 25.764294047686374), (56.72207682697298, 25.834305716294217), (56.697273639252266, 25.904317384902054), (56.688723870015906, 25.976123402911295), (56.69166173429616, 26.04366784109223), (56.69970458532122, 26.112358250319428), (56.70497728850026, 26.178607816610896), (56.700475327136886, 26.254750807280427), (56.68267665611256, 26.330381126692416), (56.6524123197811, 26.40759281075543), (56.6120058503154, 26.470332840717717), (56.55669146274771, 26.511063818200974), (56.48810674787951, 26.527529612707852), (56.42454787267482, 26.521262583548584), (56.35474014695487, 26.496588394458662), (56.27798934063656, 26.462974250363594), (56.2005028233302, 26.420168776278537), (56.12594603288787, 26.370432816112334), (56.058937938154855, 26.315022602928096), (56.005132073396574, 26.254370703099408), (55.97127062213742, 26.18854666651377), (55.96521155330295, 26.117997384182836), (55.99592880966533, 26.044567153259294), (56.07348554859199, 25.972797449460426)
Associated file(s): api_response_2024-02-10_12-54-17.json, api_response_2024-02-10_13-14-20.json, api_response_2024-02-10_12-14-09.json, api_response_2024-02-10_12-34-14.json, api_response_2024-02-10_11-54-06.json

Record time: 2024-02-10T09:18:12Z
Event time: 2024-02-11T17:30:43.375Z
Status: Underway
Travel distance: 439.7278617710583
Waypoints: (60.971602038167724, 21.633605600933485), (60.892487198148764, 21.703617269544928), (60.82565694450909, 21.773628938156364), (60.76100143680839, 21.843640606767796), (60.69364113756352, 21.91365227537923), (60.62235649646604, 21.983663943990667), (60.54823566596428, 22.053675612602106), (60.47354024820983, 22.123687281213545), (60.40078907336856, 22.193698949824984), (60.33206000620089, 22.263710617294205), (60.26675801075294, 22.33372228590205), (60.20802522305414, 22.403733954509892), (60.15427870147821, 22.473745623117733), (60.102380829587275, 22.54375729172557), (60.04863430801135, 22.61376896033342), (59.989901520312564, 22.68378062894126), (59.924599524864625, 22.753792297549108), (59.853321924777404, 22.823803966156948), (59.778838867896894, 22.89381563476479), (59.70522642891085, 22.96382730337264), (59.63587662558994, 23.033838971980483), (59.57013932119475, 23.10385064058832), (59.49834726507898, 23.17386230919617), (59.428349209473, 23.243873977804007), (59.35835115386701, 23.313885646411855), (59.288353098261055, 23.383897315019702), (59.21835504265506, 23.453908983627542), (59.14835698704909, 23.52392065223539), (59.07835893144311, 23.59393232084323), (59.008360875837134, 23.663943989451074), (58.938362820231184, 23.733955658058914), (58.868364764625184, 23.803967326666754), (58.79836670901922, 23.873978995274598), (58.728368653413256, 23.943990663882442), (58.65837059780727, 24.01400233249029), (58.5883725422013, 24.08401400109813), (58.51837448659532, 24.15402566970597), (58.44837643098934, 24.224037338313817), (58.37837837538336, 24.294049006921664), (58.3083803197774, 24.36406067552951), (58.23838226417141, 24.43407234413735), (58.168384208565456, 24.50408401274519), (58.09838615295947, 24.57409568135304), (58.02838809735349, 24.64410734996088), (57.958390041747506, 24.714119018568724), (57.88839198614154, 24.78413068717657), (57.81839393053556, 24.854142355784415), (57.74839587492958, 24.92415402439226), (57.678397819323614, 24.994165693000095), (57.60839976371764, 25.064177361607943), (57.53840170811167, 25.134189030215786), (57.468403652505685, 25.204200698823634), (57.398405596899714, 25.27421236743147), (57.32840754129375, 25.344224036039307), (57.25661548517795, 25.414235704647155), (57.189084180272964, 25.484247373255), (57.122201127653035, 25.554259041862842), (57.051703691653046, 25.624270710470686), (56.976721254378546, 25.694282379078533), (56.90225327313259, 25.764294047686374), (56.82642660032404, 25.834305716294217), (56.767271694858245, 25.904317384902054), (56.7243702078768, 25.976123402911295), (56.69979127021982, 26.04366784109223), (56.69187279317966, 26.112358250319428), (56.693728980681925, 26.178607816610896), (56.69499156507433, 26.254750807280427), (56.685292278704594, 26.330381126692416), (56.65799407346814, 26.40759281075543), (56.612678600506584, 26.470332840717717), (56.5548974622379, 26.511063818200974), (56.48810674787951, 26.527529612707852), (56.42454787267482, 26.521262583548584), (56.35474014695487, 26.496588394458662), (56.27798934063656, 26.462974250363594), (56.2005028233302, 26.420168776278537), (56.12594603288787, 26.370432816112334), (56.058937938154855, 26.315022602928096), (56.005132073396574, 26.254370703099408), (55.97127062213742, 26.18854666651377), (55.96521155330295, 26.117997384182836), (55.99592880966533, 26.044567153259294), (56.07348554859199, 25.972797449460426)
Associated file(s): api_response_2024-02-10_13-34-23.json, api_response_2024-02-10_14-14-30.json, api_response_2024-02-10_13-54-26.json

Record time: 2024-02-10T10:16:24Z
Event time: 2024-02-11T16:52:04.857Z
Status: Underway
Travel distance: 424.80291576673864
Waypoints: (60.8283103247132, 21.84364060676778), (60.75831226910361, 21.913652275379228), (60.68831421349404, 21.983663943990663), (60.618316157884465, 22.053675612602095), (60.5483181022749, 22.123687281213527), (60.47832004666534, 22.193698949824963), (60.40832199105578, 22.263710618436402), (60.33832393544622, 22.33372228704784), (60.26832587983666, 22.40373395565928), (60.198327821138726, 22.473745623117733), (60.12832976553274, 22.54375729172557), (60.05833170992677, 22.61376896033342), (59.9883336543208, 22.68378062894126), (59.918335598714826, 22.753792297549108), (59.848337543108855, 22.823803966156948), (59.778339487502876, 22.89381563476479), (59.7083414318969, 22.96382730337264), (59.638343376290926, 23.033838971980483), (59.56834532068494, 23.10385064058832), (59.49834726507898, 23.17386230919617), (59.428349209473, 23.243873977804007), (59.35835115386701, 23.313885646411855), (59.288353098261055, 23.383897315019702), (59.21835504265506, 23.453908983627542), (59.14835698704909, 23.52392065223539), (59.07835893144311, 23.59393232084323), (59.008360875837134, 23.663943989451074), (58.938362820231184, 23.733955658058914), (58.868364764625184, 23.803967326666754), (58.79836670901922, 23.873978995274598), (58.728368653413256, 23.943990663882442), (58.65837059780727, 24.01400233249029), (58.5883725422013, 24.08401400109813), (58.51837448659532, 24.15402566970597), (58.44837643098934, 24.224037338313817), (58.37837837538336, 24.294049006921664), (58.3083803197774, 24.36406067552951), (58.23838226417141, 24.43407234413735), (58.168384208565456, 24.50408401274519), (58.09838615295947, 24.57409568135304), (58.02838809735349, 24.64410734996088), (57.958390041747506, 24.714119018568724), (57.88839198614154, 24.78413068717657), (57.81839393053556, 24.854142355784415), (57.74839587492958, 24.92415402439226), (57.678397819323614, 24.994165693000095), (57.60839976371764, 25.064177361607943), (57.53840170811167, 25.134189030215786), (57.468403652505685, 25.204200698823634), (57.398405596899714, 25.27421236743147), (57.32840754129375, 25.344224036039307), (57.25661548517795, 25.414235704647155), (57.189084180272964, 25.484247373255), (57.122201127653035, 25.554259041862842), (57.051703691653046, 25.624270710470686), (56.976721254378546, 25.694282379078533), (56.90225327313259, 25.764294047686374), (56.82642660032404, 25.834305716294217), (56.767271694858245, 25.904317384902054), (56.7243702078768, 25.976123402911295), (56.69979127021982, 26.04366784109223), (56.69187279317966, 26.112358250319428), (56.693728980681925, 26.178607816610896), (56.69499156507433, 26.254750807280427), (56.685292278704594, 26.330381126692416), (56.65799407346814, 26.40759281075543), (56.612678600506584, 26.470332840717717), (56.5548974622379, 26.511063818200974), (56.48810674787951, 26.527529612707852), (56.42454787267482, 26.521262583548584), (56.35474014695487, 26.496588394458662), (56.27798934063656, 26.462974250363594), (56.2005028233302, 26.420168776278537), (56.12594603288787, 26.370432816112334), (56.058937938154855, 26.315022602928096), (56.005132073396574, 26.254370703099408), (55.97127062213742, 26.18854666651377), (55.96521155330295, 26.117997384182836), (55.99592880966533, 26.044567153259294), (56.07348554859199, 25.972797449460426)
Associated file(s): api_response_2024-02-10_14-34-33.json, api_response_2024-02-10_15-14-39.json, api_response_2024-02-10_14-54-36.json, api_response_2024-02-10_15-34-42.json

Record time: 2024-02-10T11:30:24Z
Event time: 2024-02-11T16:18:04Z
Status: Underway
Travel distance: 404.64686825053997
Waypoints: (60.688314213494095, 22.123687281213535), (60.618316157884514, 22.19369894982498), (60.54831810227495, 22.263710618436413), (60.47832004666538, 22.33372228704784), (60.40832199105582, 22.403733955659273), (60.33832393544626, 22.473745624270705), (60.2683258798367, 22.54375729288214), (60.19832782422714, 22.613768961493577), (60.12832976861758, 22.683780630105016), (60.05833170992677, 22.753792297549108), (59.9883336543208, 22.823803966156948), (59.918335598714826, 22.89381563476479), (59.848337543108855, 22.96382730337264), (59.778339487502876, 23.033838971980483), (59.7083414318969, 23.10385064058832), (59.638343376290926, 23.17386230919617), (59.56834532068494, 23.243873977804007), (59.49834726507898, 23.313885646411855), (59.428349209473, 23.383897315019702), (59.35835115386701, 23.453908983627542), (59.288353098261055, 23.52392065223539), (59.21835504265506, 23.59393232084323), (59.14835698704909, 23.663943989451074), (59.07835893144311, 23.733955658058914), (59.008360875837134, 23.803967326666754), (58.938362820231184, 23.873978995274598), (58.868364764625184, 23.943990663882442), (58.79836670901922, 24.01400233249029), (58.728368653413256, 24.08401400109813), (58.65837059780727, 24.15402566970597), (58.5883725422013, 24.224037338313817), (58.51837448659532, 24.294049006921664), (58.44837643098934, 24.36406067552951), (58.37837837538336, 24.43407234413735), (58.3083803197774, 24.50408401274519), (58.23838226417141, 24.57409568135304), (58.168384208565456, 24.64410734996088), (58.09838615295947, 24.714119018568724), (58.02838809735349, 24.78413068717657), (57.958390041747506, 24.854142355784415), (57.88839198614154, 24.92415402439226), (57.81839393053556, 24.994165693000095), (57.74839587492958, 25.064177361607943), (57.678397819323614, 25.134189030215786), (57.60839976371764, 25.204200698823634), (57.53840170811167, 25.27421236743147), (57.468403652505685, 25.344224036039307), (57.398405596899714, 25.414235704647155), (57.32840754129375, 25.484247373255), (57.25661548517795, 25.554259041862842), (57.189084180272964, 25.624270710470686), (57.122201127653035, 25.694282379078533), (57.053497692162864, 25.764294047686374), (56.97425450367756, 25.834305716294217), (56.89913827014654, 25.904317384902054), (56.82871998122786, 25.976123402911295), (56.76978932582578, 26.04366784109223), (56.727519131040545, 26.112358250319428), (56.70185851660558, 26.178607816610896), (56.687159772932766, 26.254750807280427), (56.67404397088626, 26.330381126692416), (56.652510311405585, 26.40759281075543), (56.615294223098616, 26.470332840717717), (56.56047921592493, 26.511063818200974), (56.488779498070684, 26.527529612707852), (56.422753872165, 26.521262583548584), (56.35474014695487, 26.496588394458662), (56.27798934063656, 26.462974250363594), (56.2005028233302, 26.420168776278537), (56.12594603288787, 26.370432816112334), (56.058937938154855, 26.315022602928096), (56.005132073396574, 26.254370703099408), (55.97127062213742, 26.18854666651377), (55.96521155330295, 26.117997384182836), (55.99592880966533, 26.044567153259294), (56.07348554859199, 25.972797449460426)
Associated file(s): api_response_2024-02-10_17-35-01.json, api_response_2024-02-10_18-35-10.json, api_response_2024-02-10_16-54-54.json, api_response_2024-02-10_17-55-04.json, api_response_2024-02-10_16-34-51.json, api_response_2024-02-10_19-15-15.json, api_response_2024-02-10_18-15-07.json, api_response_2024-02-10_17-14-57.json, api_response_2024-02-10_15-54-45.json, api_response_2024-02-10_18-55-13.json, api_response_2024-02-10_16-14-48.json

Record time: 2024-02-10T15:00:41Z
Event time: 2024-02-11T16:12:18.500Z
Status: Underway
Travel distance: 353.4244060475162
Waypoints: (60.1983278242271, 22.89381563593931), (60.12832976861755, 22.96382730455075), (60.05833171300798, 23.033838973162187), (59.98833365739841, 23.10385064177362), (59.91833560178884, 23.173862310385054), (59.84833754617927, 23.243873978996493), (59.77833949056971, 23.313885647607933), (59.70834143496015, 23.38389731621937), (59.63834337935058, 23.453908984830807), (59.56834532068494, 23.52392065223539), (59.49834726507898, 23.59393232084323), (59.428349209473, 23.663943989451074), (59.35835115386701, 23.733955658058914), (59.288353098261055, 23.803967326666754), (59.21835504265506, 23.873978995274598), (59.14835698704909, 23.943990663882442), (59.07835893144311, 24.01400233249029), (59.008360875837134, 24.08401400109813), (58.938362820231184, 24.15402566970597), (58.868364764625184, 24.224037338313817), (58.79836670901922, 24.294049006921664), (58.728368653413256, 24.36406067552951), (58.65837059780727, 24.43407234413735), (58.5883725422013, 24.50408401274519), (58.51837448659532, 24.57409568135304), (58.44837643098934, 24.64410734996088), (58.37837837538336, 24.714119018568724), (58.3083803197774, 24.78413068717657), (58.23838226417141, 24.854142355784415), (58.168384208565456, 24.92594837379365), (58.09838615295947, 24.991698462573183), (58.02838809735349, 25.062856102227293), (57.958390041747506, 25.132221277300808), (57.88839198614154, 25.206070441057012), (57.81839393053556, 25.280976989281886), (57.74839587492958, 25.35077755796015), (57.678397819323614, 25.410801561149956), (57.60839976371764, 25.459861561747438), (57.53840170811167, 25.502296417233694), (57.468403652505685, 25.537331466260014), (57.398405596899714, 25.573062014161447), (57.32840754129375, 25.625088722697793), (57.25661548517795, 25.693213685685052), (57.189084180272964, 25.768779921189854), (57.122201127653035, 25.840269289304725), (57.053497692162864, 25.898154020886782), (56.97425450367756, 25.939997042641902), (56.89913827014654, 25.97679628393681), (56.82871998122786, 26.009982323758546), (56.76978932582578, 26.05179895802248), (56.727519131040545, 26.104524935075535), (56.70185851660558, 26.16735732125701), (56.687159772932766, 26.24926597875307), (56.67404397088626, 26.33299725796251), (56.652510311405585, 26.413175649964376), (56.615294223098616, 26.47100572174324), (56.56047921592493, 26.50926946879958), (56.488779498070684, 26.527529612707852), (56.422753872165, 26.521262583548584), (56.35474014695487, 26.496588394458662), (56.27798934063656, 26.462974250363594), (56.2005028233302, 26.420168776278537), (56.12594603288787, 26.370432816112334), (56.058937938154855, 26.315022602928096), (56.005132073396574, 26.254370703099408), (55.97127062213742, 26.18854666651377), (55.96521155330295, 26.117997384182836), (55.99592880966533, 26.044567153259294), (56.07348554859199, 25.972797449460426)
Associated file(s): api_response_2024-02-10_20-35-26.json, api_response_2024-02-10_20-15-23.json, api_response_2024-02-10_19-35-18.json, api_response_2024-02-10_19-55-21.json

Record time: 2024-02-10T16:31:05Z
Event time: 2024-02-11T16:42:37Z
Status: Underway
Travel distance: 333.15658747300216
Waypoints: (59.91833560178886, 23.103850641773633), (59.84833754617929, 23.17386231038507), (59.778339490569714, 23.243873978996504), (59.70834143496015, 23.313885647607936), (59.63834337935059, 23.383897316219375), (59.56834532374102, 23.45390898483081), (59.49834726813146, 23.52392065344225), (59.428349212521894, 23.593932322053686), (59.35835115691233, 23.66394399066512), (59.288353098261055, 23.733955658058914), (59.21835504265506, 23.803967326666754), (59.14835698704909, 23.873978995274598), (59.07835893144311, 23.943990663882442), (59.008360875837134, 24.01400233249029), (58.938362820231184, 24.08401400109813), (58.868364764625184, 24.15402566970597), (58.79836670901922, 24.224037338313817), (58.728368653413256, 24.294049006921664), (58.65837059780727, 24.36406067552951), (58.5883725422013, 24.43407234413735), (58.51837448659532, 24.50408401274519), (58.44837643098934, 24.57409568135304), (58.37837837538336, 24.64410734996088), (58.3083803197774, 24.714119018568724), (58.23838226417141, 24.78413068717657), (58.168384208565456, 24.854142355784415), (58.09838615295947, 24.92415402439226), (58.02838809735349, 24.995960042401485), (57.958390041747506, 25.061710131181023), (57.88839198614154, 25.131073421433747), (57.81839393053556, 25.20470017633557), (57.74839587492958, 25.279197718446895), (57.678397819323614, 25.35048918037778), (57.60839976371764, 25.41580387555257), (57.53840170811167, 25.476342434820715), (57.468403652505685, 25.52763217842434), (57.398405596899714, 25.574630185066862), (57.32840754129375, 25.631353867036264), (57.25661548517795, 25.698199036700473), (57.189084180272964, 25.76927939870179), (57.122201127653035, 25.837153680522686), (57.053497692162864, 25.895686790459866), (56.97425450367756, 25.941791392043292), (56.89913827014654, 25.97679628393681), (56.82871998122786, 26.009982323758546), (56.76978932582578, 26.05179895802248), (56.727519131040545, 26.104524935075535), (56.70185851660558, 26.16735732125701), (56.687159772932766, 26.24926597875307), (56.67404397088626, 26.33299725796251), (56.652510311405585, 26.413175649964376), (56.615294223098616, 26.47100572174324), (56.56047921592493, 26.50926946879958), (56.488779498070684, 26.527529612707852), (56.422753872165, 26.521262583548584), (56.35474014695487, 26.496588394458662), (56.27798934063656, 26.462974250363594), (56.2005028233302, 26.420168776278537), (56.12594603288787, 26.370432816112334), (56.058937938154855, 26.315022602928096), (56.005132073396574, 26.254370703099408), (55.97127062213742, 26.18854666651377), (55.96521155330295, 26.117997384182836), (55.99592880966533, 26.044567153259294), (56.07348554859199, 25.972797449460426)
Associated file(s): api_response_2024-02-10_21-35-35.json, api_response_2024-02-10_20-55-29.json, api_response_2024-02-10_21-15-32.json

Record time: 2024-02-10T17:41:08Z
Event time: 2024-02-11T17:21:27.750Z
Status: Underway
Travel distance: 316.024838012959
Waypoints: (59.70834143496017, 23.31388564760793), (59.638343379350594, 23.38389731621937), (59.56834532374102, 23.45390898483081), (59.498347268131454, 23.523920653442243), (59.42834921252189, 23.59393232205368), (59.35835115691232, 23.663943990665114), (59.28835310130276, 23.73395565927655), (59.2183550456932, 23.803967327887985), (59.14835699008364, 23.87397899649942), (59.07835893144311, 23.943990663882442), (59.008360875837134, 24.01400233249029), (58.938362820231184, 24.08401400109813), (58.868364764625184, 24.15402566970597), (58.79836670901922, 24.224037338313817), (58.728368653413256, 24.294049006921664), (58.65837059780727, 24.36406067552951), (58.5883725422013, 24.43407234413735), (58.51837448659532, 24.50408401274519), (58.44837643098934, 24.57409568135304), (58.37837837538336, 24.64410734996088), (58.3083803197774, 24.714119018568724), (58.23838226417141, 24.78413068717657), (58.168384208565456, 24.854142355784415), (58.09838615295947, 24.92415402439226), (58.02838809735349, 24.995960042401485), (57.958390041747506, 25.061710131181023), (57.88839198614154, 25.131073421433747), (57.81839393053556, 25.20470017633557), (57.74839587492958, 25.279197718446895), (57.678397819323614, 25.35048918037778), (57.60839976371764, 25.41580387555257), (57.53840170811167, 25.476342434820715), (57.468403652505685, 25.52763217842434), (57.398405596899714, 25.574630185066862), (57.32840754129375, 25.631353867036264), (57.25661548517795, 25.698199036700473), (57.189084180272964, 25.76927939870179), (57.122201127653035, 25.837153680522686), (57.053497692162864, 25.895686790459866), (56.97425450367756, 25.941791392043292), (56.89913827014654, 25.97679628393681), (56.82871998122786, 26.009982323758546), (56.76978932582578, 26.05179895802248), (56.727519131040545, 26.104524935075535), (56.70185851660558, 26.16735732125701), (56.687159772932766, 26.24926597875307), (56.67404397088626, 26.33299725796251), (56.652510311405585, 26.413175649964376), (56.615294223098616, 26.47100572174324), (56.56047921592493, 26.50926946879958), (56.488779498070684, 26.527529612707852), (56.422753872165, 26.521262583548584), (56.35474014695487, 26.496588394458662), (56.27798934063656, 26.462974250363594), (56.2005028233302, 26.420168776278537), (56.12594603288787, 26.370432816112334), (56.058937938154855, 26.315022602928096), (56.005132073396574, 26.254370703099408), (55.97127062213742, 26.18854666651377), (55.96521155330295, 26.117997384182836), (55.99592880966533, 26.044567153259294), (56.07348554859199, 25.972797449460426)
Associated file(s): api_response_2024-02-10_21-55-38.json, api_response_2024-02-10_22-35-44.json, api_response_2024-02-10_22-15-41.json

Record time: 2024-02-10T18:41:27Z
Event time: 2024-02-11T17:55:45.625Z
Status: Underway
Travel distance: 301.88606911447084
Waypoints: (59.49834726813142, 23.45390898483079), (59.42834921252184, 23.52392065344224), (59.35835115691227, 23.59393232205368), (59.28835310130271, 23.66394399066511), (59.21835504569316, 23.733955659276546), (59.148356990083606, 23.80396732788798), (59.078358934474046, 23.873978996499417), (59.00836087886449, 23.943990665110856), (58.93836282325493, 24.014002333722292), (58.868364764625184, 24.08401400109813), (58.79836670901922, 24.15402566970597), (58.728368653413256, 24.224037338313817), (58.65837059780727, 24.294049006921664), (58.5883725422013, 24.36406067552951), (58.51837448659532, 24.43407234413735), (58.44837643098934, 24.50408401274519), (58.37837837538336, 24.57409568135304), (58.3083803197774, 24.64410734996088), (58.23838226417141, 24.714119018568724), (58.168384208565456, 24.78413068717657), (58.09838615295947, 24.854142355784415), (58.02838809735349, 24.92415402439226), (57.958390041747506, 24.994165693000095), (57.88839198614154, 25.064177361607943), (57.81839393053556, 25.134189030215786), (57.74839587492958, 25.204200698823634), (57.678397819323614, 25.27421236743147), (57.60839976371764, 25.344224036039307), (57.53840170811167, 25.416030054048544), (57.468403652505685, 25.483574492229472), (57.398405596899714, 25.54867620265389), (57.32840754129375, 25.621654579200595), (57.25661548517795, 25.69976720760589), (57.189084180272964, 25.77554454304026), (57.122201127653035, 25.842139031538107), (57.053497692162864, 25.89618626797181), (56.97425450367756, 25.938675783261257), (56.89913827014654, 25.974329053509894), (56.82871998122786, 26.01177667315994), (56.76978932582578, 26.05179895802248), (56.727519131040545, 26.104524935075535), (56.70185851660558, 26.16735732125701), (56.687159772932766, 26.24926597875307), (56.67404397088626, 26.33299725796251), (56.652510311405585, 26.413175649964376), (56.615294223098616, 26.47100572174324), (56.56047921592493, 26.50926946879958), (56.488779498070684, 26.527529612707852), (56.422753872165, 26.521262583548584), (56.35474014695487, 26.496588394458662), (56.27798934063656, 26.462974250363594), (56.2005028233302, 26.420168776278537), (56.12594603288787, 26.370432816112334), (56.058937938154855, 26.315022602928096), (56.005132073396574, 26.254370703099408), (55.97127062213742, 26.18854666651377), (55.96521155330295, 26.117997384182836), (55.99592880966533, 26.044567153259294), (56.07348554859199, 25.972797449460426)
Associated file(s): api_response_2024-02-11_00-15-58.json, api_response_2024-02-11_02-16-15.json, api_response_2024-02-10_23-35-52.json, api_response_2024-02-11_00-36-01.json, api_response_2024-02-10_22-55-46.json, api_response_2024-02-10_23-55-55.json, api_response_2024-02-10_23-15-50.json, api_response_2024-02-11_01-16-07.json, api_response_2024-02-11_01-56-13.json, api_response_2024-02-11_01-36-10.json, api_response_2024-02-11_00-56-04.json

Record time: 2024-02-10T21:50:40Z
Event time: 2024-02-11T18:05:29.400Z
Status: Underway
Travel distance: 258.7651187904968
Waypoints: (58.9383628232549, 23.943990665110835), (58.86836476764532, 24.014002333722292), (58.79836671203576, 24.084014002333728), (58.7283686564262, 24.154025670945156), (58.65837060081664, 24.224037339556588), (58.58837254520708, 24.294049008168024), (58.51837448959752, 24.364060676779463), (58.44837643398795, 24.434072345390906), (58.37837837837838, 24.50408401400235), (58.3083803197774, 24.57409568135304), (58.23838226417141, 24.64410734996088), (58.168384208565456, 24.714119018568724), (58.09838615295947, 24.78413068717657), (58.02838809735349, 24.854142355784415), (57.958390041747506, 24.92415402439226), (57.88839198614154, 24.994165693000095), (57.81839393053556, 25.064177361607943), (57.74839587492958, 25.134189030215786), (57.678397819323614, 25.204200698823634), (57.60839976371764, 25.27421236743147), (57.53840170811167, 25.344224036039307), (57.468403652505685, 25.416030054048544), (57.398405596899714, 25.481780142828086), (57.32840754129375, 25.551143433080803), (57.25661548517795, 25.624770187982627), (57.189084180272964, 25.69926773009395), (57.122201127653035, 25.770559192024848), (57.053497692162864, 25.835873887199632), (56.97425450367756, 25.89461809706639), (56.89913827014654, 25.948375071096923), (56.82871998122786, 26.002077385324267), (56.76978932582578, 26.053367128927896), (56.727519131040545, 26.110790079414006), (56.70185851660558, 26.172342672272425), (56.687159772932766, 26.249765456265006), (56.67404397088626, 26.32988164918048), (56.652510311405585, 26.410708419537464), (56.615294223098616, 26.472800071144633), (56.56047921592493, 26.50926946879958), (56.488779498070684, 26.527529612707852), (56.422753872165, 26.521262583548584), (56.35474014695487, 26.496588394458662), (56.27798934063656, 26.462974250363594), (56.2005028233302, 26.420168776278537), (56.12594603288787, 26.370432816112334), (56.058937938154855, 26.315022602928096), (56.005132073396574, 26.254370703099408), (55.97127062213742, 26.18854666651377), (55.96521155330295, 26.117997384182836), (55.99592880966533, 26.044567153259294), (56.07348554859199, 25.972797449460426)
Associated file(s): api_response_2024-02-11_02-56-21.json, api_response_2024-02-11_02-36-18.json, api_response_2024-02-11_03-36-27.json, api_response_2024-02-11_03-16-24.json

Record time: 2024-02-10T23:29:43Z
Event time: 2024-02-11T17:34:37.600Z
Status: Underway
Travel distance: 239.00593952483803
Waypoints: (58.65837060081667, 24.15402567094516), (58.5883725452071, 24.224037339556602), (58.51837448959753, 24.294049008168034), (58.44837643398797, 24.364060676779467), (58.3783783783784, 24.4340723453909), (58.30838032276884, 24.504084014002334), (58.23838226715928, 24.57409568261377), (58.16838421154973, 24.64410735122521), (58.09838615594017, 24.71411901983665), (58.02838809735349, 24.78413068717657), (57.958390041747506, 24.854142355784415), (57.88839198614154, 24.92415402439226), (57.81839393053556, 24.994165693000095), (57.74839587492958, 25.064177361607943), (57.678397819323614, 25.134189030215786), (57.60839976371764, 25.204200698823634), (57.53840170811167, 25.27421236743147), (57.468403652505685, 25.344224036039307), (57.398405596899714, 25.414235704647155), (57.32840754129375, 25.484247373255), (57.25661548517795, 25.554259041862842), (57.189084180272964, 25.624270710470686), (57.122201127653035, 25.694282379078533), (57.053497692162864, 25.764294047686374), (56.97425450367756, 25.834305716294217), (56.89913827014654, 25.904317384902054), (56.82871998122786, 25.976123402911295), (56.76978932582578, 26.04366784109223), (56.727519131040545, 26.112358250319428), (56.70185851660558, 26.178607816610896), (56.687159772932766, 26.254750807280427), (56.67404397088626, 26.330381126692416), (56.652510311405585, 26.40759281075543), (56.615294223098616, 26.470332840717717), (56.56047921592493, 26.511063818200974), (56.488779498070684, 26.527529612707852), (56.422753872165, 26.521262583548584), (56.35474014695487, 26.496588394458662), (56.27798934063656, 26.462974250363594), (56.2005028233302, 26.420168776278537), (56.12594603288787, 26.370432816112334), (56.058937938154855, 26.315022602928096), (56.005132073396574, 26.254370703099408), (55.97127062213742, 26.18854666651377), (55.96521155330295, 26.117997384182836), (55.99592880966533, 26.044567153259294), (56.07348554859199, 25.972797449460426)
Associated file(s): api_response_2024-02-11_06-36-55.json, api_response_2024-02-11_04-56-39.json, api_response_2024-02-11_05-36-46.json, api_response_2024-02-11_05-16-43.json, api_response_2024-02-11_04-16-33.json, api_response_2024-02-11_04-36-36.json, api_response_2024-02-11_05-56-49.json, api_response_2024-02-11_03-56-30.json, api_response_2024-02-11_06-16-52.json

Record time: 2024-02-11T02:36:13Z
Event time: 2024-02-11T17:08:20.400Z
Status: Underway
Travel distance: 193.5183585313175
Waypoints: (58.09838615594015, 24.714119019836637), (58.02838810033058, 24.784130688448087), (57.95839004472101, 24.854142357059523), (57.88839198911143, 24.92415402567096), (57.818393933501866, 24.99416569428239), (57.7483958778923, 25.064177362893826), (57.67839782228274, 25.13418903150526), (57.60839976667318, 25.204200700116697), (57.53840171106363, 25.274212368728133), (57.468403652505685, 25.344224036039307), (57.398405596899714, 25.414235704647155), (57.32840754129375, 25.484247373255), (57.25661548517795, 25.554259041862842), (57.189084180272964, 25.624270710470686), (57.122201127653035, 25.694282379078533), (57.053497692162864, 25.764294047686374), (56.97425450367756, 25.834305716294217), (56.89913827014654, 25.904317384902054), (56.82871998122786, 25.976123402911295), (56.76978932582578, 26.04366784109223), (56.727519131040545, 26.112358250319428), (56.70185851660558, 26.178607816610896), (56.687159772932766, 26.254750807280427), (56.67404397088626, 26.330381126692416), (56.652510311405585, 26.40759281075543), (56.615294223098616, 26.470332840717717), (56.56047921592493, 26.511063818200974), (56.488779498070684, 26.527529612707852), (56.422753872165, 26.521262583548584), (56.35474014695487, 26.496588394458662), (56.27798934063656, 26.462974250363594), (56.2005028233302, 26.420168776278537), (56.12594603288787, 26.370432816112334), (56.058937938154855, 26.315022602928096), (56.005132073396574, 26.254370703099408), (55.97127062213742, 26.18854666651377), (55.96521155330295, 26.117997384182836), (55.99592880966533, 26.044567153259294), (56.07348554859199, 25.972797449460426)
Associated file(s): api_response_2024-02-11_06-56-58.json, api_response_2024-02-11_08-57-17.json, api_response_2024-02-11_09-37-22.json, api_response_2024-02-11_07-57-08.json, api_response_2024-02-11_07-37-04.json, api_response_2024-02-11_08-37-14.json, api_response_2024-02-11_07-17-01.json, api_response_2024-02-11_08-17-11.json, api_response_2024-02-11_09-17-19.json

Record time: 2024-02-11T05:50:25Z
Event time: 2024-02-11T17:00:28Z
Status: Underway
Travel distance: 151.28725701943844
Waypoints: (57.47422542009574, 25.204200700116676), (57.388492970403675, 25.274212368728115), (57.32330878189954, 25.34422403733955), (57.26256333988237, 25.41423570595099), (57.19778388077134, 25.48424737456243), (57.12621319092946, 25.554259043173868), (57.049091926553515, 25.624270711785307), (56.970144454630244, 25.694282380396743), (56.894268214958814, 25.76429404900818), (56.82642660032404, 25.834305716294217), (56.767271694858245, 25.904317384902054), (56.7243702078768, 25.976123402911295), (56.69979127021982, 26.04366784109223), (56.69187279317966, 26.112358250319428), (56.693728980681925, 26.178607816610896), (56.69499156507433, 26.254750807280427), (56.685292278704594, 26.330381126692416), (56.65799407346814, 26.40759281075543), (56.612678600506584, 26.470332840717717), (56.5548974622379, 26.511063818200974), (56.48810674787951, 26.527529612707852), (56.42454787267482, 26.521262583548584), (56.35474014695487, 26.496588394458662), (56.27798934063656, 26.462974250363594), (56.2005028233302, 26.420168776278537), (56.12594603288787, 26.370432816112334), (56.058937938154855, 26.315022602928096), (56.005132073396574, 26.254370703099408), (55.97127062213742, 26.18854666651377), (55.96521155330295, 26.117997384182836), (55.99592880966533, 26.044567153259294), (56.07348554859199, 25.972797449460426)
Associated file(s): api_response_2024-02-11_10-57-33.json, api_response_2024-02-11_09-57-25.json, api_response_2024-02-11_11-17-36.json, api_response_2024-02-11_10-17-28.json, api_response_2024-02-11_10-37-31.json

Record time: 2024-02-11T07:19:54Z
Event time: 2024-02-11T16:43:27.250Z
Status: Underway
Travel distance: 132.41252699784016
Waypoints: (57.184055739569935, 25.413917616738903), (57.125322803396024, 25.485113284084203), (57.05395922650454, 25.554188356682292), (56.97589692845775, 25.623490635860435), (56.898141025551524, 25.69366969940521), (56.82742301131487, 25.76443950005814), (56.76915789949084, 25.8351743458526), (56.72670532949882, 25.905338262292045), (56.7009346343781, 25.974747736369498), (56.69009386830439, 26.04366784109223), (56.69344065917142, 26.112358250319428), (56.699992906831724, 26.178607816610896), (56.69997594674287, 26.254750807280427), (56.68579165909861, 26.330381126692416), (56.65487907048209, 26.40759281075543), (56.610211849805594, 26.470332840717717), (56.55669146274771, 26.511063818200974), (56.48810674787951, 26.527529612707852), (56.42454787267482, 26.521262583548584), (56.35474014695487, 26.496588394458662), (56.27798934063656, 26.462974250363594), (56.2005028233302, 26.420168776278537), (56.12594603288787, 26.370432816112334), (56.058937938154855, 26.315022602928096), (56.005132073396574, 26.254370703099408), (55.97127062213742, 26.18854666651377), (55.96521155330295, 26.117997384182836), (55.99592880966533, 26.044567153259294), (56.07348554859199, 25.972797449460426)
Associated file(s): api_response_2024-02-11_13-37-56.json, api_response_2024-02-11_13-17-53.json, api_response_2024-02-11_12-37-48.json, api_response_2024-02-11_11-57-42.json, api_response_2024-02-11_11-37-39.json, api_response_2024-02-11_14-18-02.json, api_response_2024-02-11_13-57-59.json, api_response_2024-02-11_12-57-50.json, api_response_2024-02-11_12-17-45.json

Record time: 2024-02-11T10:25:12Z
Event time: 2024-02-11T16:35:33.500Z
Status: Underway
Travel distance: 82.02267818574514
Waypoints: (56.767691302931894, 26.120053974984963), (56.70384913142489, 26.172795973017507), (56.69176820887351, 26.24972022191249), (56.68434188848544, 26.333180086931055), (56.66049436069895, 26.409828137085757), (56.615847168387205, 26.470503418358113), (56.55510999776277, 26.509967941252153), (56.486195744982254, 26.526492382683998), (56.41605985866568, 26.521291002308256), (56.35410697340975, 26.492540960730334), (56.28225273029754, 26.454482079194204), (56.20439649997152, 26.412390285155126), (56.1271621397842, 26.367983786288182), (56.05673537081749, 26.319396972366434), (56.0009837898454, 26.262640910139375), (55.96844868606028, 26.194185547728164), (55.96684689989077, 26.11474820443336), (56.00108272369718, 26.034288345854616), (56.0707698443445, 25.978208644322265)
Associated file(s): api_response_2024-02-11_14-38-05.json, api_response_2024-02-11_15-38-13.json, api_response_2024-02-11_14-58-07.json, api_response_2024-02-11_15-18-10.json

Record time: 2024-02-11T11:50:19Z
Event time: 2024-02-11T16:51:34.250Z
Status: Underway
Travel distance: 65.96922246220302
Waypoints: (56.69970864705477, 26.39305685662224), (56.624109413382634, 26.469904625288617), (56.5611128303513, 26.52648964771675), (56.49204830441882, 26.541511636540356), (56.417499291633405, 26.521848375351293), (56.344100520771555, 26.484840215508424), (56.27610288618988, 26.445885055686997), (56.215206744931706, 26.41548184173962), (56.13708273781427, 26.377082967528384), (56.05990286837563, 26.324484406858293), (55.994434553358346, 26.25889422469038), (55.95844668121216, 26.1855637886576), (55.965723969376796, 26.112395539477564), (56.013522658955516, 26.044290703209604), (56.06580032087287, 25.974570819356572)
Associated file(s): api_response_2024-02-11_16-38-23.json, api_response_2024-02-11_15-58-16.json, api_response_2024-02-11_16-18-19.json

Record time: 2024-02-11T12:50:58Z
Event time: 2024-02-11T17:11:54.333Z
Status: Underway
Travel distance: 59.75053995680346
Waypoints: (56.62603481834167, 26.601424520979734), (56.566072206760936, 26.54471823735328), (56.4846384126069, 26.529670480525013), (56.41148969433711, 26.515227513923346), (56.34841809552815, 26.48916393511078), (56.2859382878538, 26.453351713836284), (56.215206744931706, 26.41314756367207), (56.13708273781427, 26.377082967528384), (56.05990286837563, 26.324484406858293), (55.994434553358346, 26.25889422469038), (55.95844668121216, 26.1855637886576), (55.965723969376796, 26.112395539477564), (56.013522658955516, 26.044290703209604), (56.06580032087287, 25.974570819356572)
Associated file(s): api_response_2024-02-11_16-58-25.json, api_response_2024-02-11_17-18-29.json, api_response_2024-02-11_17-38-33.json

Record time: 2024-02-11T13:37:40Z
Event time: 2024-02-11T17:29:59.666Z
Status: Underway
Travel distance: 53.225161987041034
Waypoints: (56.486717637796744, 26.604894864898963), (56.42562842562838, 26.530891580792037), (56.340309117287475, 26.476039987193786), (56.27481443308777, 26.443191238029577), (56.21666220227368, 26.417139179030855), (56.145293555407385, 26.381093681545785), (56.06058179909167, 26.324790591403683), (55.99437302526587, 26.257238403027387), (55.95779321043807, 26.184588697046628), (55.965412085598224, 26.113105372217156), (56.01422068455495, 26.044775596426334), (56.065577546745445, 25.974300255307842)
Associated file(s): api_response_2024-02-11_17-58-36.json, api_response_2024-02-11_18-18-39.json, api_response_2024-02-11_19-58-53.json, api_response_2024-02-11_20-38-59.json, api_response_2024-02-11_19-18-48.json, api_response_2024-02-11_19-38-50.json, api_response_2024-02-11_20-18-56.json, api_response_2024-02-11_18-38-42.json, api_response_2024-02-11_18-58-45.json

Record time: 2024-02-11T16:33:42Z
Event time: 2024-02-11T17:10:33Z
Status: Underway
Travel distance: 9.857451403887689
Waypoints: (55.99844448765313, 26.114352392065342), (55.99844448765313, 26.044340723453907), (56.06844254326268, 25.97432905484247)
Associated file(s): api_response_2024-02-11_20-59-02.json, api_response_2024-02-11_21-19-05.json

Record time: 2024-02-11T17:16:14Z
Event time: 2024-02-11T17:29:43Z
Status: Underway
Travel distance: 9.431965442764579
Waypoints: (55.92844643204356, 26.044340723453907), (55.99844448765313, 25.97432905484247), (56.06844254326268, 25.97432905484247)
Associated file(s): api_response_2024-02-11_21-39-08.json

Record time: 2024-02-12T02:33:34Z
Event time: N/A
Status: UnableToPredict
Travel distance: N/A
Waypoints: 
Associated file(s): api_response_2024-02-12_10-41-07.json, api_response_2024-02-12_09-00-52.json, api_response_2024-02-12_11-01-10.json, api_response_2024-02-12_08-40-49.json, api_response_2024-02-12_10-01-02.json, api_response_2024-02-12_09-40-58.json, api_response_2024-02-12_10-21-04.json, api_response_2024-02-12_07-40-40.json, api_response_2024-02-12_09-20-55.json, api_response_2024-02-12_08-20-46.json, api_response_2024-02-12_07-20-37.json, api_response_2024-02-12_08-00-43.json, api_response_2024-02-12_07-00-33.json

Record time: 2024-02-12T06:57:57Z
Event time: 2024-02-12T06:57:57Z
Status: Arrived
Travel distance: N/A
Waypoints: 
Associated file(s): api_response_2024-02-12_11-21-13.json, api_response_2024-02-12_22-42-57.json, api_response_2024-02-12_16-21-59.json, api_response_2024-02-12_14-01-37.json, api_response_2024-02-12_18-42-20.json, api_response_2024-02-12_18-02-14.json, api_response_2024-02-12_20-02-32.json, api_response_2024-02-12_19-42-29.json, api_response_2024-02-12_12-01-19.json, api_response_2024-02-12_16-42-02.json, api_response_2024-02-12_17-42-11.json, api_response_2024-02-12_21-22-44.json, api_response_2024-02-12_17-02-05.json, api_response_2024-02-12_21-02-41.json, api_response_2024-02-12_14-41-43.json, api_response_2024-02-12_18-22-17.json, api_response_2024-02-12_16-01-56.json, api_response_2024-02-12_13-41-34.json, api_response_2024-02-12_21-42-48.json, api_response_2024-02-12_15-21-50.json, api_response_2024-02-12_22-02-51.json, api_response_2024-02-12_19-02-23.json, api_response_2024-02-12_22-22-54.json, api_response_2024-02-12_12-41-25.json, api_response_2024-02-12_12-21-22.json, api_response_2024-02-12_13-21-31.json, api_response_2024-02-12_19-22-26.json, api_response_2024-02-12_17-22-08.json, api_response_2024-02-12_14-21-40.json, api_response_2024-02-12_20-42-39.json, api_response_2024-02-12_20-22-35.json, api_response_2024-02-12_11-41-16.json, api_response_2024-02-12_15-41-53.json, api_response_2024-02-12_13-01-28.json, api_response_2024-02-12_15-01-46.json
