Record time: 2023-11-17T14:29:26Z
Event time: 2023-11-18T10:30:14Z
Status: Underway
Travel distance: 253.5377969762419
Waypoints: (51.79856115107914, 25.271912339040764), (51.86855920668872, 25.337988867363073), (51.938557262298296, 25.37144805770146), (52.00855531790786, 25.408571596695822), (52.07855337351744, 25.464398298161036), (52.148551429127004, 25.53958447383436), (52.21854948473658, 25.626248008747517), (52.288547540346144, 25.712796141223517), (52.35854559595571, 25.787736947498168), (52.428543648875475, 25.842474529640462), (52.49854170448145, 25.87401323608319), (52.568539760087425, 25.883976398830825), (52.6385378156934, 25.874793551894296), (52.708535871299375, 25.86223687572616), (52.778533926905354, 25.85881969561616), (52.848531982511325, 25.87167228864986), (52.91853003811731, 25.900240517512135), (52.98852809372327, 25.93622363140074), (53.058526149329246, 25.9666220212596), (53.12852420493523, 25.98101451288672), (53.198522260541196, 25.984433577817523), (53.268520316147175, 25.98407546186556), (53.33851837175316, 25.969918572838413), (53.40851642735913, 25.96874621430095), (53.47851448296509, 25.97365617248438), (53.54851253857108, 25.976123402911288), (53.618510594177046, 25.9743290535099), (53.688508649783024, 25.9743290535099), (53.758506705388996, 25.9743290535099), (53.828504760994974, 25.9743290535099), (53.89850281660096, 25.9743290535099), (53.96850087220693, 25.9743290535099), (54.038498927812924, 25.9743290535099), (54.10849698341888, 25.972534704108508), (54.17849503902486, 25.976796283936814), (54.24849309463083, 25.977444662291937), (54.31849115023681, 25.973829575997957), (54.38848920584279, 25.96934370249448), (54.45848726144877, 25.968063909171427), (54.528485317054745, 25.970966533203086), (54.59848337266071, 25.986495571772476), (54.668481428266695, 26.003398644704912), (54.73847948387265, 26.017887262192822), (54.80847753947863, 26.02965608326665), (54.8784755950846, 26.04143809808608), (54.94847365069058, 26.048364814525275), (55.018471706296545, 26.05344252175988), (55.08846976190252, 26.066383701371176), (55.15846781750851, 26.09144050908346), (55.22846587311449, 26.11901920702584), (55.29846392872046, 26.129958706947768), (55.36846198432644, 26.106328708580925), (55.43846003993242, 26.066851136929515), (55.5084580983862, 26.047141190198378), (55.57845615399576, 26.034574541614095), (55.648454209605326, 26.032127153209657), (55.718452265214886, 26.03980262327932), (55.78845032082445, 26.053909358939187), (55.85844837643401, 26.06651322416689), (55.92844643204357, 26.06506566465783), (55.998444487653124, 26.032207309497796), (56.06844254326265, 25.945747049652102)
Associated file(s): api_response_2023-11-17_18-40-11.json, api_response_2023-11-17_19-20-19.json, api_response_2023-11-17_19-00-15.json

Record time: 2023-11-17T15:20:48Z
Event time: 2023-11-18T11:38:38.166Z
Status: Underway
Travel distance: 255.39416846652267
Waypoints: (51.8685592066887, 25.412600983736507), (51.938557262298296, 25.486810536656602), (52.00855531790787, 25.556178498983833), (52.07855337351743, 25.623449341150177), (52.14855142912699, 25.691144182322823), (52.218549484736556, 25.76097291479669), (52.28854754034613, 25.833439711001), (52.358545595955704, 25.907641913119964), (52.42854365156528, 25.981262305327473), (52.49854170448145, 26.050754767299406), (52.568539760087425, 26.11468223436555), (52.6385378156934, 26.163225794063894), (52.708535871299375, 26.19045956979992), (52.778533926905354, 26.19725623360393), (52.848531982511325, 26.18195337353051), (52.91853003811731, 26.154523576431302), (52.98852809372327, 26.13440122957285), (53.058526149329246, 26.125748017281058), (53.12852420493523, 26.123361834148533), (53.198522260541196, 26.117714911032394), (53.268520316147175, 26.101235922779914), (53.33851837175316, 26.078199642965), (53.40851642735913, 26.047456330899777), (53.47851448296509, 26.012449554185455), (53.54851253857108, 25.98066582103876), (53.618510594177046, 25.96649573826601), (53.688508649783024, 25.96307855815601), (53.758506705388996, 25.968844224982536), (53.828504760994974, 25.976945184779996), (53.89850281660096, 25.97991189271885), (53.96850087220693, 25.97500193453542), (54.038498927812924, 25.972534704108508), (54.10849698341888, 25.972534704108508), (54.17849503902486, 25.976796283936814), (54.24849309463083, 25.977444662291937), (54.31849115023681, 25.973829575997957), (54.38848920584279, 25.96934370249448), (54.45848726144877, 25.968063909171427), (54.528485317054745, 25.970966533203086), (54.59848337266071, 25.986495571772476), (54.668481428266695, 26.003398644704912), (54.73847948387265, 26.017887262192822), (54.80847753947863, 26.02965608326665), (54.8784755950846, 26.04143809808608), (54.94847365069058, 26.048364814525275), (55.018471706296545, 26.05344252175988), (55.08846976190252, 26.066383701371176), (55.15846781750851, 26.09144050908346), (55.22846587311449, 26.11901920702584), (55.29846392872046, 26.129958706947768), (55.36846198432644, 26.106328708580925), (55.43846003993242, 26.066851136929515), (55.5084580983862, 26.047141190198378), (55.57845615399576, 26.034574541614095), (55.648454209605326, 26.032127153209657), (55.718452265214886, 26.03980262327932), (55.78845032082445, 26.053909358939187), (55.85844837643401, 26.06651322416689), (55.92844643204357, 26.06506566465783), (55.998444487653124, 26.032207309497796), (56.06844254326265, 25.945747049652102)
Associated file(s): api_response_2023-11-17_19-40-22.json

Record time: 2023-11-17T15:35:57Z
Event time: 2023-11-18T12:17:15.142Z
Status: Underway
Travel distance: 255.39416846652267
Waypoints: (51.8685592066887, 25.412600983736507), (51.938557262298296, 25.486810536656602), (52.00855531790787, 25.556178498983833), (52.07855337351743, 25.623449341150177), (52.14855142912699, 25.691144182322823), (52.218549484736556, 25.76097291479669), (52.28854754034613, 25.833439711001), (52.358545595955704, 25.907641913119964), (52.42854365156528, 25.981262305327473), (52.49854170448145, 26.050754767299406), (52.568539760087425, 26.11468223436555), (52.6385378156934, 26.163225794063894), (52.708535871299375, 26.19045956979992), (52.778533926905354, 26.19725623360393), (52.848531982511325, 26.18195337353051), (52.91853003811731, 26.154523576431302), (52.98852809372327, 26.13440122957285), (53.058526149329246, 26.125748017281058), (53.12852420493523, 26.123361834148533), (53.198522260541196, 26.117714911032394), (53.268520316147175, 26.101235922779914), (53.33851837175316, 26.078199642965), (53.40851642735913, 26.047456330899777), (53.47851448296509, 26.012449554185455), (53.54851253857108, 25.98066582103876), (53.618510594177046, 25.96649573826601), (53.688508649783024, 25.96307855815601), (53.758506705388996, 25.968844224982536), (53.828504760994974, 25.976945184779996), (53.89850281660096, 25.97991189271885), (53.96850087220693, 25.97500193453542), (54.038498927812924, 25.972534704108508), (54.10849698341888, 25.972534704108508), (54.17849503902486, 25.976796283936814), (54.24849309463083, 25.977444662291937), (54.31849115023681, 25.973829575997957), (54.38848920584279, 25.96934370249448), (54.45848726144877, 25.968063909171427), (54.528485317054745, 25.970966533203086), (54.59848337266071, 25.986495571772476), (54.668481428266695, 26.003398644704912), (54.73847948387265, 26.017887262192822), (54.80847753947863, 26.02965608326665), (54.8784755950846, 26.04143809808608), (54.94847365069058, 26.048364814525275), (55.018471706296545, 26.05344252175988), (55.08846976190252, 26.066383701371176), (55.15846781750851, 26.09144050908346), (55.22846587311449, 26.11901920702584), (55.29846392872046, 26.129958706947768), (55.36846198432644, 26.106328708580925), (55.43846003993242, 26.066851136929515), (55.5084580983862, 26.047141190198378), (55.57845615399576, 26.034574541614095), (55.648454209605326, 26.032127153209657), (55.718452265214886, 26.03980262327932), (55.78845032082445, 26.053909358939187), (55.85844837643401, 26.06651322416689), (55.92844643204357, 26.06506566465783), (55.998444487653124, 26.032207309497796), (56.06844254326265, 25.945747049652102)
Associated file(s): api_response_2023-11-17_20-00-25.json
