MMSI: 314712000
Record time: 2023-10-30T21:15:37Z
Event time: 2023-11-01T13:21:48.916Z
Status: Underway
Travel distance: 364.627969762419
Num waypoints: 81
Waypoints: (50.46859809449738, 28.494749124854135), (50.53859615010696, 28.42473745624272), (50.60859420571653, 28.35472578763129), (50.67859226132609, 28.28471411901985), (50.74859031693565, 28.214702450408407), (50.818588372545214, 28.14469078179697), (50.88858642815479, 28.074679113185535), (50.95858448376436, 28.004667444574107), (51.028582539373936, 27.934655775962675), (51.09858059236195, 27.86464410592167), (51.16857864796792, 27.794632437313826), (51.2385767035739, 27.724620768705986), (51.308574759179876, 27.652814750696745), (51.37857281478584, 27.58527031251582), (51.448570870391826, 27.51837425269001), (51.5185689259978, 27.44965745597161), (51.58856698160376, 27.370398856520055), (51.658565037209755, 27.29347366521862), (51.728563092815726, 27.22550891199933), (51.79856114842171, 27.171476754132026), (51.86855920402767, 27.12443728143191), (51.93855725963364, 27.09493229663215), (52.00855531523963, 27.07331905652107), (52.0785533708456, 27.06426437739892), (52.14855142645157, 27.05305911774423), (52.21854948205756, 27.04272464529903), (52.288547537663526, 27.02311685451892), (52.358545593269504, 26.993928519613515), (52.428543648875475, 26.96941077064997), (52.49854170448145, 26.942324010936332), (52.568539760087425, 26.91221211383904), (52.6385378156934, 26.87208804865331), (52.708535871299375, 26.823346582770984), (52.778533926905354, 26.787193835010395), (52.848531982511325, 26.74739961346463), (52.91853003811731, 26.703564336124142), (52.98852809372327, 26.655708736017722), (53.058526149329246, 26.62055494328101), (53.12852420493523, 26.57962794443458), (53.198522260541196, 26.53886680981853), (53.268520316147175, 26.48946565665629), (53.33851837175316, 26.438956228863766), (53.40851642735913, 26.385674229674773), (53.47851448296509, 26.337475592182788), (53.54851253857108, 26.288562607607687), (53.618510594177046, 26.229243527397), (53.688508649783024, 26.16899711535282), (53.758506705388996, 26.103275298885276), (53.828504760994974, 26.04830826990128), (53.89850281660096, 26.007232370211664), (53.96850087220693, 25.974998164893822), (54.038498927812924, 25.961683790764173), (54.10849698341888, 25.962105990623325), (54.17849503902486, 25.976894294618404), (54.24849309463083, 25.980733674587555), (54.31849115023681, 25.97761806580552), (54.38848920584279, 25.970016583520003), (54.45848726144877, 25.966269559770033), (54.528485317054745, 25.970966533203086), (54.59848337266071, 25.986495571772476), (54.668481428266695, 26.003398644704912), (54.73847948387265, 26.017887262192822), (54.80847753947863, 26.02965608326665), (54.8784755950846, 26.04143809808608), (54.94847365069058, 26.048364814525275), (55.018471706296545, 26.05344252175988), (55.08846976190252, 26.066383701371176), (55.15846781750851, 26.09144050908346), (55.22846587311449, 26.11901920702584), (55.29846392872046, 26.129958706947768), (55.36846198432644, 26.106328708580925), (55.43846003993242, 26.066851136929515), (55.5084580983862, 26.047141190198378), (55.57845615399576, 26.034574541614095), (55.648454209605326, 26.032127153209657), (55.718452265214886, 26.03980262327932), (55.78845032082445, 26.053909358939187), (55.85844837643401, 26.06651322416689), (55.92844643204357, 26.06506566465783), (55.998444487653124, 26.032207309497796), (56.06844254326265, 25.945747049652102)
Day of Week: Monday

MMSI: 314712000
Record time: 2023-10-30T21:37:08Z
Event time: 2023-11-01T14:23:45.750Z
Status: Underway
Travel distance: 361.14092872570194
Num waypoints: 80
Waypoints: (50.5385961501069, 28.494749124854135), (50.6085942057165, 28.42473745624272), (50.67859226132608, 28.35472578763129), (50.74859031693565, 28.28471411901985), (50.818588372545214, 28.214702450408407), (50.88858642815478, 28.14469078179697), (50.958584483764355, 28.074679113185535), (51.02858253937392, 28.004667444574107), (51.098580594983495, 27.934655775962675), (51.16857864796792, 27.86464410592167), (51.2385767035739, 27.794632437313826), (51.308574759179876, 27.724620768705986), (51.37857281478584, 27.652814750696745), (51.448570870391826, 27.58527031251582), (51.5185689259978, 27.520168602091402), (51.58856698160376, 27.44539587614331), (51.658565037209755, 27.36975047816493), (51.728563092815726, 27.297088751512597), (51.79856114842171, 27.231789134904197), (51.86855920402767, 27.168494967626774), (51.93855725963364, 27.120886279045124), (52.00855531523963, 27.08301834435674), (52.0785533708456, 27.062696206493506), (52.14855142645157, 27.04679397340576), (52.21854948205756, 27.03773929428361), (52.288547537663526, 27.022617377006977), (52.358545593269504, 26.997044128395554), (52.428543648875475, 26.971878001076885), (52.49854170448145, 26.94052966153494), (52.568539760087425, 26.91221211383904), (52.6385378156934, 26.87208804865331), (52.708535871299375, 26.823346582770984), (52.778533926905354, 26.787193835010395), (52.848531982511325, 26.74739961346463), (52.91853003811731, 26.703564336124142), (52.98852809372327, 26.655708736017722), (53.058526149329246, 26.62055494328101), (53.12852420493523, 26.57962794443458), (53.198522260541196, 26.53886680981853), (53.268520316147175, 26.48946565665629), (53.33851837175316, 26.438956228863766), (53.40851642735913, 26.385674229674773), (53.47851448296509, 26.337475592182788), (53.54851253857108, 26.288562607607687), (53.618510594177046, 26.229243527397), (53.688508649783024, 26.16899711535282), (53.758506705388996, 26.103275298885276), (53.828504760994974, 26.04830826990128), (53.89850281660096, 26.007232370211664), (53.96850087220693, 25.974998164893822), (54.038498927812924, 25.961683790764173), (54.10849698341888, 25.962105990623325), (54.17849503902486, 25.976894294618404), (54.24849309463083, 25.980733674587555), (54.31849115023681, 25.97761806580552), (54.38848920584279, 25.970016583520003), (54.45848726144877, 25.966269559770033), (54.528485317054745, 25.970966533203086), (54.59848337266071, 25.986495571772476), (54.668481428266695, 26.003398644704912), (54.73847948387265, 26.017887262192822), (54.80847753947863, 26.02965608326665), (54.8784755950846, 26.04143809808608), (54.94847365069058, 26.048364814525275), (55.018471706296545, 26.05344252175988), (55.08846976190252, 26.066383701371176), (55.15846781750851, 26.09144050908346), (55.22846587311449, 26.11901920702584), (55.29846392872046, 26.129958706947768), (55.36846198432644, 26.106328708580925), (55.43846003993242, 26.066851136929515), (55.5084580983862, 26.047141190198378), (55.57845615399576, 26.034574541614095), (55.648454209605326, 26.032127153209657), (55.718452265214886, 26.03980262327932), (55.78845032082445, 26.053909358939187), (55.85844837643401, 26.06651322416689), (55.92844643204357, 26.06506566465783), (55.998444487653124, 26.032207309497796), (56.06844254326265, 25.945747049652102)
Day of Week: Monday

MMSI: 314712000
Record time: 2023-10-30T21:59:06Z
Event time: 2023-11-01T15:26:25.666Z
Status: Underway
Travel distance: 359.0296976241901
Num waypoints: 80
Waypoints: (50.5385961501069, 28.424737456242713), (50.6085942057165, 28.354725787631285), (50.67859226132608, 28.284714119019846), (50.74859031693565, 28.214702450408407), (50.818588372545214, 28.14469078179697), (50.88858642815478, 28.07467911318554), (50.958584483764355, 28.004667444574107), (51.02858253937392, 27.934655775962675), (51.098580594983495, 27.864644107351246), (51.16857864796792, 27.794632437313826), (51.2385767035739, 27.724620768705986), (51.308574759179876, 27.652814750696745), (51.37857281478584, 27.58527031251582), (51.448570870391826, 27.51837425269001), (51.5185689259978, 27.44965745597161), (51.58856698160376, 27.370398856520055), (51.658565037209755, 27.29347366521862), (51.728563092815726, 27.22550891199933), (51.79856114842171, 27.171476754132026), (51.86855920402767, 27.12443728143191), (51.93855725963364, 27.09493229663215), (52.00855531523963, 27.07331905652107), (52.0785533708456, 27.06426437739892), (52.14855142645157, 27.05305911774423), (52.21854948205756, 27.04272464529903), (52.288547537663526, 27.02311685451892), (52.358545593269504, 26.993928519613515), (52.428543648875475, 26.96941077064997), (52.49854170448145, 26.942324010936332), (52.568539760087425, 26.91221211383904), (52.6385378156934, 26.87208804865331), (52.708535871299375, 26.823346582770984), (52.778533926905354, 26.787193835010395), (52.848531982511325, 26.74739961346463), (52.91853003811731, 26.703564336124142), (52.98852809372327, 26.655708736017722), (53.058526149329246, 26.62055494328101), (53.12852420493523, 26.57962794443458), (53.198522260541196, 26.53886680981853), (53.268520316147175, 26.48946565665629), (53.33851837175316, 26.438956228863766), (53.40851642735913, 26.385674229674773), (53.47851448296509, 26.337475592182788), (53.54851253857108, 26.288562607607687), (53.618510594177046, 26.229243527397), (53.688508649783024, 26.16899711535282), (53.758506705388996, 26.103275298885276), (53.828504760994974, 26.04830826990128), (53.89850281660096, 26.007232370211664), (53.96850087220693, 25.974998164893822), (54.038498927812924, 25.961683790764173), (54.10849698341888, 25.962105990623325), (54.17849503902486, 25.976894294618404), (54.24849309463083, 25.980733674587555), (54.31849115023681, 25.97761806580552), (54.38848920584279, 25.970016583520003), (54.45848726144877, 25.966269559770033), (54.528485317054745, 25.970966533203086), (54.59848337266071, 25.986495571772476), (54.668481428266695, 26.003398644704912), (54.73847948387265, 26.017887262192822), (54.80847753947863, 26.02965608326665), (54.8784755950846, 26.04143809808608), (54.94847365069058, 26.048364814525275), (55.018471706296545, 26.05344252175988), (55.08846976190252, 26.066383701371176), (55.15846781750851, 26.09144050908346), (55.22846587311449, 26.11901920702584), (55.29846392872046, 26.129958706947768), (55.36846198432644, 26.106328708580925), (55.43846003993242, 26.066851136929515), (55.5084580983862, 26.047141190198378), (55.57845615399576, 26.034574541614095), (55.648454209605326, 26.032127153209657), (55.718452265214886, 26.03980262327932), (55.78845032082445, 26.053909358939187), (55.85844837643401, 26.06651322416689), (55.92844643204357, 26.06506566465783), (55.998444487653124, 26.032207309497796), (56.06844254326265, 25.945747049652102)
Day of Week: Monday

MMSI: 314712000
Record time: 2023-10-30T22:12:26Z
Event time: 2023-11-01T15:57:25.583Z
Status: Underway
Travel distance: 359.0296976241901
Num waypoints: 80
Waypoints: (50.5385961501069, 28.424737456242713), (50.6085942057165, 28.354725787631285), (50.67859226132608, 28.284714119019846), (50.74859031693565, 28.214702450408407), (50.818588372545214, 28.14469078179697), (50.88858642815478, 28.07467911318554), (50.958584483764355, 28.004667444574107), (51.02858253937392, 27.934655775962675), (51.098580594983495, 27.864644107351246), (51.16857864796792, 27.794632437313826), (51.2385767035739, 27.724620768705986), (51.308574759179876, 27.652814750696745), (51.37857281478584, 27.58527031251582), (51.448570870391826, 27.51837425269001), (51.5185689259978, 27.44965745597161), (51.58856698160376, 27.370398856520055), (51.658565037209755, 27.29347366521862), (51.728563092815726, 27.22550891199933), (51.79856114842171, 27.171476754132026), (51.86855920402767, 27.12443728143191), (51.93855725963364, 27.09493229663215), (52.00855531523963, 27.07331905652107), (52.0785533708456, 27.06426437739892), (52.14855142645157, 27.05305911774423), (52.21854948205756, 27.04272464529903), (52.288547537663526, 27.02311685451892), (52.358545593269504, 26.993928519613515), (52.428543648875475, 26.96941077064997), (52.49854170448145, 26.942324010936332), (52.568539760087425, 26.91221211383904), (52.6385378156934, 26.87208804865331), (52.708535871299375, 26.823346582770984), (52.778533926905354, 26.787193835010395), (52.848531982511325, 26.74739961346463), (52.91853003811731, 26.703564336124142), (52.98852809372327, 26.655708736017722), (53.058526149329246, 26.62055494328101), (53.12852420493523, 26.57962794443458), (53.198522260541196, 26.53886680981853), (53.268520316147175, 26.48946565665629), (53.33851837175316, 26.438956228863766), (53.40851642735913, 26.385674229674773), (53.47851448296509, 26.337475592182788), (53.54851253857108, 26.288562607607687), (53.618510594177046, 26.229243527397), (53.688508649783024, 26.16899711535282), (53.758506705388996, 26.103275298885276), (53.828504760994974, 26.04830826990128), (53.89850281660096, 26.007232370211664), (53.96850087220693, 25.974998164893822), (54.038498927812924, 25.961683790764173), (54.10849698341888, 25.962105990623325), (54.17849503902486, 25.976894294618404), (54.24849309463083, 25.980733674587555), (54.31849115023681, 25.97761806580552), (54.38848920584279, 25.970016583520003), (54.45848726144877, 25.966269559770033), (54.528485317054745, 25.970966533203086), (54.59848337266071, 25.986495571772476), (54.668481428266695, 26.003398644704912), (54.73847948387265, 26.017887262192822), (54.80847753947863, 26.02965608326665), (54.8784755950846, 26.04143809808608), (54.94847365069058, 26.048364814525275), (55.018471706296545, 26.05344252175988), (55.08846976190252, 26.066383701371176), (55.15846781750851, 26.09144050908346), (55.22846587311449, 26.11901920702584), (55.29846392872046, 26.129958706947768), (55.36846198432644, 26.106328708580925), (55.43846003993242, 26.066851136929515), (55.5084580983862, 26.047141190198378), (55.57845615399576, 26.034574541614095), (55.648454209605326, 26.032127153209657), (55.718452265214886, 26.03980262327932), (55.78845032082445, 26.053909358939187), (55.85844837643401, 26.06651322416689), (55.92844643204357, 26.06506566465783), (55.998444487653124, 26.032207309497796), (56.06844254326265, 25.945747049652102)
Day of Week: Monday

MMSI: 314712000
Record time: 2023-10-30T22:37:15Z
Event time: 2023-11-01T17:02:32.666Z
Status: Underway
Travel distance: 355.542656587473
Num waypoints: 79
Waypoints: (50.608594205716535, 28.424737456242713), (50.67859226132611, 28.354725787631285), (50.748590316935676, 28.284714119019846), (50.81858837254524, 28.214702450408407), (50.88858642815481, 28.14469078179697), (50.958584483764376, 28.07467911318554), (51.02858253937395, 28.004667444574107), (51.098580594983524, 27.934655775962675), (51.16857865059309, 27.864644107351246), (51.2385767035739, 27.794632437313826), (51.308574759179876, 27.724620768705986), (51.37857281478584, 27.652814750696745), (51.448570870391826, 27.58527031251582), (51.5185689259978, 27.520168602091402), (51.58856698160376, 27.44539587614331), (51.658565037209755, 27.36975047816493), (51.728563092815726, 27.297088751512597), (51.79856114842171, 27.231789134904197), (51.86855920402767, 27.168494967626774), (51.93855725963364, 27.120886279045124), (52.00855531523963, 27.08301834435674), (52.0785533708456, 27.062696206493506), (52.14855142645157, 27.04679397340576), (52.21854948205756, 27.03773929428361), (52.288547537663526, 27.022617377006977), (52.358545593269504, 26.997044128395554), (52.428543648875475, 26.971878001076885), (52.49854170448145, 26.94052966153494), (52.568539760087425, 26.91221211383904), (52.6385378156934, 26.87208804865331), (52.708535871299375, 26.823346582770984), (52.778533926905354, 26.787193835010395), (52.848531982511325, 26.74739961346463), (52.91853003811731, 26.703564336124142), (52.98852809372327, 26.655708736017722), (53.058526149329246, 26.62055494328101), (53.12852420493523, 26.57962794443458), (53.198522260541196, 26.53886680981853), (53.268520316147175, 26.48946565665629), (53.33851837175316, 26.438956228863766), (53.40851642735913, 26.385674229674773), (53.47851448296509, 26.337475592182788), (53.54851253857108, 26.288562607607687), (53.618510594177046, 26.229243527397), (53.688508649783024, 26.16899711535282), (53.758506705388996, 26.103275298885276), (53.828504760994974, 26.04830826990128), (53.89850281660096, 26.007232370211664), (53.96850087220693, 25.974998164893822), (54.038498927812924, 25.961683790764173), (54.10849698341888, 25.962105990623325), (54.17849503902486, 25.976894294618404), (54.24849309463083, 25.980733674587555), (54.31849115023681, 25.97761806580552), (54.38848920584279, 25.970016583520003), (54.45848726144877, 25.966269559770033), (54.528485317054745, 25.970966533203086), (54.59848337266071, 25.986495571772476), (54.668481428266695, 26.003398644704912), (54.73847948387265, 26.017887262192822), (54.80847753947863, 26.02965608326665), (54.8784755950846, 26.04143809808608), (54.94847365069058, 26.048364814525275), (55.018471706296545, 26.05344252175988), (55.08846976190252, 26.066383701371176), (55.15846781750851, 26.09144050908346), (55.22846587311449, 26.11901920702584), (55.29846392872046, 26.129958706947768), (55.36846198432644, 26.106328708580925), (55.43846003993242, 26.066851136929515), (55.5084580983862, 26.047141190198378), (55.57845615399576, 26.034574541614095), (55.648454209605326, 26.032127153209657), (55.718452265214886, 26.03980262327932), (55.78845032082445, 26.053909358939187), (55.85844837643401, 26.06651322416689), (55.92844643204357, 26.06506566465783), (55.998444487653124, 26.032207309497796), (56.06844254326265, 25.945747049652102)
Day of Week: Monday

MMSI: 314712000
Record time: 2023-10-30T22:49:17Z
Event time: 2023-11-01T17:33:56.833Z
Status: Underway
Travel distance: 353.4298056155508
Num waypoints: 79
Waypoints: (50.608594205716535, 28.35472578763129), (50.67859226132611, 28.28471411901983), (50.748590316935676, 28.214702450408392), (50.81858837254524, 28.144690781796964), (50.88858642815481, 28.074679113185535), (50.958584483764376, 28.004667444574107), (51.02858253937395, 27.934655775962675), (51.098580594983524, 27.86464410735124), (51.16857865059309, 27.7946324387398), (51.2385767035739, 27.724620768705986), (51.308574759179876, 27.652814750696745), (51.37857281478584, 27.58527031251582), (51.448570870391826, 27.51837425269001), (51.5185689259978, 27.44965745597161), (51.58856698160376, 27.370398856520055), (51.658565037209755, 27.29347366521862), (51.728563092815726, 27.22550891199933), (51.79856114842171, 27.171476754132026), (51.86855920402767, 27.12443728143191), (51.93855725963364, 27.09493229663215), (52.00855531523963, 27.07331905652107), (52.0785533708456, 27.06426437739892), (52.14855142645157, 27.05305911774423), (52.21854948205756, 27.04272464529903), (52.288547537663526, 27.02311685451892), (52.358545593269504, 26.993928519613515), (52.428543648875475, 26.96941077064997), (52.49854170448145, 26.942324010936332), (52.568539760087425, 26.91221211383904), (52.6385378156934, 26.87208804865331), (52.708535871299375, 26.823346582770984), (52.778533926905354, 26.787193835010395), (52.848531982511325, 26.74739961346463), (52.91853003811731, 26.703564336124142), (52.98852809372327, 26.655708736017722), (53.058526149329246, 26.62055494328101), (53.12852420493523, 26.57962794443458), (53.198522260541196, 26.53886680981853), (53.268520316147175, 26.48946565665629), (53.33851837175316, 26.438956228863766), (53.40851642735913, 26.385674229674773), (53.47851448296509, 26.337475592182788), (53.54851253857108, 26.288562607607687), (53.618510594177046, 26.229243527397), (53.688508649783024, 26.16899711535282), (53.758506705388996, 26.103275298885276), (53.828504760994974, 26.04830826990128), (53.89850281660096, 26.007232370211664), (53.96850087220693, 25.974998164893822), (54.038498927812924, 25.961683790764173), (54.10849698341888, 25.962105990623325), (54.17849503902486, 25.976894294618404), (54.24849309463083, 25.980733674587555), (54.31849115023681, 25.97761806580552), (54.38848920584279, 25.970016583520003), (54.45848726144877, 25.966269559770033), (54.528485317054745, 25.970966533203086), (54.59848337266071, 25.986495571772476), (54.668481428266695, 26.003398644704912), (54.73847948387265, 26.017887262192822), (54.80847753947863, 26.02965608326665), (54.8784755950846, 26.04143809808608), (54.94847365069058, 26.048364814525275), (55.018471706296545, 26.05344252175988), (55.08846976190252, 26.066383701371176), (55.15846781750851, 26.09144050908346), (55.22846587311449, 26.11901920702584), (55.29846392872046, 26.129958706947768), (55.36846198432644, 26.106328708580925), (55.43846003993242, 26.066851136929515), (55.5084580983862, 26.047141190198378), (55.57845615399576, 26.034574541614095), (55.648454209605326, 26.032127153209657), (55.718452265214886, 26.03980262327932), (55.78845032082445, 26.053909358939187), (55.85844837643401, 26.06651322416689), (55.92844643204357, 26.06506566465783), (55.998444487653124, 26.032207309497796), (56.06844254326265, 25.945747049652102)
Day of Week: Monday

MMSI: 314712000
Record time: 2023-10-30T23:14:06Z
Event time: 2023-11-01T18:37:59Z
Status: Underway
Travel distance: 353.4298056155508
Num waypoints: 79
Waypoints: (50.608594205716535, 28.35472578763129), (50.67859226132611, 28.28471411901983), (50.748590316935676, 28.214702450408392), (50.81858837254524, 28.144690781796964), (50.88858642815481, 28.074679113185535), (50.958584483764376, 28.004667444574107), (51.02858253937395, 27.934655775962675), (51.098580594983524, 27.86464410735124), (51.16857865059309, 27.7946324387398), (51.2385767035739, 27.724620768705986), (51.308574759179876, 27.652814750696745), (51.37857281478584, 27.58527031251582), (51.448570870391826, 27.51837425269001), (51.5185689259978, 27.44965745597161), (51.58856698160376, 27.370398856520055), (51.658565037209755, 27.29347366521862), (51.728563092815726, 27.22550891199933), (51.79856114842171, 27.171476754132026), (51.86855920402767, 27.12443728143191), (51.93855725963364, 27.09493229663215), (52.00855531523963, 27.07331905652107), (52.0785533708456, 27.06426437739892), (52.14855142645157, 27.05305911774423), (52.21854948205756, 27.04272464529903), (52.288547537663526, 27.02311685451892), (52.358545593269504, 26.993928519613515), (52.428543648875475, 26.96941077064997), (52.49854170448145, 26.942324010936332), (52.568539760087425, 26.91221211383904), (52.6385378156934, 26.87208804865331), (52.708535871299375, 26.823346582770984), (52.778533926905354, 26.787193835010395), (52.848531982511325, 26.74739961346463), (52.91853003811731, 26.703564336124142), (52.98852809372327, 26.655708736017722), (53.058526149329246, 26.62055494328101), (53.12852420493523, 26.57962794443458), (53.198522260541196, 26.53886680981853), (53.268520316147175, 26.48946565665629), (53.33851837175316, 26.438956228863766), (53.40851642735913, 26.385674229674773), (53.47851448296509, 26.337475592182788), (53.54851253857108, 26.288562607607687), (53.618510594177046, 26.229243527397), (53.688508649783024, 26.16899711535282), (53.758506705388996, 26.103275298885276), (53.828504760994974, 26.04830826990128), (53.89850281660096, 26.007232370211664), (53.96850087220693, 25.974998164893822), (54.038498927812924, 25.961683790764173), (54.10849698341888, 25.962105990623325), (54.17849503902486, 25.976894294618404), (54.24849309463083, 25.980733674587555), (54.31849115023681, 25.97761806580552), (54.38848920584279, 25.970016583520003), (54.45848726144877, 25.966269559770033), (54.528485317054745, 25.970966533203086), (54.59848337266071, 25.986495571772476), (54.668481428266695, 26.003398644704912), (54.73847948387265, 26.017887262192822), (54.80847753947863, 26.02965608326665), (54.8784755950846, 26.04143809808608), (54.94847365069058, 26.048364814525275), (55.018471706296545, 26.05344252175988), (55.08846976190252, 26.066383701371176), (55.15846781750851, 26.09144050908346), (55.22846587311449, 26.11901920702584), (55.29846392872046, 26.129958706947768), (55.36846198432644, 26.106328708580925), (55.43846003993242, 26.066851136929515), (55.5084580983862, 26.047141190198378), (55.57845615399576, 26.034574541614095), (55.648454209605326, 26.032127153209657), (55.718452265214886, 26.03980262327932), (55.78845032082445, 26.053909358939187), (55.85844837643401, 26.06651322416689), (55.92844643204357, 26.06506566465783), (55.998444487653124, 26.032207309497796), (56.06844254326265, 25.945747049652102)
Day of Week: Monday

MMSI: 314712000
Record time: 2023-10-30T23:27:06Z
Event time: 2023-11-01T19:10:17.250Z
Status: Underway
Travel distance: 349.9427645788337
Num waypoints: 78
Waypoints: (50.67859226132608, 28.35472578763129), (50.748590316935655, 28.28471411901983), (50.818588372545214, 28.214702450408392), (50.88858642815478, 28.144690781796964), (50.95858448376434, 28.074679113185535), (51.028582539373915, 28.004667444574107), (51.09858059498349, 27.934655775962675), (51.16857865059307, 27.86464410735124), (51.23857670620264, 27.7946324387398), (51.308574759179876, 27.724620768705986), (51.37857281478584, 27.652814750696745), (51.448570870391826, 27.58527031251582), (51.5185689259978, 27.520168602091402), (51.58856698160376, 27.44539587614331), (51.658565037209755, 27.36975047816493), (51.728563092815726, 27.297088751512597), (51.79856114842171, 27.231789134904197), (51.86855920402767, 27.168494967626774), (51.93855725963364, 27.120886279045124), (52.00855531523963, 27.08301834435674), (52.0785533708456, 27.062696206493506), (52.14855142645157, 27.04679397340576), (52.21854948205756, 27.03773929428361), (52.288547537663526, 27.022617377006977), (52.358545593269504, 26.997044128395554), (52.428543648875475, 26.971878001076885), (52.49854170448145, 26.94052966153494), (52.568539760087425, 26.91221211383904), (52.6385378156934, 26.87208804865331), (52.708535871299375, 26.823346582770984), (52.778533926905354, 26.787193835010395), (52.848531982511325, 26.74739961346463), (52.91853003811731, 26.703564336124142), (52.98852809372327, 26.655708736017722), (53.058526149329246, 26.62055494328101), (53.12852420493523, 26.57962794443458), (53.198522260541196, 26.53886680981853), (53.268520316147175, 26.48946565665629), (53.33851837175316, 26.438956228863766), (53.40851642735913, 26.385674229674773), (53.47851448296509, 26.337475592182788), (53.54851253857108, 26.288562607607687), (53.618510594177046, 26.229243527397), (53.688508649783024, 26.16899711535282), (53.758506705388996, 26.103275298885276), (53.828504760994974, 26.04830826990128), (53.89850281660096, 26.007232370211664), (53.96850087220693, 25.974998164893822), (54.038498927812924, 25.961683790764173), (54.10849698341888, 25.962105990623325), (54.17849503902486, 25.976894294618404), (54.24849309463083, 25.980733674587555), (54.31849115023681, 25.97761806580552), (54.38848920584279, 25.970016583520003), (54.45848726144877, 25.966269559770033), (54.528485317054745, 25.970966533203086), (54.59848337266071, 25.986495571772476), (54.668481428266695, 26.003398644704912), (54.73847948387265, 26.017887262192822), (54.80847753947863, 26.02965608326665), (54.8784755950846, 26.04143809808608), (54.94847365069058, 26.048364814525275), (55.018471706296545, 26.05344252175988), (55.08846976190252, 26.066383701371176), (55.15846781750851, 26.09144050908346), (55.22846587311449, 26.11901920702584), (55.29846392872046, 26.129958706947768), (55.36846198432644, 26.106328708580925), (55.43846003993242, 26.066851136929515), (55.5084580983862, 26.047141190198378), (55.57845615399576, 26.034574541614095), (55.648454209605326, 26.032127153209657), (55.718452265214886, 26.03980262327932), (55.78845032082445, 26.053909358939187), (55.85844837643401, 26.06651322416689), (55.92844643204357, 26.06506566465783), (55.998444487653124, 26.032207309497796), (56.06844254326265, 25.945747049652102)
Day of Week: Monday

MMSI: 314712000
Record time: 2023-10-31T02:28:16Z
Event time: 2023-11-01T19:31:45.416Z
Status: Underway
Travel distance: 330.8428725701944
Num waypoints: 75
Waypoints: (50.88858642815477, 28.069430641186194), (50.95858448376434, 28.014442376551717), (51.02858253937391, 27.93811982528341), (51.09858059498347, 27.859481771662455), (51.168578650593034, 27.786442578227533), (51.2385767062026, 27.719786141949317), (51.308574761812174, 27.656473377770087), (51.37857281742175, 27.592283229508517), (51.44857087303132, 27.523787208129626), (51.5185689259978, 27.44965745597161), (51.58856698160376, 27.370398856520055), (51.658565037209755, 27.29347366521862), (51.728563092815726, 27.22550891199933), (51.79856114842171, 27.171476754132026), (51.86855920402767, 27.12443728143191), (51.93855725963364, 27.09493229663215), (52.00855531523963, 27.07331905652107), (52.0785533708456, 27.06426437739892), (52.14855142645157, 27.05305911774423), (52.21854948205756, 27.04272464529903), (52.288547537663526, 27.02311685451892), (52.358545593269504, 26.993928519613515), (52.428543648875475, 26.96941077064997), (52.49854170448145, 26.942324010936332), (52.568539760087425, 26.91221211383904), (52.6385378156934, 26.87208804865331), (52.708535871299375, 26.823346582770984), (52.778533926905354, 26.787193835010395), (52.848531982511325, 26.74739961346463), (52.91853003811731, 26.703564336124142), (52.98852809372327, 26.655708736017722), (53.058526149329246, 26.62055494328101), (53.12852420493523, 26.57962794443458), (53.198522260541196, 26.53886680981853), (53.268520316147175, 26.48946565665629), (53.33851837175316, 26.438956228863766), (53.40851642735913, 26.385674229674773), (53.47851448296509, 26.337475592182788), (53.54851253857108, 26.288562607607687), (53.618510594177046, 26.229243527397), (53.688508649783024, 26.16899711535282), (53.758506705388996, 26.103275298885276), (53.828504760994974, 26.04830826990128), (53.89850281660096, 26.007232370211664), (53.96850087220693, 25.974998164893822), (54.038498927812924, 25.961683790764173), (54.10849698341888, 25.962105990623325), (54.17849503902486, 25.976894294618404), (54.24849309463083, 25.980733674587555), (54.31849115023681, 25.97761806580552), (54.38848920584279, 25.970016583520003), (54.45848726144877, 25.966269559770033), (54.528485317054745, 25.970966533203086), (54.59848337266071, 25.986495571772476), (54.668481428266695, 26.003398644704912), (54.73847948387265, 26.017887262192822), (54.80847753947863, 26.02965608326665), (54.8784755950846, 26.04143809808608), (54.94847365069058, 26.048364814525275), (55.018471706296545, 26.05344252175988), (55.08846976190252, 26.066383701371176), (55.15846781750851, 26.09144050908346), (55.22846587311449, 26.11901920702584), (55.29846392872046, 26.129958706947768), (55.36846198432644, 26.106328708580925), (55.43846003993242, 26.066851136929515), (55.5084580983862, 26.047141190198378), (55.57845615399576, 26.034574541614095), (55.648454209605326, 26.032127153209657), (55.718452265214886, 26.03980262327932), (55.78845032082445, 26.053909358939187), (55.85844837643401, 26.06651322416689), (55.92844643204357, 26.06506566465783), (55.998444487653124, 26.032207309497796), (56.06844254326265, 25.945747049652102)
Day of Week: Tuesday

MMSI: 314712000
Record time: 2023-10-31T05:30:06Z
Event time: 2023-11-01T19:48:38.307Z
Status: Underway
Travel distance: 312.5799136069115
Num waypoints: 72
Waypoints: (51.098580594983474, 27.800595155013873), (51.16857865059305, 27.71245647938064), (51.23857670620261, 27.65131529149546), (51.308574761812174, 27.592521990611214), (51.37857281742174, 27.52553485966787), (51.448570873031315, 27.44931450566797), (51.51856892864089, 27.368423223031286), (51.58856698425046, 27.289829279928636), (51.65856503986003, 27.220416127594838), (51.728563092815726, 27.16519653122716), (51.79856114842171, 27.12741906793716), (51.86855920402767, 27.098483299018934), (51.93855725963364, 27.08523300879648), (52.00855531523963, 27.074887227426483), (52.0785533708456, 27.07052952173739), (52.14855142645157, 27.05804446875965), (52.21854948205756, 27.043224122810976), (52.288547537663526, 27.020001245736882), (52.358545593269504, 26.991461289186606), (52.428543648875475, 26.971205120051362), (52.49854170448145, 26.942324010936332), (52.568539760087425, 26.91221211383904), (52.6385378156934, 26.87208804865331), (52.708535871299375, 26.823346582770984), (52.778533926905354, 26.787193835010395), (52.848531982511325, 26.74739961346463), (52.91853003811731, 26.703564336124142), (52.98852809372327, 26.655708736017722), (53.058526149329246, 26.62055494328101), (53.12852420493523, 26.57962794443458), (53.198522260541196, 26.53886680981853), (53.268520316147175, 26.48946565665629), (53.33851837175316, 26.438956228863766), (53.40851642735913, 26.385674229674773), (53.47851448296509, 26.337475592182788), (53.54851253857108, 26.288562607607687), (53.618510594177046, 26.229243527397), (53.688508649783024, 26.16899711535282), (53.758506705388996, 26.103275298885276), (53.828504760994974, 26.04830826990128), (53.89850281660096, 26.007232370211664), (53.96850087220693, 25.974998164893822), (54.038498927812924, 25.961683790764173), (54.10849698341888, 25.962105990623325), (54.17849503902486, 25.976894294618404), (54.24849309463083, 25.980733674587555), (54.31849115023681, 25.97761806580552), (54.38848920584279, 25.970016583520003), (54.45848726144877, 25.966269559770033), (54.528485317054745, 25.970966533203086), (54.59848337266071, 25.986495571772476), (54.668481428266695, 26.003398644704912), (54.73847948387265, 26.017887262192822), (54.80847753947863, 26.02965608326665), (54.8784755950846, 26.04143809808608), (54.94847365069058, 26.048364814525275), (55.018471706296545, 26.05344252175988), (55.08846976190252, 26.066383701371176), (55.15846781750851, 26.09144050908346), (55.22846587311449, 26.11901920702584), (55.29846392872046, 26.129958706947768), (55.36846198432644, 26.106328708580925), (55.43846003993242, 26.066851136929515), (55.5084580983862, 26.047141190198378), (55.57845615399576, 26.034574541614095), (55.648454209605326, 26.032127153209657), (55.718452265214886, 26.03980262327932), (55.78845032082445, 26.053909358939187), (55.85844837643401, 26.06651322416689), (55.92844643204357, 26.06506566465783), (55.998444487653124, 26.032207309497796), (56.06844254326265, 25.945747049652102)
Day of Week: Tuesday

MMSI: 314712000
Record time: 2023-10-31T08:30:15Z
Event time: 2023-11-01T20:20:36.166Z
Status: Underway
Travel distance: 291.5820734341253
Num waypoints: 68
Waypoints: (51.37857281742175, 27.581464312424576), (51.448570873031315, 27.520622662545538), (51.51856892864088, 27.44790612758525), (51.58856698425044, 27.370617274385477), (51.65856503986001, 27.295299087005652), (51.728563095469575, 27.22722663055312), (51.79856115107915, 27.17005666299645), (51.86855920668872, 27.12563519496179), (51.938557262298296, 27.09396299751219), (52.00855531523963, 27.07331905652107), (52.0785533708456, 27.06426437739892), (52.14855142645157, 27.05305911774423), (52.21854948205756, 27.04272464529903), (52.288547537663526, 27.02311685451892), (52.358545593269504, 26.993928519613515), (52.428543648875475, 26.96941077064997), (52.49854170448145, 26.942324010936332), (52.568539760087425, 26.91221211383904), (52.6385378156934, 26.87208804865331), (52.708535871299375, 26.823346582770984), (52.778533926905354, 26.787193835010395), (52.848531982511325, 26.74739961346463), (52.91853003811731, 26.703564336124142), (52.98852809372327, 26.655708736017722), (53.058526149329246, 26.62055494328101), (53.12852420493523, 26.57962794443458), (53.198522260541196, 26.53886680981853), (53.268520316147175, 26.48946565665629), (53.33851837175316, 26.438956228863766), (53.40851642735913, 26.385674229674773), (53.47851448296509, 26.337475592182788), (53.54851253857108, 26.288562607607687), (53.618510594177046, 26.229243527397), (53.688508649783024, 26.16899711535282), (53.758506705388996, 26.103275298885276), (53.828504760994974, 26.04830826990128), (53.89850281660096, 26.007232370211664), (53.96850087220693, 25.974998164893822), (54.038498927812924, 25.961683790764173), (54.10849698341888, 25.962105990623325), (54.17849503902486, 25.976894294618404), (54.24849309463083, 25.980733674587555), (54.31849115023681, 25.97761806580552), (54.38848920584279, 25.970016583520003), (54.45848726144877, 25.966269559770033), (54.528485317054745, 25.970966533203086), (54.59848337266071, 25.986495571772476), (54.668481428266695, 26.003398644704912), (54.73847948387265, 26.017887262192822), (54.80847753947863, 26.02965608326665), (54.8784755950846, 26.04143809808608), (54.94847365069058, 26.048364814525275), (55.018471706296545, 26.05344252175988), (55.08846976190252, 26.066383701371176), (55.15846781750851, 26.09144050908346), (55.22846587311449, 26.11901920702584), (55.29846392872046, 26.129958706947768), (55.36846198432644, 26.106328708580925), (55.43846003993242, 26.066851136929515), (55.5084580983862, 26.047141190198378), (55.57845615399576, 26.034574541614095), (55.648454209605326, 26.032127153209657), (55.718452265214886, 26.03980262327932), (55.78845032082445, 26.053909358939187), (55.85844837643401, 26.06651322416689), (55.92844643204357, 26.06506566465783), (55.998444487653124, 26.032207309497796), (56.06844254326265, 25.945747049652102)
Day of Week: Tuesday

MMSI: 314712000
Record time: 2023-10-31T12:12:26Z
Event time: 2023-11-01T20:42:12.333Z
Status: Underway
Travel distance: 268.0550755939525
Num waypoints: 63
Waypoints: (51.72856309546959, 27.376084711157556), (51.798561151079156, 27.304064885926984), (51.868559206688715, 27.2291129649212), (51.938557262298275, 27.162913809015357), (52.00855531790784, 27.11062702947544), (52.078553373517416, 27.072755222335108), (52.14855142912699, 27.046767553032687), (52.218549484736556, 27.02847869130838), (52.28854754034613, 27.013183096361622), (52.358545593269504, 26.99654465088361), (52.428543648875475, 26.974993609858917), (52.49854170448145, 26.942996891961855), (52.568539760087425, 26.91041776443765), (52.6385378156934, 26.87208804865331), (52.708535871299375, 26.823346582770984), (52.778533926905354, 26.787193835010395), (52.848531982511325, 26.74739961346463), (52.91853003811731, 26.703564336124142), (52.98852809372327, 26.655708736017722), (53.058526149329246, 26.62055494328101), (53.12852420493523, 26.57962794443458), (53.198522260541196, 26.53886680981853), (53.268520316147175, 26.48946565665629), (53.33851837175316, 26.438956228863766), (53.40851642735913, 26.385674229674773), (53.47851448296509, 26.337475592182788), (53.54851253857108, 26.288562607607687), (53.618510594177046, 26.229243527397), (53.688508649783024, 26.16899711535282), (53.758506705388996, 26.103275298885276), (53.828504760994974, 26.04830826990128), (53.89850281660096, 26.007232370211664), (53.96850087220693, 25.974998164893822), (54.038498927812924, 25.961683790764173), (54.10849698341888, 25.962105990623325), (54.17849503902486, 25.976894294618404), (54.24849309463083, 25.980733674587555), (54.31849115023681, 25.97761806580552), (54.38848920584279, 25.970016583520003), (54.45848726144877, 25.966269559770033), (54.528485317054745, 25.970966533203086), (54.59848337266071, 25.986495571772476), (54.668481428266695, 26.003398644704912), (54.73847948387265, 26.017887262192822), (54.80847753947863, 26.02965608326665), (54.8784755950846, 26.04143809808608), (54.94847365069058, 26.048364814525275), (55.018471706296545, 26.05344252175988), (55.08846976190252, 26.066383701371176), (55.15846781750851, 26.09144050908346), (55.22846587311449, 26.11901920702584), (55.29846392872046, 26.129958706947768), (55.36846198432644, 26.106328708580925), (55.43846003993242, 26.066851136929515), (55.5084580983862, 26.047141190198378), (55.57845615399576, 26.034574541614095), (55.648454209605326, 26.032127153209657), (55.718452265214886, 26.03980262327932), (55.78845032082445, 26.053909358939187), (55.85844837643401, 26.06651322416689), (55.92844643204357, 26.06506566465783), (55.998444487653124, 26.032207309497796), (56.06844254326265, 25.945747049652102)
Day of Week: Tuesday

MMSI: 314712000
Record time: 2023-10-31T14:11:25Z
Event time: 2023-11-01T21:55:00Z
Status: Underway
Travel distance: 255.82235421166305
Num waypoints: 60
Waypoints: (51.93855726229831, 27.30742579556895), (52.00855531790788, 27.23021051320774), (52.07855337351744, 27.157328605212783), (52.148551429127, 27.097085277417726), (52.218549484736556, 27.051325512364635), (52.28854754034613, 27.017745802015042), (52.358545595955704, 26.991836455584224), (52.42854365156528, 26.968454482498696), (52.49854170717485, 26.943027050476942), (52.568539760087425, 26.91238551735262), (52.6385378156934, 26.873409308033956), (52.708535871299375, 26.825813813197893), (52.778533926905354, 26.785399485609002), (52.848531982511325, 26.74739961346463), (52.91853003811731, 26.703564336124142), (52.98852809372327, 26.655708736017722), (53.058526149329246, 26.62055494328101), (53.12852420493523, 26.57962794443458), (53.198522260541196, 26.53886680981853), (53.268520316147175, 26.48946565665629), (53.33851837175316, 26.438956228863766), (53.40851642735913, 26.385674229674773), (53.47851448296509, 26.337475592182788), (53.54851253857108, 26.288562607607687), (53.618510594177046, 26.229243527397), (53.688508649783024, 26.16899711535282), (53.758506705388996, 26.103275298885276), (53.828504760994974, 26.04830826990128), (53.89850281660096, 26.007232370211664), (53.96850087220693, 25.974998164893822), (54.038498927812924, 25.961683790764173), (54.10849698341888, 25.962105990623325), (54.17849503902486, 25.976894294618404), (54.24849309463083, 25.980733674587555), (54.31849115023681, 25.97761806580552), (54.38848920584279, 25.970016583520003), (54.45848726144877, 25.966269559770033), (54.528485317054745, 25.970966533203086), (54.59848337266071, 25.986495571772476), (54.668481428266695, 26.003398644704912), (54.73847948387265, 26.017887262192822), (54.80847753947863, 26.02965608326665), (54.8784755950846, 26.04143809808608), (54.94847365069058, 26.048364814525275), (55.018471706296545, 26.05344252175988), (55.08846976190252, 26.066383701371176), (55.15846781750851, 26.09144050908346), (55.22846587311449, 26.11901920702584), (55.29846392872046, 26.129958706947768), (55.36846198432644, 26.106328708580925), (55.43846003993242, 26.066851136929515), (55.5084580983862, 26.047141190198378), (55.57845615399576, 26.034574541614095), (55.648454209605326, 26.032127153209657), (55.718452265214886, 26.03980262327932), (55.78845032082445, 26.053909358939187), (55.85844837643401, 26.06651322416689), (55.92844643204357, 26.06506566465783), (55.998444487653124, 26.032207309497796), (56.06844254326265, 25.945747049652102)
Day of Week: Tuesday

MMSI: 314712000
Record time: 2023-10-31T14:26:26Z
Event time: 2023-11-01T22:33:41.200Z
Status: Underway
Travel distance: 255.82235421166305
Num waypoints: 60
Waypoints: (51.93855726229831, 27.30742579556895), (52.00855531790788, 27.23021051320774), (52.07855337351744, 27.157328605212783), (52.148551429127, 27.097085277417726), (52.218549484736556, 27.051325512364635), (52.28854754034613, 27.017745802015042), (52.358545595955704, 26.991836455584224), (52.42854365156528, 26.968454482498696), (52.49854170717485, 26.943027050476942), (52.568539760087425, 26.91238551735262), (52.6385378156934, 26.873409308033956), (52.708535871299375, 26.825813813197893), (52.778533926905354, 26.785399485609002), (52.848531982511325, 26.74739961346463), (52.91853003811731, 26.703564336124142), (52.98852809372327, 26.655708736017722), (53.058526149329246, 26.62055494328101), (53.12852420493523, 26.57962794443458), (53.198522260541196, 26.53886680981853), (53.268520316147175, 26.48946565665629), (53.33851837175316, 26.438956228863766), (53.40851642735913, 26.385674229674773), (53.47851448296509, 26.337475592182788), (53.54851253857108, 26.288562607607687), (53.618510594177046, 26.229243527397), (53.688508649783024, 26.16899711535282), (53.758506705388996, 26.103275298885276), (53.828504760994974, 26.04830826990128), (53.89850281660096, 26.007232370211664), (53.96850087220693, 25.974998164893822), (54.038498927812924, 25.961683790764173), (54.10849698341888, 25.962105990623325), (54.17849503902486, 25.976894294618404), (54.24849309463083, 25.980733674587555), (54.31849115023681, 25.97761806580552), (54.38848920584279, 25.970016583520003), (54.45848726144877, 25.966269559770033), (54.528485317054745, 25.970966533203086), (54.59848337266071, 25.986495571772476), (54.668481428266695, 26.003398644704912), (54.73847948387265, 26.017887262192822), (54.80847753947863, 26.02965608326665), (54.8784755950846, 26.04143809808608), (54.94847365069058, 26.048364814525275), (55.018471706296545, 26.05344252175988), (55.08846976190252, 26.066383701371176), (55.15846781750851, 26.09144050908346), (55.22846587311449, 26.11901920702584), (55.29846392872046, 26.129958706947768), (55.36846198432644, 26.106328708580925), (55.43846003993242, 26.066851136929515), (55.5084580983862, 26.047141190198378), (55.57845615399576, 26.034574541614095), (55.648454209605326, 26.032127153209657), (55.718452265214886, 26.03980262327932), (55.78845032082445, 26.053909358939187), (55.85844837643401, 26.06651322416689), (55.92844643204357, 26.06506566465783), (55.998444487653124, 26.032207309497796), (56.06844254326265, 25.945747049652102)
Day of Week: Tuesday

MMSI: 314712000
Record time: 2023-10-31T14:56:35Z
Event time: 2023-11-01T23:33:07Z
Status: Underway
Travel distance: 252.40550755939526
Num waypoints: 59
Waypoints: (52.00855531790788, 27.304567070727025), (52.07855337351743, 27.235366937413083), (52.148551429127, 27.16094465105206), (52.218549484736556, 27.094653138927015), (52.28854754034612, 27.04132216866396), (52.3585455959557, 27.000207527337437), (52.42854365156526, 26.967461833057058), (52.49854170717484, 26.938126979035076), (52.56853976278441, 26.907648210134912), (52.6385378156934, 26.87290983052202), (52.708535871299375, 26.828929421979932), (52.778533926905354, 26.787866716035914), (52.848531982511325, 26.74560526406324), (52.91853003811731, 26.703564336124142), (52.98852809372327, 26.655708736017722), (53.058526149329246, 26.62055494328101), (53.12852420493523, 26.57962794443458), (53.198522260541196, 26.53886680981853), (53.268520316147175, 26.48946565665629), (53.33851837175316, 26.438956228863766), (53.40851642735913, 26.385674229674773), (53.47851448296509, 26.337475592182788), (53.54851253857108, 26.288562607607687), (53.618510594177046, 26.229243527397), (53.688508649783024, 26.16899711535282), (53.758506705388996, 26.103275298885276), (53.828504760994974, 26.04830826990128), (53.89850281660096, 26.007232370211664), (53.96850087220693, 25.974998164893822), (54.038498927812924, 25.961683790764173), (54.10849698341888, 25.962105990623325), (54.17849503902486, 25.976894294618404), (54.24849309463083, 25.980733674587555), (54.31849115023681, 25.97761806580552), (54.38848920584279, 25.970016583520003), (54.45848726144877, 25.966269559770033), (54.528485317054745, 25.970966533203086), (54.59848337266071, 25.986495571772476), (54.668481428266695, 26.003398644704912), (54.73847948387265, 26.017887262192822), (54.80847753947863, 26.02965608326665), (54.8784755950846, 26.04143809808608), (54.94847365069058, 26.048364814525275), (55.018471706296545, 26.05344252175988), (55.08846976190252, 26.066383701371176), (55.15846781750851, 26.09144050908346), (55.22846587311449, 26.11901920702584), (55.29846392872046, 26.129958706947768), (55.36846198432644, 26.106328708580925), (55.43846003993242, 26.066851136929515), (55.5084580983862, 26.047141190198378), (55.57845615399576, 26.034574541614095), (55.648454209605326, 26.032127153209657), (55.718452265214886, 26.03980262327932), (55.78845032082445, 26.053909358939187), (55.85844837643401, 26.06651322416689), (55.92844643204357, 26.06506566465783), (55.998444487653124, 26.032207309497796), (56.06844254326265, 25.945747049652102)
Day of Week: Tuesday

MMSI: 314712000
Record time: 2023-10-31T15:11:45Z
Event time: 2023-11-02T00:39:51.500Z
Status: Underway
Travel distance: 250.27807775377968
Num waypoints: 59
Waypoints: (52.00855531790788, 27.238077104106484), (52.07855337351743, 27.154032807562096), (52.148551429127, 27.09314490532296), (52.218549484736556, 27.050211120634064), (52.28854754034612, 27.019219646206864), (52.3585455959557, 26.994258947219357), (52.42854365156526, 26.970218726171574), (52.49854170717484, 26.943282049596416), (52.56853976278441, 26.911208636625883), (52.6385378156934, 26.873409308033956), (52.708535871299375, 26.825813813197893), (52.778533926905354, 26.785399485609002), (52.848531982511325, 26.74739961346463), (52.91853003811731, 26.703564336124142), (52.98852809372327, 26.655708736017722), (53.058526149329246, 26.62055494328101), (53.12852420493523, 26.57962794443458), (53.198522260541196, 26.53886680981853), (53.268520316147175, 26.48946565665629), (53.33851837175316, 26.438956228863766), (53.40851642735913, 26.385674229674773), (53.47851448296509, 26.337475592182788), (53.54851253857108, 26.288562607607687), (53.618510594177046, 26.229243527397), (53.688508649783024, 26.16899711535282), (53.758506705388996, 26.103275298885276), (53.828504760994974, 26.04830826990128), (53.89850281660096, 26.007232370211664), (53.96850087220693, 25.974998164893822), (54.038498927812924, 25.961683790764173), (54.10849698341888, 25.962105990623325), (54.17849503902486, 25.976894294618404), (54.24849309463083, 25.980733674587555), (54.31849115023681, 25.97761806580552), (54.38848920584279, 25.970016583520003), (54.45848726144877, 25.966269559770033), (54.528485317054745, 25.970966533203086), (54.59848337266071, 25.986495571772476), (54.668481428266695, 26.003398644704912), (54.73847948387265, 26.017887262192822), (54.80847753947863, 26.02965608326665), (54.8784755950846, 26.04143809808608), (54.94847365069058, 26.048364814525275), (55.018471706296545, 26.05344252175988), (55.08846976190252, 26.066383701371176), (55.15846781750851, 26.09144050908346), (55.22846587311449, 26.11901920702584), (55.29846392872046, 26.129958706947768), (55.36846198432644, 26.106328708580925), (55.43846003993242, 26.066851136929515), (55.5084580983862, 26.047141190198378), (55.57845615399576, 26.034574541614095), (55.648454209605326, 26.032127153209657), (55.718452265214886, 26.03980262327932), (55.78845032082445, 26.053909358939187), (55.85844837643401, 26.06651322416689), (55.92844643204357, 26.06506566465783), (55.998444487653124, 26.032207309497796), (56.06844254326265, 25.945747049652102)
Day of Week: Tuesday

MMSI: 314712000
Record time: 2023-10-31T16:12:06Z
Event time: 2023-11-02T01:29:02.444Z
Status: Underway
Travel distance: 246.9708423326134
Num waypoints: 58
Waypoints: (52.07855337351741, 27.23928188156177), (52.148551429126975, 27.153868325533615), (52.21854948473655, 27.092012630641094), (52.288547540346116, 27.04484465885264), (52.35854559595569, 27.005988832465317), (52.428543651565256, 26.971056928827583), (52.49854170717482, 26.93720005843516), (52.56853976278439, 26.902719826400013), (52.63853781839396, 26.866738677292453), (52.708535871299375, 26.828929421979932), (52.778533926905354, 26.787866716035914), (52.848531982511325, 26.74560526406324), (52.91853003811731, 26.703564336124142), (52.98852809372327, 26.655708736017722), (53.058526149329246, 26.62055494328101), (53.12852420493523, 26.57962794443458), (53.198522260541196, 26.53886680981853), (53.268520316147175, 26.48946565665629), (53.33851837175316, 26.438956228863766), (53.40851642735913, 26.385674229674773), (53.47851448296509, 26.337475592182788), (53.54851253857108, 26.288562607607687), (53.618510594177046, 26.229243527397), (53.688508649783024, 26.16899711535282), (53.758506705388996, 26.103275298885276), (53.828504760994974, 26.04830826990128), (53.89850281660096, 26.007232370211664), (53.96850087220693, 25.974998164893822), (54.038498927812924, 25.961683790764173), (54.10849698341888, 25.962105990623325), (54.17849503902486, 25.976894294618404), (54.24849309463083, 25.980733674587555), (54.31849115023681, 25.97761806580552), (54.38848920584279, 25.970016583520003), (54.45848726144877, 25.966269559770033), (54.528485317054745, 25.970966533203086), (54.59848337266071, 25.986495571772476), (54.668481428266695, 26.003398644704912), (54.73847948387265, 26.017887262192822), (54.80847753947863, 26.02965608326665), (54.8784755950846, 26.04143809808608), (54.94847365069058, 26.048364814525275), (55.018471706296545, 26.05344252175988), (55.08846976190252, 26.066383701371176), (55.15846781750851, 26.09144050908346), (55.22846587311449, 26.11901920702584), (55.29846392872046, 26.129958706947768), (55.36846198432644, 26.106328708580925), (55.43846003993242, 26.066851136929515), (55.5084580983862, 26.047141190198378), (55.57845615399576, 26.034574541614095), (55.648454209605326, 26.032127153209657), (55.718452265214886, 26.03980262327932), (55.78845032082445, 26.053909358939187), (55.85844837643401, 26.06651322416689), (55.92844643204357, 26.06506566465783), (55.998444487653124, 26.032207309497796), (56.06844254326265, 25.945747049652102)
Day of Week: Tuesday

MMSI: 314712000
Record time: 2023-10-31T19:16:27Z
Event time: 2023-11-02T01:53:59.333Z
Status: Underway
Travel distance: 229.88606911447084
Num waypoints: 54
Waypoints: (52.358545595955654, 27.10102842533946), (52.42854365156525, 27.00895577457904), (52.49854170717483, 26.9521710815286), (52.5685397627844, 26.909874834619476), (52.638537818393964, 26.870732149929562), (52.70853587400354, 26.82995054501522), (52.778533929613104, 26.786813085448376), (52.84853198522268, 26.742666904058908), (52.91853004083225, 26.699367092882255), (52.98852809372327, 26.65817596644463), (53.058526149329246, 26.61876059387962), (53.12852420493523, 26.57962794443458), (53.198522260541196, 26.53886680981853), (53.268520316147175, 26.48946565665629), (53.33851837175316, 26.438956228863766), (53.40851642735913, 26.385674229674773), (53.47851448296509, 26.337475592182788), (53.54851253857108, 26.288562607607687), (53.618510594177046, 26.229243527397), (53.688508649783024, 26.16899711535282), (53.758506705388996, 26.103275298885276), (53.828504760994974, 26.04830826990128), (53.89850281660096, 26.007232370211664), (53.96850087220693, 25.974998164893822), (54.038498927812924, 25.961683790764173), (54.10849698341888, 25.962105990623325), (54.17849503902486, 25.976894294618404), (54.24849309463083, 25.980733674587555), (54.31849115023681, 25.97761806580552), (54.38848920584279, 25.970016583520003), (54.45848726144877, 25.966269559770033), (54.528485317054745, 25.970966533203086), (54.59848337266071, 25.986495571772476), (54.668481428266695, 26.003398644704912), (54.73847948387265, 26.017887262192822), (54.80847753947863, 26.02965608326665), (54.8784755950846, 26.04143809808608), (54.94847365069058, 26.048364814525275), (55.018471706296545, 26.05344252175988), (55.08846976190252, 26.066383701371176), (55.15846781750851, 26.09144050908346), (55.22846587311449, 26.11901920702584), (55.29846392872046, 26.129958706947768), (55.36846198432644, 26.106328708580925), (55.43846003993242, 26.066851136929515), (55.5084580983862, 26.047141190198378), (55.57845615399576, 26.034574541614095), (55.648454209605326, 26.032127153209657), (55.718452265214886, 26.03980262327932), (55.78845032082445, 26.053909358939187), (55.85844837643401, 26.06651322416689), (55.92844643204357, 26.06506566465783), (55.998444487653124, 26.032207309497796), (56.06844254326265, 25.945747049652102)
Day of Week: Tuesday

MMSI: 314712000
Record time: 2023-10-31T22:27:56Z
Event time: 2023-11-02T02:15:58.636Z
Status: Underway
Travel distance: 209.71652267818575
Num waypoints: 49
Waypoints: (52.70853587400349, 26.958587377072377), (52.77853392961309, 26.879020797898058), (52.84853198522266, 26.808282719350355), (52.918530040832216, 26.743789994523038), (52.98852809644177, 26.684187437261006), (53.058526152051336, 26.628776909939976), (53.12852420766091, 26.577071940311512), (53.19852226327049, 26.52847786741324), (53.268520318880064, 26.482097516544428), (53.33851837175316, 26.436662401950436), (53.40851642735913, 26.388789838456805), (53.47851448296509, 26.339942822609704), (53.54851253857108, 26.286768258206298), (53.618510594177046, 26.229243527397), (53.688508649783024, 26.16899711535282), (53.758506705388996, 26.103275298885276), (53.828504760994974, 26.04830826990128), (53.89850281660096, 26.007232370211664), (53.96850087220693, 25.974998164893822), (54.038498927812924, 25.961683790764173), (54.10849698341888, 25.962105990623325), (54.17849503902486, 25.976894294618404), (54.24849309463083, 25.980733674587555), (54.31849115023681, 25.97761806580552), (54.38848920584279, 25.970016583520003), (54.45848726144877, 25.966269559770033), (54.528485317054745, 25.970966533203086), (54.59848337266071, 25.986495571772476), (54.668481428266695, 26.003398644704912), (54.73847948387265, 26.017887262192822), (54.80847753947863, 26.02965608326665), (54.8784755950846, 26.04143809808608), (54.94847365069058, 26.048364814525275), (55.018471706296545, 26.05344252175988), (55.08846976190252, 26.066383701371176), (55.15846781750851, 26.09144050908346), (55.22846587311449, 26.11901920702584), (55.29846392872046, 26.129958706947768), (55.36846198432644, 26.106328708580925), (55.43846003993242, 26.066851136929515), (55.5084580983862, 26.047141190198378), (55.57845615399576, 26.034574541614095), (55.648454209605326, 26.032127153209657), (55.718452265214886, 26.03980262327932), (55.78845032082445, 26.053909358939187), (55.85844837643401, 26.06651322416689), (55.92844643204357, 26.06506566465783), (55.998444487653124, 26.032207309497796), (56.06844254326265, 25.945747049652102)
Day of Week: Tuesday

MMSI: 314712000
Record time: 2023-11-01T01:43:30Z
Event time: 2023-11-02T02:48:54.888Z
Status: Underway
Travel distance: 192.52375809935205
Num waypoints: 45
Waypoints: (52.98852809644176, 26.808550055478705), (53.058526152051364, 26.75594202251239), (53.12852420766093, 26.678653974645137), (53.19852226327049, 26.597694381533397), (53.26852031888005, 26.52297483037434), (53.33851837448962, 26.456977887182425), (53.40851643009919, 26.397847260490792), (53.478514485708764, 26.341900267477495), (53.54851254131834, 26.28556260251659), (53.618510594177046, 26.22672540680849), (53.688508649783024, 26.166703288439486), (53.758506705388996, 26.106390907667315), (53.828504760994974, 26.050775500328193), (53.89850281660096, 26.00543802081027), (53.96850087220693, 25.974998164893822), (54.038498927812924, 25.961683790764173), (54.10849698341888, 25.962105990623325), (54.17849503902486, 25.976894294618404), (54.24849309463083, 25.980733674587555), (54.31849115023681, 25.97761806580552), (54.38848920584279, 25.970016583520003), (54.45848726144877, 25.966269559770033), (54.528485317054745, 25.970966533203086), (54.59848337266071, 25.986495571772476), (54.668481428266695, 26.003398644704912), (54.73847948387265, 26.017887262192822), (54.80847753947863, 26.02965608326665), (54.8784755950846, 26.04143809808608), (54.94847365069058, 26.048364814525275), (55.018471706296545, 26.05344252175988), (55.08846976190252, 26.066383701371176), (55.15846781750851, 26.09144050908346), (55.22846587311449, 26.11901920702584), (55.29846392872046, 26.129958706947768), (55.36846198432644, 26.106328708580925), (55.43846003993242, 26.066851136929515), (55.5084580983862, 26.047141190198378), (55.57845615399576, 26.034574541614095), (55.648454209605326, 26.032127153209657), (55.718452265214886, 26.03980262327932), (55.78845032082445, 26.053909358939187), (55.85844837643401, 26.06651322416689), (55.92844643204357, 26.06506566465783), (55.998444487653124, 26.032207309497796), (56.06844254326265, 25.945747049652102)
Day of Week: Wednesday

MMSI: 314712000
Record time: 2023-11-01T03:24:54Z
Event time: 2023-11-02T03:19:20.750Z
Status: Underway
Travel distance: 184.69438444924407
Num waypoints: 43
Waypoints: (53.128524207660824, 26.748795890085418), (53.198522263270455, 26.6669521960754), (53.26852031888003, 26.600624346889962), (53.33851837448958, 26.537713677814704), (53.40851643009913, 26.471709075396447), (53.47851448570869, 26.400387016537582), (53.54851254131826, 26.324631859157403), (53.618510596927834, 26.247376384420523), (53.688508652537415, 26.17266259053228), (53.758506705388996, 26.104822736761896), (53.828504760994974, 26.044510355989722), (53.89850281660096, 26.000452669794853), (53.96850087220693, 25.974498687381878), (54.038498927812924, 25.96479939954621), (54.10849698341888, 25.964573221050234), (54.17849503902486, 25.97509994521701), (54.24849309463083, 25.980733674587555), (54.31849115023681, 25.97761806580552), (54.38848920584279, 25.970016583520003), (54.45848726144877, 25.966269559770033), (54.528485317054745, 25.970966533203086), (54.59848337266071, 25.986495571772476), (54.668481428266695, 26.003398644704912), (54.73847948387265, 26.017887262192822), (54.80847753947863, 26.02965608326665), (54.8784755950846, 26.04143809808608), (54.94847365069058, 26.048364814525275), (55.018471706296545, 26.05344252175988), (55.08846976190252, 26.066383701371176), (55.15846781750851, 26.09144050908346), (55.22846587311449, 26.11901920702584), (55.29846392872046, 26.129958706947768), (55.36846198432644, 26.106328708580925), (55.43846003993242, 26.066851136929515), (55.5084580983862, 26.047141190198378), (55.57845615399576, 26.034574541614095), (55.648454209605326, 26.032127153209657), (55.718452265214886, 26.03980262327932), (55.78845032082445, 26.053909358939187), (55.85844837643401, 26.06651322416689), (55.92844643204357, 26.06506566465783), (55.998444487653124, 26.032207309497796), (56.06844254326265, 25.945747049652102)
Day of Week: Wednesday

MMSI: 314712000
Record time: 2023-11-01T05:22:40Z
Event time: 2023-11-02T03:49:59.428Z
Status: Underway
Travel distance: 169.54049676025917
Num waypoints: 40
Waypoints: (53.33851837448962, 26.607029470586816), (53.40851643009915, 26.527757677385598), (53.4785144857087, 26.46451628508732), (53.548512541318274, 26.400511540365095), (53.61851059692785, 26.329679032295314), (53.68850865253743, 26.25304504580351), (53.758506708147, 26.17564770688776), (53.82850476375657, 26.104017919619633), (53.898502819366136, 26.044220094922732), (53.96850087220693, 26.000452669794853), (54.038498927812924, 25.974498687381878), (54.10849698341888, 25.96300505014482), (54.17849503902486, 25.96883480087854), (54.24849309463083, 25.975748323572134), (54.31849115023681, 25.977118588293575), (54.38848920584279, 25.973132192302042), (54.45848726144877, 25.96873679019695), (54.528485317054745, 25.9691721838017), (54.59848337266071, 25.986495571772476), (54.668481428266695, 26.003398644704912), (54.73847948387265, 26.017887262192822), (54.80847753947863, 26.02965608326665), (54.8784755950846, 26.04143809808608), (54.94847365069058, 26.048364814525275), (55.018471706296545, 26.05344252175988), (55.08846976190252, 26.066383701371176), (55.15846781750851, 26.09144050908346), (55.22846587311449, 26.11901920702584), (55.29846392872046, 26.129958706947768), (55.36846198432644, 26.106328708580925), (55.43846003993242, 26.066851136929515), (55.5084580983862, 26.047141190198378), (55.57845615399576, 26.034574541614095), (55.648454209605326, 26.032127153209657), (55.718452265214886, 26.03980262327932), (55.78845032082445, 26.053909358939187), (55.85844837643401, 26.06651322416689), (55.92844643204357, 26.06506566465783), (55.998444487653124, 26.032207309497796), (56.06844254326265, 25.945747049652102)
Day of Week: Wednesday

MMSI: 314712000
Record time: 2023-11-01T07:36:25Z
Event time: 2023-11-02T04:22:52.428Z
Status: Underway
Travel distance: 159.90820734341253
Num waypoints: 38
Waypoints: (53.47851448570872, 26.53471893744998), (53.54851254131832, 26.461796694289916), (53.618510596927884, 26.397049261633597), (53.68850865253744, 26.328545209775776), (53.75850670814701, 26.254166428505755), (53.82850476375658, 26.17770485171294), (53.89850281936615, 26.105644502835183), (53.968500874975724, 26.044628861150017), (54.0384989305853, 25.99961354890868), (54.10849698341888, 25.972704337980485), (54.17849503902486, 25.967266629973125), (54.24849309463083, 25.969483179233663), (54.31849115023681, 25.972133237278154), (54.38848920584279, 25.972632714790098), (54.45848726144877, 25.97185239897899), (54.528485317054745, 25.97163941422861), (54.59848337266071, 25.98470122237109), (54.668481428266695, 26.003398644704912), (54.73847948387265, 26.017887262192822), (54.80847753947863, 26.02965608326665), (54.8784755950846, 26.04143809808608), (54.94847365069058, 26.048364814525275), (55.018471706296545, 26.05344252175988), (55.08846976190252, 26.066383701371176), (55.15846781750851, 26.09144050908346), (55.22846587311449, 26.11901920702584), (55.29846392872046, 26.129958706947768), (55.36846198432644, 26.106328708580925), (55.43846003993242, 26.066851136929515), (55.5084580983862, 26.047141190198378), (55.57845615399576, 26.034574541614095), (55.648454209605326, 26.032127153209657), (55.718452265214886, 26.03980262327932), (55.78845032082445, 26.053909358939187), (55.85844837643401, 26.06651322416689), (55.92844643204357, 26.06506566465783), (55.998444487653124, 26.032207309497796), (56.06844254326265, 25.945747049652102)
Day of Week: Wednesday

MMSI: 314712000
Record time: 2023-11-01T09:18:10Z
Event time: 2023-11-02T04:53:01.571Z
Status: Underway
Travel distance: 149.9670626349892
Num waypoints: 36
Waypoints: (53.6185105969279, 26.4565930810256), (53.688508652537436, 26.40796368772786), (53.758506708146996, 26.33198314576106), (53.828504763756555, 26.248072477299797), (53.89850281936612, 26.16861949570391), (53.968500874975696, 26.100603332565935), (54.03849893058528, 26.0470255821444), (54.10849698619485, 26.008148063183143), (54.178495041804425, 25.982537198116514), (54.24849309463083, 25.967915008328248), (54.31849115023681, 25.965868092939683), (54.38848920584279, 25.967647363774677), (54.45848726144877, 25.971352921467044), (54.528485317054745, 25.974755023010648), (54.59848337266071, 25.987168452798), (54.668481428266695, 26.001604295303522), (54.73847948387265, 26.017887262192822), (54.80847753947863, 26.02965608326665), (54.8784755950846, 26.04143809808608), (54.94847365069058, 26.048364814525275), (55.018471706296545, 26.05344252175988), (55.08846976190252, 26.066383701371176), (55.15846781750851, 26.09144050908346), (55.22846587311449, 26.11901920702584), (55.29846392872046, 26.129958706947768), (55.36846198432644, 26.106328708580925), (55.43846003993242, 26.066851136929515), (55.5084580983862, 26.047141190198378), (55.57845615399576, 26.034574541614095), (55.648454209605326, 26.032127153209657), (55.718452265214886, 26.03980262327932), (55.78845032082445, 26.053909358939187), (55.85844837643401, 26.06651322416689), (55.92844643204357, 26.06506566465783), (55.998444487653124, 26.032207309497796), (56.06844254326265, 25.945747049652102)
Day of Week: Wednesday

MMSI: 314712000
Record time: 2023-11-01T12:11:08Z
Event time: 2023-11-02T05:24:30.500Z
Status: Underway
Travel distance: 131.88606911447084
Num waypoints: 32
Waypoints: (53.89850281936617, 26.32628544671459), (53.9685008749757, 26.254068514920995), (54.03849893058526, 26.178983742606704), (54.10849698619483, 26.108275095821362), (54.178495041804396, 26.047717322801102), (54.24849309741398, 26.00129873862794), (54.31849115302355, 25.971056114927688), (54.38848920863313, 25.957061674606454), (54.458487264242706, 25.957562191625655), (54.528485317054745, 25.969270194483286), (54.59848337266071, 25.989784584068094), (54.668481428266695, 26.00718713451247), (54.73847948387265, 26.018560143218345), (54.80847753947863, 26.02786173386526), (54.8784755950846, 26.04143809808608), (54.94847365069058, 26.048364814525275), (55.018471706296545, 26.05344252175988), (55.08846976190252, 26.066383701371176), (55.15846781750851, 26.09144050908346), (55.22846587311449, 26.11901920702584), (55.29846392872046, 26.129958706947768), (55.36846198432644, 26.106328708580925), (55.43846003993242, 26.066851136929515), (55.5084580983862, 26.047141190198378), (55.57845615399576, 26.034574541614095), (55.648454209605326, 26.032127153209657), (55.718452265214886, 26.03980262327932), (55.78845032082445, 26.053909358939187), (55.85844837643401, 26.06651322416689), (55.92844643204357, 26.06506566465783), (55.998444487653124, 26.032207309497796), (56.06844254326265, 25.945747049652102)
Day of Week: Wednesday

MMSI: 314712000
Record time: 2023-11-01T15:16:37Z
Event time: 2023-11-02T05:43:46.666Z
Status: Underway
Travel distance: 113.80723542116631
Num waypoints: 28
Waypoints: (54.178495041804375, 26.25315347440369), (54.248493097413956, 26.18745989597531), (54.318491153023515, 26.11403889496212), (54.388489208633075, 26.052476072664017), (54.45848726424264, 26.0112544934592), (54.52848531985221, 25.99127421068382), (54.598483375461775, 25.98883612644024), (54.66848143107135, 25.99809018533401), (54.73847948668093, 26.012947902139487), (54.80847753947863, 26.028459222058792), (54.8784755950846, 26.04161150159966), (54.94847365069058, 26.04968607390592), (55.018471706296545, 26.055909752186793), (55.08846976190252, 26.064589351969783), (55.15846781750851, 26.09144050908346), (55.22846587311449, 26.11901920702584), (55.29846392872046, 26.129958706947768), (55.36846198432644, 26.106328708580925), (55.43846003993242, 26.066851136929515), (55.5084580983862, 26.047141190198378), (55.57845615399576, 26.034574541614095), (55.648454209605326, 26.032127153209657), (55.718452265214886, 26.03980262327932), (55.78845032082445, 26.053909358939187), (55.85844837643401, 26.06651322416689), (55.92844643204357, 26.06506566465783), (55.998444487653124, 26.032207309497796), (56.06844254326265, 25.945747049652102)
Day of Week: Wednesday

MMSI: 314712000
Record time: 2023-11-01T18:21:03Z
Event time: 2023-11-02T06:07:01Z
Status: Underway
Travel distance: 90.68952483801296
Num waypoints: 23
Waypoints: (54.52848531985224, 26.171537957942018), (54.59848337546183, 26.205145500812097), (54.6684814310714, 26.201839513705956), (54.73847948668096, 26.175148212241044), (54.80847754229052, 26.138484837966026), (54.878475597900085, 26.10333653405415), (54.94847365350965, 26.07798304412353), (55.018471709119225, 26.06674523418421), (55.088469764728806, 26.069763437712105), (55.15846781750851, 26.083305622511606), (55.22846587311449, 26.11600160892539), (55.29846392872046, 26.130780488816473), (55.36846198432644, 26.111911547789873), (55.43846003993242, 26.067524017955037), (55.5084580983862, 26.046722508671362), (55.57845615399576, 26.033553665553093), (55.648454209605326, 26.03125852497666), (55.718452265214886, 26.039657172229347), (55.78845032082445, 26.054522039930692), (55.85844837643401, 26.067293300091745), (55.92844643204357, 26.0651363511494), (55.998444487653124, 26.03134139997603), (56.06844254326265, 25.946065138864192)
Day of Week: Wednesday

MMSI: 314712000
Record time: 2023-11-01T19:29:17Z
Event time: 2023-11-02T06:37:07.200Z
Status: Underway
Travel distance: 89.57181425485962
Num waypoints: 22
Waypoints: (54.598483375461775, 26.16274448071279), (54.66848143107135, 26.22986654769068), (54.738479486680916, 26.19766969609249), (54.808477542290476, 26.13679443928744), (54.87847559790004, 26.08586289730683), (54.948473653509616, 26.06041473225627), (55.01847170911919, 26.060643395288764), (55.088469764728764, 26.077932685138695), (55.15846782033833, 26.10019361821666), (55.22846587311449, 26.11600160892539), (55.29846392872046, 26.130780488816473), (55.36846198432644, 26.111911547789873), (55.43846003993242, 26.067524017955037), (55.5084580983862, 26.046722508671362), (55.57845615399576, 26.033553665553093), (55.648454209605326, 26.03125852497666), (55.718452265214886, 26.039657172229347), (55.78845032082445, 26.054522039930692), (55.85844837643401, 26.067293300091745), (55.92844643204357, 26.0651363511494), (55.998444487653124, 26.03134139997603), (56.06844254326265, 25.946065138864192)
Day of Week: Wednesday

MMSI: 314712000
Record time: 2023-11-01T22:39:13Z
Event time: 2023-11-02T07:26:14.500Z
Status: Underway
Travel distance: 67.38012958963283
Num waypoints: 17
Waypoints: (54.94847365350966, 26.113673228303764), (55.01847170911923, 26.118897009150643), (55.0884697647288, 26.108155995357016), (55.15846782033836, 26.109428176903826), (55.228465875947926, 26.1205543465786), (55.29846393155749, 26.127327087657413), (55.36846198716705, 26.11660886086395), (55.43846004222247, 26.084479190345032), (55.50845809783134, 26.031268766015494), (55.578456153440214, 25.995015204504988), (55.648454209605255, 26.008178865724286), (55.718452265214815, 26.0489814905644), (55.78845032082438, 26.090336561213828), (55.85844837643395, 26.099416902896557), (55.92844643204353, 26.056567894283912), (55.99844448765311, 25.981922683708387), (56.0684425432627, 25.969719411439616)
Day of Week: Wednesday

MMSI: 314712000
Record time: 2023-11-01T23:26:53Z
Event time: 2023-11-02T05:59:33.500Z
Status: Underway
Travel distance: 63.73596112311015
Num waypoints: 15
Waypoints: (55.08846976472876, 26.118337338194934), (55.15846782033832, 26.102172462577208), (55.22846587594789, 26.117644633599557), (55.29846393155745, 26.1299602240533), (55.36846198716702, 26.1199069128306), (55.43846004277658, 26.084954130299145), (55.50845809867343, 26.037210565127804), (55.57845615428335, 25.98623387312141), (55.64845420989328, 25.986562794121838), (55.71845226521487, 26.0350642417829), (55.78845032082444, 26.097916952398883), (55.858448376434005, 26.12035785291183), (55.92844643204356, 26.06327187015818), (55.998444487653096, 25.95768898690394), (56.06844254326259, 25.97835568450907)
Day of Week: Wednesday

MMSI: 314712000
Record time: 2023-11-02T00:53:06Z
Event time: 2023-11-02T06:15:42Z
Status: Underway
Travel distance: 50.182505399568036
Num waypoints: 12
Waypoints: (55.29846393155743, 26.047191877379255), (55.368461987167024, 26.030076313966745), (55.43846004277659, 25.998690581160183), (55.50845809838616, 25.96501528535297), (55.578456153995724, 25.956870776968227), (55.6484542096468, 25.98924721378441), (55.71845226525644, 26.044743916957724), (55.788450320824374, 26.09870848487086), (55.85844837643393, 26.114283273182274), (55.92844643204349, 26.060278385901256), (55.998444487653074, 25.963160595324773), (56.06844254326263, 25.97674821574884)
Day of Week: Thursday

MMSI: 314712000
Record time: 2023-11-02T01:26:04Z
Event time: 2023-11-02T06:36:27Z
Status: Underway
Travel distance: 47.148488120950326
Num waypoints: 11
Waypoints: (55.36846198716699, 26.0445800795859), (55.438460042776526, 25.972740600511855), (55.50845809838616, 25.97874626346036), (55.57845615399573, 25.967779400684865), (55.64845420960529, 25.979660168691673), (55.71845226521487, 26.042055960375663), (55.78845032082443, 26.11435239206534), (55.858448376434005, 26.114352392065353), (55.928446432043586, 26.04434072345392), (55.99844448765318, 25.974329054842492), (56.06844254326276, 25.97432905484249)
Day of Week: Thursday

MMSI: 314712000
Record time: 2023-11-02T04:31:28Z
Event time: 2023-11-02T06:15:42.250Z
Status: Underway
Travel distance: 16.99244060475162
Num waypoints: 5
Waypoints: (55.78845032082444, 25.904317386231043), (55.858448376433984, 25.97432905484247), (55.92844643204356, 25.97432905484247), (55.99844448765313, 25.97432905484247), (56.06844254326268, 25.97432905484247)
Day of Week: Thursday

MMSI: 314712000
Record time: 2023-11-02T07:09:09Z
Event time: 2023-11-02T07:09:09Z
Status: Arrived
Travel distance: N/A
Num waypoints: 0
Waypoints: 
Day of Week: Thursday

Number of Journeys: 1
