Record time: 2023-11-17T17:01:37Z
Event time: 2023-11-19T08:12:46.333Z
Status: Underway
Travel distance: 494.50053995680344
Waypoints: (48.329999999999984, 29.071231204493433), (48.51000000000002, 28.90024106511338), (48.69000000000001, 28.861973695223888), (48.87, 28.88363569304569), (49.04999999999999, 28.915013007990808), (49.22999999999999, 28.924353401289796), (49.41, 28.89458230276926), (49.59, 28.819852063779553), (49.77000000000001, 28.702424606272736), (49.9499999974374, 28.549887466565977), (50.12999999742817, 28.36585569917739), (50.30999999741891, 28.18070453483098), (50.48999999740969, 27.98955417813059), (50.674613269711415, 27.798975634594804), (50.84365674796363, 27.61545268400522), (51.02198976720337, 27.438505584808482), (51.21128415405597, 27.25674168658117), (51.40281733482418, 27.123010094179897), (51.586107683448496, 26.994478124877023), (51.754031764742884, 26.85044420376448), (51.90506312831031, 26.692497777604856), (52.04327230854282, 26.511111857571095), (52.176727686110326, 26.349564946824234), (52.31493686634284, 26.22947449051057), (52.465968229910274, 26.15799299906182), (52.63389231120466, 26.131805894473047), (52.817182659829, 26.138250907260442), (53.008715840597205, 26.153239196396832), (53.19801022744979, 26.135018709118185), (53.37634324668954, 26.098001075522028), (53.54538672494172, 26.045961231669537), (53.72999999724346, 26.00430125051674), (53.90999999723422, 25.971979269094252), (54.089999997225, 26.000128952764904), (54.26999999721577, 26.013396956533235), (54.44999999720652, 26.04049993136022), (54.630000000000074, 26.02514044958943), (54.810000000000066, 25.99393033199131), (54.99000000000006, 25.959340657619375), (55.170000000000044, 25.938356436079708), (55.35000000000003, 25.946780283654935), (55.530000000000015, 25.991274528567406), (55.71, 26.05914174671745), (55.88999999999997, 26.10584372789692), (56.069999999999936, 26.040258872477857)
Associated file(s): api_response_2023-11-17_21-20-37.json

Record time: 2023-11-17T17:26:06Z
Event time: 2023-11-19T07:37:14.400Z
Status: Underway
Travel distance: 481.30075593952483
Waypoints: (48.50999999999999, 28.909705263157885), (48.690000000000005, 28.849447139588104), (48.870000000000005, 28.877824902409483), (49.05000000000001, 28.920093363844394), (49.23000000000001, 28.934076457127475), (49.41000000000001, 28.901260034997982), (49.59000000000001, 28.81913199623099), (49.77000000000002, 28.694769740207303), (49.95000000000002, 28.539674949522155), (50.12999999742817, 28.36585569917739), (50.30999999741891, 28.18070453483098), (50.48999999740969, 27.98955417813059), (50.674613269711415, 27.798975634594804), (50.84365674796363, 27.61545268400522), (51.02198976720337, 27.438505584808482), (51.21128415405597, 27.25674168658117), (51.40281733482418, 27.123010094179897), (51.586107683448496, 26.994478124877023), (51.754031764742884, 26.85044420376448), (51.90506312831031, 26.692497777604856), (52.04327230854282, 26.511111857571095), (52.176727686110326, 26.349564946824234), (52.31493686634284, 26.22947449051057), (52.465968229910274, 26.15799299906182), (52.63389231120466, 26.131805894473047), (52.817182659829, 26.138250907260442), (53.008715840597205, 26.153239196396832), (53.19801022744979, 26.135018709118185), (53.37634324668954, 26.098001075522028), (53.54538672494172, 26.045961231669537), (53.72999999724346, 26.00430125051674), (53.90999999723422, 25.971979269094252), (54.089999997225, 26.000128952764904), (54.26999999721577, 26.013396956533235), (54.44999999720652, 26.04049993136022), (54.630000000000074, 26.02514044958943), (54.810000000000066, 25.99393033199131), (54.99000000000006, 25.959340657619375), (55.170000000000044, 25.938356436079708), (55.35000000000003, 25.946780283654935), (55.530000000000015, 25.991274528567406), (55.71, 26.05914174671745), (55.88999999999997, 26.10584372789692), (56.069999999999936, 26.040258872477857)
Associated file(s): api_response_2023-11-17_22-00-44.json, api_response_2023-11-17_21-40-40.json

Record time: 2023-11-17T18:11:36Z
Event time: 2023-11-19T08:08:41.888Z
Status: Underway
Travel distance: 481.30075593952483
Waypoints: (48.50999999999999, 28.909705263157885), (48.690000000000005, 28.849447139588104), (48.870000000000005, 28.877824902409483), (49.05000000000001, 28.920093363844394), (49.23000000000001, 28.934076457127475), (49.41000000000001, 28.901260034997982), (49.59000000000001, 28.81913199623099), (49.77000000000002, 28.694769740207303), (49.95000000000002, 28.539674949522155), (50.12999999742817, 28.36585569917739), (50.30999999741891, 28.18070453483098), (50.48999999740969, 27.98955417813059), (50.674613269711415, 27.798975634594804), (50.84365674796363, 27.61545268400522), (51.02198976720337, 27.438505584808482), (51.21128415405597, 27.25674168658117), (51.40281733482418, 27.123010094179897), (51.586107683448496, 26.994478124877023), (51.754031764742884, 26.85044420376448), (51.90506312831031, 26.692497777604856), (52.04327230854282, 26.511111857571095), (52.176727686110326, 26.349564946824234), (52.31493686634284, 26.22947449051057), (52.465968229910274, 26.15799299906182), (52.63389231120466, 26.131805894473047), (52.817182659829, 26.138250907260442), (53.008715840597205, 26.153239196396832), (53.19801022744979, 26.135018709118185), (53.37634324668954, 26.098001075522028), (53.54538672494172, 26.045961231669537), (53.72999999724346, 26.00430125051674), (53.90999999723422, 25.971979269094252), (54.089999997225, 26.000128952764904), (54.26999999721577, 26.013396956533235), (54.44999999720652, 26.04049993136022), (54.630000000000074, 26.02514044958943), (54.810000000000066, 25.99393033199131), (54.99000000000006, 25.959340657619375), (55.170000000000044, 25.938356436079708), (55.35000000000003, 25.946780283654935), (55.530000000000015, 25.991274528567406), (55.71, 26.05914174671745), (55.88999999999997, 26.10584372789692), (56.069999999999936, 26.040258872477857)
Associated file(s): api_response_2023-11-17_22-20-49.json, api_response_2023-11-17_22-40-52.json

Record time: 2023-11-17T18:47:27Z
Event time: 2023-11-19T08:41:50.500Z
Status: Underway
Travel distance: 467.054535637149
Waypoints: (48.718646704258205, 28.907963323614744), (48.78864475986779, 28.92719839965006), (48.85864281547736, 28.923075748249218), (48.92864087108692, 28.906019028151256), (48.998638926696486, 28.884650951820927), (49.06863698230605, 28.86533489703016), (49.138635037915634, 28.85191499006977), (49.20863309352521, 28.84565466059139), (49.27863114913478, 28.8453736680796), (49.348629202212564, 28.847783598474326), (49.418627257818535, 28.85383764288323), (49.48862531342452, 28.84775344134154), (49.55862336903051, 28.821151080573433), (49.628621424636464, 28.772831814550266), (49.69861948024245, 28.714313783179477), (49.76861753584842, 28.642733943666215), (49.8386155914544, 28.566457130719908), (49.90861364706036, 28.49146011109665), (49.97861170266634, 28.420948964976866), (50.04860975827232, 28.35405290515106), (50.11860781387829, 28.286508466970123), (50.18860586948427, 28.21470244896089), (50.25860392509024, 28.14469078035304), (50.32860198069622, 28.074679111745205), (50.3986000363022, 28.00466744313736), (50.46859809190816, 27.934655774529514), (50.53859614751414, 27.86464410592167), (50.60859420312011, 27.794632437313826), (50.6785922587261, 27.724620768705986), (50.74859031433206, 27.652814750696745), (50.818588369938055, 27.58527031251582), (50.888586425544034, 27.51837425269001), (50.958584481149984, 27.447863106570225), (51.028582536755984, 27.372866086946964), (51.09858059236195, 27.296589274000652), (51.16857864796792, 27.22500943448739), (51.2385767035739, 27.164697053715216), (51.308574759179876, 27.120639367520347), (51.37857281478584, 27.094685385107375), (51.448570870391826, 27.08498609727171), (51.5185689259978, 27.088348617578518), (51.58856698160376, 27.09035218208868), (51.658565037209755, 27.094689154748977), (51.728563092815726, 27.098803718554898), (51.79856114842171, 27.10196833267773), (51.86855920402767, 27.096519315745564), (51.93855725963364, 27.09476266276017), (52.00855531523963, 27.082848710484758), (52.0785533708456, 27.072225860457195), (52.14855142645157, 27.054755456464033), (52.21854948205756, 27.039435633003414), (52.288547537663526, 27.01932836471136), (52.358545593269504, 26.993255638587993), (52.428543648875475, 26.971205120051362), (52.49854170448145, 26.942324010936332), (52.568539760087425, 26.91221211383904), (52.6385378156934, 26.87208804865331), (52.708535871299375, 26.823346582770984), (52.778533926905354, 26.787193835010395), (52.848531982511325, 26.74739961346463), (52.91853003811731, 26.703564336124142), (52.98852809372327, 26.655708736017722), (53.058526149329246, 26.62055494328101), (53.12852420493523, 26.57962794443458), (53.198522260541196, 26.53886680981853), (53.268520316147175, 26.48946565665629), (53.33851837175316, 26.438956228863766), (53.40851642735913, 26.385674229674773), (53.47851448296509, 26.337475592182788), (53.54851253857108, 26.288562607607687), (53.618510594177046, 26.229243527397), (53.688508649783024, 26.16899711535282), (53.758506705388996, 26.103275298885276), (53.828504760994974, 26.04830826990128), (53.89850281660096, 26.007232370211664), (53.96850087220693, 25.974998164893822), (54.038498927812924, 25.961683790764173), (54.10849698341888, 25.962105990623325), (54.17849503902486, 25.976894294618404), (54.24849309463083, 25.980733674587555), (54.31849115023681, 25.97761806580552), (54.38848920584279, 25.970016583520003), (54.45848726144877, 25.966269559770033), (54.528485317054745, 25.970966533203086), (54.59848337266071, 25.986495571772476), (54.668481428266695, 26.003398644704912), (54.73847948387265, 26.017887262192822), (54.80847753947863, 26.02965608326665), (54.8784755950846, 26.04143809808608), (54.94847365069058, 26.048364814525275), (55.018471706296545, 26.05344252175988), (55.08846976190252, 26.066383701371176), (55.15846781750851, 26.09144050908346), (55.22846587311449, 26.11901920702584), (55.29846392872046, 26.129958706947768), (55.36846198432644, 26.106328708580925), (55.43846003993242, 26.066851136929515), (55.5084580983862, 26.047141190198378), (55.57845615399576, 26.034574541614095), (55.648454209605326, 26.032127153209657), (55.718452265214886, 26.03980262327932), (55.78845032082445, 26.053909358939187), (55.85844837643401, 26.06651322416689), (55.92844643204357, 26.06506566465783), (55.998444487653124, 26.032207309497796), (56.06844254326265, 25.945747049652102)
Associated file(s): api_response_2023-11-17_23-41-02.json, api_response_2023-11-17_23-20-58.json, api_response_2023-11-17_23-00-55.json

Record time: 2023-11-17T19:44:43Z
Event time: 2023-11-19T09:49:13.600Z
Status: Underway
Travel distance: 456.1463282937365
Waypoints: (48.92864087108691, 28.92020626279404), (48.99863892669651, 28.895819617394807), (49.06863698230607, 28.864988941028148), (49.13863503791562, 28.84389045118798), (49.20863309352518, 28.837041806310594), (49.278631149134746, 28.841402156460614), (49.34862920474431, 28.849829093160036), (49.418627260353894, 28.853892498360402), (49.48862531596347, 28.846045292557978), (49.55862336903051, 28.821151080573433), (49.628621424636464, 28.772831814550266), (49.69861948024245, 28.714313783179477), (49.76861753584842, 28.642733943666215), (49.8386155914544, 28.566457130719908), (49.90861364706036, 28.49146011109665), (49.97861170266634, 28.420948964976866), (50.04860975827232, 28.35405290515106), (50.11860781387829, 28.286508466970123), (50.18860586948427, 28.21470244896089), (50.25860392509024, 28.14469078035304), (50.32860198069622, 28.074679111745205), (50.3986000363022, 28.00466744313736), (50.46859809190816, 27.934655774529514), (50.53859614751414, 27.86464410592167), (50.60859420312011, 27.794632437313826), (50.6785922587261, 27.724620768705986), (50.74859031433206, 27.652814750696745), (50.818588369938055, 27.58527031251582), (50.888586425544034, 27.51837425269001), (50.958584481149984, 27.447863106570225), (51.028582536755984, 27.372866086946964), (51.09858059236195, 27.296589274000652), (51.16857864796792, 27.22500943448739), (51.2385767035739, 27.164697053715216), (51.308574759179876, 27.120639367520347), (51.37857281478584, 27.094685385107375), (51.448570870391826, 27.08498609727171), (51.5185689259978, 27.088348617578518), (51.58856698160376, 27.09035218208868), (51.658565037209755, 27.094689154748977), (51.728563092815726, 27.098803718554898), (51.79856114842171, 27.10196833267773), (51.86855920402767, 27.096519315745564), (51.93855725963364, 27.09476266276017), (52.00855531523963, 27.082848710484758), (52.0785533708456, 27.072225860457195), (52.14855142645157, 27.054755456464033), (52.21854948205756, 27.039435633003414), (52.288547537663526, 27.01932836471136), (52.358545593269504, 26.993255638587993), (52.428543648875475, 26.971205120051362), (52.49854170448145, 26.942324010936332), (52.568539760087425, 26.91221211383904), (52.6385378156934, 26.87208804865331), (52.708535871299375, 26.823346582770984), (52.778533926905354, 26.787193835010395), (52.848531982511325, 26.74739961346463), (52.91853003811731, 26.703564336124142), (52.98852809372327, 26.655708736017722), (53.058526149329246, 26.62055494328101), (53.12852420493523, 26.57962794443458), (53.198522260541196, 26.53886680981853), (53.268520316147175, 26.48946565665629), (53.33851837175316, 26.438956228863766), (53.40851642735913, 26.385674229674773), (53.47851448296509, 26.337475592182788), (53.54851253857108, 26.288562607607687), (53.618510594177046, 26.229243527397), (53.688508649783024, 26.16899711535282), (53.758506705388996, 26.103275298885276), (53.828504760994974, 26.04830826990128), (53.89850281660096, 26.007232370211664), (53.96850087220693, 25.974998164893822), (54.038498927812924, 25.961683790764173), (54.10849698341888, 25.962105990623325), (54.17849503902486, 25.976894294618404), (54.24849309463083, 25.980733674587555), (54.31849115023681, 25.97761806580552), (54.38848920584279, 25.970016583520003), (54.45848726144877, 25.966269559770033), (54.528485317054745, 25.970966533203086), (54.59848337266071, 25.986495571772476), (54.668481428266695, 26.003398644704912), (54.73847948387265, 26.017887262192822), (54.80847753947863, 26.02965608326665), (54.8784755950846, 26.04143809808608), (54.94847365069058, 26.048364814525275), (55.018471706296545, 26.05344252175988), (55.08846976190252, 26.066383701371176), (55.15846781750851, 26.09144050908346), (55.22846587311449, 26.11901920702584), (55.29846392872046, 26.129958706947768), (55.36846198432644, 26.106328708580925), (55.43846003993242, 26.066851136929515), (55.5084580983862, 26.047141190198378), (55.57845615399576, 26.034574541614095), (55.648454209605326, 26.032127153209657), (55.718452265214886, 26.03980262327932), (55.78845032082445, 26.053909358939187), (55.85844837643401, 26.06651322416689), (55.92844643204357, 26.06506566465783), (55.998444487653124, 26.032207309497796), (56.06844254326265, 25.945747049652102)
Associated file(s): api_response_2023-11-18_00-41-11.json, api_response_2023-11-18_00-01-05.json, api_response_2023-11-18_00-21-08.json

Record time: 2023-11-17T20:49:42Z
Event time: 2023-11-19T10:22:39.444Z
Status: Underway
Travel distance: 444.4071274298056
Waypoints: (49.138635037915606, 28.850669397676818), (49.208633093525194, 28.83232120407837), (49.27863114913476, 28.841291260458647), (49.34862920474432, 28.854868932631568), (49.41862726035388, 28.859262558436065), (49.488625315963446, 28.847519171019275), (49.55862337157301, 28.81767944775552), (49.62862142718259, 28.77116788480114), (49.69861948279216, 28.711418197285155), (49.76861753584842, 28.642733943666215), (49.8386155914544, 28.566457130719908), (49.90861364706036, 28.49146011109665), (49.97861170266634, 28.420948964976866), (50.04860975827232, 28.35405290515106), (50.11860781387829, 28.286508466970123), (50.18860586948427, 28.21470244896089), (50.25860392509024, 28.14469078035304), (50.32860198069622, 28.074679111745205), (50.3986000363022, 28.00466744313736), (50.46859809190816, 27.934655774529514), (50.53859614751414, 27.86464410592167), (50.60859420312011, 27.794632437313826), (50.6785922587261, 27.724620768705986), (50.74859031433206, 27.652814750696745), (50.818588369938055, 27.58527031251582), (50.888586425544034, 27.51837425269001), (50.958584481149984, 27.447863106570225), (51.028582536755984, 27.372866086946964), (51.09858059236195, 27.296589274000652), (51.16857864796792, 27.22500943448739), (51.2385767035739, 27.164697053715216), (51.308574759179876, 27.120639367520347), (51.37857281478584, 27.094685385107375), (51.448570870391826, 27.08498609727171), (51.5185689259978, 27.088348617578518), (51.58856698160376, 27.09035218208868), (51.658565037209755, 27.094689154748977), (51.728563092815726, 27.098803718554898), (51.79856114842171, 27.10196833267773), (51.86855920402767, 27.096519315745564), (51.93855725963364, 27.09476266276017), (52.00855531523963, 27.082848710484758), (52.0785533708456, 27.072225860457195), (52.14855142645157, 27.054755456464033), (52.21854948205756, 27.039435633003414), (52.288547537663526, 27.01932836471136), (52.358545593269504, 26.993255638587993), (52.428543648875475, 26.971205120051362), (52.49854170448145, 26.942324010936332), (52.568539760087425, 26.91221211383904), (52.6385378156934, 26.87208804865331), (52.708535871299375, 26.823346582770984), (52.778533926905354, 26.787193835010395), (52.848531982511325, 26.74739961346463), (52.91853003811731, 26.703564336124142), (52.98852809372327, 26.655708736017722), (53.058526149329246, 26.62055494328101), (53.12852420493523, 26.57962794443458), (53.198522260541196, 26.53886680981853), (53.268520316147175, 26.48946565665629), (53.33851837175316, 26.438956228863766), (53.40851642735913, 26.385674229674773), (53.47851448296509, 26.337475592182788), (53.54851253857108, 26.288562607607687), (53.618510594177046, 26.229243527397), (53.688508649783024, 26.16899711535282), (53.758506705388996, 26.103275298885276), (53.828504760994974, 26.04830826990128), (53.89850281660096, 26.007232370211664), (53.96850087220693, 25.974998164893822), (54.038498927812924, 25.961683790764173), (54.10849698341888, 25.962105990623325), (54.17849503902486, 25.976894294618404), (54.24849309463083, 25.980733674587555), (54.31849115023681, 25.97761806580552), (54.38848920584279, 25.970016583520003), (54.45848726144877, 25.966269559770033), (54.528485317054745, 25.970966533203086), (54.59848337266071, 25.986495571772476), (54.668481428266695, 26.003398644704912), (54.73847948387265, 26.017887262192822), (54.80847753947863, 26.02965608326665), (54.8784755950846, 26.04143809808608), (54.94847365069058, 26.048364814525275), (55.018471706296545, 26.05344252175988), (55.08846976190252, 26.066383701371176), (55.15846781750851, 26.09144050908346), (55.22846587311449, 26.11901920702584), (55.29846392872046, 26.129958706947768), (55.36846198432644, 26.106328708580925), (55.43846003993242, 26.066851136929515), (55.5084580983862, 26.047141190198378), (55.57845615399576, 26.034574541614095), (55.648454209605326, 26.032127153209657), (55.718452265214886, 26.03980262327932), (55.78845032082445, 26.053909358939187), (55.85844837643401, 26.06651322416689), (55.92844643204357, 26.06506566465783), (55.998444487653124, 26.032207309497796), (56.06844254326265, 25.945747049652102)
Associated file(s): api_response_2023-11-18_02-01-25.json, api_response_2023-11-18_02-41-31.json, api_response_2023-11-18_01-21-18.json, api_response_2023-11-18_03-01-34.json, api_response_2023-11-18_02-21-28.json, api_response_2023-11-18_01-01-14.json, api_response_2023-11-18_01-41-21.json

Record time: 2023-11-17T23:10:20Z
Event time: 2023-11-19T09:46:32.500Z
Status: Underway
Travel distance: 413.33639308855294
Waypoints: (49.69861948279212, 28.77479579929988), (49.768617538401706, 28.704784130688452), (49.83861559401128, 28.63477246207702), (49.90861364962084, 28.564760793465584), (49.978611705230406, 28.494749124854152), (50.04860976083997, 28.42473745624272), (50.11860781644955, 28.35472578763129), (50.18860587205912, 28.284714119019856), (50.258603927668695, 28.214702450408424), (50.32860198069622, 28.14469078035304), (50.3986000363022, 28.074679111745205), (50.46859809190816, 28.00466744313736), (50.53859614751414, 27.934655774529514), (50.60859420312011, 27.86464410592167), (50.6785922587261, 27.794632437313826), (50.74859031433206, 27.724620768705986), (50.818588369938055, 27.652814750696745), (50.888586425544034, 27.58527031251582), (50.958584481149984, 27.51837425269001), (51.028582536755984, 27.447863106570225), (51.09858059236195, 27.372866086946964), (51.16857864796792, 27.296589274000652), (51.2385767035739, 27.22500943448739), (51.308574759179876, 27.164697053715216), (51.37857281478584, 27.120639367520347), (51.448570870391826, 27.094685385107375), (51.5185689259978, 27.086780446673096), (51.58856698160376, 27.084087037750216), (51.658565037209755, 27.089703803733556), (51.728563092815726, 27.098304241042957), (51.79856114842171, 27.105083941459764), (51.86855920402767, 27.098986546172476), (51.93855725963364, 27.092968313358778), (52.00855531523963, 27.082848710484758), (52.0785533708456, 27.072225860457195), (52.14855142645157, 27.054755456464033), (52.21854948205756, 27.039435633003414), (52.288547537663526, 27.01932836471136), (52.358545593269504, 26.993255638587993), (52.428543648875475, 26.971205120051362), (52.49854170448145, 26.942324010936332), (52.568539760087425, 26.91221211383904), (52.6385378156934, 26.87208804865331), (52.708535871299375, 26.823346582770984), (52.778533926905354, 26.787193835010395), (52.848531982511325, 26.74739961346463), (52.91853003811731, 26.703564336124142), (52.98852809372327, 26.655708736017722), (53.058526149329246, 26.62055494328101), (53.12852420493523, 26.57962794443458), (53.198522260541196, 26.53886680981853), (53.268520316147175, 26.48946565665629), (53.33851837175316, 26.438956228863766), (53.40851642735913, 26.385674229674773), (53.47851448296509, 26.337475592182788), (53.54851253857108, 26.288562607607687), (53.618510594177046, 26.229243527397), (53.688508649783024, 26.16899711535282), (53.758506705388996, 26.103275298885276), (53.828504760994974, 26.04830826990128), (53.89850281660096, 26.007232370211664), (53.96850087220693, 25.974998164893822), (54.038498927812924, 25.961683790764173), (54.10849698341888, 25.962105990623325), (54.17849503902486, 25.976894294618404), (54.24849309463083, 25.980733674587555), (54.31849115023681, 25.97761806580552), (54.38848920584279, 25.970016583520003), (54.45848726144877, 25.966269559770033), (54.528485317054745, 25.970966533203086), (54.59848337266071, 25.986495571772476), (54.668481428266695, 26.003398644704912), (54.73847948387265, 26.017887262192822), (54.80847753947863, 26.02965608326665), (54.8784755950846, 26.04143809808608), (54.94847365069058, 26.048364814525275), (55.018471706296545, 26.05344252175988), (55.08846976190252, 26.066383701371176), (55.15846781750851, 26.09144050908346), (55.22846587311449, 26.11901920702584), (55.29846392872046, 26.129958706947768), (55.36846198432644, 26.106328708580925), (55.43846003993242, 26.066851136929515), (55.5084580983862, 26.047141190198378), (55.57845615399576, 26.034574541614095), (55.648454209605326, 26.032127153209657), (55.718452265214886, 26.03980262327932), (55.78845032082445, 26.053909358939187), (55.85844837643401, 26.06651322416689), (55.92844643204357, 26.06506566465783), (55.998444487653124, 26.032207309497796), (56.06844254326265, 25.945747049652102)
Associated file(s): api_response_2023-11-18_03-21-38.json

Record time: 2023-11-17T23:25:29Z
Event time: 2023-11-19T09:16:00Z
Status: Underway
Travel distance: 407.74460043196547
Waypoints: (49.768617538401756, 28.704784130688438), (49.838615594011344, 28.634772462077013), (49.908613649620904, 28.56476079346558), (49.978611705230456, 28.494749124854142), (50.04860976084001, 28.424737456242706), (50.118607816449575, 28.35472578763127), (50.18860587205914, 28.284714119019842), (50.25860392766872, 28.21470245040841), (50.3286019832783, 28.144690781796978), (50.3986000363022, 28.074679111745205), (50.46859809190816, 28.00466744313736), (50.53859614751414, 27.934655774529514), (50.60859420312011, 27.86464410592167), (50.6785922587261, 27.794632437313826), (50.74859031433206, 27.724620768705986), (50.818588369938055, 27.652814750696745), (50.888586425544034, 27.58527031251582), (50.958584481149984, 27.51837425269001), (51.028582536755984, 27.447863106570225), (51.09858059236195, 27.372866086946964), (51.16857864796792, 27.296589274000652), (51.2385767035739, 27.22500943448739), (51.308574759179876, 27.164697053715216), (51.37857281478584, 27.120639367520347), (51.448570870391826, 27.094685385107375), (51.5185689259978, 27.086780446673096), (51.58856698160376, 27.084087037750216), (51.658565037209755, 27.089703803733556), (51.728563092815726, 27.098304241042957), (51.79856114842171, 27.105083941459764), (51.86855920402767, 27.098986546172476), (51.93855725963364, 27.092968313358778), (52.00855531523963, 27.082848710484758), (52.0785533708456, 27.072225860457195), (52.14855142645157, 27.054755456464033), (52.21854948205756, 27.039435633003414), (52.288547537663526, 27.01932836471136), (52.358545593269504, 26.993255638587993), (52.428543648875475, 26.971205120051362), (52.49854170448145, 26.942324010936332), (52.568539760087425, 26.91221211383904), (52.6385378156934, 26.87208804865331), (52.708535871299375, 26.823346582770984), (52.778533926905354, 26.787193835010395), (52.848531982511325, 26.74739961346463), (52.91853003811731, 26.703564336124142), (52.98852809372327, 26.655708736017722), (53.058526149329246, 26.62055494328101), (53.12852420493523, 26.57962794443458), (53.198522260541196, 26.53886680981853), (53.268520316147175, 26.48946565665629), (53.33851837175316, 26.438956228863766), (53.40851642735913, 26.385674229674773), (53.47851448296509, 26.337475592182788), (53.54851253857108, 26.288562607607687), (53.618510594177046, 26.229243527397), (53.688508649783024, 26.16899711535282), (53.758506705388996, 26.103275298885276), (53.828504760994974, 26.04830826990128), (53.89850281660096, 26.007232370211664), (53.96850087220693, 25.974998164893822), (54.038498927812924, 25.961683790764173), (54.10849698341888, 25.962105990623325), (54.17849503902486, 25.976894294618404), (54.24849309463083, 25.980733674587555), (54.31849115023681, 25.97761806580552), (54.38848920584279, 25.970016583520003), (54.45848726144877, 25.966269559770033), (54.528485317054745, 25.970966533203086), (54.59848337266071, 25.986495571772476), (54.668481428266695, 26.003398644704912), (54.73847948387265, 26.017887262192822), (54.80847753947863, 26.02965608326665), (54.8784755950846, 26.04143809808608), (54.94847365069058, 26.048364814525275), (55.018471706296545, 26.05344252175988), (55.08846976190252, 26.066383701371176), (55.15846781750851, 26.09144050908346), (55.22846587311449, 26.11901920702584), (55.29846392872046, 26.129958706947768), (55.36846198432644, 26.106328708580925), (55.43846003993242, 26.066851136929515), (55.5084580983862, 26.047141190198378), (55.57845615399576, 26.034574541614095), (55.648454209605326, 26.032127153209657), (55.718452265214886, 26.03980262327932), (55.78845032082445, 26.053909358939187), (55.85844837643401, 26.06651322416689), (55.92844643204357, 26.06506566465783), (55.998444487653124, 26.032207309497796), (56.06844254326265, 25.945747049652102)
Associated file(s): api_response_2023-11-18_04-01-44.json, api_response_2023-11-18_03-41-41.json

Record time: 2023-11-17T23:55:50Z
Event time: 2023-11-19T08:41:45.142Z
Status: Underway
Travel distance: 403.25809935205183
Waypoints: (49.83861559401126, 28.708305832679326), (49.90861364962085, 28.623450000837448), (49.97861170523042, 28.566972716347898), (50.04860976083998, 28.520318775172615), (50.11860781644955, 28.472646602397035), (50.188605872059114, 28.41878887612462), (50.25860392766869, 28.357482680745782), (50.32860198327826, 28.28986918958118), (50.39860003888783, 28.218262876899377), (50.46859809190816, 28.145190257864986), (50.53859614751414, 28.071563502963166), (50.60859420312011, 28.002200212710452), (50.6785922587261, 27.936450123930907), (50.74859031433206, 27.86464410592167), (50.818588369938055, 27.794632437313826), (50.888586425544034, 27.724620768705986), (50.958584481149984, 27.652814750696745), (51.028582536755984, 27.58527031251582), (51.09858059236195, 27.51837425269001), (51.16857864796792, 27.447863106570225), (51.2385767035739, 27.372866086946964), (51.308574759179876, 27.296589274000652), (51.37857281478584, 27.22500943448739), (51.448570870391826, 27.164697053715216), (51.5185689259978, 27.12243371692174), (51.58856698160376, 27.092218154680467), (51.658565037209755, 27.08187048848967), (51.728563092815726, 27.08705374568907), (51.79856114842171, 27.099599112932406), (51.86855920402767, 27.10160267744257), (51.93855725963364, 27.09855115256773), (52.00855531523963, 27.08352159151028), (52.0785533708456, 27.0704315110558), (52.14855142645157, 27.054755456464033), (52.21854948205756, 27.039435633003414), (52.288547537663526, 27.01932836471136), (52.358545593269504, 26.993255638587993), (52.428543648875475, 26.971205120051362), (52.49854170448145, 26.942324010936332), (52.568539760087425, 26.91221211383904), (52.6385378156934, 26.87208804865331), (52.708535871299375, 26.823346582770984), (52.778533926905354, 26.787193835010395), (52.848531982511325, 26.74739961346463), (52.91853003811731, 26.703564336124142), (52.98852809372327, 26.655708736017722), (53.058526149329246, 26.62055494328101), (53.12852420493523, 26.57962794443458), (53.198522260541196, 26.53886680981853), (53.268520316147175, 26.48946565665629), (53.33851837175316, 26.438956228863766), (53.40851642735913, 26.385674229674773), (53.47851448296509, 26.337475592182788), (53.54851253857108, 26.288562607607687), (53.618510594177046, 26.229243527397), (53.688508649783024, 26.16899711535282), (53.758506705388996, 26.103275298885276), (53.828504760994974, 26.04830826990128), (53.89850281660096, 26.007232370211664), (53.96850087220693, 25.974998164893822), (54.038498927812924, 25.961683790764173), (54.10849698341888, 25.962105990623325), (54.17849503902486, 25.976894294618404), (54.24849309463083, 25.980733674587555), (54.31849115023681, 25.97761806580552), (54.38848920584279, 25.970016583520003), (54.45848726144877, 25.966269559770033), (54.528485317054745, 25.970966533203086), (54.59848337266071, 25.986495571772476), (54.668481428266695, 26.003398644704912), (54.73847948387265, 26.017887262192822), (54.80847753947863, 26.02965608326665), (54.8784755950846, 26.04143809808608), (54.94847365069058, 26.048364814525275), (55.018471706296545, 26.05344252175988), (55.08846976190252, 26.066383701371176), (55.15846781750851, 26.09144050908346), (55.22846587311449, 26.11901920702584), (55.29846392872046, 26.129958706947768), (55.36846198432644, 26.106328708580925), (55.43846003993242, 26.066851136929515), (55.5084580983862, 26.047141190198378), (55.57845615399576, 26.034574541614095), (55.648454209605326, 26.032127153209657), (55.718452265214886, 26.03980262327932), (55.78845032082445, 26.053909358939187), (55.85844837643401, 26.06651322416689), (55.92844643204357, 26.06506566465783), (55.998444487653124, 26.032207309497796), (56.06844254326265, 25.945747049652102)
Associated file(s): api_response_2023-11-18_04-21-47.json

Record time: 2023-11-18T00:27:01Z
Event time: 2023-11-19T07:56:27.285Z
Status: Underway
Travel distance: 394.77159827213825
Waypoints: (49.97861170523038, 28.63477246207701), (50.04860976083998, 28.564760793465584), (50.11860781644955, 28.49474912485415), (50.18860587205911, 28.424737456242717), (50.25860392766867, 28.35472578763128), (50.32860198327823, 28.284714119019846), (50.39860003888781, 28.21470245040841), (50.46859809449738, 28.144690781796974), (50.538596150106954, 28.07467911318554), (50.60859420312011, 28.00466744313736), (50.6785922587261, 27.934655774529514), (50.74859031433206, 27.86464410592167), (50.818588369938055, 27.794632437313826), (50.888586425544034, 27.724620768705986), (50.958584481149984, 27.652814750696745), (51.028582536755984, 27.58527031251582), (51.09858059236195, 27.51837425269001), (51.16857864796792, 27.447863106570225), (51.2385767035739, 27.372866086946964), (51.308574759179876, 27.296589274000652), (51.37857281478584, 27.22500943448739), (51.448570870391826, 27.164697053715216), (51.5185689259978, 27.12243371692174), (51.58856698160376, 27.092218154680467), (51.658565037209755, 27.08187048848967), (51.728563092815726, 27.08705374568907), (51.79856114842171, 27.099599112932406), (51.86855920402767, 27.10160267744257), (51.93855725963364, 27.09855115256773), (52.00855531523963, 27.08352159151028), (52.0785533708456, 27.0704315110558), (52.14855142645157, 27.054755456464033), (52.21854948205756, 27.039435633003414), (52.288547537663526, 27.01932836471136), (52.358545593269504, 26.993255638587993), (52.428543648875475, 26.971205120051362), (52.49854170448145, 26.942324010936332), (52.568539760087425, 26.91221211383904), (52.6385378156934, 26.87208804865331), (52.708535871299375, 26.823346582770984), (52.778533926905354, 26.787193835010395), (52.848531982511325, 26.74739961346463), (52.91853003811731, 26.703564336124142), (52.98852809372327, 26.655708736017722), (53.058526149329246, 26.62055494328101), (53.12852420493523, 26.57962794443458), (53.198522260541196, 26.53886680981853), (53.268520316147175, 26.48946565665629), (53.33851837175316, 26.438956228863766), (53.40851642735913, 26.385674229674773), (53.47851448296509, 26.337475592182788), (53.54851253857108, 26.288562607607687), (53.618510594177046, 26.229243527397), (53.688508649783024, 26.16899711535282), (53.758506705388996, 26.103275298885276), (53.828504760994974, 26.04830826990128), (53.89850281660096, 26.007232370211664), (53.96850087220693, 25.974998164893822), (54.038498927812924, 25.961683790764173), (54.10849698341888, 25.962105990623325), (54.17849503902486, 25.976894294618404), (54.24849309463083, 25.980733674587555), (54.31849115023681, 25.97761806580552), (54.38848920584279, 25.970016583520003), (54.45848726144877, 25.966269559770033), (54.528485317054745, 25.970966533203086), (54.59848337266071, 25.986495571772476), (54.668481428266695, 26.003398644704912), (54.73847948387265, 26.017887262192822), (54.80847753947863, 26.02965608326665), (54.8784755950846, 26.04143809808608), (54.94847365069058, 26.048364814525275), (55.018471706296545, 26.05344252175988), (55.08846976190252, 26.066383701371176), (55.15846781750851, 26.09144050908346), (55.22846587311449, 26.11901920702584), (55.29846392872046, 26.129958706947768), (55.36846198432644, 26.106328708580925), (55.43846003993242, 26.066851136929515), (55.5084580983862, 26.047141190198378), (55.57845615399576, 26.034574541614095), (55.648454209605326, 26.032127153209657), (55.718452265214886, 26.03980262327932), (55.78845032082445, 26.053909358939187), (55.85844837643401, 26.06651322416689), (55.92844643204357, 26.06506566465783), (55.998444487653124, 26.032207309497796), (56.06844254326265, 25.945747049652102)
Associated file(s): api_response_2023-11-18_05-42-00.json, api_response_2023-11-18_07-22-16.json, api_response_2023-11-18_05-21-57.json, api_response_2023-11-18_07-02-13.json, api_response_2023-11-18_07-42-20.json, api_response_2023-11-18_05-01-54.json, api_response_2023-11-18_04-41-50.json, api_response_2023-11-18_06-42-10.json, api_response_2023-11-18_06-02-03.json, api_response_2023-11-18_06-22-07.json

Record time: 2023-11-18T03:33:27Z
Event time: 2023-11-19T07:47:31.444Z
Status: Underway
Travel distance: 351.6976241900648
Waypoints: (50.5385961501069, 28.142305112706357), (50.6085942057165, 28.078743586451015), (50.67859226132608, 28.006628400711133), (50.74859031693565, 27.9329659484419), (50.818588372545214, 27.861096646142734), (50.88858642815478, 27.791820171874814), (50.958584483764355, 27.724373687256232), (51.02858253937392, 27.65726304343472), (51.098580594983495, 27.588946971038016), (51.16857864796792, 27.51837425269001), (51.2385767035739, 27.447863106570225), (51.308574759179876, 27.372866086946964), (51.37857281478584, 27.296589274000652), (51.448570870391826, 27.22500943448739), (51.5185689259978, 27.16649140311661), (51.58856698160376, 27.11817213709344), (51.658565037209755, 27.091569776325343), (51.728563092815726, 27.08548557478365), (51.79856114842171, 27.093333968593935), (51.86855920402767, 27.096617326427154), (51.93855725963364, 27.098051675055785), (52.00855531523963, 27.08663720029232), (52.0785533708456, 27.072898741482717), (52.14855142645157, 27.05296110706264), (52.21854948205756, 27.039435633003414), (52.288547537663526, 27.01932836471136), (52.358545593269504, 26.993255638587993), (52.428543648875475, 26.971205120051362), (52.49854170448145, 26.942324010936332), (52.568539760087425, 26.91221211383904), (52.6385378156934, 26.87208804865331), (52.708535871299375, 26.823346582770984), (52.778533926905354, 26.787193835010395), (52.848531982511325, 26.74739961346463), (52.91853003811731, 26.703564336124142), (52.98852809372327, 26.655708736017722), (53.058526149329246, 26.62055494328101), (53.12852420493523, 26.57962794443458), (53.198522260541196, 26.53886680981853), (53.268520316147175, 26.48946565665629), (53.33851837175316, 26.438956228863766), (53.40851642735913, 26.385674229674773), (53.47851448296509, 26.337475592182788), (53.54851253857108, 26.288562607607687), (53.618510594177046, 26.229243527397), (53.688508649783024, 26.16899711535282), (53.758506705388996, 26.103275298885276), (53.828504760994974, 26.04830826990128), (53.89850281660096, 26.007232370211664), (53.96850087220693, 25.974998164893822), (54.038498927812924, 25.961683790764173), (54.10849698341888, 25.962105990623325), (54.17849503902486, 25.976894294618404), (54.24849309463083, 25.980733674587555), (54.31849115023681, 25.97761806580552), (54.38848920584279, 25.970016583520003), (54.45848726144877, 25.966269559770033), (54.528485317054745, 25.970966533203086), (54.59848337266071, 25.986495571772476), (54.668481428266695, 26.003398644704912), (54.73847948387265, 26.017887262192822), (54.80847753947863, 26.02965608326665), (54.8784755950846, 26.04143809808608), (54.94847365069058, 26.048364814525275), (55.018471706296545, 26.05344252175988), (55.08846976190252, 26.066383701371176), (55.15846781750851, 26.09144050908346), (55.22846587311449, 26.11901920702584), (55.29846392872046, 26.129958706947768), (55.36846198432644, 26.106328708580925), (55.43846003993242, 26.066851136929515), (55.5084580983862, 26.047141190198378), (55.57845615399576, 26.034574541614095), (55.648454209605326, 26.032127153209657), (55.718452265214886, 26.03980262327932), (55.78845032082445, 26.053909358939187), (55.85844837643401, 26.06651322416689), (55.92844643204357, 26.06506566465783), (55.998444487653124, 26.032207309497796), (56.06844254326265, 25.945747049652102)
Associated file(s): api_response_2023-11-18_08-02-23.json, api_response_2023-11-18_08-22-26.json, api_response_2023-11-18_08-42-29.json, api_response_2023-11-18_09-22-36.json, api_response_2023-11-18_09-02-33.json

Record time: 2023-11-18T05:15:13Z
Event time: 2023-11-19T08:28:41Z
Status: Underway
Travel distance: 335.03617710583154
Waypoints: (50.748590316935626, 27.93613436647595), (50.81858837254521, 27.862968798662187), (50.888586428154774, 27.792422789065565), (50.95858448376434, 27.72416889290894), (51.02858253937391, 27.656679034565645), (51.098580594983474, 27.588202164108395), (51.168578650593055, 27.51750668822234), (51.23857670620263, 27.44438767548234), (51.3085747618122, 27.369938835994347), (51.37857281478584, 27.296589274000652), (51.448570870391826, 27.22500943448739), (51.5185689259978, 27.16649140311661), (51.58856698160376, 27.11817213709344), (51.658565037209755, 27.091569776325343), (51.728563092815726, 27.08548557478365), (51.79856114842171, 27.093333968593935), (51.86855920402767, 27.096617326427154), (51.93855725963364, 27.098051675055785), (52.00855531523963, 27.08663720029232), (52.0785533708456, 27.072898741482717), (52.14855142645157, 27.05296110706264), (52.21854948205756, 27.039435633003414), (52.288547537663526, 27.01932836471136), (52.358545593269504, 26.993255638587993), (52.428543648875475, 26.971205120051362), (52.49854170448145, 26.942324010936332), (52.568539760087425, 26.91221211383904), (52.6385378156934, 26.87208804865331), (52.708535871299375, 26.823346582770984), (52.778533926905354, 26.787193835010395), (52.848531982511325, 26.74739961346463), (52.91853003811731, 26.703564336124142), (52.98852809372327, 26.655708736017722), (53.058526149329246, 26.62055494328101), (53.12852420493523, 26.57962794443458), (53.198522260541196, 26.53886680981853), (53.268520316147175, 26.48946565665629), (53.33851837175316, 26.438956228863766), (53.40851642735913, 26.385674229674773), (53.47851448296509, 26.337475592182788), (53.54851253857108, 26.288562607607687), (53.618510594177046, 26.229243527397), (53.688508649783024, 26.16899711535282), (53.758506705388996, 26.103275298885276), (53.828504760994974, 26.04830826990128), (53.89850281660096, 26.007232370211664), (53.96850087220693, 25.974998164893822), (54.038498927812924, 25.961683790764173), (54.10849698341888, 25.962105990623325), (54.17849503902486, 25.976894294618404), (54.24849309463083, 25.980733674587555), (54.31849115023681, 25.97761806580552), (54.38848920584279, 25.970016583520003), (54.45848726144877, 25.966269559770033), (54.528485317054745, 25.970966533203086), (54.59848337266071, 25.986495571772476), (54.668481428266695, 26.003398644704912), (54.73847948387265, 26.017887262192822), (54.80847753947863, 26.02965608326665), (54.8784755950846, 26.04143809808608), (54.94847365069058, 26.048364814525275), (55.018471706296545, 26.05344252175988), (55.08846976190252, 26.066383701371176), (55.15846781750851, 26.09144050908346), (55.22846587311449, 26.11901920702584), (55.29846392872046, 26.129958706947768), (55.36846198432644, 26.106328708580925), (55.43846003993242, 26.066851136929515), (55.5084580983862, 26.047141190198378), (55.57845615399576, 26.034574541614095), (55.648454209605326, 26.032127153209657), (55.718452265214886, 26.03980262327932), (55.78845032082445, 26.053909358939187), (55.85844837643401, 26.06651322416689), (55.92844643204357, 26.06506566465783), (55.998444487653124, 26.032207309497796), (56.06844254326265, 25.945747049652102)
Associated file(s): api_response_2023-11-18_09-42-39.json, api_response_2023-11-18_10-02-43.json

Record time: 2023-11-18T06:09:35Z
Event time: 2023-11-19T09:44:24Z
Status: Underway
Travel distance: 323.90874730021596
Waypoints: (50.88858642815477, 27.79773235210514), (50.95858448376434, 27.71816693809278), (51.02858253937391, 27.652818384679176), (51.09858059498347, 27.589049482443205), (51.168578650593034, 27.520892460364106), (51.2385767062026, 27.44729214435391), (51.308574761812174, 27.370534582156576), (51.37857281742175, 27.294861134613864), (51.44857087303132, 27.225268033297887), (51.5185689259978, 27.16649140311661), (51.58856698160376, 27.11817213709344), (51.658565037209755, 27.091569776325343), (51.728563092815726, 27.08548557478365), (51.79856114842171, 27.093333968593935), (51.86855920402767, 27.096617326427154), (51.93855725963364, 27.098051675055785), (52.00855531523963, 27.08663720029232), (52.0785533708456, 27.072898741482717), (52.14855142645157, 27.05296110706264), (52.21854948205756, 27.039435633003414), (52.288547537663526, 27.01932836471136), (52.358545593269504, 26.993255638587993), (52.428543648875475, 26.971205120051362), (52.49854170448145, 26.942324010936332), (52.568539760087425, 26.91221211383904), (52.6385378156934, 26.87208804865331), (52.708535871299375, 26.823346582770984), (52.778533926905354, 26.787193835010395), (52.848531982511325, 26.74739961346463), (52.91853003811731, 26.703564336124142), (52.98852809372327, 26.655708736017722), (53.058526149329246, 26.62055494328101), (53.12852420493523, 26.57962794443458), (53.198522260541196, 26.53886680981853), (53.268520316147175, 26.48946565665629), (53.33851837175316, 26.438956228863766), (53.40851642735913, 26.385674229674773), (53.47851448296509, 26.337475592182788), (53.54851253857108, 26.288562607607687), (53.618510594177046, 26.229243527397), (53.688508649783024, 26.16899711535282), (53.758506705388996, 26.103275298885276), (53.828504760994974, 26.04830826990128), (53.89850281660096, 26.007232370211664), (53.96850087220693, 25.974998164893822), (54.038498927812924, 25.961683790764173), (54.10849698341888, 25.962105990623325), (54.17849503902486, 25.976894294618404), (54.24849309463083, 25.980733674587555), (54.31849115023681, 25.97761806580552), (54.38848920584279, 25.970016583520003), (54.45848726144877, 25.966269559770033), (54.528485317054745, 25.970966533203086), (54.59848337266071, 25.986495571772476), (54.668481428266695, 26.003398644704912), (54.73847948387265, 26.017887262192822), (54.80847753947863, 26.02965608326665), (54.8784755950846, 26.04143809808608), (54.94847365069058, 26.048364814525275), (55.018471706296545, 26.05344252175988), (55.08846976190252, 26.066383701371176), (55.15846781750851, 26.09144050908346), (55.22846587311449, 26.11901920702584), (55.29846392872046, 26.129958706947768), (55.36846198432644, 26.106328708580925), (55.43846003993242, 26.066851136929515), (55.5084580983862, 26.047141190198378), (55.57845615399576, 26.034574541614095), (55.648454209605326, 26.032127153209657), (55.718452265214886, 26.03980262327932), (55.78845032082445, 26.053909358939187), (55.85844837643401, 26.06651322416689), (55.92844643204357, 26.06506566465783), (55.998444487653124, 26.032207309497796), (56.06844254326265, 25.945747049652102)
Associated file(s): api_response_2023-11-18_10-42-49.json, api_response_2023-11-18_11-02-52.json, api_response_2023-11-18_11-23-00.json, api_response_2023-11-18_11-43-04.json, api_response_2023-11-18_10-22-46.json

Record time: 2023-11-18T07:53:53Z
Event time: 2023-11-19T10:16:16.333Z
Status: Underway
Travel distance: 302.5232181425486
Waypoints: (51.16857865059305, 27.57605271775239), (51.23857670620262, 27.52884792913098), (51.30857476181218, 27.45329937666835), (51.37857281742174, 27.36870831074464), (51.4485708730313, 27.288034502158784), (51.51856892864087, 27.21905861111582), (51.58856698425044, 27.16545163454873), (51.658565039860015, 27.12775143177486), (51.72856309546959, 27.104246328486898), (51.79856114842171, 27.091765797688517), (51.86855920402767, 27.090352182088683), (51.93855725963364, 27.093066324040368), (52.00855531523963, 27.086137722780375), (52.0785533708456, 27.07601435026475), (52.14855142645157, 27.055428337489555), (52.21854948205756, 27.037641283602028), (52.288547537663526, 27.01932836471136), (52.358545593269504, 26.993255638587993), (52.428543648875475, 26.971205120051362), (52.49854170448145, 26.942324010936332), (52.568539760087425, 26.91221211383904), (52.6385378156934, 26.87208804865331), (52.708535871299375, 26.823346582770984), (52.778533926905354, 26.787193835010395), (52.848531982511325, 26.74739961346463), (52.91853003811731, 26.703564336124142), (52.98852809372327, 26.655708736017722), (53.058526149329246, 26.62055494328101), (53.12852420493523, 26.57962794443458), (53.198522260541196, 26.53886680981853), (53.268520316147175, 26.48946565665629), (53.33851837175316, 26.438956228863766), (53.40851642735913, 26.385674229674773), (53.47851448296509, 26.337475592182788), (53.54851253857108, 26.288562607607687), (53.618510594177046, 26.229243527397), (53.688508649783024, 26.16899711535282), (53.758506705388996, 26.103275298885276), (53.828504760994974, 26.04830826990128), (53.89850281660096, 26.007232370211664), (53.96850087220693, 25.974998164893822), (54.038498927812924, 25.961683790764173), (54.10849698341888, 25.962105990623325), (54.17849503902486, 25.976894294618404), (54.24849309463083, 25.980733674587555), (54.31849115023681, 25.97761806580552), (54.38848920584279, 25.970016583520003), (54.45848726144877, 25.966269559770033), (54.528485317054745, 25.970966533203086), (54.59848337266071, 25.986495571772476), (54.668481428266695, 26.003398644704912), (54.73847948387265, 26.017887262192822), (54.80847753947863, 26.02965608326665), (54.8784755950846, 26.04143809808608), (54.94847365069058, 26.048364814525275), (55.018471706296545, 26.05344252175988), (55.08846976190252, 26.066383701371176), (55.15846781750851, 26.09144050908346), (55.22846587311449, 26.11901920702584), (55.29846392872046, 26.129958706947768), (55.36846198432644, 26.106328708580925), (55.43846003993242, 26.066851136929515), (55.5084580983862, 26.047141190198378), (55.57845615399576, 26.034574541614095), (55.648454209605326, 26.032127153209657), (55.718452265214886, 26.03980262327932), (55.78845032082445, 26.053909358939187), (55.85844837643401, 26.06651322416689), (55.92844643204357, 26.06506566465783), (55.998444487653124, 26.032207309497796), (56.06844254326265, 25.945747049652102)
Associated file(s): api_response_2023-11-18_14-23-30.json, api_response_2023-11-18_13-23-20.json, api_response_2023-11-18_12-43-14.json, api_response_2023-11-18_12-03-07.json, api_response_2023-11-18_15-03-37.json, api_response_2023-11-18_14-03-27.json, api_response_2023-11-18_13-03-17.json, api_response_2023-11-18_12-23-10.json, api_response_2023-11-18_13-43-24.json, api_response_2023-11-18_14-43-34.json

Record time: 2023-11-18T10:54:17Z
Event time: 2023-11-19T10:11:29.714Z
Status: Underway
Travel distance: 265.96382289416846
Waypoints: (51.72856309546959, 27.309594744537012), (51.798561151079156, 27.22273075607601), (51.868559206688715, 27.161313219192106), (51.938557262298275, 27.118471790722406), (52.00855531790784, 27.088524507018338), (52.078553373517416, 27.066806642217017), (52.14855142912699, 27.049524446147192), (52.218549484736556, 27.033633761869716), (52.28854754034613, 27.01674352285259), (52.358545593269504, 26.997044128395554), (52.428543648875475, 26.971878001076885), (52.49854170448145, 26.94052966153494), (52.568539760087425, 26.91221211383904), (52.6385378156934, 26.87208804865331), (52.708535871299375, 26.823346582770984), (52.778533926905354, 26.787193835010395), (52.848531982511325, 26.74739961346463), (52.91853003811731, 26.703564336124142), (52.98852809372327, 26.655708736017722), (53.058526149329246, 26.62055494328101), (53.12852420493523, 26.57962794443458), (53.198522260541196, 26.53886680981853), (53.268520316147175, 26.48946565665629), (53.33851837175316, 26.438956228863766), (53.40851642735913, 26.385674229674773), (53.47851448296509, 26.337475592182788), (53.54851253857108, 26.288562607607687), (53.618510594177046, 26.229243527397), (53.688508649783024, 26.16899711535282), (53.758506705388996, 26.103275298885276), (53.828504760994974, 26.04830826990128), (53.89850281660096, 26.007232370211664), (53.96850087220693, 25.974998164893822), (54.038498927812924, 25.961683790764173), (54.10849698341888, 25.962105990623325), (54.17849503902486, 25.976894294618404), (54.24849309463083, 25.980733674587555), (54.31849115023681, 25.97761806580552), (54.38848920584279, 25.970016583520003), (54.45848726144877, 25.966269559770033), (54.528485317054745, 25.970966533203086), (54.59848337266071, 25.986495571772476), (54.668481428266695, 26.003398644704912), (54.73847948387265, 26.017887262192822), (54.80847753947863, 26.02965608326665), (54.8784755950846, 26.04143809808608), (54.94847365069058, 26.048364814525275), (55.018471706296545, 26.05344252175988), (55.08846976190252, 26.066383701371176), (55.15846781750851, 26.09144050908346), (55.22846587311449, 26.11901920702584), (55.29846392872046, 26.129958706947768), (55.36846198432644, 26.106328708580925), (55.43846003993242, 26.066851136929515), (55.5084580983862, 26.047141190198378), (55.57845615399576, 26.034574541614095), (55.648454209605326, 26.032127153209657), (55.718452265214886, 26.03980262327932), (55.78845032082445, 26.053909358939187), (55.85844837643401, 26.06651322416689), (55.92844643204357, 26.06506566465783), (55.998444487653124, 26.032207309497796), (56.06844254326265, 25.945747049652102)
Associated file(s): api_response_2023-11-18_17-03-56.json, api_response_2023-11-18_17-24-00.json, api_response_2023-11-18_15-43-43.json, api_response_2023-11-18_16-23-49.json, api_response_2023-11-18_17-44-03.json, api_response_2023-11-18_15-23-40.json, api_response_2023-11-18_16-03-46.json, api_response_2023-11-18_16-43-53.json

Record time: 2023-11-18T13:57:44Z
Event time: 2023-11-19T10:14:23.833Z
Status: Underway
Travel distance: 232.65712742980563
Waypoints: (52.28854754034608, 27.09585044563802), (52.358545595955654, 27.01751524845016), (52.42854365156523, 26.969542972222193), (52.498541707174795, 26.934976312586002), (52.56853976278437, 26.903494419209824), (52.638537818393935, 26.869737101625102), (52.7085358740035, 26.831834292038398), (52.77853392961307, 26.79014076512845), (52.848531985222635, 26.746176114828323), (52.91853003811731, 26.701769986722752), (52.98852809372327, 26.655708736017722), (53.058526149329246, 26.62055494328101), (53.12852420493523, 26.57962794443458), (53.198522260541196, 26.53886680981853), (53.268520316147175, 26.48946565665629), (53.33851837175316, 26.438956228863766), (53.40851642735913, 26.385674229674773), (53.47851448296509, 26.337475592182788), (53.54851253857108, 26.288562607607687), (53.618510594177046, 26.229243527397), (53.688508649783024, 26.16899711535282), (53.758506705388996, 26.103275298885276), (53.828504760994974, 26.04830826990128), (53.89850281660096, 26.007232370211664), (53.96850087220693, 25.974998164893822), (54.038498927812924, 25.961683790764173), (54.10849698341888, 25.962105990623325), (54.17849503902486, 25.976894294618404), (54.24849309463083, 25.980733674587555), (54.31849115023681, 25.97761806580552), (54.38848920584279, 25.970016583520003), (54.45848726144877, 25.966269559770033), (54.528485317054745, 25.970966533203086), (54.59848337266071, 25.986495571772476), (54.668481428266695, 26.003398644704912), (54.73847948387265, 26.017887262192822), (54.80847753947863, 26.02965608326665), (54.8784755950846, 26.04143809808608), (54.94847365069058, 26.048364814525275), (55.018471706296545, 26.05344252175988), (55.08846976190252, 26.066383701371176), (55.15846781750851, 26.09144050908346), (55.22846587311449, 26.11901920702584), (55.29846392872046, 26.129958706947768), (55.36846198432644, 26.106328708580925), (55.43846003993242, 26.066851136929515), (55.5084580983862, 26.047141190198378), (55.57845615399576, 26.034574541614095), (55.648454209605326, 26.032127153209657), (55.718452265214886, 26.03980262327932), (55.78845032082445, 26.053909358939187), (55.85844837643401, 26.06651322416689), (55.92844643204357, 26.06506566465783), (55.998444487653124, 26.032207309497796), (56.06844254326265, 25.945747049652102)
Associated file(s): api_response_2023-11-18_19-44-24.json, api_response_2023-11-18_19-04-17.json, api_response_2023-11-18_18-04-06.json, api_response_2023-11-18_18-44-14.json, api_response_2023-11-18_18-24-09.json, api_response_2023-11-18_19-24-21.json

Record time: 2023-11-18T15:44:18Z
Event time: 2023-11-19T10:47:40.166Z
Status: Underway
Travel distance: 209.51295896328293
Waypoints: (52.638537818393914, 26.880448703866577), (52.7085358740035, 26.83401641761736), (52.77853392961307, 26.78726097027463), (52.848531985222635, 26.742680092092925), (52.9185300408322, 26.700686901522104), (52.98852809644177, 26.660433760378996), (53.05852615205134, 26.620488359068307), (53.12852420766092, 26.579362031852824), (53.1985222632705, 26.535890302172913), (53.268520316147175, 26.48946565665629), (53.33851837175316, 26.438956228863766), (53.40851642735913, 26.385674229674773), (53.47851448296509, 26.337475592182788), (53.54851253857108, 26.288562607607687), (53.618510594177046, 26.229243527397), (53.688508649783024, 26.16899711535282), (53.758506705388996, 26.103275298885276), (53.828504760994974, 26.04830826990128), (53.89850281660096, 26.007232370211664), (53.96850087220693, 25.974998164893822), (54.038498927812924, 25.961683790764173), (54.10849698341888, 25.962105990623325), (54.17849503902486, 25.976894294618404), (54.24849309463083, 25.980733674587555), (54.31849115023681, 25.97761806580552), (54.38848920584279, 25.970016583520003), (54.45848726144877, 25.966269559770033), (54.528485317054745, 25.970966533203086), (54.59848337266071, 25.986495571772476), (54.668481428266695, 26.003398644704912), (54.73847948387265, 26.017887262192822), (54.80847753947863, 26.02965608326665), (54.8784755950846, 26.04143809808608), (54.94847365069058, 26.048364814525275), (55.018471706296545, 26.05344252175988), (55.08846976190252, 26.066383701371176), (55.15846781750851, 26.09144050908346), (55.22846587311449, 26.11901920702584), (55.29846392872046, 26.129958706947768), (55.36846198432644, 26.106328708580925), (55.43846003993242, 26.066851136929515), (55.5084580983862, 26.047141190198378), (55.57845615399576, 26.034574541614095), (55.648454209605326, 26.032127153209657), (55.718452265214886, 26.03980262327932), (55.78845032082445, 26.053909358939187), (55.85844837643401, 26.06651322416689), (55.92844643204357, 26.06506566465783), (55.998444487653124, 26.032207309497796), (56.06844254326265, 25.945747049652102)
Associated file(s): api_response_2023-11-18_21-04-37.json, api_response_2023-11-18_21-44-43.json, api_response_2023-11-18_20-24-31.json, api_response_2023-11-18_23-04-56.json, api_response_2023-11-18_22-44-53.json, api_response_2023-11-18_20-44-34.json, api_response_2023-11-18_21-24-40.json, api_response_2023-11-18_22-04-46.json, api_response_2023-11-18_20-04-27.json, api_response_2023-11-18_22-24-49.json

Record time: 2023-11-18T19:00:20Z
Event time: 2023-11-19T10:15:30.500Z
Status: Underway
Travel distance: 176.23326133909288
Waypoints: (53.19852226327043, 26.61243407428733), (53.26852031888003, 26.520993329690597), (53.3385183744896, 26.455323568543225), (53.40851643009916, 26.39909213322491), (53.47851448570872, 26.34329737661646), (53.54851254131829, 26.28439194602936), (53.61851059692786, 26.222623386973577), (53.68850865253744, 26.16059206676356), (53.75850670814702, 26.10202641796248), (53.828504760994974, 26.050775500328193), (53.89850281660096, 26.00543802081027), (53.96850087220693, 25.974998164893822), (54.038498927812924, 25.961683790764173), (54.10849698341888, 25.962105990623325), (54.17849503902486, 25.976894294618404), (54.24849309463083, 25.980733674587555), (54.31849115023681, 25.97761806580552), (54.38848920584279, 25.970016583520003), (54.45848726144877, 25.966269559770033), (54.528485317054745, 25.970966533203086), (54.59848337266071, 25.986495571772476), (54.668481428266695, 26.003398644704912), (54.73847948387265, 26.017887262192822), (54.80847753947863, 26.02965608326665), (54.8784755950846, 26.04143809808608), (54.94847365069058, 26.048364814525275), (55.018471706296545, 26.05344252175988), (55.08846976190252, 26.066383701371176), (55.15846781750851, 26.09144050908346), (55.22846587311449, 26.11901920702584), (55.29846392872046, 26.129958706947768), (55.36846198432644, 26.106328708580925), (55.43846003993242, 26.066851136929515), (55.5084580983862, 26.047141190198378), (55.57845615399576, 26.034574541614095), (55.648454209605326, 26.032127153209657), (55.718452265214886, 26.03980262327932), (55.78845032082445, 26.053909358939187), (55.85844837643401, 26.06651322416689), (55.92844643204357, 26.06506566465783), (55.998444487653124, 26.032207309497796), (56.06844254326265, 25.945747049652102)
Associated file(s): api_response_2023-11-18_23-24-59.json, api_response_2023-11-18_23-45-03.json, api_response_2023-11-19_00-05-06.json

Record time: 2023-11-18T20:03:27Z
Event time: 2023-11-19T09:43:48.600Z
Status: Underway
Travel distance: 161.62473002159828
Waypoints: (53.40851643009917, 26.459296839328307), (53.47851448570876, 26.403033304940617), (53.548512541318324, 26.330092876115614), (53.618510596927884, 26.25054238074544), (53.68850865253745, 26.17277963790395), (53.75850670814701, 26.10327014838096), (53.828504763756584, 26.046404036783553), (53.898502819366165, 26.004473245204373), (53.96850087497574, 25.977768978456997), (54.038498927812924, 25.96479939954621), (54.10849698341888, 25.964573221050234), (54.17849503902486, 25.97509994521701), (54.24849309463083, 25.980733674587555), (54.31849115023681, 25.97761806580552), (54.38848920584279, 25.970016583520003), (54.45848726144877, 25.966269559770033), (54.528485317054745, 25.970966533203086), (54.59848337266071, 25.986495571772476), (54.668481428266695, 26.003398644704912), (54.73847948387265, 26.017887262192822), (54.80847753947863, 26.02965608326665), (54.8784755950846, 26.04143809808608), (54.94847365069058, 26.048364814525275), (55.018471706296545, 26.05344252175988), (55.08846976190252, 26.066383701371176), (55.15846781750851, 26.09144050908346), (55.22846587311449, 26.11901920702584), (55.29846392872046, 26.129958706947768), (55.36846198432644, 26.106328708580925), (55.43846003993242, 26.066851136929515), (55.5084580983862, 26.047141190198378), (55.57845615399576, 26.034574541614095), (55.648454209605326, 26.032127153209657), (55.718452265214886, 26.03980262327932), (55.78845032082445, 26.053909358939187), (55.85844837643401, 26.06651322416689), (55.92844643204357, 26.06506566465783), (55.998444487653124, 26.032207309497796), (56.06844254326265, 25.945747049652102)
Associated file(s): api_response_2023-11-19_01-05-17.json, api_response_2023-11-19_01-45-23.json, api_response_2023-11-19_02-25-30.json, api_response_2023-11-19_03-25-39.json, api_response_2023-11-19_03-05-36.json, api_response_2023-11-19_02-05-26.json, api_response_2023-11-19_00-25-09.json, api_response_2023-11-19_01-25-20.json, api_response_2023-11-19_02-45-33.json, api_response_2023-11-19_00-45-13.json

Record time: 2023-11-18T23:11:43Z
Event time: 2023-11-19T09:38:13Z
Status: Underway
Travel distance: 122.58261339092873
Waypoints: (54.03849893058528, 26.322737528579836), (54.10849698619484, 26.2566241034625), (54.178495041804396, 26.182951347506222), (54.24849309741396, 26.11591564530202), (54.31849115302353, 26.062905408711742), (54.388489208633096, 26.02637308088652), (54.45848726424267, 26.00545683608297), (54.528485319852244, 25.997351975277205), (54.59848337546181, 25.998432017576587), (54.668481428266695, 26.00511948609511), (54.73847948387265, 26.015410607661913), (54.80847753947863, 26.025343613276757), (54.8784755950846, 26.03914427117275), (54.94847365069058, 26.05148042330731), (55.018471706296545, 26.055909752186793), (55.08846976190252, 26.064589351969783), (55.15846781750851, 26.09144050908346), (55.22846587311449, 26.11901920702584), (55.29846392872046, 26.129958706947768), (55.36846198432644, 26.106328708580925), (55.43846003993242, 26.066851136929515), (55.5084580983862, 26.047141190198378), (55.57845615399576, 26.034574541614095), (55.648454209605326, 26.032127153209657), (55.718452265214886, 26.03980262327932), (55.78845032082445, 26.053909358939187), (55.85844837643401, 26.06651322416689), (55.92844643204357, 26.06506566465783), (55.998444487653124, 26.032207309497796), (56.06844254326265, 25.945747049652102)
Associated file(s): api_response_2023-11-19_04-25-49.json, api_response_2023-11-19_05-26-00.json, api_response_2023-11-19_04-45-53.json, api_response_2023-11-19_03-45-42.json, api_response_2023-11-19_04-05-46.json, api_response_2023-11-19_05-05-57.json, api_response_2023-11-19_05-46-03.json

Record time: 2023-11-19T01:58:45Z
Event time: 2023-11-19T09:53:18.666Z
Status: Underway
Travel distance: 89.57181425485962
Waypoints: (54.598483375461775, 26.16274448071279), (54.66848143107135, 26.22986654769068), (54.738479486680916, 26.19766969609249), (54.808477542290476, 26.13679443928744), (54.87847559790004, 26.08586289730683), (54.948473653509616, 26.06041473225627), (55.01847170911919, 26.060643395288764), (55.088469764728764, 26.077932685138695), (55.15846782033833, 26.10019361821666), (55.22846587311449, 26.11600160892539), (55.29846392872046, 26.130780488816473), (55.36846198432644, 26.111911547789873), (55.43846003993242, 26.067524017955037), (55.5084580983862, 26.046722508671362), (55.57845615399576, 26.033553665553093), (55.648454209605326, 26.03125852497666), (55.718452265214886, 26.039657172229347), (55.78845032082445, 26.054522039930692), (55.85844837643401, 26.067293300091745), (55.92844643204357, 26.0651363511494), (55.998444487653124, 26.03134139997603), (56.06844254326265, 25.946065138864192)
Associated file(s): api_response_2023-11-19_06-26-09.json, api_response_2023-11-19_08-26-27.json, api_response_2023-11-19_07-06-15.json, api_response_2023-11-19_06-06-06.json, api_response_2023-11-19_07-46-21.json, api_response_2023-11-19_06-46-12.json, api_response_2023-11-19_08-06-24.json, api_response_2023-11-19_08-46-30.json, api_response_2023-11-19_07-26-18.json, api_response_2023-11-19_09-06-33.json

Record time: 2023-11-19T05:17:39Z
Event time: 2023-11-19T10:10:07Z
Status: Underway
Travel distance: 56.836933045356375
Waypoints: (55.22846587594787, 26.11664195506602), (55.29846393155744, 26.102962176131232), (55.368461987167, 26.133907276058405), (55.438460042776576, 26.105453335874078), (55.50845809838614, 26.03506727331285), (55.578456154037184, 25.979973763643358), (55.6484542096468, 25.976143425541615), (55.71845226525644, 26.04434072347333), (55.788450320824374, 26.10407095821329), (55.85844837643393, 26.11435239206531), (55.92844643204349, 26.05535654543819), (55.998444487653074, 25.966495581431367), (56.06844254326263, 25.976042627151074)
Associated file(s): api_response_2023-11-19_10-46-49.json, api_response_2023-11-19_11-06-52.json, api_response_2023-11-19_10-06-42.json, api_response_2023-11-19_11-26-55.json, api_response_2023-11-19_10-26-46.json, api_response_2023-11-19_09-46-40.json, api_response_2023-11-19_09-26-36.json

Record time: 2023-11-19T07:34:37Z
Event time: 2023-11-19T09:53:44Z
Status: Underway
Travel distance: 30.161447084233263
Waypoints: (55.64845420960529, 26.114352392065342), (55.718452265214864, 26.044340723453907), (55.78845032082444, 26.114352392065342), (55.858448376433984, 26.114352392065342), (55.92844643204356, 26.044340723453907), (55.99844448765313, 25.97432905484247), (56.06844254326268, 25.97432905484247)
Associated file(s): api_response_2023-11-19_12-07-01.json, api_response_2023-11-19_11-46-58.json

Record time: 2023-11-19T08:12:41Z
Event time: 2023-11-19T09:35:39Z
Status: Underway
Travel distance: 18.8585313174946
Waypoints: (55.78845032082444, 26.114352392065342), (55.858448376433984, 26.114352392065342), (55.92844643204356, 26.044340723453907), (55.99844448765313, 25.97432905484247), (56.06844254326268, 25.97432905484247)
Associated file(s): api_response_2023-11-19_12-27-04.json, api_response_2023-11-19_12-47-07.json, api_response_2023-11-19_13-07-10.json

Record time: 2023-11-19T19:33:25Z
Event time: N/A
Status: UnableToPredict
Travel distance: N/A
Waypoints: 
Associated file(s): api_response_2023-11-20_00-29-02.json, api_response_2023-11-20_01-49-16.json, api_response_2023-11-20_04-09-38.json, api_response_2023-11-20_03-09-29.json, api_response_2023-11-20_02-29-22.json, api_response_2023-11-20_02-49-25.json, api_response_2023-11-20_05-29-52.json, api_response_2023-11-20_01-09-09.json, api_response_2023-11-19_23-48-56.json, api_response_2023-11-20_00-08-59.json, api_response_2023-11-20_03-29-32.json, api_response_2023-11-20_04-49-45.json, api_response_2023-11-20_03-49-35.json, api_response_2023-11-20_04-29-42.json, api_response_2023-11-20_05-09-49.json, api_response_2023-11-20_02-09-19.json, api_response_2023-11-20_01-29-12.json, api_response_2023-11-20_00-49-06.json

Record time: 2023-11-20T01:41:37Z
Event time: 2023-11-20T01:41:37Z
Status: Arrived
Travel distance: N/A
Waypoints: 
Associated file(s): api_response_2023-11-20_14-31-22.json, api_response_2023-11-20_10-10-38.json, api_response_2023-11-20_14-51-25.json, api_response_2023-11-20_08-50-25.json, api_response_2023-11-20_12-31-01.json, api_response_2023-11-20_17-11-48.json, api_response_2023-11-20_08-30-22.json, api_response_2023-11-20_13-51-15.json, api_response_2023-11-20_07-50-15.json, api_response_2023-11-20_07-30-12.json, api_response_2023-11-20_09-10-29.json, api_response_2023-11-20_15-11-28.json, api_response_2023-11-20_06-09-58.json, api_response_2023-11-20_16-51-44.json, api_response_2023-11-20_05-49-55.json, api_response_2023-11-20_11-30-52.json, api_response_2023-11-20_11-50-55.json, api_response_2023-11-20_12-10-58.json, api_response_2023-11-20_13-11-08.json, api_response_2023-11-20_16-31-41.json, api_response_2023-11-20_17-31-52.json, api_response_2023-11-20_08-10-18.json, api_response_2023-11-20_14-11-19.json, api_response_2023-11-20_10-30-42.json, api_response_2023-11-20_10-50-45.json, api_response_2023-11-20_07-10-09.json, api_response_2023-11-20_06-50-05.json, api_response_2023-11-20_11-10-48.json, api_response_2023-11-20_06-30-02.json, api_response_2023-11-20_13-31-11.json, api_response_2023-11-20_09-50-35.json, api_response_2023-11-20_09-30-32.json, api_response_2023-11-20_15-31-32.json, api_response_2023-11-20_12-51-04.json, api_response_2023-11-20_15-51-35.json, api_response_2023-11-20_16-11-38.json
