MMSI: 352002448
Record time: 2023-06-25T18:31:24Z
Event time: 2023-06-28T05:25:40.750Z
Status: Underway
Travel distance: 512.5788336933045
Num waypoints: 46
Waypoints: (48.14999999999998, 29.449643852714782), (48.329999999999984, 29.21425962138548), (48.509999999999984, 29.0436074597095), (48.68999999999999, 28.943588320953523), (48.87, 28.90119213402025), (49.05000000000001, 28.892995043992226), (49.23000000000002, 28.892159277524204), (49.41000000000003, 28.87393563308411), (49.59000000000003, 28.819668596042543), (49.76999999744665, 28.71930407713744), (49.9499999974374, 28.55623071599357), (50.12999999742817, 28.361242426866415), (50.30999999741891, 28.18070453483098), (50.48999999740969, 27.98955417813059), (50.674613269711415, 27.798975634594804), (50.84365674796363, 27.61545268400522), (51.02198976720337, 27.438505584808482), (51.21128415405597, 27.25674168658117), (51.40281733482418, 27.123010094179897), (51.586107683448496, 26.994478124877023), (51.754031764742884, 26.85044420376448), (51.90506312831031, 26.692497777604856), (52.04327230854282, 26.511111857571095), (52.176727686110326, 26.349564946824234), (52.31493686634284, 26.22947449051057), (52.465968229910274, 26.15799299906182), (52.63389231120466, 26.131805894473047), (52.817182659829, 26.138250907260442), (53.008715840597205, 26.153239196396832), (53.19801022744979, 26.135018709118185), (53.37634324668954, 26.098001075522028), (53.54538672494172, 26.045961231669537), (53.72999999724346, 26.00430125051674), (53.90999999723422, 25.971979269094252), (54.089999997225, 26.000128952764904), (54.26999999721577, 26.013396956533235), (54.44999999720652, 26.04049993136022), (54.630000000000074, 26.02514044958943), (54.810000000000066, 25.99393033199131), (54.99000000000006, 25.959340657619375), (55.170000000000044, 25.938356436079708), (55.35000000000003, 25.946780283654935), (55.530000000000015, 25.991274528567406), (55.71, 26.05914174671745), (55.88999999999997, 26.10584372789692), (56.069999999999936, 26.040258872477857)
Day of Week: Sunday

MMSI: 352002448
Record time: 2023-06-25T20:35:04Z
Event time: 2023-06-28T06:27:35.545Z
Status: Underway
Travel distance: 494.50053995680344
Num waypoints: 45
Waypoints: (48.329999999999984, 29.071231204493433), (48.51000000000002, 28.90024106511338), (48.69000000000001, 28.861973695223888), (48.87, 28.88363569304569), (49.04999999999999, 28.915013007990808), (49.22999999999999, 28.924353401289796), (49.41, 28.89458230276926), (49.59, 28.819852063779553), (49.77000000000001, 28.702424606272736), (49.9499999974374, 28.549887466565977), (50.12999999742817, 28.36585569917739), (50.30999999741891, 28.18070453483098), (50.48999999740969, 27.98955417813059), (50.674613269711415, 27.798975634594804), (50.84365674796363, 27.61545268400522), (51.02198976720337, 27.438505584808482), (51.21128415405597, 27.25674168658117), (51.40281733482418, 27.123010094179897), (51.586107683448496, 26.994478124877023), (51.754031764742884, 26.85044420376448), (51.90506312831031, 26.692497777604856), (52.04327230854282, 26.511111857571095), (52.176727686110326, 26.349564946824234), (52.31493686634284, 26.22947449051057), (52.465968229910274, 26.15799299906182), (52.63389231120466, 26.131805894473047), (52.817182659829, 26.138250907260442), (53.008715840597205, 26.153239196396832), (53.19801022744979, 26.135018709118185), (53.37634324668954, 26.098001075522028), (53.54538672494172, 26.045961231669537), (53.72999999724346, 26.00430125051674), (53.90999999723422, 25.971979269094252), (54.089999997225, 26.000128952764904), (54.26999999721577, 26.013396956533235), (54.44999999720652, 26.04049993136022), (54.630000000000074, 26.02514044958943), (54.810000000000066, 25.99393033199131), (54.99000000000006, 25.959340657619375), (55.170000000000044, 25.938356436079708), (55.35000000000003, 25.946780283654935), (55.530000000000015, 25.991274528567406), (55.71, 26.05914174671745), (55.88999999999997, 26.10584372789692), (56.069999999999936, 26.040258872477857)
Day of Week: Sunday

MMSI: 352002448
Record time: 2023-06-25T21:00:30Z
Event time: 2023-06-28T07:19:50.909Z
Status: Underway
Travel distance: 486.3974082073434
Num waypoints: 44
Waypoints: (48.50999999999999, 29.077788641564386), (48.690000000000005, 28.881886831703785), (48.870000000000005, 28.864467382126577), (49.05000000000001, 28.90387351778658), (49.23000000000001, 28.929305914169305), (49.41000000000001, 28.907120987775198), (49.59000000000001, 28.829019077570724), (49.77000000000002, 28.70212251740724), (49.95000000000002, 28.54094359940776), (50.12999999742817, 28.361242426866415), (50.30999999741891, 28.18070453483098), (50.48999999740969, 27.98955417813059), (50.674613269711415, 27.798975634594804), (50.84365674796363, 27.61545268400522), (51.02198976720337, 27.438505584808482), (51.21128415405597, 27.25674168658117), (51.40281733482418, 27.123010094179897), (51.586107683448496, 26.994478124877023), (51.754031764742884, 26.85044420376448), (51.90506312831031, 26.692497777604856), (52.04327230854282, 26.511111857571095), (52.176727686110326, 26.349564946824234), (52.31493686634284, 26.22947449051057), (52.465968229910274, 26.15799299906182), (52.63389231120466, 26.131805894473047), (52.817182659829, 26.138250907260442), (53.008715840597205, 26.153239196396832), (53.19801022744979, 26.135018709118185), (53.37634324668954, 26.098001075522028), (53.54538672494172, 26.045961231669537), (53.72999999724346, 26.00430125051674), (53.90999999723422, 25.971979269094252), (54.089999997225, 26.000128952764904), (54.26999999721577, 26.013396956533235), (54.44999999720652, 26.04049993136022), (54.630000000000074, 26.02514044958943), (54.810000000000066, 25.99393033199131), (54.99000000000006, 25.959340657619375), (55.170000000000044, 25.938356436079708), (55.35000000000003, 25.946780283654935), (55.530000000000015, 25.991274528567406), (55.71, 26.05914174671745), (55.88999999999997, 26.10584372789692), (56.069999999999936, 26.040258872477857)
Day of Week: Sunday

MMSI: 352002448
Record time: 2023-06-25T21:26:10Z
Event time: 2023-06-28T08:06:37.818Z
Status: Underway
Travel distance: 486.3974082073434
Num waypoints: 44
Waypoints: (48.50999999999999, 29.077788641564386), (48.690000000000005, 28.881886831703785), (48.870000000000005, 28.864467382126577), (49.05000000000001, 28.90387351778658), (49.23000000000001, 28.929305914169305), (49.41000000000001, 28.907120987775198), (49.59000000000001, 28.829019077570724), (49.77000000000002, 28.70212251740724), (49.95000000000002, 28.54094359940776), (50.12999999742817, 28.361242426866415), (50.30999999741891, 28.18070453483098), (50.48999999740969, 27.98955417813059), (50.674613269711415, 27.798975634594804), (50.84365674796363, 27.61545268400522), (51.02198976720337, 27.438505584808482), (51.21128415405597, 27.25674168658117), (51.40281733482418, 27.123010094179897), (51.586107683448496, 26.994478124877023), (51.754031764742884, 26.85044420376448), (51.90506312831031, 26.692497777604856), (52.04327230854282, 26.511111857571095), (52.176727686110326, 26.349564946824234), (52.31493686634284, 26.22947449051057), (52.465968229910274, 26.15799299906182), (52.63389231120466, 26.131805894473047), (52.817182659829, 26.138250907260442), (53.008715840597205, 26.153239196396832), (53.19801022744979, 26.135018709118185), (53.37634324668954, 26.098001075522028), (53.54538672494172, 26.045961231669537), (53.72999999724346, 26.00430125051674), (53.90999999723422, 25.971979269094252), (54.089999997225, 26.000128952764904), (54.26999999721577, 26.013396956533235), (54.44999999720652, 26.04049993136022), (54.630000000000074, 26.02514044958943), (54.810000000000066, 25.99393033199131), (54.99000000000006, 25.959340657619375), (55.170000000000044, 25.938356436079708), (55.35000000000003, 25.946780283654935), (55.530000000000015, 25.991274528567406), (55.71, 26.05914174671745), (55.88999999999997, 26.10584372789692), (56.069999999999936, 26.040258872477857)
Day of Week: Sunday

MMSI: 352002448
Record time: 2023-06-25T22:05:04Z
Event time: 2023-06-28T08:43:40.727Z
Status: Underway
Travel distance: 474.52591792656585
Num waypoints: 43
Waypoints: (48.69, 29.06137407946744), (48.87000000000002, 28.90604460162266), (49.050000000000026, 28.886543217611596), (49.23000000000002, 28.90103409978097), (49.41000000000002, 28.891565657925334), (49.59000000000002, 28.832275196710686), (49.77000000000002, 28.719187381147606), (49.95000000000002, 28.561606510113954), (50.13000000000002, 28.375102597927075), (50.30999999741891, 28.176091262520004), (50.48999999740969, 27.98955417813059), (50.674613269711415, 27.798975634594804), (50.84365674796363, 27.61545268400522), (51.02198976720337, 27.438505584808482), (51.21128415405597, 27.25674168658117), (51.40281733482418, 27.123010094179897), (51.586107683448496, 26.994478124877023), (51.754031764742884, 26.85044420376448), (51.90506312831031, 26.692497777604856), (52.04327230854282, 26.511111857571095), (52.176727686110326, 26.349564946824234), (52.31493686634284, 26.22947449051057), (52.465968229910274, 26.15799299906182), (52.63389231120466, 26.131805894473047), (52.817182659829, 26.138250907260442), (53.008715840597205, 26.153239196396832), (53.19801022744979, 26.135018709118185), (53.37634324668954, 26.098001075522028), (53.54538672494172, 26.045961231669537), (53.72999999724346, 26.00430125051674), (53.90999999723422, 25.971979269094252), (54.089999997225, 26.000128952764904), (54.26999999721577, 26.013396956533235), (54.44999999720652, 26.04049993136022), (54.630000000000074, 26.02514044958943), (54.810000000000066, 25.99393033199131), (54.99000000000006, 25.959340657619375), (55.170000000000044, 25.938356436079708), (55.35000000000003, 25.946780283654935), (55.530000000000015, 25.991274528567406), (55.71, 26.05914174671745), (55.88999999999997, 26.10584372789692), (56.069999999999936, 26.040258872477857)
Day of Week: Sunday

MMSI: 352002448
Record time: 2023-06-25T23:44:35Z
Event time: 2023-06-28T07:54:28.818Z
Status: Underway
Travel distance: 459.6096112311015
Num waypoints: 103
Waypoints: (48.92864087108691, 29.053505450409123), (48.99863892669651, 29.053382137436213), (49.06863698230607, 29.061167361192222), (49.13863503791562, 29.062708259311904), (49.20863309352518, 29.051193346445523), (49.278631149134746, 29.024927483304616), (49.34862920474431, 28.985435746937302), (49.418627260353894, 28.93589620223319), (49.48862531596347, 28.87990157465787), (49.55862336903051, 28.8205498227383), (49.628621424636464, 28.76180749769235), (49.69861948024245, 28.70256381031365), (49.76861753584842, 28.640364723920893), (49.8386155914544, 28.571540492416915), (49.90861364706036, 28.49524860090421), (49.97861170266634, 28.421621846002388), (50.04860975827232, 28.352258555749668), (50.11860781387829, 28.286508466970123), (50.18860586948427, 28.21470244896089), (50.25860392509024, 28.14469078035304), (50.32860198069622, 28.074679111745205), (50.3986000363022, 28.00466744313736), (50.46859809190816, 27.934655774529514), (50.53859614751414, 27.86464410592167), (50.60859420312011, 27.794632437313826), (50.6785922587261, 27.724620768705986), (50.74859031433206, 27.652814750696745), (50.818588369938055, 27.58527031251582), (50.888586425544034, 27.51837425269001), (50.958584481149984, 27.447863106570225), (51.028582536755984, 27.372866086946964), (51.09858059236195, 27.296589274000652), (51.16857864796792, 27.22500943448739), (51.2385767035739, 27.164697053715216), (51.308574759179876, 27.120639367520347), (51.37857281478584, 27.094685385107375), (51.448570870391826, 27.08498609727171), (51.5185689259978, 27.088348617578518), (51.58856698160376, 27.09035218208868), (51.658565037209755, 27.094689154748977), (51.728563092815726, 27.098803718554898), (51.79856114842171, 27.10196833267773), (51.86855920402767, 27.096519315745564), (51.93855725963364, 27.09476266276017), (52.00855531523963, 27.082848710484758), (52.0785533708456, 27.072225860457195), (52.14855142645157, 27.054755456464033), (52.21854948205756, 27.039435633003414), (52.288547537663526, 27.01932836471136), (52.358545593269504, 26.993255638587993), (52.428543648875475, 26.971205120051362), (52.49854170448145, 26.942324010936332), (52.568539760087425, 26.91221211383904), (52.6385378156934, 26.87208804865331), (52.708535871299375, 26.823346582770984), (52.778533926905354, 26.787193835010395), (52.848531982511325, 26.74739961346463), (52.91853003811731, 26.703564336124142), (52.98852809372327, 26.655708736017722), (53.058526149329246, 26.62055494328101), (53.12852420493523, 26.57962794443458), (53.198522260541196, 26.53886680981853), (53.268520316147175, 26.48946565665629), (53.33851837175316, 26.438956228863766), (53.40851642735913, 26.385674229674773), (53.47851448296509, 26.337475592182788), (53.54851253857108, 26.288562607607687), (53.618510594177046, 26.229243527397), (53.688508649783024, 26.16899711535282), (53.758506705388996, 26.103275298885276), (53.828504760994974, 26.04830826990128), (53.89850281660096, 26.007232370211664), (53.96850087220693, 25.974998164893822), (54.038498927812924, 25.961683790764173), (54.10849698341888, 25.962105990623325), (54.17849503902486, 25.976894294618404), (54.24849309463083, 25.980733674587555), (54.31849115023681, 25.97761806580552), (54.38848920584279, 25.970016583520003), (54.45848726144877, 25.966269559770033), (54.528485317054745, 25.970966533203086), (54.59848337266071, 25.986495571772476), (54.668481428266695, 26.003398644704912), (54.73847948387265, 26.017887262192822), (54.80847753947863, 26.02965608326665), (54.8784755950846, 26.04143809808608), (54.94847365069058, 26.048364814525275), (55.018471706296545, 26.05344252175988), (55.08846976190252, 26.066383701371176), (55.15846781750851, 26.09144050908346), (55.22846587311449, 26.11901920702584), (55.29846392872046, 26.129958706947768), (55.36846198432644, 26.106328708580925), (55.43846003993242, 26.066851136929515), (55.5084580983862, 26.047141190198378), (55.57845615399576, 26.034574541614095), (55.648454209605326, 26.032127153209657), (55.718452265214886, 26.03980262327932), (55.78845032082445, 26.053909358939187), (55.85844837643401, 26.06651322416689), (55.92844643204357, 26.06506566465783), (55.998444487653124, 26.032207309497796), (56.06844254326265, 25.945747049652102)
Day of Week: Sunday

MMSI: 352002448
Record time: 2023-06-26T00:10:25Z
Event time: 2023-06-28T06:54:59.636Z
Status: Underway
Travel distance: 452.695464362851
Num waypoints: 101
Waypoints: (49.06863698230604, 29.04795986211279), (49.138635037915606, 29.071922971143543), (49.20863309352517, 29.059049142461497), (49.27863114913473, 29.025256630132017), (49.3486292047443, 28.980504827261655), (49.418627260353865, 28.930351881907168), (49.48862531596343, 28.87730385180407), (49.558623371573006, 28.82195539791472), (49.62862142718258, 28.76392201679595), (49.69861948024245, 28.70256381031365), (49.76861753584842, 28.640364723920893), (49.8386155914544, 28.571540492416915), (49.90861364706036, 28.49524860090421), (49.97861170266634, 28.421621846002388), (50.04860975827232, 28.352258555749668), (50.11860781387829, 28.286508466970123), (50.18860586948427, 28.21470244896089), (50.25860392509024, 28.14469078035304), (50.32860198069622, 28.074679111745205), (50.3986000363022, 28.00466744313736), (50.46859809190816, 27.934655774529514), (50.53859614751414, 27.86464410592167), (50.60859420312011, 27.794632437313826), (50.6785922587261, 27.724620768705986), (50.74859031433206, 27.652814750696745), (50.818588369938055, 27.58527031251582), (50.888586425544034, 27.51837425269001), (50.958584481149984, 27.447863106570225), (51.028582536755984, 27.372866086946964), (51.09858059236195, 27.296589274000652), (51.16857864796792, 27.22500943448739), (51.2385767035739, 27.164697053715216), (51.308574759179876, 27.120639367520347), (51.37857281478584, 27.094685385107375), (51.448570870391826, 27.08498609727171), (51.5185689259978, 27.088348617578518), (51.58856698160376, 27.09035218208868), (51.658565037209755, 27.094689154748977), (51.728563092815726, 27.098803718554898), (51.79856114842171, 27.10196833267773), (51.86855920402767, 27.096519315745564), (51.93855725963364, 27.09476266276017), (52.00855531523963, 27.082848710484758), (52.0785533708456, 27.072225860457195), (52.14855142645157, 27.054755456464033), (52.21854948205756, 27.039435633003414), (52.288547537663526, 27.01932836471136), (52.358545593269504, 26.993255638587993), (52.428543648875475, 26.971205120051362), (52.49854170448145, 26.942324010936332), (52.568539760087425, 26.91221211383904), (52.6385378156934, 26.87208804865331), (52.708535871299375, 26.823346582770984), (52.778533926905354, 26.787193835010395), (52.848531982511325, 26.74739961346463), (52.91853003811731, 26.703564336124142), (52.98852809372327, 26.655708736017722), (53.058526149329246, 26.62055494328101), (53.12852420493523, 26.57962794443458), (53.198522260541196, 26.53886680981853), (53.268520316147175, 26.48946565665629), (53.33851837175316, 26.438956228863766), (53.40851642735913, 26.385674229674773), (53.47851448296509, 26.337475592182788), (53.54851253857108, 26.288562607607687), (53.618510594177046, 26.229243527397), (53.688508649783024, 26.16899711535282), (53.758506705388996, 26.103275298885276), (53.828504760994974, 26.04830826990128), (53.89850281660096, 26.007232370211664), (53.96850087220693, 25.974998164893822), (54.038498927812924, 25.961683790764173), (54.10849698341888, 25.962105990623325), (54.17849503902486, 25.976894294618404), (54.24849309463083, 25.980733674587555), (54.31849115023681, 25.97761806580552), (54.38848920584279, 25.970016583520003), (54.45848726144877, 25.966269559770033), (54.528485317054745, 25.970966533203086), (54.59848337266071, 25.986495571772476), (54.668481428266695, 26.003398644704912), (54.73847948387265, 26.017887262192822), (54.80847753947863, 26.02965608326665), (54.8784755950846, 26.04143809808608), (54.94847365069058, 26.048364814525275), (55.018471706296545, 26.05344252175988), (55.08846976190252, 26.066383701371176), (55.15846781750851, 26.09144050908346), (55.22846587311449, 26.11901920702584), (55.29846392872046, 26.129958706947768), (55.36846198432644, 26.106328708580925), (55.43846003993242, 26.066851136929515), (55.5084580983862, 26.047141190198378), (55.57845615399576, 26.034574541614095), (55.648454209605326, 26.032127153209657), (55.718452265214886, 26.03980262327932), (55.78845032082445, 26.053909358939187), (55.85844837643401, 26.06651322416689), (55.92844643204357, 26.06506566465783), (55.998444487653124, 26.032207309497796), (56.06844254326265, 25.945747049652102)
Day of Week: Monday

MMSI: 352002448
Record time: 2023-06-26T00:23:16Z
Event time: 2023-06-28T06:23:28Z
Status: Underway
Travel distance: 452.695464362851
Num waypoints: 101
Waypoints: (49.06863698230604, 29.04795986211279), (49.138635037915606, 29.071922971143543), (49.20863309352517, 29.059049142461497), (49.27863114913473, 29.025256630132017), (49.3486292047443, 28.980504827261655), (49.418627260353865, 28.930351881907168), (49.48862531596343, 28.87730385180407), (49.558623371573006, 28.82195539791472), (49.62862142718258, 28.76392201679595), (49.69861948024245, 28.70256381031365), (49.76861753584842, 28.640364723920893), (49.8386155914544, 28.571540492416915), (49.90861364706036, 28.49524860090421), (49.97861170266634, 28.421621846002388), (50.04860975827232, 28.352258555749668), (50.11860781387829, 28.286508466970123), (50.18860586948427, 28.21470244896089), (50.25860392509024, 28.14469078035304), (50.32860198069622, 28.074679111745205), (50.3986000363022, 28.00466744313736), (50.46859809190816, 27.934655774529514), (50.53859614751414, 27.86464410592167), (50.60859420312011, 27.794632437313826), (50.6785922587261, 27.724620768705986), (50.74859031433206, 27.652814750696745), (50.818588369938055, 27.58527031251582), (50.888586425544034, 27.51837425269001), (50.958584481149984, 27.447863106570225), (51.028582536755984, 27.372866086946964), (51.09858059236195, 27.296589274000652), (51.16857864796792, 27.22500943448739), (51.2385767035739, 27.164697053715216), (51.308574759179876, 27.120639367520347), (51.37857281478584, 27.094685385107375), (51.448570870391826, 27.08498609727171), (51.5185689259978, 27.088348617578518), (51.58856698160376, 27.09035218208868), (51.658565037209755, 27.094689154748977), (51.728563092815726, 27.098803718554898), (51.79856114842171, 27.10196833267773), (51.86855920402767, 27.096519315745564), (51.93855725963364, 27.09476266276017), (52.00855531523963, 27.082848710484758), (52.0785533708456, 27.072225860457195), (52.14855142645157, 27.054755456464033), (52.21854948205756, 27.039435633003414), (52.288547537663526, 27.01932836471136), (52.358545593269504, 26.993255638587993), (52.428543648875475, 26.971205120051362), (52.49854170448145, 26.942324010936332), (52.568539760087425, 26.91221211383904), (52.6385378156934, 26.87208804865331), (52.708535871299375, 26.823346582770984), (52.778533926905354, 26.787193835010395), (52.848531982511325, 26.74739961346463), (52.91853003811731, 26.703564336124142), (52.98852809372327, 26.655708736017722), (53.058526149329246, 26.62055494328101), (53.12852420493523, 26.57962794443458), (53.198522260541196, 26.53886680981853), (53.268520316147175, 26.48946565665629), (53.33851837175316, 26.438956228863766), (53.40851642735913, 26.385674229674773), (53.47851448296509, 26.337475592182788), (53.54851253857108, 26.288562607607687), (53.618510594177046, 26.229243527397), (53.688508649783024, 26.16899711535282), (53.758506705388996, 26.103275298885276), (53.828504760994974, 26.04830826990128), (53.89850281660096, 26.007232370211664), (53.96850087220693, 25.974998164893822), (54.038498927812924, 25.961683790764173), (54.10849698341888, 25.962105990623325), (54.17849503902486, 25.976894294618404), (54.24849309463083, 25.980733674587555), (54.31849115023681, 25.97761806580552), (54.38848920584279, 25.970016583520003), (54.45848726144877, 25.966269559770033), (54.528485317054745, 25.970966533203086), (54.59848337266071, 25.986495571772476), (54.668481428266695, 26.003398644704912), (54.73847948387265, 26.017887262192822), (54.80847753947863, 26.02965608326665), (54.8784755950846, 26.04143809808608), (54.94847365069058, 26.048364814525275), (55.018471706296545, 26.05344252175988), (55.08846976190252, 26.066383701371176), (55.15846781750851, 26.09144050908346), (55.22846587311449, 26.11901920702584), (55.29846392872046, 26.129958706947768), (55.36846198432644, 26.106328708580925), (55.43846003993242, 26.066851136929515), (55.5084580983862, 26.047141190198378), (55.57845615399576, 26.034574541614095), (55.648454209605326, 26.032127153209657), (55.718452265214886, 26.03980262327932), (55.78845032082445, 26.053909358939187), (55.85844837643401, 26.06651322416689), (55.92844643204357, 26.06506566465783), (55.998444487653124, 26.032207309497796), (56.06844254326265, 25.945747049652102)
Day of Week: Monday

MMSI: 352002448
Record time: 2023-06-26T00:36:01Z
Event time: 2023-06-28T05:49:40Z
Status: Underway
Travel distance: 448.9330453563715
Num waypoints: 100
Waypoints: (49.138635037915606, 29.054592546507553), (49.208633093525194, 29.064200860326455), (49.27863114913476, 29.03367380003277), (49.34862920474432, 28.984541673623493), (49.41862726035388, 28.929063355581032), (49.488625315963446, 28.872894062233335), (49.55862337157301, 28.817368435188797), (49.62862142718259, 28.76139893284589), (49.69861948279216, 28.70298952997754), (49.76861753584842, 28.640364723920893), (49.8386155914544, 28.571540492416915), (49.90861364706036, 28.49524860090421), (49.97861170266634, 28.421621846002388), (50.04860975827232, 28.352258555749668), (50.11860781387829, 28.286508466970123), (50.18860586948427, 28.21470244896089), (50.25860392509024, 28.14469078035304), (50.32860198069622, 28.074679111745205), (50.3986000363022, 28.00466744313736), (50.46859809190816, 27.934655774529514), (50.53859614751414, 27.86464410592167), (50.60859420312011, 27.794632437313826), (50.6785922587261, 27.724620768705986), (50.74859031433206, 27.652814750696745), (50.818588369938055, 27.58527031251582), (50.888586425544034, 27.51837425269001), (50.958584481149984, 27.447863106570225), (51.028582536755984, 27.372866086946964), (51.09858059236195, 27.296589274000652), (51.16857864796792, 27.22500943448739), (51.2385767035739, 27.164697053715216), (51.308574759179876, 27.120639367520347), (51.37857281478584, 27.094685385107375), (51.448570870391826, 27.08498609727171), (51.5185689259978, 27.088348617578518), (51.58856698160376, 27.09035218208868), (51.658565037209755, 27.094689154748977), (51.728563092815726, 27.098803718554898), (51.79856114842171, 27.10196833267773), (51.86855920402767, 27.096519315745564), (51.93855725963364, 27.09476266276017), (52.00855531523963, 27.082848710484758), (52.0785533708456, 27.072225860457195), (52.14855142645157, 27.054755456464033), (52.21854948205756, 27.039435633003414), (52.288547537663526, 27.01932836471136), (52.358545593269504, 26.993255638587993), (52.428543648875475, 26.971205120051362), (52.49854170448145, 26.942324010936332), (52.568539760087425, 26.91221211383904), (52.6385378156934, 26.87208804865331), (52.708535871299375, 26.823346582770984), (52.778533926905354, 26.787193835010395), (52.848531982511325, 26.74739961346463), (52.91853003811731, 26.703564336124142), (52.98852809372327, 26.655708736017722), (53.058526149329246, 26.62055494328101), (53.12852420493523, 26.57962794443458), (53.198522260541196, 26.53886680981853), (53.268520316147175, 26.48946565665629), (53.33851837175316, 26.438956228863766), (53.40851642735913, 26.385674229674773), (53.47851448296509, 26.337475592182788), (53.54851253857108, 26.288562607607687), (53.618510594177046, 26.229243527397), (53.688508649783024, 26.16899711535282), (53.758506705388996, 26.103275298885276), (53.828504760994974, 26.04830826990128), (53.89850281660096, 26.007232370211664), (53.96850087220693, 25.974998164893822), (54.038498927812924, 25.961683790764173), (54.10849698341888, 25.962105990623325), (54.17849503902486, 25.976894294618404), (54.24849309463083, 25.980733674587555), (54.31849115023681, 25.97761806580552), (54.38848920584279, 25.970016583520003), (54.45848726144877, 25.966269559770033), (54.528485317054745, 25.970966533203086), (54.59848337266071, 25.986495571772476), (54.668481428266695, 26.003398644704912), (54.73847948387265, 26.017887262192822), (54.80847753947863, 26.02965608326665), (54.8784755950846, 26.04143809808608), (54.94847365069058, 26.048364814525275), (55.018471706296545, 26.05344252175988), (55.08846976190252, 26.066383701371176), (55.15846781750851, 26.09144050908346), (55.22846587311449, 26.11901920702584), (55.29846392872046, 26.129958706947768), (55.36846198432644, 26.106328708580925), (55.43846003993242, 26.066851136929515), (55.5084580983862, 26.047141190198378), (55.57845615399576, 26.034574541614095), (55.648454209605326, 26.032127153209657), (55.718452265214886, 26.03980262327932), (55.78845032082445, 26.053909358939187), (55.85844837643401, 26.06651322416689), (55.92844643204357, 26.06506566465783), (55.998444487653124, 26.032207309497796), (56.06844254326265, 25.945747049652102)
Day of Week: Monday

MMSI: 352002448
Record time: 2023-06-26T00:49:15Z
Event time: 2023-06-28T05:15:48.181Z
Status: Underway
Travel distance: 445.2046436285097
Num waypoints: 99
Waypoints: (49.2086330935252, 29.064854710373485), (49.278631149134775, 29.031520980561446), (49.348629204744334, 28.98397930021258), (49.418627260353894, 28.930379891486577), (49.48862531596346, 28.874761239968198), (49.558623371573034, 28.818395668236295), (49.62862142718261, 28.760921736200395), (49.69861948279218, 28.70126346820478), (49.768617538401756, 28.63833640690014), (49.8386155914544, 28.571540492416915), (49.90861364706036, 28.49524860090421), (49.97861170266634, 28.421621846002388), (50.04860975827232, 28.352258555749668), (50.11860781387829, 28.286508466970123), (50.18860586948427, 28.21470244896089), (50.25860392509024, 28.14469078035304), (50.32860198069622, 28.074679111745205), (50.3986000363022, 28.00466744313736), (50.46859809190816, 27.934655774529514), (50.53859614751414, 27.86464410592167), (50.60859420312011, 27.794632437313826), (50.6785922587261, 27.724620768705986), (50.74859031433206, 27.652814750696745), (50.818588369938055, 27.58527031251582), (50.888586425544034, 27.51837425269001), (50.958584481149984, 27.447863106570225), (51.028582536755984, 27.372866086946964), (51.09858059236195, 27.296589274000652), (51.16857864796792, 27.22500943448739), (51.2385767035739, 27.164697053715216), (51.308574759179876, 27.120639367520347), (51.37857281478584, 27.094685385107375), (51.448570870391826, 27.08498609727171), (51.5185689259978, 27.088348617578518), (51.58856698160376, 27.09035218208868), (51.658565037209755, 27.094689154748977), (51.728563092815726, 27.098803718554898), (51.79856114842171, 27.10196833267773), (51.86855920402767, 27.096519315745564), (51.93855725963364, 27.09476266276017), (52.00855531523963, 27.082848710484758), (52.0785533708456, 27.072225860457195), (52.14855142645157, 27.054755456464033), (52.21854948205756, 27.039435633003414), (52.288547537663526, 27.01932836471136), (52.358545593269504, 26.993255638587993), (52.428543648875475, 26.971205120051362), (52.49854170448145, 26.942324010936332), (52.568539760087425, 26.91221211383904), (52.6385378156934, 26.87208804865331), (52.708535871299375, 26.823346582770984), (52.778533926905354, 26.787193835010395), (52.848531982511325, 26.74739961346463), (52.91853003811731, 26.703564336124142), (52.98852809372327, 26.655708736017722), (53.058526149329246, 26.62055494328101), (53.12852420493523, 26.57962794443458), (53.198522260541196, 26.53886680981853), (53.268520316147175, 26.48946565665629), (53.33851837175316, 26.438956228863766), (53.40851642735913, 26.385674229674773), (53.47851448296509, 26.337475592182788), (53.54851253857108, 26.288562607607687), (53.618510594177046, 26.229243527397), (53.688508649783024, 26.16899711535282), (53.758506705388996, 26.103275298885276), (53.828504760994974, 26.04830826990128), (53.89850281660096, 26.007232370211664), (53.96850087220693, 25.974998164893822), (54.038498927812924, 25.961683790764173), (54.10849698341888, 25.962105990623325), (54.17849503902486, 25.976894294618404), (54.24849309463083, 25.980733674587555), (54.31849115023681, 25.97761806580552), (54.38848920584279, 25.970016583520003), (54.45848726144877, 25.966269559770033), (54.528485317054745, 25.970966533203086), (54.59848337266071, 25.986495571772476), (54.668481428266695, 26.003398644704912), (54.73847948387265, 26.017887262192822), (54.80847753947863, 26.02965608326665), (54.8784755950846, 26.04143809808608), (54.94847365069058, 26.048364814525275), (55.018471706296545, 26.05344252175988), (55.08846976190252, 26.066383701371176), (55.15846781750851, 26.09144050908346), (55.22846587311449, 26.11901920702584), (55.29846392872046, 26.129958706947768), (55.36846198432644, 26.106328708580925), (55.43846003993242, 26.066851136929515), (55.5084580983862, 26.047141190198378), (55.57845615399576, 26.034574541614095), (55.648454209605326, 26.032127153209657), (55.718452265214886, 26.03980262327932), (55.78845032082445, 26.053909358939187), (55.85844837643401, 26.06651322416689), (55.92844643204357, 26.06506566465783), (55.998444487653124, 26.032207309497796), (56.06844254326265, 25.945747049652102)
Day of Week: Monday

MMSI: 352002448
Record time: 2023-06-26T01:14:35Z
Event time: 2023-06-28T04:29:19.636Z
Status: Underway
Travel distance: 442.2775377969762
Num waypoints: 98
Waypoints: (49.278631149134746, 29.05836417573653), (49.34862920474433, 28.973508343894643), (49.418627260353894, 28.917031059405087), (49.48862531596346, 28.870377118229797), (49.55862337157303, 28.822704945454216), (49.628621427182594, 28.768847219181804), (49.69861948279217, 28.70754102380297), (49.76861753840174, 28.639927532638364), (49.83861559401131, 28.568321219956566), (49.90861364706036, 28.49524860090421), (49.97861170266634, 28.421621846002388), (50.04860975827232, 28.352258555749668), (50.11860781387829, 28.286508466970123), (50.18860586948427, 28.21470244896089), (50.25860392509024, 28.14469078035304), (50.32860198069622, 28.074679111745205), (50.3986000363022, 28.00466744313736), (50.46859809190816, 27.934655774529514), (50.53859614751414, 27.86464410592167), (50.60859420312011, 27.794632437313826), (50.6785922587261, 27.724620768705986), (50.74859031433206, 27.652814750696745), (50.818588369938055, 27.58527031251582), (50.888586425544034, 27.51837425269001), (50.958584481149984, 27.447863106570225), (51.028582536755984, 27.372866086946964), (51.09858059236195, 27.296589274000652), (51.16857864796792, 27.22500943448739), (51.2385767035739, 27.164697053715216), (51.308574759179876, 27.120639367520347), (51.37857281478584, 27.094685385107375), (51.448570870391826, 27.08498609727171), (51.5185689259978, 27.088348617578518), (51.58856698160376, 27.09035218208868), (51.658565037209755, 27.094689154748977), (51.728563092815726, 27.098803718554898), (51.79856114842171, 27.10196833267773), (51.86855920402767, 27.096519315745564), (51.93855725963364, 27.09476266276017), (52.00855531523963, 27.082848710484758), (52.0785533708456, 27.072225860457195), (52.14855142645157, 27.054755456464033), (52.21854948205756, 27.039435633003414), (52.288547537663526, 27.01932836471136), (52.358545593269504, 26.993255638587993), (52.428543648875475, 26.971205120051362), (52.49854170448145, 26.942324010936332), (52.568539760087425, 26.91221211383904), (52.6385378156934, 26.87208804865331), (52.708535871299375, 26.823346582770984), (52.778533926905354, 26.787193835010395), (52.848531982511325, 26.74739961346463), (52.91853003811731, 26.703564336124142), (52.98852809372327, 26.655708736017722), (53.058526149329246, 26.62055494328101), (53.12852420493523, 26.57962794443458), (53.198522260541196, 26.53886680981853), (53.268520316147175, 26.48946565665629), (53.33851837175316, 26.438956228863766), (53.40851642735913, 26.385674229674773), (53.47851448296509, 26.337475592182788), (53.54851253857108, 26.288562607607687), (53.618510594177046, 26.229243527397), (53.688508649783024, 26.16899711535282), (53.758506705388996, 26.103275298885276), (53.828504760994974, 26.04830826990128), (53.89850281660096, 26.007232370211664), (53.96850087220693, 25.974998164893822), (54.038498927812924, 25.961683790764173), (54.10849698341888, 25.962105990623325), (54.17849503902486, 25.976894294618404), (54.24849309463083, 25.980733674587555), (54.31849115023681, 25.97761806580552), (54.38848920584279, 25.970016583520003), (54.45848726144877, 25.966269559770033), (54.528485317054745, 25.970966533203086), (54.59848337266071, 25.986495571772476), (54.668481428266695, 26.003398644704912), (54.73847948387265, 26.017887262192822), (54.80847753947863, 26.02965608326665), (54.8784755950846, 26.04143809808608), (54.94847365069058, 26.048364814525275), (55.018471706296545, 26.05344252175988), (55.08846976190252, 26.066383701371176), (55.15846781750851, 26.09144050908346), (55.22846587311449, 26.11901920702584), (55.29846392872046, 26.129958706947768), (55.36846198432644, 26.106328708580925), (55.43846003993242, 26.066851136929515), (55.5084580983862, 26.047141190198378), (55.57845615399576, 26.034574541614095), (55.648454209605326, 26.032127153209657), (55.718452265214886, 26.03980262327932), (55.78845032082445, 26.053909358939187), (55.85844837643401, 26.06651322416689), (55.92844643204357, 26.06506566465783), (55.998444487653124, 26.032207309497796), (56.06844254326265, 25.945747049652102)
Day of Week: Monday

MMSI: 352002448
Record time: 2023-06-26T01:40:16Z
Event time: 2023-06-28T03:44:44.909Z
Status: Underway
Travel distance: 436.3725701943844
Num waypoints: 97
Waypoints: (49.34862920474431, 28.982043737752146), (49.41862726035391, 28.915000901786822), (49.48862531596347, 28.866294973341443), (49.55862337157303, 28.820336428232896), (49.62862142718259, 28.769010941570375), (49.698619482792154, 28.709489979914242), (49.76861753840173, 28.64235502761599), (49.83861559401131, 28.570035447339315), (49.90861364962088, 28.495559974762273), (49.97861170266634, 28.421621846002388), (50.04860975827232, 28.352258555749668), (50.11860781387829, 28.286508466970123), (50.18860586948427, 28.21470244896089), (50.25860392509024, 28.14469078035304), (50.32860198069622, 28.074679111745205), (50.3986000363022, 28.00466744313736), (50.46859809190816, 27.934655774529514), (50.53859614751414, 27.86464410592167), (50.60859420312011, 27.794632437313826), (50.6785922587261, 27.724620768705986), (50.74859031433206, 27.652814750696745), (50.818588369938055, 27.58527031251582), (50.888586425544034, 27.51837425269001), (50.958584481149984, 27.447863106570225), (51.028582536755984, 27.372866086946964), (51.09858059236195, 27.296589274000652), (51.16857864796792, 27.22500943448739), (51.2385767035739, 27.164697053715216), (51.308574759179876, 27.120639367520347), (51.37857281478584, 27.094685385107375), (51.448570870391826, 27.08498609727171), (51.5185689259978, 27.088348617578518), (51.58856698160376, 27.09035218208868), (51.658565037209755, 27.094689154748977), (51.728563092815726, 27.098803718554898), (51.79856114842171, 27.10196833267773), (51.86855920402767, 27.096519315745564), (51.93855725963364, 27.09476266276017), (52.00855531523963, 27.082848710484758), (52.0785533708456, 27.072225860457195), (52.14855142645157, 27.054755456464033), (52.21854948205756, 27.039435633003414), (52.288547537663526, 27.01932836471136), (52.358545593269504, 26.993255638587993), (52.428543648875475, 26.971205120051362), (52.49854170448145, 26.942324010936332), (52.568539760087425, 26.91221211383904), (52.6385378156934, 26.87208804865331), (52.708535871299375, 26.823346582770984), (52.778533926905354, 26.787193835010395), (52.848531982511325, 26.74739961346463), (52.91853003811731, 26.703564336124142), (52.98852809372327, 26.655708736017722), (53.058526149329246, 26.62055494328101), (53.12852420493523, 26.57962794443458), (53.198522260541196, 26.53886680981853), (53.268520316147175, 26.48946565665629), (53.33851837175316, 26.438956228863766), (53.40851642735913, 26.385674229674773), (53.47851448296509, 26.337475592182788), (53.54851253857108, 26.288562607607687), (53.618510594177046, 26.229243527397), (53.688508649783024, 26.16899711535282), (53.758506705388996, 26.103275298885276), (53.828504760994974, 26.04830826990128), (53.89850281660096, 26.007232370211664), (53.96850087220693, 25.974998164893822), (54.038498927812924, 25.961683790764173), (54.10849698341888, 25.962105990623325), (54.17849503902486, 25.976894294618404), (54.24849309463083, 25.980733674587555), (54.31849115023681, 25.97761806580552), (54.38848920584279, 25.970016583520003), (54.45848726144877, 25.966269559770033), (54.528485317054745, 25.970966533203086), (54.59848337266071, 25.986495571772476), (54.668481428266695, 26.003398644704912), (54.73847948387265, 26.017887262192822), (54.80847753947863, 26.02965608326665), (54.8784755950846, 26.04143809808608), (54.94847365069058, 26.048364814525275), (55.018471706296545, 26.05344252175988), (55.08846976190252, 26.066383701371176), (55.15846781750851, 26.09144050908346), (55.22846587311449, 26.11901920702584), (55.29846392872046, 26.129958706947768), (55.36846198432644, 26.106328708580925), (55.43846003993242, 26.066851136929515), (55.5084580983862, 26.047141190198378), (55.57845615399576, 26.034574541614095), (55.648454209605326, 26.032127153209657), (55.718452265214886, 26.03980262327932), (55.78845032082445, 26.053909358939187), (55.85844837643401, 26.06651322416689), (55.92844643204357, 26.06506566465783), (55.998444487653124, 26.032207309497796), (56.06844254326265, 25.945747049652102)
Day of Week: Monday

MMSI: 352002448
Record time: 2023-06-26T02:06:11Z
Event time: 2023-06-28T03:10:35.545Z
Status: Underway
Travel distance: 433.8120950323974
Num waypoints: 96
Waypoints: (49.418627260353865, 28.984830805134184), (49.48862531596346, 28.914819136522766), (49.558623371573034, 28.84480746791133), (49.628621427182594, 28.774795799299895), (49.698619482792154, 28.704784130688456), (49.76861753840172, 28.634772462077024), (49.838615594011294, 28.564760793465595), (49.90861364962087, 28.494749124854163), (49.97861170523044, 28.424737456242735), (50.04860975827232, 28.354725786176576), (50.11860781387829, 28.284714117568733), (50.18860586948427, 28.21470244896089), (50.25860392509024, 28.14469078035304), (50.32860198069622, 28.074679111745205), (50.3986000363022, 28.00466744313736), (50.46859809190816, 27.934655774529514), (50.53859614751414, 27.86464410592167), (50.60859420312011, 27.794632437313826), (50.6785922587261, 27.724620768705986), (50.74859031433206, 27.652814750696745), (50.818588369938055, 27.58527031251582), (50.888586425544034, 27.51837425269001), (50.958584481149984, 27.447863106570225), (51.028582536755984, 27.372866086946964), (51.09858059236195, 27.296589274000652), (51.16857864796792, 27.22500943448739), (51.2385767035739, 27.164697053715216), (51.308574759179876, 27.120639367520347), (51.37857281478584, 27.094685385107375), (51.448570870391826, 27.08498609727171), (51.5185689259978, 27.088348617578518), (51.58856698160376, 27.09035218208868), (51.658565037209755, 27.094689154748977), (51.728563092815726, 27.098803718554898), (51.79856114842171, 27.10196833267773), (51.86855920402767, 27.096519315745564), (51.93855725963364, 27.09476266276017), (52.00855531523963, 27.082848710484758), (52.0785533708456, 27.072225860457195), (52.14855142645157, 27.054755456464033), (52.21854948205756, 27.039435633003414), (52.288547537663526, 27.01932836471136), (52.358545593269504, 26.993255638587993), (52.428543648875475, 26.971205120051362), (52.49854170448145, 26.942324010936332), (52.568539760087425, 26.91221211383904), (52.6385378156934, 26.87208804865331), (52.708535871299375, 26.823346582770984), (52.778533926905354, 26.787193835010395), (52.848531982511325, 26.74739961346463), (52.91853003811731, 26.703564336124142), (52.98852809372327, 26.655708736017722), (53.058526149329246, 26.62055494328101), (53.12852420493523, 26.57962794443458), (53.198522260541196, 26.53886680981853), (53.268520316147175, 26.48946565665629), (53.33851837175316, 26.438956228863766), (53.40851642735913, 26.385674229674773), (53.47851448296509, 26.337475592182788), (53.54851253857108, 26.288562607607687), (53.618510594177046, 26.229243527397), (53.688508649783024, 26.16899711535282), (53.758506705388996, 26.103275298885276), (53.828504760994974, 26.04830826990128), (53.89850281660096, 26.007232370211664), (53.96850087220693, 25.974998164893822), (54.038498927812924, 25.961683790764173), (54.10849698341888, 25.962105990623325), (54.17849503902486, 25.976894294618404), (54.24849309463083, 25.980733674587555), (54.31849115023681, 25.97761806580552), (54.38848920584279, 25.970016583520003), (54.45848726144877, 25.966269559770033), (54.528485317054745, 25.970966533203086), (54.59848337266071, 25.986495571772476), (54.668481428266695, 26.003398644704912), (54.73847948387265, 26.017887262192822), (54.80847753947863, 26.02965608326665), (54.8784755950846, 26.04143809808608), (54.94847365069058, 26.048364814525275), (55.018471706296545, 26.05344252175988), (55.08846976190252, 26.066383701371176), (55.15846781750851, 26.09144050908346), (55.22846587311449, 26.11901920702584), (55.29846392872046, 26.129958706947768), (55.36846198432644, 26.106328708580925), (55.43846003993242, 26.066851136929515), (55.5084580983862, 26.047141190198378), (55.57845615399576, 26.034574541614095), (55.648454209605326, 26.032127153209657), (55.718452265214886, 26.03980262327932), (55.78845032082445, 26.053909358939187), (55.85844837643401, 26.06651322416689), (55.92844643204357, 26.06506566465783), (55.998444487653124, 26.032207309497796), (56.06844254326265, 25.945747049652102)
Day of Week: Monday

MMSI: 352002448
Record time: 2023-06-26T02:54:10Z
Event time: 2023-06-28T02:33:25.454Z
Status: Underway
Travel distance: 418.92656587473004
Num waypoints: 93
Waypoints: (49.62862142718262, 28.84480746791133), (49.69861948279217, 28.774795799299888), (49.76861753840173, 28.70478413068845), (49.8386155940113, 28.63477246207701), (49.90861364962087, 28.564760793465574), (49.97861170523044, 28.494749124854142), (50.04860976084001, 28.42473745624271), (50.118607816449575, 28.35472578763128), (50.18860587205914, 28.28471411901985), (50.25860392509024, 28.21470244896089), (50.32860198069622, 28.14469078035304), (50.3986000363022, 28.074679111745205), (50.46859809190816, 28.00466744313736), (50.53859614751414, 27.934655774529514), (50.60859420312011, 27.86464410592167), (50.6785922587261, 27.794632437313826), (50.74859031433206, 27.724620768705986), (50.818588369938055, 27.652814750696745), (50.888586425544034, 27.58527031251582), (50.958584481149984, 27.51837425269001), (51.028582536755984, 27.447863106570225), (51.09858059236195, 27.372866086946964), (51.16857864796792, 27.296589274000652), (51.2385767035739, 27.22500943448739), (51.308574759179876, 27.164697053715216), (51.37857281478584, 27.120639367520347), (51.448570870391826, 27.094685385107375), (51.5185689259978, 27.086780446673096), (51.58856698160376, 27.084087037750216), (51.658565037209755, 27.089703803733556), (51.728563092815726, 27.098304241042957), (51.79856114842171, 27.105083941459764), (51.86855920402767, 27.098986546172476), (51.93855725963364, 27.092968313358778), (52.00855531523963, 27.082848710484758), (52.0785533708456, 27.072225860457195), (52.14855142645157, 27.054755456464033), (52.21854948205756, 27.039435633003414), (52.288547537663526, 27.01932836471136), (52.358545593269504, 26.993255638587993), (52.428543648875475, 26.971205120051362), (52.49854170448145, 26.942324010936332), (52.568539760087425, 26.91221211383904), (52.6385378156934, 26.87208804865331), (52.708535871299375, 26.823346582770984), (52.778533926905354, 26.787193835010395), (52.848531982511325, 26.74739961346463), (52.91853003811731, 26.703564336124142), (52.98852809372327, 26.655708736017722), (53.058526149329246, 26.62055494328101), (53.12852420493523, 26.57962794443458), (53.198522260541196, 26.53886680981853), (53.268520316147175, 26.48946565665629), (53.33851837175316, 26.438956228863766), (53.40851642735913, 26.385674229674773), (53.47851448296509, 26.337475592182788), (53.54851253857108, 26.288562607607687), (53.618510594177046, 26.229243527397), (53.688508649783024, 26.16899711535282), (53.758506705388996, 26.103275298885276), (53.828504760994974, 26.04830826990128), (53.89850281660096, 26.007232370211664), (53.96850087220693, 25.974998164893822), (54.038498927812924, 25.961683790764173), (54.10849698341888, 25.962105990623325), (54.17849503902486, 25.976894294618404), (54.24849309463083, 25.980733674587555), (54.31849115023681, 25.97761806580552), (54.38848920584279, 25.970016583520003), (54.45848726144877, 25.966269559770033), (54.528485317054745, 25.970966533203086), (54.59848337266071, 25.986495571772476), (54.668481428266695, 26.003398644704912), (54.73847948387265, 26.017887262192822), (54.80847753947863, 26.02965608326665), (54.8784755950846, 26.04143809808608), (54.94847365069058, 26.048364814525275), (55.018471706296545, 26.05344252175988), (55.08846976190252, 26.066383701371176), (55.15846781750851, 26.09144050908346), (55.22846587311449, 26.11901920702584), (55.29846392872046, 26.129958706947768), (55.36846198432644, 26.106328708580925), (55.43846003993242, 26.066851136929515), (55.5084580983862, 26.047141190198378), (55.57845615399576, 26.034574541614095), (55.648454209605326, 26.032127153209657), (55.718452265214886, 26.03980262327932), (55.78845032082445, 26.053909358939187), (55.85844837643401, 26.06651322416689), (55.92844643204357, 26.06506566465783), (55.998444487653124, 26.032207309497796), (56.06844254326265, 25.945747049652102)
Day of Week: Monday

MMSI: 352002448
Record time: 2023-06-26T03:41:50Z
Event time: 2023-06-28T02:02:01.818Z
Status: Underway
Travel distance: 408.8768898488121
Num waypoints: 91
Waypoints: (49.768617538401756, 28.780173021694566), (49.838615594011344, 28.694080176250164), (49.908613649620904, 28.628725500024757), (49.978611705230456, 28.57401277905647), (50.04860976084001, 28.522847376507226), (50.118607816449575, 28.470616964532375), (50.18860587205914, 28.414709010155953), (50.25860392766872, 28.354065015151473), (50.3286019832783, 28.28877150992839), (50.3986000363022, 28.219687799976306), (50.46859809190816, 28.145190257864986), (50.53859614751414, 28.071563502963166), (50.60859420312011, 28.002200212710452), (50.6785922587261, 27.936450123930907), (50.74859031433206, 27.86464410592167), (50.818588369938055, 27.794632437313826), (50.888586425544034, 27.724620768705986), (50.958584481149984, 27.652814750696745), (51.028582536755984, 27.58527031251582), (51.09858059236195, 27.51837425269001), (51.16857864796792, 27.447863106570225), (51.2385767035739, 27.372866086946964), (51.308574759179876, 27.296589274000652), (51.37857281478584, 27.22500943448739), (51.448570870391826, 27.164697053715216), (51.5185689259978, 27.12243371692174), (51.58856698160376, 27.092218154680467), (51.658565037209755, 27.08187048848967), (51.728563092815726, 27.08705374568907), (51.79856114842171, 27.099599112932406), (51.86855920402767, 27.10160267744257), (51.93855725963364, 27.09855115256773), (52.00855531523963, 27.08352159151028), (52.0785533708456, 27.0704315110558), (52.14855142645157, 27.054755456464033), (52.21854948205756, 27.039435633003414), (52.288547537663526, 27.01932836471136), (52.358545593269504, 26.993255638587993), (52.428543648875475, 26.971205120051362), (52.49854170448145, 26.942324010936332), (52.568539760087425, 26.91221211383904), (52.6385378156934, 26.87208804865331), (52.708535871299375, 26.823346582770984), (52.778533926905354, 26.787193835010395), (52.848531982511325, 26.74739961346463), (52.91853003811731, 26.703564336124142), (52.98852809372327, 26.655708736017722), (53.058526149329246, 26.62055494328101), (53.12852420493523, 26.57962794443458), (53.198522260541196, 26.53886680981853), (53.268520316147175, 26.48946565665629), (53.33851837175316, 26.438956228863766), (53.40851642735913, 26.385674229674773), (53.47851448296509, 26.337475592182788), (53.54851253857108, 26.288562607607687), (53.618510594177046, 26.229243527397), (53.688508649783024, 26.16899711535282), (53.758506705388996, 26.103275298885276), (53.828504760994974, 26.04830826990128), (53.89850281660096, 26.007232370211664), (53.96850087220693, 25.974998164893822), (54.038498927812924, 25.961683790764173), (54.10849698341888, 25.962105990623325), (54.17849503902486, 25.976894294618404), (54.24849309463083, 25.980733674587555), (54.31849115023681, 25.97761806580552), (54.38848920584279, 25.970016583520003), (54.45848726144877, 25.966269559770033), (54.528485317054745, 25.970966533203086), (54.59848337266071, 25.986495571772476), (54.668481428266695, 26.003398644704912), (54.73847948387265, 26.017887262192822), (54.80847753947863, 26.02965608326665), (54.8784755950846, 26.04143809808608), (54.94847365069058, 26.048364814525275), (55.018471706296545, 26.05344252175988), (55.08846976190252, 26.066383701371176), (55.15846781750851, 26.09144050908346), (55.22846587311449, 26.11901920702584), (55.29846392872046, 26.129958706947768), (55.36846198432644, 26.106328708580925), (55.43846003993242, 26.066851136929515), (55.5084580983862, 26.047141190198378), (55.57845615399576, 26.034574541614095), (55.648454209605326, 26.032127153209657), (55.718452265214886, 26.03980262327932), (55.78845032082445, 26.053909358939187), (55.85844837643401, 26.06651322416689), (55.92844643204357, 26.06506566465783), (55.998444487653124, 26.032207309497796), (56.06844254326265, 25.945747049652102)
Day of Week: Monday

MMSI: 352002448
Record time: 2023-06-26T05:07:31Z
Event time: 2023-06-28T01:31:06.272Z
Status: Underway
Travel distance: 390.99568034557234
Num waypoints: 87
Waypoints: (50.04860976083998, 28.63477246207701), (50.11860781644955, 28.564760793465584), (50.188605872059114, 28.49474912485415), (50.25860392766868, 28.424737456242717), (50.32860198327825, 28.35472578763128), (50.39860003888782, 28.284714119019846), (50.46859809449739, 28.21470245040841), (50.53859615010696, 28.144690781796974), (50.60859420571653, 28.07467911318554), (50.6785922587261, 28.00466744313736), (50.74859031433206, 27.934655774529514), (50.818588369938055, 27.86464410592167), (50.888586425544034, 27.794632437313826), (50.958584481149984, 27.724620768705986), (51.028582536755984, 27.652814750696745), (51.09858059236195, 27.58527031251582), (51.16857864796792, 27.51837425269001), (51.2385767035739, 27.447863106570225), (51.308574759179876, 27.372866086946964), (51.37857281478584, 27.296589274000652), (51.448570870391826, 27.22500943448739), (51.5185689259978, 27.16649140311661), (51.58856698160376, 27.11817213709344), (51.658565037209755, 27.091569776325343), (51.728563092815726, 27.08548557478365), (51.79856114842171, 27.093333968593935), (51.86855920402767, 27.096617326427154), (51.93855725963364, 27.098051675055785), (52.00855531523963, 27.08663720029232), (52.0785533708456, 27.072898741482717), (52.14855142645157, 27.05296110706264), (52.21854948205756, 27.039435633003414), (52.288547537663526, 27.01932836471136), (52.358545593269504, 26.993255638587993), (52.428543648875475, 26.971205120051362), (52.49854170448145, 26.942324010936332), (52.568539760087425, 26.91221211383904), (52.6385378156934, 26.87208804865331), (52.708535871299375, 26.823346582770984), (52.778533926905354, 26.787193835010395), (52.848531982511325, 26.74739961346463), (52.91853003811731, 26.703564336124142), (52.98852809372327, 26.655708736017722), (53.058526149329246, 26.62055494328101), (53.12852420493523, 26.57962794443458), (53.198522260541196, 26.53886680981853), (53.268520316147175, 26.48946565665629), (53.33851837175316, 26.438956228863766), (53.40851642735913, 26.385674229674773), (53.47851448296509, 26.337475592182788), (53.54851253857108, 26.288562607607687), (53.618510594177046, 26.229243527397), (53.688508649783024, 26.16899711535282), (53.758506705388996, 26.103275298885276), (53.828504760994974, 26.04830826990128), (53.89850281660096, 26.007232370211664), (53.96850087220693, 25.974998164893822), (54.038498927812924, 25.961683790764173), (54.10849698341888, 25.962105990623325), (54.17849503902486, 25.976894294618404), (54.24849309463083, 25.980733674587555), (54.31849115023681, 25.97761806580552), (54.38848920584279, 25.970016583520003), (54.45848726144877, 25.966269559770033), (54.528485317054745, 25.970966533203086), (54.59848337266071, 25.986495571772476), (54.668481428266695, 26.003398644704912), (54.73847948387265, 26.017887262192822), (54.80847753947863, 26.02965608326665), (54.8784755950846, 26.04143809808608), (54.94847365069058, 26.048364814525275), (55.018471706296545, 26.05344252175988), (55.08846976190252, 26.066383701371176), (55.15846781750851, 26.09144050908346), (55.22846587311449, 26.11901920702584), (55.29846392872046, 26.129958706947768), (55.36846198432644, 26.106328708580925), (55.43846003993242, 26.066851136929515), (55.5084580983862, 26.047141190198378), (55.57845615399576, 26.034574541614095), (55.648454209605326, 26.032127153209657), (55.718452265214886, 26.03980262327932), (55.78845032082445, 26.053909358939187), (55.85844837643401, 26.06651322416689), (55.92844643204357, 26.06506566465783), (55.998444487653124, 26.032207309497796), (56.06844254326265, 25.945747049652102)
Day of Week: Monday

MMSI: 352002448
Record time: 2023-06-26T08:17:40Z
Event time: 2023-06-28T01:25:21Z
Status: Underway
Travel distance: 351.6976241900648
Num waypoints: 80
Waypoints: (50.5385961501069, 28.142305112706357), (50.6085942057165, 28.078743586451015), (50.67859226132608, 28.006628400711133), (50.74859031693565, 27.9329659484419), (50.818588372545214, 27.861096646142734), (50.88858642815478, 27.791820171874814), (50.958584483764355, 27.724373687256232), (51.02858253937392, 27.65726304343472), (51.098580594983495, 27.588946971038016), (51.16857864796792, 27.51837425269001), (51.2385767035739, 27.447863106570225), (51.308574759179876, 27.372866086946964), (51.37857281478584, 27.296589274000652), (51.448570870391826, 27.22500943448739), (51.5185689259978, 27.16649140311661), (51.58856698160376, 27.11817213709344), (51.658565037209755, 27.091569776325343), (51.728563092815726, 27.08548557478365), (51.79856114842171, 27.093333968593935), (51.86855920402767, 27.096617326427154), (51.93855725963364, 27.098051675055785), (52.00855531523963, 27.08663720029232), (52.0785533708456, 27.072898741482717), (52.14855142645157, 27.05296110706264), (52.21854948205756, 27.039435633003414), (52.288547537663526, 27.01932836471136), (52.358545593269504, 26.993255638587993), (52.428543648875475, 26.971205120051362), (52.49854170448145, 26.942324010936332), (52.568539760087425, 26.91221211383904), (52.6385378156934, 26.87208804865331), (52.708535871299375, 26.823346582770984), (52.778533926905354, 26.787193835010395), (52.848531982511325, 26.74739961346463), (52.91853003811731, 26.703564336124142), (52.98852809372327, 26.655708736017722), (53.058526149329246, 26.62055494328101), (53.12852420493523, 26.57962794443458), (53.198522260541196, 26.53886680981853), (53.268520316147175, 26.48946565665629), (53.33851837175316, 26.438956228863766), (53.40851642735913, 26.385674229674773), (53.47851448296509, 26.337475592182788), (53.54851253857108, 26.288562607607687), (53.618510594177046, 26.229243527397), (53.688508649783024, 26.16899711535282), (53.758506705388996, 26.103275298885276), (53.828504760994974, 26.04830826990128), (53.89850281660096, 26.007232370211664), (53.96850087220693, 25.974998164893822), (54.038498927812924, 25.961683790764173), (54.10849698341888, 25.962105990623325), (54.17849503902486, 25.976894294618404), (54.24849309463083, 25.980733674587555), (54.31849115023681, 25.97761806580552), (54.38848920584279, 25.970016583520003), (54.45848726144877, 25.966269559770033), (54.528485317054745, 25.970966533203086), (54.59848337266071, 25.986495571772476), (54.668481428266695, 26.003398644704912), (54.73847948387265, 26.017887262192822), (54.80847753947863, 26.02965608326665), (54.8784755950846, 26.04143809808608), (54.94847365069058, 26.048364814525275), (55.018471706296545, 26.05344252175988), (55.08846976190252, 26.066383701371176), (55.15846781750851, 26.09144050908346), (55.22846587311449, 26.11901920702584), (55.29846392872046, 26.129958706947768), (55.36846198432644, 26.106328708580925), (55.43846003993242, 26.066851136929515), (55.5084580983862, 26.047141190198378), (55.57845615399576, 26.034574541614095), (55.648454209605326, 26.032127153209657), (55.718452265214886, 26.03980262327932), (55.78845032082445, 26.053909358939187), (55.85844837643401, 26.06651322416689), (55.92844643204357, 26.06506566465783), (55.998444487653124, 26.032207309497796), (56.06844254326265, 25.945747049652102)
Day of Week: Monday

MMSI: 352002448
Record time: 2023-06-26T09:59:21Z
Event time: 2023-06-28T00:54:03.090Z
Status: Underway
Travel distance: 331.16414686825055
Num waypoints: 76
Waypoints: (50.818588372545214, 27.93613436647595), (50.888586428154795, 27.862968798662187), (50.958584483764355, 27.792422789065565), (51.028582539373915, 27.72416889290894), (51.098580594983474, 27.656679034565645), (51.16857865059304, 27.588202164108395), (51.23857670620261, 27.51750668822234), (51.30857476181218, 27.44438767548234), (51.378572817421755, 27.369938835994347), (51.448570870391826, 27.296589274000652), (51.5185689259978, 27.226803783888776), (51.58856698160376, 27.162229823288307), (51.658565037209755, 27.117523758738315), (51.728563092815726, 27.09518486261932), (51.79856114842171, 27.091765797688517), (51.86855920402767, 27.090352182088683), (51.93855725963364, 27.093066324040368), (52.00855531523963, 27.086137722780375), (52.0785533708456, 27.07601435026475), (52.14855142645157, 27.055428337489555), (52.21854948205756, 27.037641283602028), (52.288547537663526, 27.01932836471136), (52.358545593269504, 26.993255638587993), (52.428543648875475, 26.971205120051362), (52.49854170448145, 26.942324010936332), (52.568539760087425, 26.91221211383904), (52.6385378156934, 26.87208804865331), (52.708535871299375, 26.823346582770984), (52.778533926905354, 26.787193835010395), (52.848531982511325, 26.74739961346463), (52.91853003811731, 26.703564336124142), (52.98852809372327, 26.655708736017722), (53.058526149329246, 26.62055494328101), (53.12852420493523, 26.57962794443458), (53.198522260541196, 26.53886680981853), (53.268520316147175, 26.48946565665629), (53.33851837175316, 26.438956228863766), (53.40851642735913, 26.385674229674773), (53.47851448296509, 26.337475592182788), (53.54851253857108, 26.288562607607687), (53.618510594177046, 26.229243527397), (53.688508649783024, 26.16899711535282), (53.758506705388996, 26.103275298885276), (53.828504760994974, 26.04830826990128), (53.89850281660096, 26.007232370211664), (53.96850087220693, 25.974998164893822), (54.038498927812924, 25.961683790764173), (54.10849698341888, 25.962105990623325), (54.17849503902486, 25.976894294618404), (54.24849309463083, 25.980733674587555), (54.31849115023681, 25.97761806580552), (54.38848920584279, 25.970016583520003), (54.45848726144877, 25.966269559770033), (54.528485317054745, 25.970966533203086), (54.59848337266071, 25.986495571772476), (54.668481428266695, 26.003398644704912), (54.73847948387265, 26.017887262192822), (54.80847753947863, 26.02965608326665), (54.8784755950846, 26.04143809808608), (54.94847365069058, 26.048364814525275), (55.018471706296545, 26.05344252175988), (55.08846976190252, 26.066383701371176), (55.15846781750851, 26.09144050908346), (55.22846587311449, 26.11901920702584), (55.29846392872046, 26.129958706947768), (55.36846198432644, 26.106328708580925), (55.43846003993242, 26.066851136929515), (55.5084580983862, 26.047141190198378), (55.57845615399576, 26.034574541614095), (55.648454209605326, 26.032127153209657), (55.718452265214886, 26.03980262327932), (55.78845032082445, 26.053909358939187), (55.85844837643401, 26.06651322416689), (55.92844643204357, 26.06506566465783), (55.998444487653124, 26.032207309497796), (56.06844254326265, 25.945747049652102)
Day of Week: Monday

MMSI: 352002448
Record time: 2023-06-26T10:50:15Z
Event time: 2023-06-28T00:20:32.545Z
Status: Underway
Travel distance: 320.27375809935205
Num waypoints: 74
Waypoints: (50.95858448376434, 27.801019273963327), (51.02858253937392, 27.712459003898203), (51.098580594983495, 27.650309014228302), (51.16857865059306, 27.591556328376505), (51.23857670620263, 27.525657001767286), (51.308574761812196, 27.45077345406391), (51.37857281742176, 27.37053050408976), (51.44857087303133, 27.2912901074338), (51.518568928640896, 27.219944796740158), (51.58856698160376, 27.162229823288307), (51.658565037209755, 27.117523758738315), (51.728563092815726, 27.09518486261932), (51.79856114842171, 27.091765797688517), (51.86855920402767, 27.090352182088683), (51.93855725963364, 27.093066324040368), (52.00855531523963, 27.086137722780375), (52.0785533708456, 27.07601435026475), (52.14855142645157, 27.055428337489555), (52.21854948205756, 27.037641283602028), (52.288547537663526, 27.01932836471136), (52.358545593269504, 26.993255638587993), (52.428543648875475, 26.971205120051362), (52.49854170448145, 26.942324010936332), (52.568539760087425, 26.91221211383904), (52.6385378156934, 26.87208804865331), (52.708535871299375, 26.823346582770984), (52.778533926905354, 26.787193835010395), (52.848531982511325, 26.74739961346463), (52.91853003811731, 26.703564336124142), (52.98852809372327, 26.655708736017722), (53.058526149329246, 26.62055494328101), (53.12852420493523, 26.57962794443458), (53.198522260541196, 26.53886680981853), (53.268520316147175, 26.48946565665629), (53.33851837175316, 26.438956228863766), (53.40851642735913, 26.385674229674773), (53.47851448296509, 26.337475592182788), (53.54851253857108, 26.288562607607687), (53.618510594177046, 26.229243527397), (53.688508649783024, 26.16899711535282), (53.758506705388996, 26.103275298885276), (53.828504760994974, 26.04830826990128), (53.89850281660096, 26.007232370211664), (53.96850087220693, 25.974998164893822), (54.038498927812924, 25.961683790764173), (54.10849698341888, 25.962105990623325), (54.17849503902486, 25.976894294618404), (54.24849309463083, 25.980733674587555), (54.31849115023681, 25.97761806580552), (54.38848920584279, 25.970016583520003), (54.45848726144877, 25.966269559770033), (54.528485317054745, 25.970966533203086), (54.59848337266071, 25.986495571772476), (54.668481428266695, 26.003398644704912), (54.73847948387265, 26.017887262192822), (54.80847753947863, 26.02965608326665), (54.8784755950846, 26.04143809808608), (54.94847365069058, 26.048364814525275), (55.018471706296545, 26.05344252175988), (55.08846976190252, 26.066383701371176), (55.15846781750851, 26.09144050908346), (55.22846587311449, 26.11901920702584), (55.29846392872046, 26.129958706947768), (55.36846198432644, 26.106328708580925), (55.43846003993242, 26.066851136929515), (55.5084580983862, 26.047141190198378), (55.57845615399576, 26.034574541614095), (55.648454209605326, 26.032127153209657), (55.718452265214886, 26.03980262327932), (55.78845032082445, 26.053909358939187), (55.85844837643401, 26.06651322416689), (55.92844643204357, 26.06506566465783), (55.998444487653124, 26.032207309497796), (56.06844254326265, 25.945747049652102)
Day of Week: Monday

MMSI: 352002448
Record time: 2023-06-26T11:41:01Z
Event time: 2023-06-27T23:49:41.727Z
Status: Underway
Travel distance: 308.5766738660907
Num waypoints: 72
Waypoints: (51.098580594983474, 27.654163427071424), (51.16857865059305, 27.582846777077112), (51.23857670620261, 27.518171550192164), (51.308574761812174, 27.4489174938686), (51.37857281742174, 27.373618303197794), (51.448570873031315, 27.296578052149943), (51.51856892864089, 27.224592547792675), (51.58856698425046, 27.164375607488825), (51.65856503986003, 27.120690259073353), (51.728563092815726, 27.09518486261932), (51.79856114842171, 27.091765797688517), (51.86855920402767, 27.090352182088683), (51.93855725963364, 27.093066324040368), (52.00855531523963, 27.086137722780375), (52.0785533708456, 27.07601435026475), (52.14855142645157, 27.055428337489555), (52.21854948205756, 27.037641283602028), (52.288547537663526, 27.01932836471136), (52.358545593269504, 26.993255638587993), (52.428543648875475, 26.971205120051362), (52.49854170448145, 26.942324010936332), (52.568539760087425, 26.91221211383904), (52.6385378156934, 26.87208804865331), (52.708535871299375, 26.823346582770984), (52.778533926905354, 26.787193835010395), (52.848531982511325, 26.74739961346463), (52.91853003811731, 26.703564336124142), (52.98852809372327, 26.655708736017722), (53.058526149329246, 26.62055494328101), (53.12852420493523, 26.57962794443458), (53.198522260541196, 26.53886680981853), (53.268520316147175, 26.48946565665629), (53.33851837175316, 26.438956228863766), (53.40851642735913, 26.385674229674773), (53.47851448296509, 26.337475592182788), (53.54851253857108, 26.288562607607687), (53.618510594177046, 26.229243527397), (53.688508649783024, 26.16899711535282), (53.758506705388996, 26.103275298885276), (53.828504760994974, 26.04830826990128), (53.89850281660096, 26.007232370211664), (53.96850087220693, 25.974998164893822), (54.038498927812924, 25.961683790764173), (54.10849698341888, 25.962105990623325), (54.17849503902486, 25.976894294618404), (54.24849309463083, 25.980733674587555), (54.31849115023681, 25.97761806580552), (54.38848920584279, 25.970016583520003), (54.45848726144877, 25.966269559770033), (54.528485317054745, 25.970966533203086), (54.59848337266071, 25.986495571772476), (54.668481428266695, 26.003398644704912), (54.73847948387265, 26.017887262192822), (54.80847753947863, 26.02965608326665), (54.8784755950846, 26.04143809808608), (54.94847365069058, 26.048364814525275), (55.018471706296545, 26.05344252175988), (55.08846976190252, 26.066383701371176), (55.15846781750851, 26.09144050908346), (55.22846587311449, 26.11901920702584), (55.29846392872046, 26.129958706947768), (55.36846198432644, 26.106328708580925), (55.43846003993242, 26.066851136929515), (55.5084580983862, 26.047141190198378), (55.57845615399576, 26.034574541614095), (55.648454209605326, 26.032127153209657), (55.718452265214886, 26.03980262327932), (55.78845032082445, 26.053909358939187), (55.85844837643401, 26.06651322416689), (55.92844643204357, 26.06506566465783), (55.998444487653124, 26.032207309497796), (56.06844254326265, 25.945747049652102)
Day of Week: Monday

MMSI: 352002448
Record time: 2023-06-26T12:19:40Z
Event time: 2023-06-27T23:14:52.545Z
Status: Underway
Travel distance: 298.77645788336935
Num waypoints: 70
Waypoints: (51.23857670620259, 27.577671710280544), (51.308574761812146, 27.526621304646405), (51.378572817421706, 27.45164344165251), (51.44857087303127, 27.368902772846983), (51.518568928640846, 27.289714305859842), (51.58856698425041, 27.221229102210025), (51.65856503985999, 27.16710546199222), (51.72856309546956, 27.128165595443534), (51.79856115107913, 27.10303778139002), (51.86855920402767, 27.088784011183265), (51.93855725963364, 27.086801179701897), (52.00855531523963, 27.081152371764954), (52.0785533708456, 27.075514872752812), (52.14855142645157, 27.058543946271588), (52.21854948205756, 27.040108514028937), (52.288547537663526, 27.017534015309966), (52.358545593269504, 26.993255638587993), (52.428543648875475, 26.971205120051362), (52.49854170448145, 26.942324010936332), (52.568539760087425, 26.91221211383904), (52.6385378156934, 26.87208804865331), (52.708535871299375, 26.823346582770984), (52.778533926905354, 26.787193835010395), (52.848531982511325, 26.74739961346463), (52.91853003811731, 26.703564336124142), (52.98852809372327, 26.655708736017722), (53.058526149329246, 26.62055494328101), (53.12852420493523, 26.57962794443458), (53.198522260541196, 26.53886680981853), (53.268520316147175, 26.48946565665629), (53.33851837175316, 26.438956228863766), (53.40851642735913, 26.385674229674773), (53.47851448296509, 26.337475592182788), (53.54851253857108, 26.288562607607687), (53.618510594177046, 26.229243527397), (53.688508649783024, 26.16899711535282), (53.758506705388996, 26.103275298885276), (53.828504760994974, 26.04830826990128), (53.89850281660096, 26.007232370211664), (53.96850087220693, 25.974998164893822), (54.038498927812924, 25.961683790764173), (54.10849698341888, 25.962105990623325), (54.17849503902486, 25.976894294618404), (54.24849309463083, 25.980733674587555), (54.31849115023681, 25.97761806580552), (54.38848920584279, 25.970016583520003), (54.45848726144877, 25.966269559770033), (54.528485317054745, 25.970966533203086), (54.59848337266071, 25.986495571772476), (54.668481428266695, 26.003398644704912), (54.73847948387265, 26.017887262192822), (54.80847753947863, 26.02965608326665), (54.8784755950846, 26.04143809808608), (54.94847365069058, 26.048364814525275), (55.018471706296545, 26.05344252175988), (55.08846976190252, 26.066383701371176), (55.15846781750851, 26.09144050908346), (55.22846587311449, 26.11901920702584), (55.29846392872046, 26.129958706947768), (55.36846198432644, 26.106328708580925), (55.43846003993242, 26.066851136929515), (55.5084580983862, 26.047141190198378), (55.57845615399576, 26.034574541614095), (55.648454209605326, 26.032127153209657), (55.718452265214886, 26.03980262327932), (55.78845032082445, 26.053909358939187), (55.85844837643401, 26.06651322416689), (55.92844643204357, 26.06506566465783), (55.998444487653124, 26.032207309497796), (56.06844254326265, 25.945747049652102)
Day of Week: Monday

MMSI: 352002448
Record time: 2023-06-26T12:57:31Z
Event time: 2023-06-27T22:37:58.181Z
Status: Underway
Travel distance: 289.627969762419
Num waypoints: 68
Waypoints: (51.37857281742175, 27.51070460984188), (51.448570873031315, 27.454463019337556), (51.51856892864088, 27.37570518821056), (51.58856698425044, 27.294377489596606), (51.65856503986001, 27.222416750642335), (51.728563095469575, 27.16558550251814), (51.79856115107915, 27.125109701211212), (51.86855920668872, 27.099118919098682), (51.938557262298296, 27.08388900730101), (52.00855531523963, 27.074887227426483), (52.0785533708456, 27.07052952173739), (52.14855142645157, 27.05804446875965), (52.21854948205756, 27.043224122810976), (52.288547537663526, 27.020001245736882), (52.358545593269504, 26.991461289186606), (52.428543648875475, 26.971205120051362), (52.49854170448145, 26.942324010936332), (52.568539760087425, 26.91221211383904), (52.6385378156934, 26.87208804865331), (52.708535871299375, 26.823346582770984), (52.778533926905354, 26.787193835010395), (52.848531982511325, 26.74739961346463), (52.91853003811731, 26.703564336124142), (52.98852809372327, 26.655708736017722), (53.058526149329246, 26.62055494328101), (53.12852420493523, 26.57962794443458), (53.198522260541196, 26.53886680981853), (53.268520316147175, 26.48946565665629), (53.33851837175316, 26.438956228863766), (53.40851642735913, 26.385674229674773), (53.47851448296509, 26.337475592182788), (53.54851253857108, 26.288562607607687), (53.618510594177046, 26.229243527397), (53.688508649783024, 26.16899711535282), (53.758506705388996, 26.103275298885276), (53.828504760994974, 26.04830826990128), (53.89850281660096, 26.007232370211664), (53.96850087220693, 25.974998164893822), (54.038498927812924, 25.961683790764173), (54.10849698341888, 25.962105990623325), (54.17849503902486, 25.976894294618404), (54.24849309463083, 25.980733674587555), (54.31849115023681, 25.97761806580552), (54.38848920584279, 25.970016583520003), (54.45848726144877, 25.966269559770033), (54.528485317054745, 25.970966533203086), (54.59848337266071, 25.986495571772476), (54.668481428266695, 26.003398644704912), (54.73847948387265, 26.017887262192822), (54.80847753947863, 26.02965608326665), (54.8784755950846, 26.04143809808608), (54.94847365069058, 26.048364814525275), (55.018471706296545, 26.05344252175988), (55.08846976190252, 26.066383701371176), (55.15846781750851, 26.09144050908346), (55.22846587311449, 26.11901920702584), (55.29846392872046, 26.129958706947768), (55.36846198432644, 26.106328708580925), (55.43846003993242, 26.066851136929515), (55.5084580983862, 26.047141190198378), (55.57845615399576, 26.034574541614095), (55.648454209605326, 26.032127153209657), (55.718452265214886, 26.03980262327932), (55.78845032082445, 26.053909358939187), (55.85844837643401, 26.06651322416689), (55.92844643204357, 26.06506566465783), (55.998444487653124, 26.032207309497796), (56.06844254326265, 25.945747049652102)
Day of Week: Monday

MMSI: 352002448
Record time: 2023-06-26T13:35:51Z
Event time: 2023-06-27T21:56:38.181Z
Status: Underway
Travel distance: 282.50863930885527
Num waypoints: 67
Waypoints: (51.448570873031336, 27.378755262344708), (51.51856892864088, 27.300266263779566), (51.58856698425044, 27.223945151828964), (51.658565039860015, 27.16274767062923), (51.72856309546958, 27.121005566746845), (51.798561151079156, 27.097287370188507), (51.86855920668873, 27.086818692790256), (51.9385572622983, 27.08346204398565), (52.00855531790787, 27.081256163953043), (52.0785533708456, 27.075514872752812), (52.14855142645157, 27.058543946271588), (52.21854948205756, 27.040108514028937), (52.288547537663526, 27.017534015309966), (52.358545593269504, 26.993255638587993), (52.428543648875475, 26.971205120051362), (52.49854170448145, 26.942324010936332), (52.568539760087425, 26.91221211383904), (52.6385378156934, 26.87208804865331), (52.708535871299375, 26.823346582770984), (52.778533926905354, 26.787193835010395), (52.848531982511325, 26.74739961346463), (52.91853003811731, 26.703564336124142), (52.98852809372327, 26.655708736017722), (53.058526149329246, 26.62055494328101), (53.12852420493523, 26.57962794443458), (53.198522260541196, 26.53886680981853), (53.268520316147175, 26.48946565665629), (53.33851837175316, 26.438956228863766), (53.40851642735913, 26.385674229674773), (53.47851448296509, 26.337475592182788), (53.54851253857108, 26.288562607607687), (53.618510594177046, 26.229243527397), (53.688508649783024, 26.16899711535282), (53.758506705388996, 26.103275298885276), (53.828504760994974, 26.04830826990128), (53.89850281660096, 26.007232370211664), (53.96850087220693, 25.974998164893822), (54.038498927812924, 25.961683790764173), (54.10849698341888, 25.962105990623325), (54.17849503902486, 25.976894294618404), (54.24849309463083, 25.980733674587555), (54.31849115023681, 25.97761806580552), (54.38848920584279, 25.970016583520003), (54.45848726144877, 25.966269559770033), (54.528485317054745, 25.970966533203086), (54.59848337266071, 25.986495571772476), (54.668481428266695, 26.003398644704912), (54.73847948387265, 26.017887262192822), (54.80847753947863, 26.02965608326665), (54.8784755950846, 26.04143809808608), (54.94847365069058, 26.048364814525275), (55.018471706296545, 26.05344252175988), (55.08846976190252, 26.066383701371176), (55.15846781750851, 26.09144050908346), (55.22846587311449, 26.11901920702584), (55.29846392872046, 26.129958706947768), (55.36846198432644, 26.106328708580925), (55.43846003993242, 26.066851136929515), (55.5084580983862, 26.047141190198378), (55.57845615399576, 26.034574541614095), (55.648454209605326, 26.032127153209657), (55.718452265214886, 26.03980262327932), (55.78845032082445, 26.053909358939187), (55.85844837643401, 26.06651322416689), (55.92844643204357, 26.06506566465783), (55.998444487653124, 26.032207309497796), (56.06844254326265, 25.945747049652102)
Day of Week: Monday

MMSI: 352002448
Record time: 2023-06-26T14:13:11Z
Event time: 2023-06-27T21:15:42.363Z
Status: Underway
Travel distance: 275.04319654427644
Num waypoints: 65
Waypoints: (51.58856698425041, 27.377196275656914), (51.658565039860015, 27.301199170113392), (51.72856309546958, 27.22682489527856), (51.798561151079134, 27.16536918220609), (51.868559206688694, 27.120759997442917), (51.938557262298254, 27.091942595269437), (52.00855531790783, 27.07490815032639), (52.07855337351741, 27.06436597062852), (52.14855142912699, 27.055059290964966), (52.21854948205756, 27.04272464529903), (52.288547537663526, 27.02311685451892), (52.358545593269504, 26.993928519613515), (52.428543648875475, 26.96941077064997), (52.49854170448145, 26.942324010936332), (52.568539760087425, 26.91221211383904), (52.6385378156934, 26.87208804865331), (52.708535871299375, 26.823346582770984), (52.778533926905354, 26.787193835010395), (52.848531982511325, 26.74739961346463), (52.91853003811731, 26.703564336124142), (52.98852809372327, 26.655708736017722), (53.058526149329246, 26.62055494328101), (53.12852420493523, 26.57962794443458), (53.198522260541196, 26.53886680981853), (53.268520316147175, 26.48946565665629), (53.33851837175316, 26.438956228863766), (53.40851642735913, 26.385674229674773), (53.47851448296509, 26.337475592182788), (53.54851253857108, 26.288562607607687), (53.618510594177046, 26.229243527397), (53.688508649783024, 26.16899711535282), (53.758506705388996, 26.103275298885276), (53.828504760994974, 26.04830826990128), (53.89850281660096, 26.007232370211664), (53.96850087220693, 25.974998164893822), (54.038498927812924, 25.961683790764173), (54.10849698341888, 25.962105990623325), (54.17849503902486, 25.976894294618404), (54.24849309463083, 25.980733674587555), (54.31849115023681, 25.97761806580552), (54.38848920584279, 25.970016583520003), (54.45848726144877, 25.966269559770033), (54.528485317054745, 25.970966533203086), (54.59848337266071, 25.986495571772476), (54.668481428266695, 26.003398644704912), (54.73847948387265, 26.017887262192822), (54.80847753947863, 26.02965608326665), (54.8784755950846, 26.04143809808608), (54.94847365069058, 26.048364814525275), (55.018471706296545, 26.05344252175988), (55.08846976190252, 26.066383701371176), (55.15846781750851, 26.09144050908346), (55.22846587311449, 26.11901920702584), (55.29846392872046, 26.129958706947768), (55.36846198432644, 26.106328708580925), (55.43846003993242, 26.066851136929515), (55.5084580983862, 26.047141190198378), (55.57845615399576, 26.034574541614095), (55.648454209605326, 26.032127153209657), (55.718452265214886, 26.03980262327932), (55.78845032082445, 26.053909358939187), (55.85844837643401, 26.06651322416689), (55.92844643204357, 26.06506566465783), (55.998444487653124, 26.032207309497796), (56.06844254326265, 25.945747049652102)
Day of Week: Monday

MMSI: 352002448
Record time: 2023-06-26T15:04:20Z
Event time: 2023-06-27T20:42:04.272Z
Status: Underway
Travel distance: 260.19816414686824
Num waypoints: 62
Waypoints: (51.79856115107914, 27.234712116397745), (51.86855920668872, 27.158849587059322), (51.938557262298296, 27.11278984420856), (52.00855531790786, 27.084910140383016), (52.07855337351744, 27.066677891821648), (52.148551429127004, 27.052090509723083), (52.21854948473658, 27.03716951434294), (52.288547540346144, 27.019508931930172), (52.35854559595571, 26.997877974502465), (52.428543648875475, 26.971878001076885), (52.49854170448145, 26.94052966153494), (52.568539760087425, 26.91221211383904), (52.6385378156934, 26.87208804865331), (52.708535871299375, 26.823346582770984), (52.778533926905354, 26.787193835010395), (52.848531982511325, 26.74739961346463), (52.91853003811731, 26.703564336124142), (52.98852809372327, 26.655708736017722), (53.058526149329246, 26.62055494328101), (53.12852420493523, 26.57962794443458), (53.198522260541196, 26.53886680981853), (53.268520316147175, 26.48946565665629), (53.33851837175316, 26.438956228863766), (53.40851642735913, 26.385674229674773), (53.47851448296509, 26.337475592182788), (53.54851253857108, 26.288562607607687), (53.618510594177046, 26.229243527397), (53.688508649783024, 26.16899711535282), (53.758506705388996, 26.103275298885276), (53.828504760994974, 26.04830826990128), (53.89850281660096, 26.007232370211664), (53.96850087220693, 25.974998164893822), (54.038498927812924, 25.961683790764173), (54.10849698341888, 25.962105990623325), (54.17849503902486, 25.976894294618404), (54.24849309463083, 25.980733674587555), (54.31849115023681, 25.97761806580552), (54.38848920584279, 25.970016583520003), (54.45848726144877, 25.966269559770033), (54.528485317054745, 25.970966533203086), (54.59848337266071, 25.986495571772476), (54.668481428266695, 26.003398644704912), (54.73847948387265, 26.017887262192822), (54.80847753947863, 26.02965608326665), (54.8784755950846, 26.04143809808608), (54.94847365069058, 26.048364814525275), (55.018471706296545, 26.05344252175988), (55.08846976190252, 26.066383701371176), (55.15846781750851, 26.09144050908346), (55.22846587311449, 26.11901920702584), (55.29846392872046, 26.129958706947768), (55.36846198432644, 26.106328708580925), (55.43846003993242, 26.066851136929515), (55.5084580983862, 26.047141190198378), (55.57845615399576, 26.034574541614095), (55.648454209605326, 26.032127153209657), (55.718452265214886, 26.03980262327932), (55.78845032082445, 26.053909358939187), (55.85844837643401, 26.06651322416689), (55.92844643204357, 26.06506566465783), (55.998444487653124, 26.032207309497796), (56.06844254326265, 25.945747049652102)
Day of Week: Monday

MMSI: 352002448
Record time: 2023-06-26T16:58:11Z
Event time: 2023-06-27T20:11:38.636Z
Status: Underway
Travel distance: 235.35529157667386
Num waypoints: 56
Waypoints: (52.21854948473652, 27.09070101240435), (52.28854754034612, 27.039979765020817), (52.3585455959557, 27.00222385722494), (52.42854365156525, 26.970140488973637), (52.498541707174816, 26.93895686563326), (52.56853976278438, 26.905915631451457), (52.63853781839396, 26.86980950730171), (52.70853587400354, 26.830555132700457), (52.77853392961311, 26.788806112096896), (52.848531982511325, 26.74560526406324), (52.91853003811731, 26.703564336124142), (52.98852809372327, 26.655708736017722), (53.058526149329246, 26.62055494328101), (53.12852420493523, 26.57962794443458), (53.198522260541196, 26.53886680981853), (53.268520316147175, 26.48946565665629), (53.33851837175316, 26.438956228863766), (53.40851642735913, 26.385674229674773), (53.47851448296509, 26.337475592182788), (53.54851253857108, 26.288562607607687), (53.618510594177046, 26.229243527397), (53.688508649783024, 26.16899711535282), (53.758506705388996, 26.103275298885276), (53.828504760994974, 26.04830826990128), (53.89850281660096, 26.007232370211664), (53.96850087220693, 25.974998164893822), (54.038498927812924, 25.961683790764173), (54.10849698341888, 25.962105990623325), (54.17849503902486, 25.976894294618404), (54.24849309463083, 25.980733674587555), (54.31849115023681, 25.97761806580552), (54.38848920584279, 25.970016583520003), (54.45848726144877, 25.966269559770033), (54.528485317054745, 25.970966533203086), (54.59848337266071, 25.986495571772476), (54.668481428266695, 26.003398644704912), (54.73847948387265, 26.017887262192822), (54.80847753947863, 26.02965608326665), (54.8784755950846, 26.04143809808608), (54.94847365069058, 26.048364814525275), (55.018471706296545, 26.05344252175988), (55.08846976190252, 26.066383701371176), (55.15846781750851, 26.09144050908346), (55.22846587311449, 26.11901920702584), (55.29846392872046, 26.129958706947768), (55.36846198432644, 26.106328708580925), (55.43846003993242, 26.066851136929515), (55.5084580983862, 26.047141190198378), (55.57845615399576, 26.034574541614095), (55.648454209605326, 26.032127153209657), (55.718452265214886, 26.03980262327932), (55.78845032082445, 26.053909358939187), (55.85844837643401, 26.06651322416689), (55.92844643204357, 26.06506566465783), (55.998444487653124, 26.032207309497796), (56.06844254326265, 25.945747049652102)
Day of Week: Monday

MMSI: 352002448
Record time: 2023-06-26T19:59:02Z
Event time: 2023-06-27T20:23:17.100Z
Status: Underway
Travel distance: 201.51511879049676
Num waypoints: 48
Waypoints: (52.77853392961306, 26.816629288433166), (52.848531985222635, 26.735212432083788), (52.918530040832195, 26.690192836158804), (52.988528096441755, 26.657402214604446), (53.058526152051314, 26.62390204369261), (53.12852420766089, 26.58449042363245), (53.19852226327046, 26.538766281692485), (53.268520318880036, 26.488750916833236), (53.33851837448962, 26.437066885850385), (53.40851642735913, 26.385674229674773), (53.47851448296509, 26.337475592182788), (53.54851253857108, 26.288562607607687), (53.618510594177046, 26.229243527397), (53.688508649783024, 26.16899711535282), (53.758506705388996, 26.103275298885276), (53.828504760994974, 26.04830826990128), (53.89850281660096, 26.007232370211664), (53.96850087220693, 25.974998164893822), (54.038498927812924, 25.961683790764173), (54.10849698341888, 25.962105990623325), (54.17849503902486, 25.976894294618404), (54.24849309463083, 25.980733674587555), (54.31849115023681, 25.97761806580552), (54.38848920584279, 25.970016583520003), (54.45848726144877, 25.966269559770033), (54.528485317054745, 25.970966533203086), (54.59848337266071, 25.986495571772476), (54.668481428266695, 26.003398644704912), (54.73847948387265, 26.017887262192822), (54.80847753947863, 26.02965608326665), (54.8784755950846, 26.04143809808608), (54.94847365069058, 26.048364814525275), (55.018471706296545, 26.05344252175988), (55.08846976190252, 26.066383701371176), (55.15846781750851, 26.09144050908346), (55.22846587311449, 26.11901920702584), (55.29846392872046, 26.129958706947768), (55.36846198432644, 26.106328708580925), (55.43846003993242, 26.066851136929515), (55.5084580983862, 26.047141190198378), (55.57845615399576, 26.034574541614095), (55.648454209605326, 26.032127153209657), (55.718452265214886, 26.03980262327932), (55.78845032082445, 26.053909358939187), (55.85844837643401, 26.06651322416689), (55.92844643204357, 26.06506566465783), (55.998444487653124, 26.032207309497796), (56.06844254326265, 25.945747049652102)
Day of Week: Monday

MMSI: 352002448
Record time: 2023-06-26T22:20:41Z
Event time: 2023-06-27T19:42:29.777Z
Status: Underway
Travel distance: 173.335313174946
Num waypoints: 41
Waypoints: (53.26852031888004, 26.607029470586816), (53.338518374489624, 26.527757677385598), (53.40851643009918, 26.46451628508732), (53.478514485708736, 26.400511540365095), (53.5485125413183, 26.329679032295314), (53.61851059692787, 26.25304504580351), (53.68850865253745, 26.17564770688776), (53.75850670814703, 26.104017919619633), (53.82850476375661, 26.044220094922732), (53.89850281660096, 26.000452669794853), (53.96850087220693, 25.974498687381878), (54.038498927812924, 25.96479939954621), (54.10849698341888, 25.964573221050234), (54.17849503902486, 25.97509994521701), (54.24849309463083, 25.980733674587555), (54.31849115023681, 25.97761806580552), (54.38848920584279, 25.970016583520003), (54.45848726144877, 25.966269559770033), (54.528485317054745, 25.970966533203086), (54.59848337266071, 25.986495571772476), (54.668481428266695, 26.003398644704912), (54.73847948387265, 26.017887262192822), (54.80847753947863, 26.02965608326665), (54.8784755950846, 26.04143809808608), (54.94847365069058, 26.048364814525275), (55.018471706296545, 26.05344252175988), (55.08846976190252, 26.066383701371176), (55.15846781750851, 26.09144050908346), (55.22846587311449, 26.11901920702584), (55.29846392872046, 26.129958706947768), (55.36846198432644, 26.106328708580925), (55.43846003993242, 26.066851136929515), (55.5084580983862, 26.047141190198378), (55.57845615399576, 26.034574541614095), (55.648454209605326, 26.032127153209657), (55.718452265214886, 26.03980262327932), (55.78845032082445, 26.053909358939187), (55.85844837643401, 26.06651322416689), (55.92844643204357, 26.06506566465783), (55.998444487653124, 26.032207309497796), (56.06844254326265, 25.945747049652102)
Day of Week: Monday

MMSI: 352002448
Record time: 2023-06-27T00:08:42Z
Event time: 2023-06-27T19:11:26.500Z
Status: Underway
Travel distance: 152.17710583153348
Num waypoints: 37
Waypoints: (53.54851254131831, 26.387052720422552), (53.618510596927905, 26.33929467406902), (53.68850865253748, 26.259181965212132), (53.758506708147046, 26.17343921095234), (53.828504763756605, 26.097821371334796), (53.89850281936617, 26.039815639965997), (53.968500874975746, 26.00102479991522), (54.03849893058531, 25.979232044900794), (54.10849698619488, 25.97014726576117), (54.17849503902486, 25.96883480087854), (54.24849309463083, 25.975748323572134), (54.31849115023681, 25.977118588293575), (54.38848920584279, 25.973132192302042), (54.45848726144877, 25.96873679019695), (54.528485317054745, 25.9691721838017), (54.59848337266071, 25.986495571772476), (54.668481428266695, 26.003398644704912), (54.73847948387265, 26.017887262192822), (54.80847753947863, 26.02965608326665), (54.8784755950846, 26.04143809808608), (54.94847365069058, 26.048364814525275), (55.018471706296545, 26.05344252175988), (55.08846976190252, 26.066383701371176), (55.15846781750851, 26.09144050908346), (55.22846587311449, 26.11901920702584), (55.29846392872046, 26.129958706947768), (55.36846198432644, 26.106328708580925), (55.43846003993242, 26.066851136929515), (55.5084580983862, 26.047141190198378), (55.57845615399576, 26.034574541614095), (55.648454209605326, 26.032127153209657), (55.718452265214886, 26.03980262327932), (55.78845032082445, 26.053909358939187), (55.85844837643401, 26.06651322416689), (55.92844643204357, 26.06506566465783), (55.998444487653124, 26.032207309497796), (56.06844254326265, 25.945747049652102)
Day of Week: Tuesday

MMSI: 352002448
Record time: 2023-06-27T03:18:37Z
Event time: 2023-06-27T18:40:31.142Z
Status: Underway
Travel distance: 113.80723542116631
Num waypoints: 28
Waypoints: (54.178495041804375, 26.25315347440369), (54.248493097413956, 26.18745989597531), (54.318491153023515, 26.11403889496212), (54.388489208633075, 26.052476072664017), (54.45848726424264, 26.0112544934592), (54.52848531985221, 25.99127421068382), (54.598483375461775, 25.98883612644024), (54.66848143107135, 25.99809018533401), (54.73847948668093, 26.012947902139487), (54.80847753947863, 26.028459222058792), (54.8784755950846, 26.04161150159966), (54.94847365069058, 26.04968607390592), (55.018471706296545, 26.055909752186793), (55.08846976190252, 26.064589351969783), (55.15846781750851, 26.09144050908346), (55.22846587311449, 26.11901920702584), (55.29846392872046, 26.129958706947768), (55.36846198432644, 26.106328708580925), (55.43846003993242, 26.066851136929515), (55.5084580983862, 26.047141190198378), (55.57845615399576, 26.034574541614095), (55.648454209605326, 26.032127153209657), (55.718452265214886, 26.03980262327932), (55.78845032082445, 26.053909358939187), (55.85844837643401, 26.06651322416689), (55.92844643204357, 26.06506566465783), (55.998444487653124, 26.032207309497796), (56.06844254326265, 25.945747049652102)
Day of Week: Tuesday

MMSI: 352002448
Record time: 2023-06-27T05:29:42Z
Event time: 2023-06-27T18:09:21.833Z
Status: Underway
Travel distance: 89.57181425485962
Num waypoints: 22
Waypoints: (54.598483375461775, 26.16274448071279), (54.66848143107135, 26.22986654769068), (54.738479486680916, 26.19766969609249), (54.808477542290476, 26.13679443928744), (54.87847559790004, 26.08586289730683), (54.948473653509616, 26.06041473225627), (55.01847170911919, 26.060643395288764), (55.088469764728764, 26.077932685138695), (55.15846782033833, 26.10019361821666), (55.22846587311449, 26.11600160892539), (55.29846392872046, 26.130780488816473), (55.36846198432644, 26.111911547789873), (55.43846003993242, 26.067524017955037), (55.5084580983862, 26.046722508671362), (55.57845615399576, 26.033553665553093), (55.648454209605326, 26.03125852497666), (55.718452265214886, 26.039657172229347), (55.78845032082445, 26.054522039930692), (55.85844837643401, 26.067293300091745), (55.92844643204357, 26.0651363511494), (55.998444487653124, 26.03134139997603), (56.06844254326265, 25.946065138864192)
Day of Week: Tuesday

MMSI: 352002448
Record time: 2023-06-27T06:06:57Z
Event time: 2023-06-27T16:56:39.200Z
Status: Underway
Travel distance: 79.54319654427646
Num waypoints: 20
Waypoints: (54.73847948668091, 26.195057334463836), (54.80847754229049, 26.163843616818024), (54.87847559790006, 26.106287815020472), (54.94847365350962, 26.063825572514666), (55.01847170911919, 26.050317604441876), (55.08846976472876, 26.062269196018118), (55.15846782033833, 26.087291163104776), (55.228465875947904, 26.110802274972986), (55.29846393155748, 26.120973139261704), (55.36846198432644, 26.111911547789873), (55.43846003993242, 26.067524017955037), (55.5084580983862, 26.046722508671362), (55.57845615399576, 26.033553665553093), (55.648454209605326, 26.03125852497666), (55.718452265214886, 26.039657172229347), (55.78845032082445, 26.054522039930692), (55.85844837643401, 26.067293300091745), (55.92844643204357, 26.0651363511494), (55.998444487653124, 26.03134139997603), (56.06844254326265, 25.946065138864192)
Day of Week: Tuesday

MMSI: 352002448
Record time: 2023-06-27T06:19:47Z
Event time: 2023-06-27T16:00:02.600Z
Status: Underway
Travel distance: 79.54319654427646
Num waypoints: 20
Waypoints: (54.73847948668091, 26.195057334463836), (54.80847754229049, 26.163843616818024), (54.87847559790006, 26.106287815020472), (54.94847365350962, 26.063825572514666), (55.01847170911919, 26.050317604441876), (55.08846976472876, 26.062269196018118), (55.15846782033833, 26.087291163104776), (55.228465875947904, 26.110802274972986), (55.29846393155748, 26.120973139261704), (55.36846198432644, 26.111911547789873), (55.43846003993242, 26.067524017955037), (55.5084580983862, 26.046722508671362), (55.57845615399576, 26.033553665553093), (55.648454209605326, 26.03125852497666), (55.718452265214886, 26.039657172229347), (55.78845032082445, 26.054522039930692), (55.85844837643401, 26.067293300091745), (55.92844643204357, 26.0651363511494), (55.998444487653124, 26.03134139997603), (56.06844254326265, 25.946065138864192)
Day of Week: Tuesday

MMSI: 352002448
Record time: 2023-06-27T06:35:48Z
Event time: 2023-06-27T14:18:27.250Z
Status: Underway
Travel distance: 77.76403887688984
Num waypoints: 19
Waypoints: (54.808477542290504, 26.184747307572714), (54.87847559790004, 26.110713117237573), (54.94847365350961, 26.053373727137316), (55.01847170911918, 26.03607264287844), (55.08846976472875, 26.054588590800304), (55.158467820338316, 26.09079793151548), (55.228465875947876, 26.123396753002275), (55.298463931557436, 26.135682643249478), (55.368461987377536, 26.12039614255256), (55.438460042987366, 26.07302479640285), (55.508458098597195, 26.026226870734952), (55.57845615399566, 26.014859588885034), (55.64845420960522, 26.025440682883126), (55.71845226521479, 26.050259423231054), (55.78845032082438, 26.074456535180563), (55.85844837643397, 26.08084027824355), (55.92844643204356, 26.05726588208909), (55.998444487653146, 26.006578338728417), (56.06844254326271, 25.959118550987526)
Day of Week: Tuesday

MMSI: 352002448
Record time: 2023-06-27T06:48:42Z
Event time: 2023-06-27T13:09:48.500Z
Status: Underway
Travel distance: 72.53887688984881
Num waypoints: 18
Waypoints: (54.87847559790008, 26.119058161329026), (54.94847365350959, 26.036892539926363), (55.018471709119154, 26.033658501570574), (55.08846976472873, 26.065760141160485), (55.1584678203383, 26.102556434404246), (55.22846587594787, 26.125425714264605), (55.29846393155743, 26.126406062724232), (55.36846198716699, 26.10641161787107), (55.438460042987366, 26.07302479640285), (55.508458098597195, 26.026226870734952), (55.57845615399566, 26.014859588885034), (55.64845420960522, 26.025440682883126), (55.71845226521479, 26.050259423231054), (55.78845032082438, 26.074456535180563), (55.85844837643397, 26.08084027824355), (55.92844643204356, 26.05726588208909), (55.998444487653146, 26.006578338728417), (56.06844254326271, 25.959118550987526)
Day of Week: Tuesday

MMSI: 352002448
Record time: 2023-06-27T08:18:45Z
Event time: 2023-06-27T13:27:08Z
Status: Underway
Travel distance: 61.442764578833696
Num waypoints: 14
Waypoints: (55.15846782033835, 26.12072997321414), (55.22846587594792, 26.090726163338854), (55.298463931557464, 26.133260044412385), (55.368461987167024, 26.136703104562006), (55.43846004277659, 26.089208882594953), (55.50845809838617, 26.02526633695912), (55.57845615428335, 25.98623387312141), (55.64845420989328, 25.986562794121838), (55.71845226521487, 26.0350642417829), (55.78845032082444, 26.097916952398883), (55.858448376434005, 26.12035785291183), (55.92844643204356, 26.06327187015818), (55.998444487653096, 25.95768898690394), (56.06844254326259, 25.97835568450907)
Day of Week: Tuesday

MMSI: 352002448
Record time: 2023-06-27T10:35:42Z
Event time: 2023-06-27T13:08:42.250Z
Status: Underway
Travel distance: 33.93844492440605
Num waypoints: 8
Waypoints: (55.57845615399572, 26.114352392065342), (55.64845420960529, 26.044340723453907), (55.718452265214864, 26.044340723453907), (55.78845032082444, 26.114352392065342), (55.858448376433984, 26.114352392065342), (55.92844643204356, 26.044340723453907), (55.99844448765313, 25.97432905484247), (56.06844254326268, 25.97432905484247)
Day of Week: Tuesday

MMSI: 352002448
Record time: 2023-06-29T07:59:05Z
Event time: 2023-06-29T07:59:05Z
Status: Arrived
Travel distance: N/A
Num waypoints: 0
Waypoints: 
Day of Week: Thursday

Number of Journeys: 1
