Record time: 2023-11-03T10:45:59Z
Event time: 2023-11-07T09:10:56.666Z
Status: Underway
Travel distance: 1177.2861771058315
Num waypoints: 103
Waypoints: (72.83869814853341, 18.281585604327038), (72.56514957353865, 18.427088412731454), (72.42929431344001, 18.623499333080446), (72.38932789192235, 18.823749507458487), (72.40436654878305, 19.009166901210243), (72.43770124450863, 19.179052827371848), (72.45924724972163, 19.34202236933884), (72.44718931949734, 19.509108701770714), (72.38882245255087, 19.68863130973215), (72.28058823158588, 19.882828105050756), (72.10822048358017, 20.082565350968622), (71.919512447515, 20.292919907425723), (71.73897455547957, 20.461929464557983), (71.54154394571721, 20.585072821665676), (71.36025978904323, 20.653031362515602), (71.18827001923107, 20.66863992355936), (71.0146132686679, 20.651044554062345), (70.82999999636615, 20.630905100570313), (70.64999999637539, 20.640480548140154), (70.46999999638462, 20.702435050761828), (70.28999999639387, 20.825815855709052), (70.1099999964031, 20.974404898641264), (69.92999999641236, 21.149166508539423), (69.74999999642156, 21.317289270679137), (69.56999999643081, 21.505386726585495), (69.38999999644003, 21.70444070423042), (69.20999999644928, 21.8898002411707), (69.02999999645851, 22.04597792321949), (68.84999999646773, 22.172072417761406), (68.66999999647699, 22.289924080159455), (68.48538672417524, 22.372197333621376), (68.31634324592304, 22.4261076849445), (68.13801022668329, 22.46926504124865), (67.94871583983073, 22.50007995577123), (67.75718265906251, 22.560566158487205), (67.57389231043818, 22.6620339199573), (67.40596822914378, 22.800577465514877), (67.25493686557635, 22.94173778318161), (67.11672768534385, 23.116063264394906), (66.98327230777633, 23.27224579231797), (66.84506312754381, 23.42846224136097), (66.6940317639764, 23.57411953035606), (66.526107682682, 23.711403148601804), (66.34281733405767, 23.840284020852565), (66.15128415328947, 23.972111184663273), (65.96198976643689, 24.08501036355101), (65.78365674719713, 24.157107281032836), (65.61461326894494, 24.1954090713122), (65.42999999664319, 24.220748147902633), (65.24999999665243, 24.25962659722087), (65.06999999666169, 24.34725454175804), (64.8899999966709, 24.456281867099065), (64.70999999668014, 24.570634808269666), (64.52999999668937, 24.668099877587593), (64.34999999669861, 24.746525506874185), (64.16999999670784, 24.77142360890548), (63.98999999671708, 24.770914792106474), (63.80999999672631, 24.757758243446496), (63.62999999673554, 24.747887197545808), (63.449999996744786, 24.735646519124032), (63.269999996754, 24.748270021613628), (63.089999996763254, 24.754613271041222), (62.909999996772484, 24.749999998730246), (62.72999999678173, 24.749999998730246), (62.54999999679096, 24.749999998730246), (62.3699999968002, 24.749999998730246), (62.189999996809426, 24.749999998730246), (62.009999996818664, 24.74538672641927), (61.829999996827894, 24.75172997584686), (61.64999999683714, 24.759740206025473), (61.469999996846376, 24.763069321653244), (61.289999996855585, 24.743908734765014), (61.10999999686484, 24.71979081849219), (60.92999999687408, 24.71704320777756), (60.7499999968833, 24.754797414263713), (60.569999996892555, 24.83763278914168), (60.389999996901764, 24.95493686774651), (60.209999996911016, 25.08506312968626), (60.029999996920246, 25.20236720829109), (59.84999999692947, 25.285202583169056), (59.66999999693871, 25.322956789655205), (59.489999996947944, 25.32020917894058), (59.30999999695718, 25.291477990356775), (59.12999999696641, 25.283273925207112), (58.94999999697565, 25.28365674927494), (58.769999996984886, 25.288715842019325), (58.589999996994116, 25.291536140848095), (58.409999997003354, 25.282348363220347), (58.22999999701258, 25.281606944456083), (58.049999997021835, 25.294467894785218), (57.86999999703106, 25.336840219456626), (57.689999997040296, 25.40659173378876), (57.509999997049526, 25.500756762724567), (57.32077345243681, 25.636271636859497), (57.15253729977119, 25.822021429532953), (56.98470555439985, 26.028796147774734), (56.80977416267944, 26.23070538797591), (56.62172190555441, 26.396683351485006), (56.420458914083625, 26.495375910131088), (56.21756030788431, 26.50168205190961), (56.04328495943412, 26.40494970814621), (55.95487938423123, 26.21882596213852), (56.04616675681281, 25.992761639275923)

Record time: 2023-11-03T11:27:57Z
Event time: 2023-11-07T11:29:46.666Z
Status: Underway
Travel distance: 1160.0826133909288
Num waypoints: 101
Waypoints: (72.62999999999997, 18.302942958186026), (72.44999999999999, 18.37039059704604), (72.27, 18.622139610127448), (72.09, 18.883915618154944), (71.91, 19.070482335809338), (71.73, 19.159113317588364), (71.55000000000001, 19.166831855504885), (71.37000000000002, 19.13141902862253), (71.19000000000003, 19.096189904428655), (71.00999999635691, 19.098537891064865), (70.82538672405519, 19.15465796105795), (70.65634324580299, 19.288118184499755), (70.47339695425225, 19.485689324616153), (70.29044581682729, 19.710634808519004), (70.11153613854866, 19.917422801508796), (69.91600511150256, 20.08147018338219), (69.7382099843075, 20.247116703766746), (69.56940879976912, 20.425386726640898), (69.44164732447618, 20.60999999894264), (69.33937030200195, 20.7899999989334), (69.25933584245564, 20.97461327123515), (69.19718265898865, 21.148270021798318), (69.14327230766553, 21.315646519299495), (69.0846081536774, 21.507887197712037), (69.0096327868755, 21.702371515914468), (68.91270560960223, 21.88457154282664), (68.79506231979805, 22.063413378865384), (68.65905801236124, 22.22319639137569), (68.48788234942751, 22.347260464595873), (68.33200511158384, 22.430139452342328), (68.14743060627629, 22.48537272734286), (67.94365674708634, 22.512897293231877), (67.75378570119487, 22.561850315170403), (67.5675490610106, 22.654023689778686), (67.41058150145477, 22.794234216087283), (67.25493686557635, 22.946351055492585), (67.11672768534385, 23.116063264394906), (66.98327230777633, 23.27224579231797), (66.84506312754381, 23.42846224136097), (66.6940317639764, 23.57411953035606), (66.526107682682, 23.711403148601804), (66.34281733405767, 23.840284020852565), (66.15128415328947, 23.972111184663273), (65.96198976643689, 24.08501036355101), (65.78365674719713, 24.157107281032836), (65.61461326894494, 24.1954090713122), (65.42999999664319, 24.220748147902633), (65.24999999665243, 24.25962659722087), (65.06999999666169, 24.34725454175804), (64.8899999966709, 24.456281867099065), (64.70999999668014, 24.570634808269666), (64.52999999668937, 24.668099877587593), (64.34999999669861, 24.746525506874185), (64.16999999670784, 24.77142360890548), (63.98999999671708, 24.770914792106474), (63.80999999672631, 24.757758243446496), (63.62999999673554, 24.747887197545808), (63.449999996744786, 24.735646519124032), (63.269999996754, 24.748270021613628), (63.089999996763254, 24.754613271041222), (62.909999996772484, 24.749999998730246), (62.72999999678173, 24.749999998730246), (62.54999999679096, 24.749999998730246), (62.3699999968002, 24.749999998730246), (62.189999996809426, 24.749999998730246), (62.009999996818664, 24.74538672641927), (61.829999996827894, 24.75172997584686), (61.64999999683714, 24.759740206025473), (61.469999996846376, 24.763069321653244), (61.289999996855585, 24.743908734765014), (61.10999999686484, 24.71979081849219), (60.92999999687408, 24.71704320777756), (60.7499999968833, 24.754797414263713), (60.569999996892555, 24.83763278914168), (60.389999996901764, 24.95493686774651), (60.209999996911016, 25.08506312968626), (60.029999996920246, 25.20236720829109), (59.84999999692947, 25.285202583169056), (59.66999999693871, 25.322956789655205), (59.489999996947944, 25.32020917894058), (59.30999999695718, 25.291477990356775), (59.12999999696641, 25.283273925207112), (58.94999999697565, 25.28365674927494), (58.769999996984886, 25.288715842019325), (58.589999996994116, 25.291536140848095), (58.409999997003354, 25.282348363220347), (58.22999999701258, 25.281606944456083), (58.049999997021835, 25.294467894785218), (57.86999999703106, 25.336840219456626), (57.689999997040296, 25.40659173378876), (57.509999997049526, 25.500756762724567), (57.32077345243681, 25.636271636859497), (57.15253729977119, 25.822021429532953), (56.98470555439985, 26.028796147774734), (56.80977416267944, 26.23070538797591), (56.62172190555441, 26.396683351485006), (56.420458914083625, 26.495375910131088), (56.21756030788431, 26.50168205190961), (56.04328495943412, 26.40494970814621), (55.95487938423123, 26.21882596213852), (56.04616675681281, 25.992761639275923)

Record time: 2023-11-07T14:34:25Z
Event time: 2023-11-08T00:33:07.250Z
Status: Underway
Travel distance: 123.86123110151188
Num waypoints: 29
Waypoints: (56.6338183091521, 25.413917616738903), (56.68408682473843, 25.485113284084203), (56.7034590265394, 25.554188356682292), (56.70604485191149, 25.623490635860435), (56.70158418864977, 25.69366969940521), (56.69622779285691, 25.76443950005814), (56.69325206246568, 25.8351743458526), (56.69370766641489, 25.905338262292045), (56.69700202947881, 25.974747736369498), (56.70141566984108, 26.04366784109223), (56.70140059420655, 26.112358250319428), (56.70168891571706, 26.178607816610896), (56.69668757395966, 26.254750807280427), (56.68200390592139, 26.330381126692416), (56.65420632029091, 26.40759281075543), (56.6120058503154, 26.470332840717717), (56.55669146274771, 26.511063818200974), (56.48810674787951, 26.527529612707852), (56.42454787267482, 26.521262583548584), (56.35474014695487, 26.496588394458662), (56.27798934063656, 26.462974250363594), (56.2005028233302, 26.420168776278537), (56.12594603288787, 26.370432816112334), (56.058937938154855, 26.315022602928096), (56.005132073396574, 26.254370703099408), (55.97127062213742, 26.18854666651377), (55.96521155330295, 26.117997384182836), (55.99592880966533, 26.044567153259294), (56.07348554859199, 25.972797449460426)

Record time: 2023-11-07T15:38:32Z
Event time: 2023-11-08T00:59:45.666Z
Status: Underway
Travel distance: 110.90712742980561
Num waypoints: 26
Waypoints: (56.6184038839917, 25.626989617193313), (56.65800799849497, 25.688491913897444), (56.67955167413697, 25.763178874791393), (56.690878695041654, 25.838273728041166), (56.69713242229659, 25.909046944217845), (56.701157748058726, 25.97576433445841), (56.70390644167802, 26.041152154972014), (56.70484588783885, 26.108379217891606), (56.70237121671914, 26.179556008471014), (56.69422082325867, 26.254750807280427), (56.683797906431195, 26.330381126692416), (56.65420632029091, 26.40759281075543), (56.6120058503154, 26.470332840717717), (56.55669146274771, 26.511063818200974), (56.48810674787951, 26.527529612707852), (56.42454787267482, 26.521262583548584), (56.35474014695487, 26.496588394458662), (56.27798934063656, 26.462974250363594), (56.2005028233302, 26.420168776278537), (56.12594603288787, 26.370432816112334), (56.058937938154855, 26.315022602928096), (56.005132073396574, 26.254370703099408), (55.97127062213742, 26.18854666651377), (55.96521155330295, 26.117997384182836), (55.99592880966533, 26.044567153259294), (56.07348554859199, 25.972797449460426)

Record time: 2023-11-07T16:09:08Z
Event time: 2023-11-08T01:20:19.333Z
Status: Underway
Travel distance: 107.23326133909288
Num waypoints: 25
Waypoints: (56.6310300362816, 25.69534850358007), (56.6902266167432, 25.761124808506853), (56.70431347238954, 25.834941587618548), (56.701424992233186, 25.9074616956936), (56.69668623490846, 25.97628884010598), (56.69587461185501, 26.04290380461502), (56.698587089688615, 26.110188737244744), (56.700912911759154, 26.180539502252813), (56.697611838895774, 26.25456609618901), (56.683797906431195, 26.330381126692416), (56.65420632029091, 26.40759281075543), (56.6120058503154, 26.470332840717717), (56.55669146274771, 26.511063818200974), (56.48810674787951, 26.527529612707852), (56.42454787267482, 26.521262583548584), (56.35474014695487, 26.496588394458662), (56.27798934063656, 26.462974250363594), (56.2005028233302, 26.420168776278537), (56.12594603288787, 26.370432816112334), (56.058937938154855, 26.315022602928096), (56.005132073396574, 26.254370703099408), (55.97127062213742, 26.18854666651377), (55.96521155330295, 26.117997384182836), (55.99592880966533, 26.044567153259294), (56.07348554859199, 25.972797449460426)

Record time: 2023-11-07T18:48:25Z
Event time: 2023-11-08T02:18:05Z
Status: Underway
Travel distance: 95.01781857451404
Num waypoints: 22
Waypoints: (56.916806162961244, 26.030372762009105), (56.82067122849435, 26.010323626158755), (56.76034846387005, 26.03528383966212), (56.72549127266021, 26.093191748831412), (56.70564752899488, 26.171437217126066), (56.691220837709565, 26.257964433802766), (56.67420490619253, 26.342143078089148), (56.648691027932415, 26.415407838881187), (56.6111486777661, 26.471666289964297), (56.56047921592493, 26.507475119398187), (56.488779498070684, 26.527529612707852), (56.422753872165, 26.521262583548584), (56.35474014695487, 26.496588394458662), (56.27798934063656, 26.462974250363594), (56.2005028233302, 26.420168776278537), (56.12594603288787, 26.370432816112334), (56.058937938154855, 26.315022602928096), (56.005132073396574, 26.254370703099408), (55.97127062213742, 26.18854666651377), (55.96521155330295, 26.117997384182836), (55.99592880966533, 26.044567153259294), (56.07348554859199, 25.972797449460426)

Record time: 2023-11-07T19:27:54Z
Event time: 2023-11-08T02:41:18Z
Status: Underway
Travel distance: 87.92386609071275
Num waypoints: 20
Waypoints: (56.91387110823095, 26.18147271130029), (56.824968092702676, 26.129548434204406), (56.765919116408334, 26.166307888647598), (56.72250425838496, 26.244972992302817), (56.684776597833654, 26.333994072495614), (56.64614636932147, 26.4138104246954), (56.60259985646695, 26.473963897942504), (56.5520530241094, 26.510565507211076), (56.49383988896172, 26.52411507270777), (56.42833562585204, 26.517673884745804), (56.35541289714604, 26.496588394458662), (56.27757074051754, 26.462974250363594), (56.19948214576732, 26.420168776278537), (56.125077573550065, 26.370432816112334), (56.0587925153862, 26.315022602928096), (56.00574463525895, 26.254370703099408), (55.97205054638505, 26.18854666651377), (55.96528222605033, 26.117997384182836), (55.99506306851025, 26.044567153259294), (56.07380357595528, 25.972797449460426)

Record time: 2023-11-07T22:04:16Z
Event time: 2023-11-08T03:04:25.333Z
Status: Underway
Travel distance: 59.75053995680346
Num waypoints: 14
Waypoints: (56.62603481834167, 26.601424520979734), (56.566072206760936, 26.54471823735328), (56.4846384126069, 26.529670480525013), (56.41148969433711, 26.515227513923346), (56.34841809552815, 26.48916393511078), (56.2859382878538, 26.453351713836284), (56.215206744931706, 26.41314756367207), (56.13708273781427, 26.377082967528384), (56.05990286837563, 26.324484406858293), (55.994434553358346, 26.25889422469038), (55.95844668121216, 26.1855637886576), (55.965723969376796, 26.112395539477564), (56.013522658955516, 26.044290703209604), (56.06580032087287, 25.974570819356572)

Record time: 2023-11-08T00:02:15Z
Event time: 2023-11-08T03:24:35.666Z
Status: Underway
Travel distance: 43.734341252699785
Num waypoints: 9
Waypoints: (56.2784367100914, 26.534422403733956), (56.208438654481824, 26.46441073512252), (56.13844059887225, 26.394399066511085), (56.06844254326268, 26.32438739789965), (55.99844448765313, 26.254375729288213), (55.92844643204356, 26.184364060676778), (55.99844448765313, 26.114352392065342), (55.99844448765313, 26.044340723453907), (56.06844254326268, 25.97432905484247)

Record time: 2023-11-08T02:18:14Z
Event time: 2023-11-08T03:06:40.333Z
Status: Underway
Travel distance: 14.062634989200864
Num waypoints: 4
Waypoints: (55.99844448765313, 26.184364060676778), (55.99844448765313, 26.114352392065342), (55.99844448765313, 26.044340723453907), (56.06844254326268, 25.97432905484247)

Record time: 2023-11-08T03:19:39Z
Event time: 2023-11-08T03:39:26.666Z
Status: Underway
Travel distance: 9.431965442764579
Num waypoints: 3
Waypoints: (55.92844643204356, 26.044340723453907), (55.99844448765313, 25.97432905484247), (56.06844254326268, 25.97432905484247)

Record time: 2023-11-08T07:54:01Z
Event time: 2023-11-08T07:54:01Z
Status: Arrived
Travel distance: N/A
Num waypoints: 0
Waypoints: 

