Record time: 2024-01-09T06:59:05Z
Event time: 2024-01-11T12:57:52.571Z
Status: Underway
Travel distance: 668.1106911447084
Waypoints: (67.04999999999998, 24.610403578115243), (66.87, 24.642094861660066), (66.69, 24.619891212569893), (66.50999999999999, 24.595971683451822), (66.32999999999998, 24.593900439310314), (66.14999999999998, 24.617858148043904), (65.96999999999998, 24.660455952716017), (65.78999999999999, 24.709132025599924), (65.61, 24.751130703997852), (65.42999999664319, 24.77706420656302), (65.24999999665243, 24.75820406387991), (65.06999999666169, 24.751284155413444), (64.8899999966709, 24.741989768551626), (64.70999999668014, 24.74365674930265), (64.52999999668937, 24.754613271041222), (64.34999999669861, 24.749999998730246), (64.16999999670784, 24.749999998730246), (63.98999999671708, 24.749999998730246), (63.80999999672631, 24.749999998730246), (63.62999999673554, 24.749999998730246), (63.449999996744786, 24.749999998730246), (63.269999996754, 24.749999998730246), (63.089999996763254, 24.749999998730246), (62.909999996772484, 24.749999998730246), (62.72999999678173, 24.749999998730246), (62.54999999679096, 24.749999998730246), (62.3699999968002, 24.749999998730246), (62.189999996809426, 24.749999998730246), (62.009999996818664, 24.74538672641927), (61.829999996827894, 24.75172997584686), (61.64999999683714, 24.759740206025473), (61.469999996846376, 24.763069321653244), (61.289999996855585, 24.743908734765014), (61.10999999686484, 24.71979081849219), (60.92999999687408, 24.71704320777756), (60.7499999968833, 24.754797414263713), (60.569999996892555, 24.83763278914168), (60.389999996901764, 24.95493686774651), (60.209999996911016, 25.08506312968626), (60.029999996920246, 25.20236720829109), (59.84999999692947, 25.285202583169056), (59.66999999693871, 25.322956789655205), (59.489999996947944, 25.32020917894058), (59.30999999695718, 25.291477990356775), (59.12999999696641, 25.283273925207112), (58.94999999697565, 25.28365674927494), (58.769999996984886, 25.288715842019325), (58.589999996994116, 25.291536140848095), (58.409999997003354, 25.282348363220347), (58.22999999701258, 25.281606944456083), (58.049999997021835, 25.294467894785218), (57.86999999703106, 25.336840219456626), (57.689999997040296, 25.40659173378876), (57.509999997049526, 25.500756762724567), (57.32077345243681, 25.636271636859497), (57.15253729977119, 25.822021429532953), (56.98470555439985, 26.028796147774734), (56.80977416267944, 26.23070538797591), (56.62172190555441, 26.396683351485006), (56.420458914083625, 26.495375910131088), (56.21756030788431, 26.50168205190961), (56.04328495943412, 26.40494970814621), (55.95487938423123, 26.21882596213852), (56.04616675681281, 25.992761639275923)
Associated file(s): api_response_2024-01-09_11-16-35.json, api_response_2024-01-09_11-36-38.json, api_response_2024-01-09_11-16-35.json, api_response_2024-01-09_11-36-38.json

Record time: 2024-01-09T07:46:25Z
Event time: 2024-01-11T13:36:42Z
Status: Underway
Travel distance: 658.3493520518358
Waypoints: (66.86999999999998, 24.583824838776774), (66.68999999999998, 24.54248013313916), (66.50999999999998, 24.554453260563626), (66.32999999999996, 24.593786854954164), (66.14999999999995, 24.642240605000055), (65.96999999999996, 24.687956215812722), (65.78999999999996, 24.724216865110932), (65.60999999999999, 24.74830115395441), (65.43, 24.760431552025853), (65.24999999665243, 24.762817336190885), (65.06999999666169, 24.751284155413444), (64.8899999966709, 24.741989768551626), (64.70999999668014, 24.74365674930265), (64.52999999668937, 24.754613271041222), (64.34999999669861, 24.749999998730246), (64.16999999670784, 24.749999998730246), (63.98999999671708, 24.749999998730246), (63.80999999672631, 24.749999998730246), (63.62999999673554, 24.749999998730246), (63.449999996744786, 24.749999998730246), (63.269999996754, 24.749999998730246), (63.089999996763254, 24.749999998730246), (62.909999996772484, 24.749999998730246), (62.72999999678173, 24.749999998730246), (62.54999999679096, 24.749999998730246), (62.3699999968002, 24.749999998730246), (62.189999996809426, 24.749999998730246), (62.009999996818664, 24.74538672641927), (61.829999996827894, 24.75172997584686), (61.64999999683714, 24.759740206025473), (61.469999996846376, 24.763069321653244), (61.289999996855585, 24.743908734765014), (61.10999999686484, 24.71979081849219), (60.92999999687408, 24.71704320777756), (60.7499999968833, 24.754797414263713), (60.569999996892555, 24.83763278914168), (60.389999996901764, 24.95493686774651), (60.209999996911016, 25.08506312968626), (60.029999996920246, 25.20236720829109), (59.84999999692947, 25.285202583169056), (59.66999999693871, 25.322956789655205), (59.489999996947944, 25.32020917894058), (59.30999999695718, 25.291477990356775), (59.12999999696641, 25.283273925207112), (58.94999999697565, 25.28365674927494), (58.769999996984886, 25.288715842019325), (58.589999996994116, 25.291536140848095), (58.409999997003354, 25.282348363220347), (58.22999999701258, 25.281606944456083), (58.049999997021835, 25.294467894785218), (57.86999999703106, 25.336840219456626), (57.689999997040296, 25.40659173378876), (57.509999997049526, 25.500756762724567), (57.32077345243681, 25.636271636859497), (57.15253729977119, 25.822021429532953), (56.98470555439985, 26.028796147774734), (56.80977416267944, 26.23070538797591), (56.62172190555441, 26.396683351485006), (56.420458914083625, 26.495375910131088), (56.21756030788431, 26.50168205190961), (56.04328495943412, 26.40494970814621), (55.95487938423123, 26.21882596213852), (56.04616675681281, 25.992761639275923)
Associated file(s): api_response_2024-01-09_11-56-41.json, api_response_2024-01-09_12-16-44.json, api_response_2024-01-09_11-56-41.json, api_response_2024-01-09_12-16-44.json

Record time: 2024-01-09T08:28:41Z
Event time: 2024-01-11T14:20:03.500Z
Status: Underway
Travel distance: 648.8439524838013
Waypoints: (66.69, 24.579054295818594), (66.51, 24.540889952153112), (66.33, 24.575686853730467), (66.15, 24.635739570968806), (65.97000000000001, 24.693174414762783), (65.79000000000002, 24.734706200516406), (65.61000000000003, 24.757087972197414), (65.43000000000004, 24.763253686413208), (65.25000000000003, 24.759153856508295), (65.06999999666169, 24.751284155413444), (64.8899999966709, 24.741989768551626), (64.70999999668014, 24.74365674930265), (64.52999999668937, 24.754613271041222), (64.34999999669861, 24.749999998730246), (64.16999999670784, 24.749999998730246), (63.98999999671708, 24.749999998730246), (63.80999999672631, 24.749999998730246), (63.62999999673554, 24.749999998730246), (63.449999996744786, 24.749999998730246), (63.269999996754, 24.749999998730246), (63.089999996763254, 24.749999998730246), (62.909999996772484, 24.749999998730246), (62.72999999678173, 24.749999998730246), (62.54999999679096, 24.749999998730246), (62.3699999968002, 24.749999998730246), (62.189999996809426, 24.749999998730246), (62.009999996818664, 24.74538672641927), (61.829999996827894, 24.75172997584686), (61.64999999683714, 24.759740206025473), (61.469999996846376, 24.763069321653244), (61.289999996855585, 24.743908734765014), (61.10999999686484, 24.71979081849219), (60.92999999687408, 24.71704320777756), (60.7499999968833, 24.754797414263713), (60.569999996892555, 24.83763278914168), (60.389999996901764, 24.95493686774651), (60.209999996911016, 25.08506312968626), (60.029999996920246, 25.20236720829109), (59.84999999692947, 25.285202583169056), (59.66999999693871, 25.322956789655205), (59.489999996947944, 25.32020917894058), (59.30999999695718, 25.291477990356775), (59.12999999696641, 25.283273925207112), (58.94999999697565, 25.28365674927494), (58.769999996984886, 25.288715842019325), (58.589999996994116, 25.291536140848095), (58.409999997003354, 25.282348363220347), (58.22999999701258, 25.281606944456083), (58.049999997021835, 25.294467894785218), (57.86999999703106, 25.336840219456626), (57.689999997040296, 25.40659173378876), (57.509999997049526, 25.500756762724567), (57.32077345243681, 25.636271636859497), (57.15253729977119, 25.822021429532953), (56.98470555439985, 26.028796147774734), (56.80977416267944, 26.23070538797591), (56.62172190555441, 26.396683351485006), (56.420458914083625, 26.495375910131088), (56.21756030788431, 26.50168205190961), (56.04328495943412, 26.40494970814621), (55.95487938423123, 26.21882596213852), (56.04616675681281, 25.992761639275923)
Associated file(s): api_response_2024-01-09_12-36-47.json, api_response_2024-01-09_12-36-47.json

Record time: 2024-01-09T08:43:52Z
Event time: 2024-01-11T15:08:06.200Z
Status: Underway
Travel distance: 648.8439524838013
Waypoints: (66.69, 24.579054295818594), (66.51, 24.540889952153112), (66.33, 24.575686853730467), (66.15, 24.635739570968806), (65.97000000000001, 24.693174414762783), (65.79000000000002, 24.734706200516406), (65.61000000000003, 24.757087972197414), (65.43000000000004, 24.763253686413208), (65.25000000000003, 24.759153856508295), (65.06999999666169, 24.751284155413444), (64.8899999966709, 24.741989768551626), (64.70999999668014, 24.74365674930265), (64.52999999668937, 24.754613271041222), (64.34999999669861, 24.749999998730246), (64.16999999670784, 24.749999998730246), (63.98999999671708, 24.749999998730246), (63.80999999672631, 24.749999998730246), (63.62999999673554, 24.749999998730246), (63.449999996744786, 24.749999998730246), (63.269999996754, 24.749999998730246), (63.089999996763254, 24.749999998730246), (62.909999996772484, 24.749999998730246), (62.72999999678173, 24.749999998730246), (62.54999999679096, 24.749999998730246), (62.3699999968002, 24.749999998730246), (62.189999996809426, 24.749999998730246), (62.009999996818664, 24.74538672641927), (61.829999996827894, 24.75172997584686), (61.64999999683714, 24.759740206025473), (61.469999996846376, 24.763069321653244), (61.289999996855585, 24.743908734765014), (61.10999999686484, 24.71979081849219), (60.92999999687408, 24.71704320777756), (60.7499999968833, 24.754797414263713), (60.569999996892555, 24.83763278914168), (60.389999996901764, 24.95493686774651), (60.209999996911016, 25.08506312968626), (60.029999996920246, 25.20236720829109), (59.84999999692947, 25.285202583169056), (59.66999999693871, 25.322956789655205), (59.489999996947944, 25.32020917894058), (59.30999999695718, 25.291477990356775), (59.12999999696641, 25.283273925207112), (58.94999999697565, 25.28365674927494), (58.769999996984886, 25.288715842019325), (58.589999996994116, 25.291536140848095), (58.409999997003354, 25.282348363220347), (58.22999999701258, 25.281606944456083), (58.049999997021835, 25.294467894785218), (57.86999999703106, 25.336840219456626), (57.689999997040296, 25.40659173378876), (57.509999997049526, 25.500756762724567), (57.32077345243681, 25.636271636859497), (57.15253729977119, 25.822021429532953), (56.98470555439985, 26.028796147774734), (56.80977416267944, 26.23070538797591), (56.62172190555441, 26.396683351485006), (56.420458914083625, 26.495375910131088), (56.21756030788431, 26.50168205190961), (56.04328495943412, 26.40494970814621), (55.95487938423123, 26.21882596213852), (56.04616675681281, 25.992761639275923)
Associated file(s): api_response_2024-01-09_13-16-53.json, api_response_2024-01-09_12-56-50.json, api_response_2024-01-09_13-16-53.json, api_response_2024-01-09_12-56-50.json

Record time: 2024-01-09T09:20:40Z
Event time: 2024-01-11T16:10:35.333Z
Status: Underway
Travel distance: 642.8515118790497
Waypoints: (66.51, 24.394751071354285), (66.33000000000003, 24.5380276263782), (66.15000000000003, 24.638601896743715), (65.97000000000003, 24.703304803044574), (65.79000000000003, 24.7398976737356), (65.61000000000004, 24.7562377855823), (65.43000000000005, 24.759607694660975), (65.25000000000006, 24.75620835790943), (65.07000000000006, 24.75081604522817), (64.8899999966709, 24.746603040862603), (64.70999999668014, 24.74365674930265), (64.52999999668937, 24.754613271041222), (64.34999999669861, 24.749999998730246), (64.16999999670784, 24.749999998730246), (63.98999999671708, 24.749999998730246), (63.80999999672631, 24.749999998730246), (63.62999999673554, 24.749999998730246), (63.449999996744786, 24.749999998730246), (63.269999996754, 24.749999998730246), (63.089999996763254, 24.749999998730246), (62.909999996772484, 24.749999998730246), (62.72999999678173, 24.749999998730246), (62.54999999679096, 24.749999998730246), (62.3699999968002, 24.749999998730246), (62.189999996809426, 24.749999998730246), (62.009999996818664, 24.74538672641927), (61.829999996827894, 24.75172997584686), (61.64999999683714, 24.759740206025473), (61.469999996846376, 24.763069321653244), (61.289999996855585, 24.743908734765014), (61.10999999686484, 24.71979081849219), (60.92999999687408, 24.71704320777756), (60.7499999968833, 24.754797414263713), (60.569999996892555, 24.83763278914168), (60.389999996901764, 24.95493686774651), (60.209999996911016, 25.08506312968626), (60.029999996920246, 25.20236720829109), (59.84999999692947, 25.285202583169056), (59.66999999693871, 25.322956789655205), (59.489999996947944, 25.32020917894058), (59.30999999695718, 25.291477990356775), (59.12999999696641, 25.283273925207112), (58.94999999697565, 25.28365674927494), (58.769999996984886, 25.288715842019325), (58.589999996994116, 25.291536140848095), (58.409999997003354, 25.282348363220347), (58.22999999701258, 25.281606944456083), (58.049999997021835, 25.294467894785218), (57.86999999703106, 25.336840219456626), (57.689999997040296, 25.40659173378876), (57.509999997049526, 25.500756762724567), (57.32077345243681, 25.636271636859497), (57.15253729977119, 25.822021429532953), (56.98470555439985, 26.028796147774734), (56.80977416267944, 26.23070538797591), (56.62172190555441, 26.396683351485006), (56.420458914083625, 26.495375910131088), (56.21756030788431, 26.50168205190961), (56.04328495943412, 26.40494970814621), (55.95487938423123, 26.21882596213852), (56.04616675681281, 25.992761639275923)
Associated file(s): api_response_2024-01-09_13-36-56.json, api_response_2024-01-09_13-56-59.json, api_response_2024-01-09_13-36-56.json, api_response_2024-01-09_13-56-59.json

Record time: 2024-01-09T09:55:31Z
Event time: 2024-01-11T16:44:01.222Z
Status: Underway
Travel distance: 636.036717062635
Waypoints: (66.32999999999998, 24.381393551071355), (66.15000000000002, 24.603543083003945), (65.97000000000001, 24.71119958394008), (65.79, 24.752862325774903), (65.61, 24.761131266902428), (65.42999999999999, 24.756315290201787), (65.25, 24.749612065737466), (65.07000000000002, 24.745859538173498), (64.89000000000003, 24.745859038901603), (64.70999999668014, 24.748270021613628), (64.52999999668937, 24.754613271041222), (64.34999999669861, 24.749999998730246), (64.16999999670784, 24.749999998730246), (63.98999999671708, 24.749999998730246), (63.80999999672631, 24.749999998730246), (63.62999999673554, 24.749999998730246), (63.449999996744786, 24.749999998730246), (63.269999996754, 24.749999998730246), (63.089999996763254, 24.749999998730246), (62.909999996772484, 24.749999998730246), (62.72999999678173, 24.749999998730246), (62.54999999679096, 24.749999998730246), (62.3699999968002, 24.749999998730246), (62.189999996809426, 24.749999998730246), (62.009999996818664, 24.74538672641927), (61.829999996827894, 24.75172997584686), (61.64999999683714, 24.759740206025473), (61.469999996846376, 24.763069321653244), (61.289999996855585, 24.743908734765014), (61.10999999686484, 24.71979081849219), (60.92999999687408, 24.71704320777756), (60.7499999968833, 24.754797414263713), (60.569999996892555, 24.83763278914168), (60.389999996901764, 24.95493686774651), (60.209999996911016, 25.08506312968626), (60.029999996920246, 25.20236720829109), (59.84999999692947, 25.285202583169056), (59.66999999693871, 25.322956789655205), (59.489999996947944, 25.32020917894058), (59.30999999695718, 25.291477990356775), (59.12999999696641, 25.283273925207112), (58.94999999697565, 25.28365674927494), (58.769999996984886, 25.288715842019325), (58.589999996994116, 25.291536140848095), (58.409999997003354, 25.282348363220347), (58.22999999701258, 25.281606944456083), (58.049999997021835, 25.294467894785218), (57.86999999703106, 25.336840219456626), (57.689999997040296, 25.40659173378876), (57.509999997049526, 25.500756762724567), (57.32077345243681, 25.636271636859497), (57.15253729977119, 25.822021429532953), (56.98470555439985, 26.028796147774734), (56.80977416267944, 26.23070538797591), (56.62172190555441, 26.396683351485006), (56.420458914083625, 26.495375910131088), (56.21756030788431, 26.50168205190961), (56.04328495943412, 26.40494970814621), (55.95487938423123, 26.21882596213852), (56.04616675681281, 25.992761639275923)
Associated file(s): api_response_2024-01-09_14-17-02.json, api_response_2024-01-09_14-17-02.json

Record time: 2024-01-09T10:26:00Z
Event time: 2024-01-11T17:18:05.444Z
Status: Underway
Travel distance: 636.036717062635
Waypoints: (66.32999999999998, 24.381393551071355), (66.15000000000002, 24.603543083003945), (65.97000000000001, 24.71119958394008), (65.79, 24.752862325774903), (65.61, 24.761131266902428), (65.42999999999999, 24.756315290201787), (65.25, 24.749612065737466), (65.07000000000002, 24.745859538173498), (64.89000000000003, 24.745859038901603), (64.70999999668014, 24.748270021613628), (64.52999999668937, 24.754613271041222), (64.34999999669861, 24.749999998730246), (64.16999999670784, 24.749999998730246), (63.98999999671708, 24.749999998730246), (63.80999999672631, 24.749999998730246), (63.62999999673554, 24.749999998730246), (63.449999996744786, 24.749999998730246), (63.269999996754, 24.749999998730246), (63.089999996763254, 24.749999998730246), (62.909999996772484, 24.749999998730246), (62.72999999678173, 24.749999998730246), (62.54999999679096, 24.749999998730246), (62.3699999968002, 24.749999998730246), (62.189999996809426, 24.749999998730246), (62.009999996818664, 24.74538672641927), (61.829999996827894, 24.75172997584686), (61.64999999683714, 24.759740206025473), (61.469999996846376, 24.763069321653244), (61.289999996855585, 24.743908734765014), (61.10999999686484, 24.71979081849219), (60.92999999687408, 24.71704320777756), (60.7499999968833, 24.754797414263713), (60.569999996892555, 24.83763278914168), (60.389999996901764, 24.95493686774651), (60.209999996911016, 25.08506312968626), (60.029999996920246, 25.20236720829109), (59.84999999692947, 25.285202583169056), (59.66999999693871, 25.322956789655205), (59.489999996947944, 25.32020917894058), (59.30999999695718, 25.291477990356775), (59.12999999696641, 25.283273925207112), (58.94999999697565, 25.28365674927494), (58.769999996984886, 25.288715842019325), (58.589999996994116, 25.291536140848095), (58.409999997003354, 25.282348363220347), (58.22999999701258, 25.281606944456083), (58.049999997021835, 25.294467894785218), (57.86999999703106, 25.336840219456626), (57.689999997040296, 25.40659173378876), (57.509999997049526, 25.500756762724567), (57.32077345243681, 25.636271636859497), (57.15253729977119, 25.822021429532953), (56.98470555439985, 26.028796147774734), (56.80977416267944, 26.23070538797591), (56.62172190555441, 26.396683351485006), (56.420458914083625, 26.495375910131088), (56.21756030788431, 26.50168205190961), (56.04328495943412, 26.40494970814621), (55.95487938423123, 26.21882596213852), (56.04616675681281, 25.992761639275923)
Associated file(s): api_response_2024-01-09_15-17-11.json, api_response_2024-01-09_14-57-08.json, api_response_2024-01-09_14-37-05.json, api_response_2024-01-09_15-17-11.json, api_response_2024-01-09_14-57-08.json, api_response_2024-01-09_14-37-05.json

Record time: 2024-01-09T11:11:39Z
Event time: 2024-01-11T17:49:37.888Z
Status: Underway
Travel distance: 626.219222462203
Waypoints: (66.14999999999998, 24.381393551071355), (65.96999999999997, 24.603543083003945), (65.78999999999996, 24.71119958394008), (65.60999999999996, 24.752862325774903), (65.42999999999996, 24.761131266902428), (65.24999999999997, 24.756315290201787), (65.06999999999998, 24.749612065737466), (64.89, 24.745859538173498), (64.71000000000001, 24.745859038901603), (64.52999999668937, 24.748270021613628), (64.34999999669861, 24.754613271041222), (64.16999999670784, 24.749999998730246), (63.98999999671708, 24.749999998730246), (63.80999999672631, 24.749999998730246), (63.62999999673554, 24.749999998730246), (63.449999996744786, 24.749999998730246), (63.269999996754, 24.749999998730246), (63.089999996763254, 24.749999998730246), (62.909999996772484, 24.749999998730246), (62.72999999678173, 24.749999998730246), (62.54999999679096, 24.749999998730246), (62.3699999968002, 24.749999998730246), (62.189999996809426, 24.749999998730246), (62.009999996818664, 24.74538672641927), (61.829999996827894, 24.75172997584686), (61.64999999683714, 24.759740206025473), (61.469999996846376, 24.763069321653244), (61.289999996855585, 24.743908734765014), (61.10999999686484, 24.71979081849219), (60.92999999687408, 24.71704320777756), (60.7499999968833, 24.754797414263713), (60.569999996892555, 24.83763278914168), (60.389999996901764, 24.95493686774651), (60.209999996911016, 25.08506312968626), (60.029999996920246, 25.20236720829109), (59.84999999692947, 25.285202583169056), (59.66999999693871, 25.322956789655205), (59.489999996947944, 25.32020917894058), (59.30999999695718, 25.291477990356775), (59.12999999696641, 25.283273925207112), (58.94999999697565, 25.28365674927494), (58.769999996984886, 25.288715842019325), (58.589999996994116, 25.291536140848095), (58.409999997003354, 25.282348363220347), (58.22999999701258, 25.281606944456083), (58.049999997021835, 25.294467894785218), (57.86999999703106, 25.336840219456626), (57.689999997040296, 25.40659173378876), (57.509999997049526, 25.500756762724567), (57.32077345243681, 25.636271636859497), (57.15253729977119, 25.822021429532953), (56.98470555439985, 26.028796147774734), (56.80977416267944, 26.23070538797591), (56.62172190555441, 26.396683351485006), (56.420458914083625, 26.495375910131088), (56.21756030788431, 26.50168205190961), (56.04328495943412, 26.40494970814621), (55.95487938423123, 26.21882596213852), (56.04616675681281, 25.992761639275923)
Associated file(s): api_response_2024-01-09_17-37-33.json, api_response_2024-01-09_16-57-26.json, api_response_2024-01-09_15-37-14.json, api_response_2024-01-09_18-17-38.json, api_response_2024-01-09_16-17-20.json, api_response_2024-01-09_17-17-29.json, api_response_2024-01-09_15-57-17.json, api_response_2024-01-09_17-57-36.json, api_response_2024-01-09_16-37-23.json, api_response_2024-01-09_17-37-33.json, api_response_2024-01-09_16-57-26.json, api_response_2024-01-09_15-37-14.json, api_response_2024-01-09_18-17-38.json, api_response_2024-01-09_16-17-20.json, api_response_2024-01-09_17-17-29.json, api_response_2024-01-09_15-57-17.json, api_response_2024-01-09_17-57-36.json, api_response_2024-01-09_16-37-23.json

Record time: 2024-01-09T14:17:10Z
Event time: 2024-01-11T17:59:48.166Z
Status: Underway
Travel distance: 586.9487041036717
Waypoints: (65.42999999999999, 24.381393551071355), (65.25000000000003, 24.603543083003945), (65.07000000000004, 24.71119958394008), (64.89000000000003, 24.752862325774903), (64.71000000000002, 24.761131266902428), (64.53000000000003, 24.756315290201787), (64.35000000000004, 24.749612065737466), (64.17000000000003, 24.745859538173498), (63.990000000000045, 24.745859038901603), (63.80999999672631, 24.748270021613628), (63.62999999673554, 24.754613271041222), (63.449999996744786, 24.749999998730246), (63.269999996754, 24.749999998730246), (63.089999996763254, 24.749999998730246), (62.909999996772484, 24.749999998730246), (62.72999999678173, 24.749999998730246), (62.54999999679096, 24.749999998730246), (62.3699999968002, 24.749999998730246), (62.189999996809426, 24.749999998730246), (62.009999996818664, 24.74538672641927), (61.829999996827894, 24.75172997584686), (61.64999999683714, 24.759740206025473), (61.469999996846376, 24.763069321653244), (61.289999996855585, 24.743908734765014), (61.10999999686484, 24.71979081849219), (60.92999999687408, 24.71704320777756), (60.7499999968833, 24.754797414263713), (60.569999996892555, 24.83763278914168), (60.389999996901764, 24.95493686774651), (60.209999996911016, 25.08506312968626), (60.029999996920246, 25.20236720829109), (59.84999999692947, 25.285202583169056), (59.66999999693871, 25.322956789655205), (59.489999996947944, 25.32020917894058), (59.30999999695718, 25.291477990356775), (59.12999999696641, 25.283273925207112), (58.94999999697565, 25.28365674927494), (58.769999996984886, 25.288715842019325), (58.589999996994116, 25.291536140848095), (58.409999997003354, 25.282348363220347), (58.22999999701258, 25.281606944456083), (58.049999997021835, 25.294467894785218), (57.86999999703106, 25.336840219456626), (57.689999997040296, 25.40659173378876), (57.509999997049526, 25.500756762724567), (57.32077345243681, 25.636271636859497), (57.15253729977119, 25.822021429532953), (56.98470555439985, 26.028796147774734), (56.80977416267944, 26.23070538797591), (56.62172190555441, 26.396683351485006), (56.420458914083625, 26.495375910131088), (56.21756030788431, 26.50168205190961), (56.04328495943412, 26.40494970814621), (55.95487938423123, 26.21882596213852), (56.04616675681281, 25.992761639275923)
Associated file(s): api_response_2024-01-09_19-37-51.json, api_response_2024-01-09_18-37-42.json, api_response_2024-01-09_18-57-45.json, api_response_2024-01-09_19-17-48.json, api_response_2024-01-09_19-37-51.json, api_response_2024-01-09_18-37-42.json, api_response_2024-01-09_18-57-45.json, api_response_2024-01-09_19-17-48.json

Record time: 2024-01-09T15:32:29Z
Event time: 2024-01-11T17:20:09.111Z
Status: Underway
Travel distance: 567.3131749460043
Waypoints: (65.07000000000001, 24.381393551071355), (64.89, 24.603543083003945), (64.71, 24.71119958394008), (64.53, 24.752862325774903), (64.35, 24.761131266902428), (64.17, 24.756315290201787), (63.99000000000001, 24.749612065737466), (63.81000000000002, 24.745859538173498), (63.63000000000002, 24.745859038901603), (63.449999996744786, 24.748270021613628), (63.269999996754, 24.754613271041222), (63.089999996763254, 24.749999998730246), (62.909999996772484, 24.749999998730246), (62.72999999678173, 24.749999998730246), (62.54999999679096, 24.749999998730246), (62.3699999968002, 24.749999998730246), (62.189999996809426, 24.749999998730246), (62.009999996818664, 24.74538672641927), (61.829999996827894, 24.75172997584686), (61.64999999683714, 24.759740206025473), (61.469999996846376, 24.763069321653244), (61.289999996855585, 24.743908734765014), (61.10999999686484, 24.71979081849219), (60.92999999687408, 24.71704320777756), (60.7499999968833, 24.754797414263713), (60.569999996892555, 24.83763278914168), (60.389999996901764, 24.95493686774651), (60.209999996911016, 25.08506312968626), (60.029999996920246, 25.20236720829109), (59.84999999692947, 25.285202583169056), (59.66999999693871, 25.322956789655205), (59.489999996947944, 25.32020917894058), (59.30999999695718, 25.291477990356775), (59.12999999696641, 25.283273925207112), (58.94999999697565, 25.28365674927494), (58.769999996984886, 25.288715842019325), (58.589999996994116, 25.291536140848095), (58.409999997003354, 25.282348363220347), (58.22999999701258, 25.281606944456083), (58.049999997021835, 25.294467894785218), (57.86999999703106, 25.336840219456626), (57.689999997040296, 25.40659173378876), (57.509999997049526, 25.500756762724567), (57.32077345243681, 25.636271636859497), (57.15253729977119, 25.822021429532953), (56.98470555439985, 26.028796147774734), (56.80977416267944, 26.23070538797591), (56.62172190555441, 26.396683351485006), (56.420458914083625, 26.495375910131088), (56.21756030788431, 26.50168205190961), (56.04328495943412, 26.40494970814621), (55.95487938423123, 26.21882596213852), (56.04616675681281, 25.992761639275923)
Associated file(s): api_response_2024-01-09_20-17-57.json, api_response_2024-01-09_19-57-54.json, api_response_2024-01-09_20-17-57.json, api_response_2024-01-09_19-57-54.json

Record time: 2024-01-09T16:18:09Z
Event time: 2024-01-11T16:41:49.444Z
Status: Underway
Travel distance: 557.4956803455724
Waypoints: (64.89000000000004, 24.381393551071355), (64.71000000000006, 24.603543083003945), (64.53000000000004, 24.71119958394008), (64.35000000000002, 24.752862325774903), (64.17000000000002, 24.761131266902428), (63.990000000000016, 24.756315290201787), (63.810000000000024, 24.749612065737466), (63.63000000000004, 24.745859538173498), (63.45000000000005, 24.745859038901603), (63.269999996754, 24.748270021613628), (63.089999996763254, 24.754613271041222), (62.909999996772484, 24.749999998730246), (62.72999999678173, 24.749999998730246), (62.54999999679096, 24.749999998730246), (62.3699999968002, 24.749999998730246), (62.189999996809426, 24.749999998730246), (62.009999996818664, 24.74538672641927), (61.829999996827894, 24.75172997584686), (61.64999999683714, 24.759740206025473), (61.469999996846376, 24.763069321653244), (61.289999996855585, 24.743908734765014), (61.10999999686484, 24.71979081849219), (60.92999999687408, 24.71704320777756), (60.7499999968833, 24.754797414263713), (60.569999996892555, 24.83763278914168), (60.389999996901764, 24.95493686774651), (60.209999996911016, 25.08506312968626), (60.029999996920246, 25.20236720829109), (59.84999999692947, 25.285202583169056), (59.66999999693871, 25.322956789655205), (59.489999996947944, 25.32020917894058), (59.30999999695718, 25.291477990356775), (59.12999999696641, 25.283273925207112), (58.94999999697565, 25.28365674927494), (58.769999996984886, 25.288715842019325), (58.589999996994116, 25.291536140848095), (58.409999997003354, 25.282348363220347), (58.22999999701258, 25.281606944456083), (58.049999997021835, 25.294467894785218), (57.86999999703106, 25.336840219456626), (57.689999997040296, 25.40659173378876), (57.509999997049526, 25.500756762724567), (57.32077345243681, 25.636271636859497), (57.15253729977119, 25.822021429532953), (56.98470555439985, 26.028796147774734), (56.80977416267944, 26.23070538797591), (56.62172190555441, 26.396683351485006), (56.420458914083625, 26.495375910131088), (56.21756030788431, 26.50168205190961), (56.04328495943412, 26.40494970814621), (55.95487938423123, 26.21882596213852), (56.04616675681281, 25.992761639275923)
Associated file(s): api_response_2024-01-09_20-38-00.json, api_response_2024-01-09_21-18-07.json, api_response_2024-01-09_21-58-13.json, api_response_2024-01-09_20-58-03.json, api_response_2024-01-09_21-38-10.json, api_response_2024-01-09_20-38-00.json, api_response_2024-01-09_21-18-07.json, api_response_2024-01-09_21-58-13.json, api_response_2024-01-09_20-58-03.json, api_response_2024-01-09_21-38-10.json

Record time: 2024-01-09T17:55:55Z
Event time: 2024-01-11T16:05:25.333Z
Status: Underway
Travel distance: 537.8606911447084
Waypoints: (64.53000000000002, 24.381393551071355), (64.35000000000002, 24.603543083003945), (64.17000000000002, 24.71119958394008), (63.99, 24.752862325774903), (63.809999999999995, 24.761131266902428), (63.63, 24.756315290201787), (63.45000000000002, 24.749612065737466), (63.270000000000024, 24.745859538173498), (63.09000000000004, 24.745859038901603), (62.909999996772484, 24.748270021613628), (62.72999999678173, 24.754613271041222), (62.54999999679096, 24.749999998730246), (62.3699999968002, 24.749999998730246), (62.189999996809426, 24.749999998730246), (62.009999996818664, 24.74538672641927), (61.829999996827894, 24.75172997584686), (61.64999999683714, 24.759740206025473), (61.469999996846376, 24.763069321653244), (61.289999996855585, 24.743908734765014), (61.10999999686484, 24.71979081849219), (60.92999999687408, 24.71704320777756), (60.7499999968833, 24.754797414263713), (60.569999996892555, 24.83763278914168), (60.389999996901764, 24.95493686774651), (60.209999996911016, 25.08506312968626), (60.029999996920246, 25.20236720829109), (59.84999999692947, 25.285202583169056), (59.66999999693871, 25.322956789655205), (59.489999996947944, 25.32020917894058), (59.30999999695718, 25.291477990356775), (59.12999999696641, 25.283273925207112), (58.94999999697565, 25.28365674927494), (58.769999996984886, 25.288715842019325), (58.589999996994116, 25.291536140848095), (58.409999997003354, 25.282348363220347), (58.22999999701258, 25.281606944456083), (58.049999997021835, 25.294467894785218), (57.86999999703106, 25.336840219456626), (57.689999997040296, 25.40659173378876), (57.509999997049526, 25.500756762724567), (57.32077345243681, 25.636271636859497), (57.15253729977119, 25.822021429532953), (56.98470555439985, 26.028796147774734), (56.80977416267944, 26.23070538797591), (56.62172190555441, 26.396683351485006), (56.420458914083625, 26.495375910131088), (56.21756030788431, 26.50168205190961), (56.04328495943412, 26.40494970814621), (55.95487938423123, 26.21882596213852), (56.04616675681281, 25.992761639275923)
Associated file(s): api_response_2024-01-10_02-58-59.json, api_response_2024-01-09_23-38-28.json, api_response_2024-01-10_01-38-46.json, api_response_2024-01-10_01-18-43.json, api_response_2024-01-10_00-38-37.json, api_response_2024-01-09_22-38-19.json, api_response_2024-01-10_00-18-34.json, api_response_2024-01-09_23-18-24.json, api_response_2024-01-10_02-38-56.json, api_response_2024-01-09_22-18-16.json, api_response_2024-01-09_23-58-31.json, api_response_2024-01-10_01-58-49.json, api_response_2024-01-09_22-58-22.json, api_response_2024-01-10_02-18-52.json, api_response_2024-01-10_00-58-40.json, api_response_2024-01-10_02-58-59.json, api_response_2024-01-09_23-38-28.json, api_response_2024-01-10_01-38-46.json, api_response_2024-01-10_01-18-43.json, api_response_2024-01-10_00-38-37.json, api_response_2024-01-09_22-38-19.json, api_response_2024-01-10_00-18-34.json, api_response_2024-01-09_23-18-24.json, api_response_2024-01-10_02-38-56.json, api_response_2024-01-09_22-18-16.json, api_response_2024-01-09_23-58-31.json, api_response_2024-01-10_01-58-49.json, api_response_2024-01-09_22-58-22.json, api_response_2024-01-10_02-18-52.json, api_response_2024-01-10_00-58-40.json

Record time: 2024-01-09T21:41:45Z
Event time: 2024-01-11T17:17:08.666Z
Status: Underway
Travel distance: 504.505939524838
Waypoints: (63.69823060470542, 24.229151235350812), (63.62823254909588, 24.285414769738516), (63.55823449348631, 24.358355198563522), (63.48823643787674, 24.437905693933697), (63.418238382267184, 24.515668436775186), (63.348240326657624, 24.585177926298176), (63.27824227104807, 24.64204403789559), (63.20824421543851, 24.68397482947478), (63.13824615982895, 24.710679096222165), (63.068248100983716, 24.723648672532413), (62.99825004537775, 24.722080501626994), (62.92825198977176, 24.715815357288527), (62.85825393416579, 24.710830006273106), (62.78825587855981, 24.710330528761162), (62.71825782295384, 24.7134461375432), (62.64825976734785, 24.715913367970114), (62.578261711741874, 24.714119018568724), (62.5082636561359, 24.71232466916733), (62.43826560052994, 24.716586248995633), (62.36826754492397, 24.71723462735076), (62.29826948931799, 24.71361954105678), (62.22827143371201, 24.709133667553303), (62.15827337810604, 24.707853874230253), (62.08827532250007, 24.71255084766331), (62.018277266894074, 24.72381830640439), (61.94827921128813, 24.73827865158031), (61.878281155682146, 24.75884958578911), (61.80828310007616, 24.780014238549843), (61.738285044470175, 24.78831498935207), (61.668286988864196, 24.783116653586276), (61.598288933258225, 24.780332773265002), (61.52829087765227, 24.77811810882526), (61.45829282204629, 24.789319598838354), (61.38829476644031, 24.817914215191827), (61.318296710834325, 24.854082041518815), (61.24829865522835, 24.880774873685304), (61.17830059962238, 24.910683210136224), (61.1083025440164, 24.945024645108223), (61.03830448841043, 24.989962542616585), (60.968306432804454, 25.037354476806268), (60.898308377198454, 25.075948067502576), (60.82831032159251, 25.09555774310349), (60.758312265986525, 25.098752514359113), (60.68831421038055, 25.067720824711525), (60.618316154774575, 25.011500389895676), (60.548318099168604, 24.956271370820506), (60.47832004356263, 24.918933070776855), (60.408321987956654, 24.904184348018575), (60.338323932350676, 24.921430458336566), (60.268325876744704, 24.947738787059905), (60.198327821138726, 24.97576230271104), (60.12832976553274, 24.991370503754023), (60.05833170992677, 24.9959072674191), (59.9883336543208, 24.993651136921763), (59.918335598714826, 24.991091550275662), (59.848337543108855, 24.99376988063215), (59.778339487502876, 25.004537861861294), (59.7083414318969, 25.022735806683173), (59.638343376290926, 25.03764850885103), (59.56834532068494, 25.042728100906437), (59.49834726507898, 25.05292686625405), (59.428349209473, 25.072308478538194), (59.35835115386701, 25.101453462565196), (59.288353098261055, 25.14685502599031), (59.21835504265506, 25.194501410987957), (59.14835698704909, 25.237160560149384), (59.07835893144311, 25.269155393225653), (59.008360875837134, 25.278971539950906), (58.938362820231184, 25.286861399818786), (58.868364764625184, 25.289396483794494), (58.79836670901922, 25.292789161234097), (58.728368653413256, 25.31196344323027), (58.65837059780727, 25.330702331621687), (58.5883725422013, 25.34372455852737), (58.51837448659532, 25.355875998223553), (58.44837643098934, 25.37448106433818), (58.37837837538336, 25.3898291601108), (58.3083803197774, 25.407429616739147), (58.23838226417141, 25.423778552356442), (58.168384208565456, 25.459665540384258), (58.09838615295947, 25.488812409232064), (58.02838809735349, 25.52333855664244), (57.958390041747506, 25.55739349885288), (57.88839198614154, 25.592096819418437), (57.81839393053556, 25.617219595858707), (57.74839587492958, 25.61759090555627), (57.678397819323614, 25.603554645060296), (57.60839976371764, 25.58137972835088), (57.53840170811167, 25.558594129702335), (57.468403652505685, 25.55317526990296), (57.398405596899714, 25.57383856033095), (57.32840754129375, 25.62183929163897), (57.25661548517795, 25.68886728892076), (57.189084180272964, 25.766435204114927), (57.122201127653035, 25.839296721772037), (57.053497692162864, 25.90373686009573), (56.97425450367756, 25.940669923667425), (56.89913827014654, 25.975001934535417), (56.82871998122786, 26.009982323758546), (56.76978932582578, 26.05179895802248), (56.727519131040545, 26.104524935075535), (56.70185851660558, 26.16735732125701), (56.687159772932766, 26.24926597875307), (56.67404397088626, 26.33299725796251), (56.652510311405585, 26.413175649964376), (56.615294223098616, 26.47100572174324), (56.56047921592493, 26.50926946879958), (56.488779498070684, 26.527529612707852), (56.422753872165, 26.521262583548584), (56.35474014695487, 26.496588394458662), (56.27798934063656, 26.462974250363594), (56.2005028233302, 26.420168776278537), (56.12594603288787, 26.370432816112334), (56.058937938154855, 26.315022602928096), (56.005132073396574, 26.254370703099408), (55.97127062213742, 26.18854666651377), (55.96521155330295, 26.117997384182836), (55.99592880966533, 26.044567153259294), (56.07348554859199, 25.972797449460426)
Associated file(s): api_response_2024-01-10_03-19-02.json, api_response_2024-01-10_03-19-02.json

Record time: 2024-01-09T23:21:06Z
Event time: 2024-01-11T17:54:50.750Z
Status: Underway
Travel distance: 484.38336933045355
Waypoints: (63.34824032665758, 24.233525835888386), (63.27824227104802, 24.26771188166617), (63.208244215438455, 24.31046649414752), (63.138246159828896, 24.366741782963107), (63.068248104219336, 24.434496230165657), (62.998250048609776, 24.507675157360783), (62.92825199300022, 24.578672490153725), (62.85825393739065, 24.640273819911933), (62.78825588178109, 24.687080762843543), (62.71825782295384, 24.716416615123656), (62.64825976734785, 24.72185432313102), (62.578261711741874, 24.722080501626994), (62.5082636561359, 24.714021007887133), (62.43826560052994, 24.713297236700015), (62.36826754492397, 24.7134461375432), (62.29826948931799, 24.712946660031257), (62.22827143371201, 24.710928016954696), (62.15827337810604, 24.707853874230253), (62.08827532250007, 24.71255084766331), (62.018277266894074, 24.72381830640439), (61.94827921128813, 24.73827865158031), (61.878281155682146, 24.75884958578911), (61.80828310007616, 24.780014238549843), (61.738285044470175, 24.78831498935207), (61.668286988864196, 24.783116653586276), (61.598288933258225, 24.780332773265002), (61.52829087765227, 24.77811810882526), (61.45829282204629, 24.789319598838354), (61.38829476644031, 24.817914215191827), (61.318296710834325, 24.854082041518815), (61.24829865522835, 24.880774873685304), (61.17830059962238, 24.910683210136224), (61.1083025440164, 24.945024645108223), (61.03830448841043, 24.989962542616585), (60.968306432804454, 25.037354476806268), (60.898308377198454, 25.075948067502576), (60.82831032159251, 25.09555774310349), (60.758312265986525, 25.098752514359113), (60.68831421038055, 25.067720824711525), (60.618316154774575, 25.011500389895676), (60.548318099168604, 24.956271370820506), (60.47832004356263, 24.918933070776855), (60.408321987956654, 24.904184348018575), (60.338323932350676, 24.921430458336566), (60.268325876744704, 24.947738787059905), (60.198327821138726, 24.97576230271104), (60.12832976553274, 24.991370503754023), (60.05833170992677, 24.9959072674191), (59.9883336543208, 24.993651136921763), (59.918335598714826, 24.991091550275662), (59.848337543108855, 24.99376988063215), (59.778339487502876, 25.004537861861294), (59.7083414318969, 25.022735806683173), (59.638343376290926, 25.03764850885103), (59.56834532068494, 25.042728100906437), (59.49834726507898, 25.05292686625405), (59.428349209473, 25.072308478538194), (59.35835115386701, 25.101453462565196), (59.288353098261055, 25.14685502599031), (59.21835504265506, 25.194501410987957), (59.14835698704909, 25.237160560149384), (59.07835893144311, 25.269155393225653), (59.008360875837134, 25.278971539950906), (58.938362820231184, 25.286861399818786), (58.868364764625184, 25.289396483794494), (58.79836670901922, 25.292789161234097), (58.728368653413256, 25.31196344323027), (58.65837059780727, 25.330702331621687), (58.5883725422013, 25.34372455852737), (58.51837448659532, 25.355875998223553), (58.44837643098934, 25.37448106433818), (58.37837837538336, 25.3898291601108), (58.3083803197774, 25.407429616739147), (58.23838226417141, 25.423778552356442), (58.168384208565456, 25.459665540384258), (58.09838615295947, 25.488812409232064), (58.02838809735349, 25.52333855664244), (57.958390041747506, 25.55739349885288), (57.88839198614154, 25.592096819418437), (57.81839393053556, 25.617219595858707), (57.74839587492958, 25.61759090555627), (57.678397819323614, 25.603554645060296), (57.60839976371764, 25.58137972835088), (57.53840170811167, 25.558594129702335), (57.468403652505685, 25.55317526990296), (57.398405596899714, 25.57383856033095), (57.32840754129375, 25.62183929163897), (57.25661548517795, 25.68886728892076), (57.189084180272964, 25.766435204114927), (57.122201127653035, 25.839296721772037), (57.053497692162864, 25.90373686009573), (56.97425450367756, 25.940669923667425), (56.89913827014654, 25.975001934535417), (56.82871998122786, 26.009982323758546), (56.76978932582578, 26.05179895802248), (56.727519131040545, 26.104524935075535), (56.70185851660558, 26.16735732125701), (56.687159772932766, 26.24926597875307), (56.67404397088626, 26.33299725796251), (56.652510311405585, 26.413175649964376), (56.615294223098616, 26.47100572174324), (56.56047921592493, 26.50926946879958), (56.488779498070684, 26.527529612707852), (56.422753872165, 26.521262583548584), (56.35474014695487, 26.496588394458662), (56.27798934063656, 26.462974250363594), (56.2005028233302, 26.420168776278537), (56.12594603288787, 26.370432816112334), (56.058937938154855, 26.315022602928096), (56.005132073396574, 26.254370703099408), (55.97127062213742, 26.18854666651377), (55.96521155330295, 26.117997384182836), (55.99592880966533, 26.044567153259294), (56.07348554859199, 25.972797449460426)
Associated file(s): api_response_2024-01-10_05-39-24.json, api_response_2024-01-10_08-59-58.json, api_response_2024-01-10_05-19-21.json, api_response_2024-01-10_07-59-48.json, api_response_2024-01-10_07-39-44.json, api_response_2024-01-10_08-19-51.json, api_response_2024-01-10_05-59-28.json, api_response_2024-01-10_07-19-40.json, api_response_2024-01-10_08-39-55.json, api_response_2024-01-10_06-39-35.json, api_response_2024-01-10_03-59-09.json, api_response_2024-01-10_06-19-30.json, api_response_2024-01-10_04-59-18.json, api_response_2024-01-10_04-19-11.json, api_response_2024-01-10_03-39-05.json, api_response_2024-01-10_06-59-38.json, api_response_2024-01-10_04-39-15.json, api_response_2024-01-10_05-39-24.json, api_response_2024-01-10_08-59-58.json, api_response_2024-01-10_05-19-21.json, api_response_2024-01-10_07-59-48.json, api_response_2024-01-10_07-39-44.json, api_response_2024-01-10_08-19-51.json, api_response_2024-01-10_05-59-28.json, api_response_2024-01-10_07-19-40.json, api_response_2024-01-10_08-39-55.json, api_response_2024-01-10_06-39-35.json, api_response_2024-01-10_03-59-09.json, api_response_2024-01-10_06-19-30.json, api_response_2024-01-10_04-59-18.json, api_response_2024-01-10_04-19-11.json, api_response_2024-01-10_03-39-05.json, api_response_2024-01-10_06-59-38.json, api_response_2024-01-10_04-39-15.json

Record time: 2024-01-10T04:48:48Z
Event time: 2024-01-11T16:55:48Z
Status: Underway
Travel distance: 421.22138228941685
Waypoints: (62.158273381294975, 24.230798191765736), (62.08827532568543, 24.283379037619923), (62.018277270075856, 24.35660809533675), (61.94827921446628, 24.437164393913097), (61.87828115885671, 24.51606676223755), (61.80828310324715, 24.58784827758007), (61.73828504763759, 24.64980516450323), (61.66828699202804, 24.70132014419508), (61.59828893641848, 24.743260234223552), (61.52829087765227, 24.77744899744134), (61.45829282204629, 24.801964861584082), (61.38829476644031, 24.82834292867701), (61.318296710834325, 24.853984030837225), (61.24829865522835, 24.87748586138969), (61.17830059962238, 24.906894720328665), (61.1083025440164, 24.944351764082704), (61.03830448841043, 24.991756892017975), (60.968306432804454, 25.037354476806268), (60.898308377198454, 25.075948067502576), (60.82831032159251, 25.09555774310349), (60.758312265986525, 25.098752514359113), (60.68831421038055, 25.067720824711525), (60.618316154774575, 25.011500389895676), (60.548318099168604, 24.956271370820506), (60.47832004356263, 24.918933070776855), (60.408321987956654, 24.904184348018575), (60.338323932350676, 24.921430458336566), (60.268325876744704, 24.947738787059905), (60.198327821138726, 24.97576230271104), (60.12832976553274, 24.991370503754023), (60.05833170992677, 24.9959072674191), (59.9883336543208, 24.993651136921763), (59.918335598714826, 24.991091550275662), (59.848337543108855, 24.99376988063215), (59.778339487502876, 25.004537861861294), (59.7083414318969, 25.022735806683173), (59.638343376290926, 25.03764850885103), (59.56834532068494, 25.042728100906437), (59.49834726507898, 25.05292686625405), (59.428349209473, 25.072308478538194), (59.35835115386701, 25.101453462565196), (59.288353098261055, 25.14685502599031), (59.21835504265506, 25.194501410987957), (59.14835698704909, 25.237160560149384), (59.07835893144311, 25.269155393225653), (59.008360875837134, 25.278971539950906), (58.938362820231184, 25.286861399818786), (58.868364764625184, 25.289396483794494), (58.79836670901922, 25.292789161234097), (58.728368653413256, 25.31196344323027), (58.65837059780727, 25.330702331621687), (58.5883725422013, 25.34372455852737), (58.51837448659532, 25.355875998223553), (58.44837643098934, 25.37448106433818), (58.37837837538336, 25.3898291601108), (58.3083803197774, 25.407429616739147), (58.23838226417141, 25.423778552356442), (58.168384208565456, 25.459665540384258), (58.09838615295947, 25.488812409232064), (58.02838809735349, 25.52333855664244), (57.958390041747506, 25.55739349885288), (57.88839198614154, 25.592096819418437), (57.81839393053556, 25.617219595858707), (57.74839587492958, 25.61759090555627), (57.678397819323614, 25.603554645060296), (57.60839976371764, 25.58137972835088), (57.53840170811167, 25.558594129702335), (57.468403652505685, 25.55317526990296), (57.398405596899714, 25.57383856033095), (57.32840754129375, 25.62183929163897), (57.25661548517795, 25.68886728892076), (57.189084180272964, 25.766435204114927), (57.122201127653035, 25.839296721772037), (57.053497692162864, 25.90373686009573), (56.97425450367756, 25.940669923667425), (56.89913827014654, 25.975001934535417), (56.82871998122786, 26.009982323758546), (56.76978932582578, 26.05179895802248), (56.727519131040545, 26.104524935075535), (56.70185851660558, 26.16735732125701), (56.687159772932766, 26.24926597875307), (56.67404397088626, 26.33299725796251), (56.652510311405585, 26.413175649964376), (56.615294223098616, 26.47100572174324), (56.56047921592493, 26.50926946879958), (56.488779498070684, 26.527529612707852), (56.422753872165, 26.521262583548584), (56.35474014695487, 26.496588394458662), (56.27798934063656, 26.462974250363594), (56.2005028233302, 26.420168776278537), (56.12594603288787, 26.370432816112334), (56.058937938154855, 26.315022602928096), (56.005132073396574, 26.254370703099408), (55.97127062213742, 26.18854666651377), (55.96521155330295, 26.117997384182836), (55.99592880966533, 26.044567153259294), (56.07348554859199, 25.972797449460426)
Associated file(s): api_response_2024-01-10_10-00-08.json, api_response_2024-01-10_11-00-17.json, api_response_2024-01-10_11-40-22.json, api_response_2024-01-10_09-20-01.json, api_response_2024-01-10_10-20-11.json, api_response_2024-01-10_11-20-20.json, api_response_2024-01-10_10-40-14.json, api_response_2024-01-10_09-40-05.json, api_response_2024-01-10_10-00-08.json, api_response_2024-01-10_11-00-17.json, api_response_2024-01-10_11-40-22.json, api_response_2024-01-10_09-20-01.json, api_response_2024-01-10_10-20-11.json, api_response_2024-01-10_11-20-20.json, api_response_2024-01-10_10-40-14.json, api_response_2024-01-10_09-40-05.json

Record time: 2024-01-10T07:52:38Z
Event time: 2024-01-11T16:47:32.142Z
Status: Underway
Travel distance: 379.9978401727862
Waypoints: (61.38829476958975, 24.224779547718096), (61.318296713980196, 24.29249138083586), (61.24829865837062, 24.363706239083843), (61.17830060276105, 24.435121316704972), (61.108302547151474, 24.50542512111723), (61.03830449154191, 24.574595565647787), (60.96830643593235, 24.643300973482816), (60.89830838032278, 24.712403992832947), (60.82831032471322, 24.782568423314427), (60.758312265986525, 24.853968952270833), (60.68831421038055, 24.925350885600118), (60.618316154774575, 24.998936174444346), (60.548318099168604, 25.064974640806252), (60.47832004356263, 25.129335616656356), (60.408321987956654, 25.18827584788628), (60.338323932350676, 25.23497039838004), (60.268325876744704, 25.264053183320645), (60.198327821138726, 25.274042733559483), (60.12832976553274, 25.267777589221012), (60.05833170992677, 25.25123451706134), (59.9883336543208, 25.231351542444457), (59.918335598714826, 25.211932233744324), (59.848337543108855, 25.20377849896447), (59.778339487502876, 25.19858393284028), (59.7083414318969, 25.200510219697655), (59.638343376290926, 25.198715870296265), (59.56834532068494, 25.201051163267195), (59.49834726507898, 25.20509975834512), (59.428349209473, 25.212105637257903), (59.35835115386701, 25.22836033183521), (59.288353098261055, 25.250725615445404), (59.21835504265506, 25.267628688377833), (59.14835698704909, 25.275281060824938), (59.07835893144311, 25.27549216075451), (59.008360875837134, 25.271138224707016), (58.938362820231184, 25.275610904464894), (58.868364764625184, 25.283911655267136), (58.79836670901922, 25.295405292504192), (58.728368653413256, 25.317546282439217), (58.65837059780727, 25.33137521264721), (58.5883725422013, 25.341930209125977), (58.51837448659532, 25.355875998223553), (58.44837643098934, 25.37448106433818), (58.37837837538336, 25.3898291601108), (58.3083803197774, 25.407429616739147), (58.23838226417141, 25.423778552356442), (58.168384208565456, 25.459665540384258), (58.09838615295947, 25.488812409232064), (58.02838809735349, 25.52333855664244), (57.958390041747506, 25.55739349885288), (57.88839198614154, 25.592096819418437), (57.81839393053556, 25.617219595858707), (57.74839587492958, 25.61759090555627), (57.678397819323614, 25.603554645060296), (57.60839976371764, 25.58137972835088), (57.53840170811167, 25.558594129702335), (57.468403652505685, 25.55317526990296), (57.398405596899714, 25.57383856033095), (57.32840754129375, 25.62183929163897), (57.25661548517795, 25.68886728892076), (57.189084180272964, 25.766435204114927), (57.122201127653035, 25.839296721772037), (57.053497692162864, 25.90373686009573), (56.97425450367756, 25.940669923667425), (56.89913827014654, 25.975001934535417), (56.82871998122786, 26.009982323758546), (56.76978932582578, 26.05179895802248), (56.727519131040545, 26.104524935075535), (56.70185851660558, 26.16735732125701), (56.687159772932766, 26.24926597875307), (56.67404397088626, 26.33299725796251), (56.652510311405585, 26.413175649964376), (56.615294223098616, 26.47100572174324), (56.56047921592493, 26.50926946879958), (56.488779498070684, 26.527529612707852), (56.422753872165, 26.521262583548584), (56.35474014695487, 26.496588394458662), (56.27798934063656, 26.462974250363594), (56.2005028233302, 26.420168776278537), (56.12594603288787, 26.370432816112334), (56.058937938154855, 26.315022602928096), (56.005132073396574, 26.254370703099408), (55.97127062213742, 26.18854666651377), (55.96521155330295, 26.117997384182836), (55.99592880966533, 26.044567153259294), (56.07348554859199, 25.972797449460426)
Associated file(s): api_response_2024-01-10_12-40-31.json, api_response_2024-01-10_12-00-25.json, api_response_2024-01-10_13-40-40.json, api_response_2024-01-10_13-00-34.json, api_response_2024-01-10_14-00-43.json, api_response_2024-01-10_12-20-28.json, api_response_2024-01-10_13-20-37.json, api_response_2024-01-10_12-40-31.json, api_response_2024-01-10_12-00-25.json, api_response_2024-01-10_13-40-40.json, api_response_2024-01-10_13-00-34.json, api_response_2024-01-10_14-00-43.json, api_response_2024-01-10_12-20-28.json, api_response_2024-01-10_13-20-37.json

Record time: 2024-01-10T10:08:28Z
Event time: 2024-01-11T16:15:52Z
Status: Underway
Travel distance: 349.69924406047517
Waypoints: (60.89830838032275, 24.295866660808493), (60.82831032471322, 24.359913671209263), (60.75831226910366, 24.433628098839943), (60.688314213494095, 24.50722558190736), (60.61831615788453, 24.577353709597915), (60.54831810227496, 24.644543744356156), (60.4783200466654, 24.711115643565712), (60.40832199105584, 24.779536380632603), (60.338323935446276, 24.85123156547092), (60.268325876744704, 24.92585036311206), (60.198327821138726, 25.002127176058373), (60.12832976553274, 25.07370701557163), (60.05833170992677, 25.134019396343806), (59.9883336543208, 25.17807708253867), (59.918335598714826, 25.202236715550256), (59.848337543108855, 25.216197583214228), (59.778339487502876, 25.215277790663933), (59.7083414318969, 25.205397560031486), (59.638343376290926, 25.19592633551259), (59.56834532068494, 25.194147064677598), (59.49834726507898, 25.20195964689269), (59.428349209473, 25.215694336060686), (59.35835115386701, 25.22836033183521), (59.288353098261055, 25.250725615445404), (59.21835504265506, 25.267628688377833), (59.14835698704909, 25.275281060824938), (59.07835893144311, 25.27549216075451), (59.008360875837134, 25.271138224707016), (58.938362820231184, 25.275610904464894), (58.868364764625184, 25.283911655267136), (58.79836670901922, 25.295405292504192), (58.728368653413256, 25.317546282439217), (58.65837059780727, 25.33137521264721), (58.5883725422013, 25.341930209125977), (58.51837448659532, 25.355875998223553), (58.44837643098934, 25.37448106433818), (58.37837837538336, 25.3898291601108), (58.3083803197774, 25.407429616739147), (58.23838226417141, 25.423778552356442), (58.168384208565456, 25.459665540384258), (58.09838615295947, 25.488812409232064), (58.02838809735349, 25.52333855664244), (57.958390041747506, 25.55739349885288), (57.88839198614154, 25.592096819418437), (57.81839393053556, 25.617219595858707), (57.74839587492958, 25.61759090555627), (57.678397819323614, 25.603554645060296), (57.60839976371764, 25.58137972835088), (57.53840170811167, 25.558594129702335), (57.468403652505685, 25.55317526990296), (57.398405596899714, 25.57383856033095), (57.32840754129375, 25.62183929163897), (57.25661548517795, 25.68886728892076), (57.189084180272964, 25.766435204114927), (57.122201127653035, 25.839296721772037), (57.053497692162864, 25.90373686009573), (56.97425450367756, 25.940669923667425), (56.89913827014654, 25.975001934535417), (56.82871998122786, 26.009982323758546), (56.76978932582578, 26.05179895802248), (56.727519131040545, 26.104524935075535), (56.70185851660558, 26.16735732125701), (56.687159772932766, 26.24926597875307), (56.67404397088626, 26.33299725796251), (56.652510311405585, 26.413175649964376), (56.615294223098616, 26.47100572174324), (56.56047921592493, 26.50926946879958), (56.488779498070684, 26.527529612707852), (56.422753872165, 26.521262583548584), (56.35474014695487, 26.496588394458662), (56.27798934063656, 26.462974250363594), (56.2005028233302, 26.420168776278537), (56.12594603288787, 26.370432816112334), (56.058937938154855, 26.315022602928096), (56.005132073396574, 26.254370703099408), (55.97127062213742, 26.18854666651377), (55.96521155330295, 26.117997384182836), (55.99592880966533, 26.044567153259294), (56.07348554859199, 25.972797449460426)
Associated file(s): api_response_2024-01-10_15-00-52.json, api_response_2024-01-10_15-20-56.json, api_response_2024-01-10_16-41-08.json, api_response_2024-01-10_14-40-49.json, api_response_2024-01-10_16-21-05.json, api_response_2024-01-10_16-01-02.json, api_response_2024-01-10_15-40-59.json, api_response_2024-01-10_14-20-46.json, api_response_2024-01-10_15-00-52.json, api_response_2024-01-10_15-20-56.json, api_response_2024-01-10_16-41-08.json, api_response_2024-01-10_14-40-49.json, api_response_2024-01-10_16-21-05.json, api_response_2024-01-10_16-01-02.json, api_response_2024-01-10_15-40-59.json, api_response_2024-01-10_14-20-46.json

Record time: 2024-01-10T11:44:16Z
Event time: 2024-01-11T15:35:46.428Z
Status: Underway
Travel distance: 326.5626349892009
Waypoints: (60.54831810227492, 24.367132043677056), (60.47832004666537, 24.431710367926588), (60.4083219910558, 24.498588516246656), (60.338323935446226, 24.57086461999022), (60.26832587983666, 24.647121722284147), (60.1983278242271, 24.723534630719282), (60.12832976861755, 24.795578695887645), (60.05833171300799, 24.859340515766657), (59.988333657398435, 24.91243056595044), (59.918335598714826, 24.954497754447925), (59.848337543108855, 24.983644623295724), (59.778339487502876, 25.00867692833761), (59.7083414318969, 25.035712797889662), (59.638343376290926, 25.070587637147998), (59.56834532068494, 25.114935585746032), (59.49834726507898, 25.164758938767424), (59.428349209473, 25.21136113304199), (59.35835115386701, 25.24297334749591), (59.288353098261055, 25.262475588311233), (59.21835504265506, 25.269997908123155), (59.14835698704909, 25.27019769912793), (59.07835893144311, 25.27170367094695), (59.008360875837134, 25.270465343681494), (58.938362820231184, 25.277405253866288), (58.868364764625184, 25.283911655267136), (58.79836670901922, 25.295405292504192), (58.728368653413256, 25.317546282439217), (58.65837059780727, 25.33137521264721), (58.5883725422013, 25.341930209125977), (58.51837448659532, 25.355875998223553), (58.44837643098934, 25.37448106433818), (58.37837837538336, 25.3898291601108), (58.3083803197774, 25.407429616739147), (58.23838226417141, 25.423778552356442), (58.168384208565456, 25.459665540384258), (58.09838615295947, 25.488812409232064), (58.02838809735349, 25.52333855664244), (57.958390041747506, 25.55739349885288), (57.88839198614154, 25.592096819418437), (57.81839393053556, 25.617219595858707), (57.74839587492958, 25.61759090555627), (57.678397819323614, 25.603554645060296), (57.60839976371764, 25.58137972835088), (57.53840170811167, 25.558594129702335), (57.468403652505685, 25.55317526990296), (57.398405596899714, 25.57383856033095), (57.32840754129375, 25.62183929163897), (57.25661548517795, 25.68886728892076), (57.189084180272964, 25.766435204114927), (57.122201127653035, 25.839296721772037), (57.053497692162864, 25.90373686009573), (56.97425450367756, 25.940669923667425), (56.89913827014654, 25.975001934535417), (56.82871998122786, 26.009982323758546), (56.76978932582578, 26.05179895802248), (56.727519131040545, 26.104524935075535), (56.70185851660558, 26.16735732125701), (56.687159772932766, 26.24926597875307), (56.67404397088626, 26.33299725796251), (56.652510311405585, 26.413175649964376), (56.615294223098616, 26.47100572174324), (56.56047921592493, 26.50926946879958), (56.488779498070684, 26.527529612707852), (56.422753872165, 26.521262583548584), (56.35474014695487, 26.496588394458662), (56.27798934063656, 26.462974250363594), (56.2005028233302, 26.420168776278537), (56.12594603288787, 26.370432816112334), (56.058937938154855, 26.315022602928096), (56.005132073396574, 26.254370703099408), (55.97127062213742, 26.18854666651377), (55.96521155330295, 26.117997384182836), (55.99592880966533, 26.044567153259294), (56.07348554859199, 25.972797449460426)
Associated file(s): api_response_2024-01-10_18-41-26.json, api_response_2024-01-10_17-41-17.json, api_response_2024-01-10_18-01-20.json, api_response_2024-01-10_19-01-29.json, api_response_2024-01-10_17-01-11.json, api_response_2024-01-10_17-21-14.json, api_response_2024-01-10_18-21-23.json, api_response_2024-01-10_18-41-26.json, api_response_2024-01-10_17-41-17.json, api_response_2024-01-10_18-01-20.json, api_response_2024-01-10_19-01-29.json, api_response_2024-01-10_17-01-11.json, api_response_2024-01-10_17-21-14.json, api_response_2024-01-10_18-21-23.json

Record time: 2024-01-10T14:48:44Z
Event time: 2024-01-11T15:52:34.250Z
Status: Underway
Travel distance: 288.6949244060475
Waypoints: (59.91833560178886, 24.640027536660735), (59.84833754617929, 24.723204758521394), (59.778339490569714, 24.78531516695449), (59.70834143496015, 24.847166498201275), (59.63834337935059, 24.91678646106945), (59.56834532374102, 24.9936829973871), (59.49834726813146, 25.072461441599756), (59.428349212521894, 25.14579857951051), (59.35835115691233, 25.206773606163235), (59.288353098261055, 25.250555981573427), (59.21835504265506, 25.277158342341522), (59.14835698704909, 25.28324254388321), (59.07835893144311, 25.277188499474313), (59.008360875837134, 25.2678492124114), (58.938362820231184, 25.271822414657336), (58.868364764625184, 25.283238774241614), (58.79836670901922, 25.297199641905586), (58.728368653413256, 25.317546282439217), (58.65837059780727, 25.33137521264721), (58.5883725422013, 25.341930209125977), (58.51837448659532, 25.355875998223553), (58.44837643098934, 25.37448106433818), (58.37837837538336, 25.3898291601108), (58.3083803197774, 25.407429616739147), (58.23838226417141, 25.423778552356442), (58.168384208565456, 25.459665540384258), (58.09838615295947, 25.488812409232064), (58.02838809735349, 25.52333855664244), (57.958390041747506, 25.55739349885288), (57.88839198614154, 25.592096819418437), (57.81839393053556, 25.617219595858707), (57.74839587492958, 25.61759090555627), (57.678397819323614, 25.603554645060296), (57.60839976371764, 25.58137972835088), (57.53840170811167, 25.558594129702335), (57.468403652505685, 25.55317526990296), (57.398405596899714, 25.57383856033095), (57.32840754129375, 25.62183929163897), (57.25661548517795, 25.68886728892076), (57.189084180272964, 25.766435204114927), (57.122201127653035, 25.839296721772037), (57.053497692162864, 25.90373686009573), (56.97425450367756, 25.940669923667425), (56.89913827014654, 25.975001934535417), (56.82871998122786, 26.009982323758546), (56.76978932582578, 26.05179895802248), (56.727519131040545, 26.104524935075535), (56.70185851660558, 26.16735732125701), (56.687159772932766, 26.24926597875307), (56.67404397088626, 26.33299725796251), (56.652510311405585, 26.413175649964376), (56.615294223098616, 26.47100572174324), (56.56047921592493, 26.50926946879958), (56.488779498070684, 26.527529612707852), (56.422753872165, 26.521262583548584), (56.35474014695487, 26.496588394458662), (56.27798934063656, 26.462974250363594), (56.2005028233302, 26.420168776278537), (56.12594603288787, 26.370432816112334), (56.058937938154855, 26.315022602928096), (56.005132073396574, 26.254370703099408), (55.97127062213742, 26.18854666651377), (55.96521155330295, 26.117997384182836), (55.99592880966533, 26.044567153259294), (56.07348554859199, 25.972797449460426)
Associated file(s): api_response_2024-01-10_19-41-35.json, api_response_2024-01-10_20-01-38.json, api_response_2024-01-10_19-21-32.json, api_response_2024-01-10_21-41-53.json, api_response_2024-01-10_21-01-47.json, api_response_2024-01-10_20-21-41.json, api_response_2024-01-10_22-01-56.json, api_response_2024-01-10_20-41-44.json, api_response_2024-01-10_21-21-50.json, api_response_2024-01-10_19-41-35.json, api_response_2024-01-10_20-01-38.json, api_response_2024-01-10_19-21-32.json, api_response_2024-01-10_21-41-53.json, api_response_2024-01-10_21-01-47.json, api_response_2024-01-10_20-21-41.json, api_response_2024-01-10_22-01-56.json, api_response_2024-01-10_20-41-44.json, api_response_2024-01-10_21-21-50.json

Record time: 2024-01-10T17:54:41Z
Event time: 2024-01-11T15:23:23.714Z
Status: Underway
Travel distance: 245.4195464362851
Waypoints: (59.21835504569319, 24.86285835101912), (59.14835699008362, 24.90883816604482), (59.078358934474046, 24.98592454950964), (59.00836087886448, 25.071568276426916), (58.93836282325492, 25.151736684594226), (58.86836476764536, 25.21897965997063), (58.7983667120358, 25.270711245553425), (58.72836865642624, 25.307706873754423), (58.658370600816674, 25.332816222275685), (58.5883725422013, 25.34989169218425), (58.51837448659532, 25.357572336943356), (58.44837643098934, 25.37119205204257), (58.37837837538336, 25.38604067030324), (58.3083803197774, 25.40675673571363), (58.23838226417141, 25.42557290175783), (58.168384208565456, 25.459665540384258), (58.09838615295947, 25.488812409232064), (58.02838809735349, 25.52333855664244), (57.958390041747506, 25.55739349885288), (57.88839198614154, 25.592096819418437), (57.81839393053556, 25.617219595858707), (57.74839587492958, 25.61759090555627), (57.678397819323614, 25.603554645060296), (57.60839976371764, 25.58137972835088), (57.53840170811167, 25.558594129702335), (57.468403652505685, 25.55317526990296), (57.398405596899714, 25.57383856033095), (57.32840754129375, 25.62183929163897), (57.25661548517795, 25.68886728892076), (57.189084180272964, 25.766435204114927), (57.122201127653035, 25.839296721772037), (57.053497692162864, 25.90373686009573), (56.97425450367756, 25.940669923667425), (56.89913827014654, 25.975001934535417), (56.82871998122786, 26.009982323758546), (56.76978932582578, 26.05179895802248), (56.727519131040545, 26.104524935075535), (56.70185851660558, 26.16735732125701), (56.687159772932766, 26.24926597875307), (56.67404397088626, 26.33299725796251), (56.652510311405585, 26.413175649964376), (56.615294223098616, 26.47100572174324), (56.56047921592493, 26.50926946879958), (56.488779498070684, 26.527529612707852), (56.422753872165, 26.521262583548584), (56.35474014695487, 26.496588394458662), (56.27798934063656, 26.462974250363594), (56.2005028233302, 26.420168776278537), (56.12594603288787, 26.370432816112334), (56.058937938154855, 26.315022602928096), (56.005132073396574, 26.254370703099408), (55.97127062213742, 26.18854666651377), (55.96521155330295, 26.117997384182836), (55.99592880966533, 26.044567153259294), (56.07348554859199, 25.972797449460426)
Associated file(s): api_response_2024-01-11_00-22-17.json, api_response_2024-01-10_23-22-08.json, api_response_2024-01-11_00-42-20.json, api_response_2024-01-11_00-02-14.json, api_response_2024-01-10_23-42-11.json, api_response_2024-01-10_22-42-02.json, api_response_2024-01-10_23-02-05.json, api_response_2024-01-10_22-21-59.json, api_response_2024-01-11_01-02-23.json, api_response_2024-01-11_00-22-17.json, api_response_2024-01-10_23-22-08.json, api_response_2024-01-11_00-42-20.json, api_response_2024-01-11_00-02-14.json, api_response_2024-01-10_23-42-11.json, api_response_2024-01-10_22-42-02.json, api_response_2024-01-10_23-02-05.json, api_response_2024-01-10_22-21-59.json, api_response_2024-01-11_01-02-23.json

Record time: 2024-01-10T21:06:14Z
Event time: 2024-01-11T15:57:26.500Z
Status: Underway
Travel distance: 208.22948164146868
Waypoints: (58.58837254520708, 25.06482577551846), (58.51837448959751, 25.129887253589505), (58.44837643398794, 25.206914430834885), (58.378378378378365, 25.28185279826564), (58.3083803227688, 25.348343570218695), (58.23838226715924, 25.404945835462016), (58.16838421154968, 25.45285856277587), (58.09838615594012, 25.494142461010235), (58.02838810033056, 25.530441693618304), (57.958390041747506, 25.562205446354714), (57.88839198614154, 25.59127503754973), (57.81839393053556, 25.61163675664976), (57.74839587492958, 25.616918024530747), (57.678397819323614, 25.60534899446169), (57.60839976371764, 25.58137972835088), (57.53840170811167, 25.558594129702335), (57.468403652505685, 25.55317526990296), (57.398405596899714, 25.57383856033095), (57.32840754129375, 25.62183929163897), (57.25661548517795, 25.68886728892076), (57.189084180272964, 25.766435204114927), (57.122201127653035, 25.839296721772037), (57.053497692162864, 25.90373686009573), (56.97425450367756, 25.940669923667425), (56.89913827014654, 25.975001934535417), (56.82871998122786, 26.009982323758546), (56.76978932582578, 26.05179895802248), (56.727519131040545, 26.104524935075535), (56.70185851660558, 26.16735732125701), (56.687159772932766, 26.24926597875307), (56.67404397088626, 26.33299725796251), (56.652510311405585, 26.413175649964376), (56.615294223098616, 26.47100572174324), (56.56047921592493, 26.50926946879958), (56.488779498070684, 26.527529612707852), (56.422753872165, 26.521262583548584), (56.35474014695487, 26.496588394458662), (56.27798934063656, 26.462974250363594), (56.2005028233302, 26.420168776278537), (56.12594603288787, 26.370432816112334), (56.058937938154855, 26.315022602928096), (56.005132073396574, 26.254370703099408), (55.97127062213742, 26.18854666651377), (55.96521155330295, 26.117997384182836), (55.99592880966533, 26.044567153259294), (56.07348554859199, 25.972797449460426)
Associated file(s): api_response_2024-01-11_02-42-40.json, api_response_2024-01-11_02-02-33.json, api_response_2024-01-11_02-22-36.json, api_response_2024-01-11_01-42-29.json, api_response_2024-01-11_03-22-46.json, api_response_2024-01-11_03-02-43.json, api_response_2024-01-11_04-02-53.json, api_response_2024-01-11_01-22-26.json, api_response_2024-01-11_03-42-50.json, api_response_2024-01-11_02-42-40.json, api_response_2024-01-11_02-02-33.json, api_response_2024-01-11_02-22-36.json, api_response_2024-01-11_01-42-29.json, api_response_2024-01-11_03-22-46.json, api_response_2024-01-11_03-02-43.json, api_response_2024-01-11_04-02-53.json, api_response_2024-01-11_01-22-26.json, api_response_2024-01-11_03-42-50.json

Record time: 2024-01-11T00:08:16Z
Event time: 2024-01-11T15:43:32.500Z
Status: Underway
Travel distance: 168.52537796976242
Waypoints: (57.95839004472096, 25.276137216267905), (57.888391989111405, 25.332433375190167), (57.81839393350184, 25.42456923027474), (57.74839587789227, 25.503927028420225), (57.678397822282705, 25.552100809126433), (57.608399766673145, 25.570416046918787), (57.53840171106358, 25.571139224101813), (57.46840365545402, 25.570377333841886), (57.39840559984446, 25.582667313579073), (57.32840754129375, 25.617255407453904), (57.25661548517795, 25.681963190331164), (57.189084180272964, 25.763295092662496), (57.122201127653035, 25.84288542057482), (57.053497692162864, 25.90373686009573), (56.97425450367756, 25.940669923667425), (56.89913827014654, 25.975001934535417), (56.82871998122786, 26.009982323758546), (56.76978932582578, 26.05179895802248), (56.727519131040545, 26.104524935075535), (56.70185851660558, 26.16735732125701), (56.687159772932766, 26.24926597875307), (56.67404397088626, 26.33299725796251), (56.652510311405585, 26.413175649964376), (56.615294223098616, 26.47100572174324), (56.56047921592493, 26.50926946879958), (56.488779498070684, 26.527529612707852), (56.422753872165, 26.521262583548584), (56.35474014695487, 26.496588394458662), (56.27798934063656, 26.462974250363594), (56.2005028233302, 26.420168776278537), (56.12594603288787, 26.370432816112334), (56.058937938154855, 26.315022602928096), (56.005132073396574, 26.254370703099408), (55.97127062213742, 26.18854666651377), (55.96521155330295, 26.117997384182836), (55.99592880966533, 26.044567153259294), (56.07348554859199, 25.972797449460426)
Associated file(s): api_response_2024-01-11_04-42-59.json, api_response_2024-01-11_05-03-02.json, api_response_2024-01-11_04-22-56.json, api_response_2024-01-11_05-23-05.json, api_response_2024-01-11_04-42-59.json, api_response_2024-01-11_05-03-02.json, api_response_2024-01-11_04-22-56.json, api_response_2024-01-11_05-23-05.json

Record time: 2024-01-11T01:27:01Z
Event time: 2024-01-11T15:11:52Z
Status: Underway
Travel distance: 152.4708423326134
Waypoints: (57.74601067266888, 25.400854403547523), (57.68246150525593, 25.44901598432276), (57.61036034152379, 25.467865346060325), (57.536712212111304, 25.486724817291265), (57.464856884010516, 25.519533761588427), (57.395593879793985, 25.569540650465665), (57.32816050940535, 25.633321124359025), (57.26106291451322, 25.704122041689892), (57.19276012542828, 25.774531516010093), (57.122201127653035, 25.83847493990333), (57.053497692162864, 25.898154020886782), (56.97425450367756, 25.939997042641902), (56.89913827014654, 25.97679628393681), (56.82871998122786, 26.009982323758546), (56.76978932582578, 26.05179895802248), (56.727519131040545, 26.104524935075535), (56.70185851660558, 26.16735732125701), (56.687159772932766, 26.24926597875307), (56.67404397088626, 26.33299725796251), (56.652510311405585, 26.413175649964376), (56.615294223098616, 26.47100572174324), (56.56047921592493, 26.50926946879958), (56.488779498070684, 26.527529612707852), (56.422753872165, 26.521262583548584), (56.35474014695487, 26.496588394458662), (56.27798934063656, 26.462974250363594), (56.2005028233302, 26.420168776278537), (56.12594603288787, 26.370432816112334), (56.058937938154855, 26.315022602928096), (56.005132073396574, 26.254370703099408), (55.97127062213742, 26.18854666651377), (55.96521155330295, 26.117997384182836), (55.99592880966533, 26.044567153259294), (56.07348554859199, 25.972797449460426)
Associated file(s): api_response_2024-01-11_06-23-14.json, api_response_2024-01-11_06-03-11.json, api_response_2024-01-11_05-43-08.json, api_response_2024-01-11_06-23-14.json, api_response_2024-01-11_06-03-11.json, api_response_2024-01-11_05-43-08.json

Record time: 2024-01-11T02:35:46Z
Event time: 2024-01-11T14:41:10.400Z
Status: Underway
Travel distance: 135.65550755939526
Waypoints: (57.4734833562485, 25.555530817441195), (57.389356187532165, 25.554864539000032), (57.32424419075977, 25.61469466838313), (57.26274889010701, 25.696275972491495), (57.19704920055872, 25.776625974575502), (57.12489994897869, 25.844668987842514), (57.047853514570534, 25.89781968927501), (56.96970458872985, 25.93900623365927), (56.895158054287386, 25.97413290782458), (56.82871998122786, 26.009982323758546), (56.76978932582578, 26.05179895802248), (56.727519131040545, 26.104524935075535), (56.70185851660558, 26.16735732125701), (56.687159772932766, 26.24926597875307), (56.67404397088626, 26.33299725796251), (56.652510311405585, 26.413175649964376), (56.615294223098616, 26.47100572174324), (56.56047921592493, 26.50926946879958), (56.488779498070684, 26.527529612707852), (56.422753872165, 26.521262583548584), (56.35474014695487, 26.496588394458662), (56.27798934063656, 26.462974250363594), (56.2005028233302, 26.420168776278537), (56.12594603288787, 26.370432816112334), (56.058937938154855, 26.315022602928096), (56.005132073396574, 26.254370703099408), (55.97127062213742, 26.18854666651377), (55.96521155330295, 26.117997384182836), (55.99592880966533, 26.044567153259294), (56.07348554859199, 25.972797449460426)
Associated file(s): api_response_2024-01-11_07-43-27.json, api_response_2024-01-11_08-23-33.json, api_response_2024-01-11_07-23-23.json, api_response_2024-01-11_06-43-17.json, api_response_2024-01-11_08-03-30.json, api_response_2024-01-11_07-03-20.json, api_response_2024-01-11_07-43-27.json, api_response_2024-01-11_08-23-33.json, api_response_2024-01-11_07-23-23.json, api_response_2024-01-11_06-43-17.json, api_response_2024-01-11_08-03-30.json, api_response_2024-01-11_07-03-20.json

Record time: 2024-01-11T04:24:27Z
Event time: 2024-01-11T14:20:45.750Z
Status: Underway
Travel distance: 114.80777537796976
Waypoints: (57.18125639981325, 25.758114030030605), (57.13096769201342, 25.85054166679817), (57.055529399525284, 25.90703725118421), (56.9722327612207, 25.943475429354688), (56.89307087265893, 25.973062883633325), (56.82533869634121, 26.005845074898286), (56.7722733992877, 26.048423707944288), (56.73373501793684, 26.103884919810103), (56.70692745036709, 26.171938191071533), (56.687159772932766, 26.24926597875307), (56.67404397088626, 26.33299725796251), (56.652510311405585, 26.413175649964376), (56.615294223098616, 26.47100572174324), (56.56047921592493, 26.50926946879958), (56.488779498070684, 26.527529612707852), (56.422753872165, 26.521262583548584), (56.35474014695487, 26.496588394458662), (56.27798934063656, 26.462974250363594), (56.2005028233302, 26.420168776278537), (56.12594603288787, 26.370432816112334), (56.058937938154855, 26.315022602928096), (56.005132073396574, 26.254370703099408), (55.97127062213742, 26.18854666651377), (55.96521155330295, 26.117997384182836), (55.99592880966533, 26.044567153259294), (56.07348554859199, 25.972797449460426)
Associated file(s): api_response_2024-01-11_09-43-44.json, api_response_2024-01-11_08-43-35.json, api_response_2024-01-11_09-23-41.json, api_response_2024-01-11_09-03-39.json, api_response_2024-01-11_09-43-44.json, api_response_2024-01-11_08-43-35.json, api_response_2024-01-11_09-23-41.json, api_response_2024-01-11_09-03-39.json

Record time: 2024-01-11T05:53:16Z
Event time: 2024-01-11T14:05:30.500Z
Status: Underway
Travel distance: 90.16684665226782
Waypoints: (56.98034814660602, 26.05071940254378), (56.90628640802327, 26.10431335671262), (56.83370567921973, 26.176698802908895), (56.766937635414386, 26.257590531048685), (56.70687482269743, 26.33770511330322), (56.65209379280332, 26.409251145988897), (56.599843499400095, 26.466272663917053), (56.546898955895045, 26.504845727203353), (56.49028015475667, 26.52312818053694), (56.427836245458025, 26.521262583548584), (56.35852790013209, 26.496588394458662), (56.28233803304905, 26.462974250363594), (56.203156249218075, 26.420168776278537), (56.12569899805831, 26.370432816112334), (56.056126218104374, 26.315022602928096), (56.001585301953064, 26.254370703099408), (55.96958112318512, 26.18854666651377), (55.967172128153585, 26.117997384182836), (55.999992492638576, 26.044567153259294), (56.07110034336872, 25.972797449460426)
Associated file(s): api_response_2024-01-11_10-43-54.json, api_response_2024-01-11_10-03-47.json, api_response_2024-01-11_10-23-51.json, api_response_2024-01-11_10-43-54.json, api_response_2024-01-11_10-03-47.json, api_response_2024-01-11_10-23-51.json

Record time: 2024-01-11T07:00:10Z
Event time: 2024-01-11T13:47:27.666Z
Status: Underway
Travel distance: 76.88066954643628
Waypoints: (56.84048714505095, 26.25849406273593), (56.762860818365674, 26.310948625596538), (56.69953749994736, 26.401576971568783), (56.63318021007847, 26.479125023655413), (56.56075497730844, 26.5233595930353), (56.485902567377956, 26.533288611529727), (56.413376202226246, 26.517657285184598), (56.34554526851817, 26.48772016870364), (56.28421570276798, 26.449593626934195), (56.21109476812028, 26.4136123978649), (56.13264493546024, 26.369627929970534), (56.05696790764832, 26.320063425669762), (55.995931736938886, 26.261796510421004), (55.962761427090854, 26.192710216329196), (55.96714901657323, 26.114470217529686), (56.00853605459704, 26.035988454216046), (56.067568470535264, 25.977573145575878)
Associated file(s): api_response_2024-01-11_11-44-02.json, api_response_2024-01-11_12-04-05.json, api_response_2024-01-11_11-03-57.json, api_response_2024-01-11_12-44-12.json, api_response_2024-01-11_13-04-15.json, api_response_2024-01-11_12-24-09.json, api_response_2024-01-11_11-23-59.json, api_response_2024-01-11_11-44-02.json, api_response_2024-01-11_12-04-05.json, api_response_2024-01-11_11-03-57.json, api_response_2024-01-11_12-44-12.json, api_response_2024-01-11_13-04-15.json, api_response_2024-01-11_12-24-09.json, api_response_2024-01-11_11-23-59.json

Record time: 2024-01-11T09:13:29Z
Event time: 2024-01-11T14:07:51.500Z
Status: Underway
Travel distance: 59.75053995680346
Waypoints: (56.62603481834167, 26.601424520979734), (56.566072206760936, 26.54471823735328), (56.4846384126069, 26.529670480525013), (56.41148969433711, 26.515227513923346), (56.34841809552815, 26.48916393511078), (56.2859382878538, 26.453351713836284), (56.215206744931706, 26.41314756367207), (56.13708273781427, 26.377082967528384), (56.05990286837563, 26.324484406858293), (55.994434553358346, 26.25889422469038), (55.95844668121216, 26.1855637886576), (55.965723969376796, 26.112395539477564), (56.013522658955516, 26.044290703209604), (56.06580032087287, 25.974570819356572)
Associated file(s): api_response_2024-01-11_13-24-18.json, api_response_2024-01-11_13-44-22.json, api_response_2024-01-11_14-04-25.json, api_response_2024-01-11_13-24-18.json, api_response_2024-01-11_13-44-22.json, api_response_2024-01-11_14-04-25.json

Record time: 2024-01-11T10:14:00Z
Event time: 2024-01-11T14:28:55.666Z
Status: Underway
Travel distance: 51.15550755939525
Waypoints: (56.41858510923254, 26.604521110938833), (56.3475427935859, 26.603900960960445), (56.280416453078296, 26.53571710281161), (56.206763487338996, 26.46296371850631), (56.13767915926195, 26.394779860357495), (56.07339190073009, 26.324387397899688), (55.984357854861514, 26.254375729288256), (55.95684812951, 26.184364060676774), (55.97567744330337, 26.114352392065353), (56.00739684192927, 26.044340723453928), (56.06701756342054, 25.97432905484251)
Associated file(s): api_response_2024-01-11_14-24-29.json, api_response_2024-01-11_14-44-32.json, api_response_2024-01-11_14-24-29.json, api_response_2024-01-11_14-44-32.json

Record time: 2024-01-11T10:48:22Z
Event time: 2024-01-11T14:46:15.666Z
Status: Underway
Travel distance: 47.93790496760259
Waypoints: (56.2784367100914, 26.60443407234539), (56.208438654481824, 26.534422403733956), (56.208438654481824, 26.46441073512252), (56.13844059887225, 26.394399066511085), (56.06844254326268, 26.32438739789965), (55.99844448765313, 26.254375729288213), (55.92844643204356, 26.184364060676778), (55.99844448765313, 26.114352392065342), (55.99844448765313, 26.044340723453907), (56.06844254326268, 25.97432905484247)
Associated file(s): api_response_2024-01-11_15-44-41.json, api_response_2024-01-11_15-04-34.json, api_response_2024-01-11_17-04-53.json, api_response_2024-01-11_17-24-56.json, api_response_2024-01-11_16-24-47.json, api_response_2024-01-11_16-44-50.json, api_response_2024-01-11_16-04-44.json, api_response_2024-01-11_17-44-59.json, api_response_2024-01-11_15-24-38.json, api_response_2024-01-11_15-44-41.json, api_response_2024-01-11_15-04-34.json, api_response_2024-01-11_17-04-53.json, api_response_2024-01-11_17-24-56.json, api_response_2024-01-11_16-24-47.json, api_response_2024-01-11_16-44-50.json, api_response_2024-01-11_16-04-44.json, api_response_2024-01-11_17-44-59.json, api_response_2024-01-11_15-24-38.json

Record time: 2024-01-11T13:42:06Z
Event time: 2024-01-11T15:04:18.250Z
Status: Underway
Travel distance: 21.156047516198704
Waypoints: (55.858448376433984, 26.254375729288213), (55.92844643204356, 26.184364060676778), (55.99844448765313, 26.114352392065342), (55.99844448765313, 26.044340723453907), (56.06844254326268, 25.97432905484247)
Associated file(s): api_response_2024-01-11_18-05-02.json, api_response_2024-01-11_18-05-02.json

Record time: 2024-01-11T14:18:31Z
Event time: 2024-01-11T15:23:13.500Z
Status: Underway
Travel distance: 15.083693304535638
Waypoints: (55.858448376433984, 26.114352392065342), (55.92844643204356, 26.044340723453907), (55.99844448765313, 25.97432905484247), (56.06844254326268, 25.97432905484247)
Associated file(s): api_response_2024-01-11_18-25-05.json, api_response_2024-01-11_18-45-08.json, api_response_2024-01-11_18-25-05.json, api_response_2024-01-11_18-45-08.json

Record time: 2024-01-11T14:48:00Z
Event time: 2024-01-11T15:38:51.750Z
Status: Underway
Travel distance: 16.986501079913605
Waypoints: (55.78845032082444, 26.044340723453907), (55.858448376433984, 26.044340723453907), (55.92844643204356, 26.044340723453907), (55.99844448765313, 25.97432905484247), (56.06844254326268, 25.97432905484247)
Associated file(s): api_response_2024-01-11_19-05-11.json, api_response_2024-01-11_19-05-11.json

Record time: 2024-01-11T15:19:11Z
Event time: 2024-01-11T16:39:58Z
Status: Underway
Travel distance: 16.986501079913605
Waypoints: (55.78845032082444, 26.044340723453907), (55.858448376433984, 26.044340723453907), (55.92844643204356, 26.044340723453907), (55.99844448765313, 25.97432905484247), (56.06844254326268, 25.97432905484247)
Associated file(s): api_response_2024-01-11_19-25-14.json, api_response_2024-01-11_19-25-14.json

Record time: 2024-01-13T21:38:54Z
Event time: 2024-01-13T21:38:54Z
Status: Arrived
Travel distance: N/A
Waypoints: 
Associated file(s): api_response_2024-01-14_06-56-49.json, api_response_2024-01-14_04-36-29.json, api_response_2024-01-14_12-57-44.json, api_response_2024-01-14_13-37-50.json, api_response_2024-01-14_11-17-28.json, api_response_2024-01-14_09-37-13.json, api_response_2024-01-14_08-57-07.json, api_response_2024-01-14_03-56-23.json, api_response_2024-01-14_09-17-11.json, api_response_2024-01-14_04-16-26.json, api_response_2024-01-14_05-16-35.json, api_response_2024-01-14_08-17-02.json, api_response_2024-01-14_07-16-52.json, api_response_2024-01-14_04-56-32.json, api_response_2024-01-14_02-16-09.json, api_response_2024-01-14_05-56-41.json, api_response_2024-01-14_12-17-37.json, api_response_2024-01-14_10-57-25.json, api_response_2024-01-14_11-37-31.json, api_response_2024-01-14_10-37-22.json, api_response_2024-01-14_08-37-05.json, api_response_2024-01-14_07-36-55.json, api_response_2024-01-14_13-17-46.json, api_response_2024-01-14_03-16-18.json, api_response_2024-01-14_06-36-47.json, api_response_2024-01-14_01-56-06.json, api_response_2024-01-14_11-57-34.json, api_response_2024-01-14_03-36-20.json, api_response_2024-01-14_05-36-38.json, api_response_2024-01-14_12-37-40.json, api_response_2024-01-14_07-56-58.json, api_response_2024-01-14_06-16-44.json, api_response_2024-01-14_02-36-12.json, api_response_2024-01-14_09-57-16.json, api_response_2024-01-14_02-56-15.json, api_response_2024-01-14_10-17-19.json, api_response_2024-01-14_06-56-49.json, api_response_2024-01-14_04-36-29.json, api_response_2024-01-14_12-57-44.json, api_response_2024-01-14_13-37-50.json, api_response_2024-01-14_11-17-28.json, api_response_2024-01-14_09-37-13.json, api_response_2024-01-14_08-57-07.json, api_response_2024-01-14_03-56-23.json, api_response_2024-01-14_09-17-11.json, api_response_2024-01-14_04-16-26.json, api_response_2024-01-14_05-16-35.json, api_response_2024-01-14_08-17-02.json, api_response_2024-01-14_07-16-52.json, api_response_2024-01-14_04-56-32.json, api_response_2024-01-14_02-16-09.json, api_response_2024-01-14_05-56-41.json, api_response_2024-01-14_12-17-37.json, api_response_2024-01-14_10-57-25.json, api_response_2024-01-14_11-37-31.json, api_response_2024-01-14_10-37-22.json, api_response_2024-01-14_08-37-05.json, api_response_2024-01-14_07-36-55.json, api_response_2024-01-14_13-17-46.json, api_response_2024-01-14_03-16-18.json, api_response_2024-01-14_06-36-47.json, api_response_2024-01-14_01-56-06.json, api_response_2024-01-14_11-57-34.json, api_response_2024-01-14_03-36-20.json, api_response_2024-01-14_05-36-38.json, api_response_2024-01-14_12-37-40.json, api_response_2024-01-14_07-56-58.json, api_response_2024-01-14_06-16-44.json, api_response_2024-01-14_02-36-12.json, api_response_2024-01-14_09-57-16.json, api_response_2024-01-14_02-56-15.json, api_response_2024-01-14_10-17-19.json
