MMSI: 354385000
Record time: 2023-07-26T07:48:34Z
Event time: 2023-07-26T21:52:17Z
Status: Underway
Travel distance: 239.46814254859612
Num waypoints: 51
Waypoints: (58.9383628232549, 24.641394271626915), (58.86836476764532, 24.719163782688565), (58.79836671203576, 24.78604297051585), (58.7283686564262, 24.851499032965556), (58.65837060081664, 24.919684915649192), (58.58837254520708, 24.991268907483462), (58.51837448959752, 25.06494325125847), (58.44837643398795, 25.138611769223733), (58.37837837837838, 25.210256503691966), (58.3083803197774, 25.278483371363777), (58.23838226417141, 25.338241614820806), (58.168384208565456, 25.40737872657755), (58.09838615295947, 25.46740272976736), (58.02838809735349, 25.521101274353104), (57.958390041747506, 25.56377361726013), (57.88839198614154, 25.597540181888203), (57.81839393053556, 25.61662210766518), (57.74839587492958, 25.61741750204269), (57.678397819323614, 25.60223338567965), (57.60839976371764, 25.578912497923962), (57.53840170811167, 25.56038847910372), (57.468403652505685, 25.55317526990296), (57.398405596899714, 25.57383856033095), (57.32840754129375, 25.62183929163897), (57.25661548517795, 25.68886728892076), (57.189084180272964, 25.766435204114927), (57.122201127653035, 25.839296721772037), (57.053497692162864, 25.90373686009573), (56.97425450367756, 25.940669923667425), (56.89913827014654, 25.975001934535417), (56.82871998122786, 26.009982323758546), (56.76978932582578, 26.05179895802248), (56.727519131040545, 26.104524935075535), (56.70185851660558, 26.16735732125701), (56.687159772932766, 26.24926597875307), (56.67404397088626, 26.33299725796251), (56.652510311405585, 26.413175649964376), (56.615294223098616, 26.47100572174324), (56.56047921592493, 26.50926946879958), (56.488779498070684, 26.527529612707852), (56.422753872165, 26.521262583548584), (56.35474014695487, 26.496588394458662), (56.27798934063656, 26.462974250363594), (56.2005028233302, 26.420168776278537), (56.12594603288787, 26.370432816112334), (56.058937938154855, 26.315022602928096), (56.005132073396574, 26.254370703099408), (55.97127062213742, 26.18854666651377), (55.96521155330295, 26.117997384182836), (55.99592880966533, 26.044567153259294), (56.07348554859199, 25.972797449460426)
Day of Week: Wednesday

MMSI: 354385000
Record time: 2023-07-26T08:14:49Z
Event time: 2023-07-26T23:45:27Z
Status: Underway
Travel distance: 232.3952483801296
Num waypoints: 50
Waypoints: (58.86836476764533, 24.641362229673323), (58.79836671203578, 24.72144944204521), (58.72836865642622, 24.783615949599213), (58.65837060081665, 24.847200699131445), (58.588372545207086, 24.918689101993277), (58.51837448959752, 24.99637080325195), (58.44837643398795, 25.074239187443485), (58.37837837837839, 25.145132620917728), (58.308380322768826, 25.203117430775645), (58.23838226417141, 25.24511261910365), (58.168384208565456, 25.27436692273704), (58.09838615295947, 25.282339714720116), (58.02838809735349, 25.291694080349426), (57.958390041747506, 25.315552142033045), (57.88839198614154, 25.364713922953722), (57.81839393053556, 25.4302001368213), (57.74839587492958, 25.49469681976899), (57.678397819323614, 25.541511998793926), (57.60839976371764, 25.56303476750662), (57.53840170811167, 25.572481489355113), (57.468403652505685, 25.5743059958893), (57.398405596899714, 25.583660361518614), (57.32840754129375, 25.615461058052514), (57.25661548517795, 25.681963190331164), (57.189084180272964, 25.763295092662496), (57.122201127653035, 25.84288542057482), (57.053497692162864, 25.90373686009573), (56.97425450367756, 25.940669923667425), (56.89913827014654, 25.975001934535417), (56.82871998122786, 26.009982323758546), (56.76978932582578, 26.05179895802248), (56.727519131040545, 26.104524935075535), (56.70185851660558, 26.16735732125701), (56.687159772932766, 26.24926597875307), (56.67404397088626, 26.33299725796251), (56.652510311405585, 26.413175649964376), (56.615294223098616, 26.47100572174324), (56.56047921592493, 26.50926946879958), (56.488779498070684, 26.527529612707852), (56.422753872165, 26.521262583548584), (56.35474014695487, 26.496588394458662), (56.27798934063656, 26.462974250363594), (56.2005028233302, 26.420168776278537), (56.12594603288787, 26.370432816112334), (56.058937938154855, 26.315022602928096), (56.005132073396574, 26.254370703099408), (55.97127062213742, 26.18854666651377), (55.96521155330295, 26.117997384182836), (55.99592880966533, 26.044567153259294), (56.07348554859199, 25.972797449460426)
Day of Week: Wednesday

MMSI: 354385000
Record time: 2023-07-26T08:33:54Z
Event time: 2023-07-27T01:12:44Z
Status: Underway
Travel distance: 226.6414686825054
Num waypoints: 49
Waypoints: (58.798366712035765, 24.713062217948867), (58.72836865642624, 24.78836042051665), (58.65837060081668, 24.851555674686377), (58.58837254520711, 24.91895433626085), (58.51837448959754, 24.99365676410852), (58.44837643398797, 25.071115468220253), (58.3783783783784, 25.14366018748569), (58.30838032276884, 25.20398989718916), (58.23838226715928, 25.24763174622521), (58.168384208565456, 25.27436692273704), (58.09838615295947, 25.282339714720116), (58.02838809735349, 25.291694080349426), (57.958390041747506, 25.315552142033045), (57.88839198614154, 25.364713922953722), (57.81839393053556, 25.4302001368213), (57.74839587492958, 25.49469681976899), (57.678397819323614, 25.541511998793926), (57.60839976371764, 25.56303476750662), (57.53840170811167, 25.572481489355113), (57.468403652505685, 25.5743059958893), (57.398405596899714, 25.583660361518614), (57.32840754129375, 25.615461058052514), (57.25661548517795, 25.681963190331164), (57.189084180272964, 25.763295092662496), (57.122201127653035, 25.84288542057482), (57.053497692162864, 25.90373686009573), (56.97425450367756, 25.940669923667425), (56.89913827014654, 25.975001934535417), (56.82871998122786, 26.009982323758546), (56.76978932582578, 26.05179895802248), (56.727519131040545, 26.104524935075535), (56.70185851660558, 26.16735732125701), (56.687159772932766, 26.24926597875307), (56.67404397088626, 26.33299725796251), (56.652510311405585, 26.413175649964376), (56.615294223098616, 26.47100572174324), (56.56047921592493, 26.50926946879958), (56.488779498070684, 26.527529612707852), (56.422753872165, 26.521262583548584), (56.35474014695487, 26.496588394458662), (56.27798934063656, 26.462974250363594), (56.2005028233302, 26.420168776278537), (56.12594603288787, 26.370432816112334), (56.058937938154855, 26.315022602928096), (56.005132073396574, 26.254370703099408), (55.97127062213742, 26.18854666651377), (55.96521155330295, 26.117997384182836), (55.99592880966533, 26.044567153259294), (56.07348554859199, 25.972797449460426)
Day of Week: Wednesday

MMSI: 354385000
Record time: 2023-07-26T08:48:55Z
Event time: 2023-07-27T02:36:33.400Z
Status: Underway
Travel distance: 221.77861771058315
Num waypoints: 48
Waypoints: (58.72836865642626, 24.71751954498484), (58.65837060081668, 24.78513602901641), (58.58837254520711, 24.829778603665634), (58.51837448959754, 24.874936591129952), (58.44837643398798, 24.92987739826134), (58.378378378378414, 24.99475211914901), (58.308380322768855, 25.06482431906601), (58.23838226715929, 25.133821999779734), (58.16838421154972, 25.19641274622631), (58.09838615295947, 25.24980205325351), (58.02838809735349, 25.28603019384609), (57.958390041747506, 25.321591107875545), (57.88839198614154, 25.37596441830761), (57.81839393053556, 25.435684965348656), (57.74839587492958, 25.492080688498888), (57.678397819323614, 25.535929159584978), (57.60839976371764, 25.562361886481096), (57.53840170811167, 25.574275838756506), (57.468403652505685, 25.5743059958893), (57.398405596899714, 25.583660361518614), (57.32840754129375, 25.615461058052514), (57.25661548517795, 25.681963190331164), (57.189084180272964, 25.763295092662496), (57.122201127653035, 25.84288542057482), (57.053497692162864, 25.90373686009573), (56.97425450367756, 25.940669923667425), (56.89913827014654, 25.975001934535417), (56.82871998122786, 26.009982323758546), (56.76978932582578, 26.05179895802248), (56.727519131040545, 26.104524935075535), (56.70185851660558, 26.16735732125701), (56.687159772932766, 26.24926597875307), (56.67404397088626, 26.33299725796251), (56.652510311405585, 26.413175649964376), (56.615294223098616, 26.47100572174324), (56.56047921592493, 26.50926946879958), (56.488779498070684, 26.527529612707852), (56.422753872165, 26.521262583548584), (56.35474014695487, 26.496588394458662), (56.27798934063656, 26.462974250363594), (56.2005028233302, 26.420168776278537), (56.12594603288787, 26.370432816112334), (56.058937938154855, 26.315022602928096), (56.005132073396574, 26.254370703099408), (55.97127062213742, 26.18854666651377), (55.96521155330295, 26.117997384182836), (55.99592880966533, 26.044567153259294), (56.07348554859199, 25.972797449460426)
Day of Week: Wednesday

MMSI: 354385000
Record time: 2023-07-26T10:31:00Z
Event time: 2023-07-27T02:05:46.400Z
Status: Underway
Travel distance: 199.616090712743
Num waypoints: 43
Waypoints: (58.378378378378386, 24.914257722656977), (58.30838032276882, 25.010113460072212), (58.23838226715926, 25.07402114223482), (58.1683842115497, 25.1298638475421), (58.09838615594013, 25.18904337105454), (58.028388100330574, 25.25430396045257), (57.95839004472101, 25.323019255029433), (57.88839198911144, 25.389942427720303), (57.818393933501866, 25.449419530167585), (57.74839587492958, 25.49706603951431), (57.678397819323614, 25.536428637096922), (57.60839976371764, 25.559246277699057), (57.53840170811167, 25.571808608329594), (57.468403652505685, 25.57610034529069), (57.398405596899714, 25.583660361518614), (57.32840754129375, 25.615461058052514), (57.25661548517795, 25.681963190331164), (57.189084180272964, 25.763295092662496), (57.122201127653035, 25.84288542057482), (57.053497692162864, 25.90373686009573), (56.97425450367756, 25.940669923667425), (56.89913827014654, 25.975001934535417), (56.82871998122786, 26.009982323758546), (56.76978932582578, 26.05179895802248), (56.727519131040545, 26.104524935075535), (56.70185851660558, 26.16735732125701), (56.687159772932766, 26.24926597875307), (56.67404397088626, 26.33299725796251), (56.652510311405585, 26.413175649964376), (56.615294223098616, 26.47100572174324), (56.56047921592493, 26.50926946879958), (56.488779498070684, 26.527529612707852), (56.422753872165, 26.521262583548584), (56.35474014695487, 26.496588394458662), (56.27798934063656, 26.462974250363594), (56.2005028233302, 26.420168776278537), (56.12594603288787, 26.370432816112334), (56.058937938154855, 26.315022602928096), (56.005132073396574, 26.254370703099408), (55.97127062213742, 26.18854666651377), (55.96521155330295, 26.117997384182836), (55.99592880966533, 26.044567153259294), (56.07348554859199, 25.972797449460426)
Day of Week: Wednesday

MMSI: 354385000
Record time: 2023-07-26T13:41:53Z
Event time: 2023-07-27T02:09:00.800Z
Status: Underway
Travel distance: 155.22408207343412
Num waypoints: 34
Waypoints: (57.74601067266888, 25.335477749169257), (57.68246150525593, 25.43639844557685), (57.61036034152379, 25.473060803190958), (57.536712212111304, 25.493033586664186), (57.464856884010516, 25.521389281992214), (57.395593879793985, 25.567261011112397), (57.32816050940535, 25.629475507346275), (57.26106291451322, 25.701262151686002), (57.19276012542828, 25.774038069924647), (57.122201127653035, 25.840269289304725), (57.053497692162864, 25.898154020886782), (56.97425450367756, 25.939997042641902), (56.89913827014654, 25.97679628393681), (56.82871998122786, 26.009982323758546), (56.76978932582578, 26.05179895802248), (56.727519131040545, 26.104524935075535), (56.70185851660558, 26.16735732125701), (56.687159772932766, 26.24926597875307), (56.67404397088626, 26.33299725796251), (56.652510311405585, 26.413175649964376), (56.615294223098616, 26.47100572174324), (56.56047921592493, 26.50926946879958), (56.488779498070684, 26.527529612707852), (56.422753872165, 26.521262583548584), (56.35474014695487, 26.496588394458662), (56.27798934063656, 26.462974250363594), (56.2005028233302, 26.420168776278537), (56.12594603288787, 26.370432816112334), (56.058937938154855, 26.315022602928096), (56.005132073396574, 26.254370703099408), (55.97127062213742, 26.18854666651377), (55.96521155330295, 26.117997384182836), (55.99592880966533, 26.044567153259294), (56.07348554859199, 25.972797449460426)
Day of Week: Wednesday

MMSI: 354385000
Record time: 2023-07-26T16:02:09Z
Event time: 2023-07-27T01:46:23.500Z
Status: Underway
Travel distance: 125.93196544276458
Num waypoints: 28
Waypoints: (57.331152132027945, 25.622504326270597), (57.25108049173703, 25.693341123735596), (57.188926071779285, 25.771818813375944), (57.12535368560493, 25.841982644141705), (57.05387918287977, 25.898132232544672), (56.97621258597678, 25.94147261306115), (56.89835934243939, 25.97723592828845), (56.82747969341655, 26.012273758855144), (56.76950615806959, 26.053120093085024), (56.727519131040545, 26.104524935075535), (56.70185851660558, 26.16735732125701), (56.687159772932766, 26.24926597875307), (56.67404397088626, 26.33299725796251), (56.652510311405585, 26.413175649964376), (56.615294223098616, 26.47100572174324), (56.56047921592493, 26.50926946879958), (56.488779498070684, 26.527529612707852), (56.422753872165, 26.521262583548584), (56.35474014695487, 26.496588394458662), (56.27798934063656, 26.462974250363594), (56.2005028233302, 26.420168776278537), (56.12594603288787, 26.370432816112334), (56.058937938154855, 26.315022602928096), (56.005132073396574, 26.254370703099408), (55.97127062213742, 26.18854666651377), (55.96521155330295, 26.117997384182836), (55.99592880966533, 26.044567153259294), (56.07348554859199, 25.972797449460426)
Day of Week: Wednesday

MMSI: 354385000
Record time: 2023-07-26T19:03:52Z
Event time: 2023-07-27T01:34:23.666Z
Status: Underway
Travel distance: 87.92386609071275
Num waypoints: 20
Waypoints: (56.91387110823095, 26.18147271130029), (56.824968092702676, 26.129548434204406), (56.765919116408334, 26.166307888647598), (56.72250425838496, 26.244972992302817), (56.684776597833654, 26.333994072495614), (56.64614636932147, 26.4138104246954), (56.60259985646695, 26.473963897942504), (56.5520530241094, 26.510565507211076), (56.49383988896172, 26.52411507270777), (56.42833562585204, 26.517673884745804), (56.35541289714604, 26.496588394458662), (56.27757074051754, 26.462974250363594), (56.19948214576732, 26.420168776278537), (56.125077573550065, 26.370432816112334), (56.0587925153862, 26.315022602928096), (56.00574463525895, 26.254370703099408), (55.97205054638505, 26.18854666651377), (55.96528222605033, 26.117997384182836), (55.99506306851025, 26.044567153259294), (56.07380357595528, 25.972797449460426)
Day of Week: Wednesday

MMSI: 354385000
Record time: 2023-07-26T19:51:40Z
Event time: 2023-07-27T01:52:59Z
Status: Underway
Travel distance: 79.76349892008639
Num waypoints: 18
Waypoints: (56.84054430683189, 26.324151795299706), (56.75980800237188, 26.258362125279948), (56.70160034927309, 26.3125884196924), (56.65240038781018, 26.40116086113063), (56.603770473778205, 26.477501178043198), (56.55100889365593, 26.522354838562737), (56.49204745883032, 26.53384680845891), (56.42659407888222, 26.519360873215234), (56.3555203141476, 26.489242524330535), (56.280603832770055, 26.454482079194204), (56.20164833742573, 26.412390285155126), (56.12529338925306, 26.367983786288182), (56.057065150323, 26.319396972366434), (56.00324827578314, 26.262640910139375), (55.970669201397286, 26.194185547728164), (55.9664794312989, 26.11474820443336), (55.997938825744704, 26.034288345854616), (56.07219888886817, 25.978208644322265)
Day of Week: Wednesday

MMSI: 354385000
Record time: 2023-07-26T22:36:00Z
Event time: 2023-07-27T02:08:07.500Z
Status: Underway
Travel distance: 49.375269978401725
Num waypoints: 10
Waypoints: (56.348434765700944, 26.60443407234539), (56.2784367100914, 26.534422403733956), (56.208438654481824, 26.46441073512252), (56.13844059887225, 26.394399066511085), (56.06844254326268, 26.32438739789965), (55.99844448765313, 26.254375729288213), (55.92844643204356, 26.184364060676778), (55.99844448765313, 26.114352392065342), (55.99844448765313, 26.044340723453907), (56.06844254326268, 25.97432905484247)
Day of Week: Wednesday

MMSI: 354385000
Record time: 2023-07-26T23:55:27Z
Event time: 2023-07-27T02:23:18.500Z
Status: Underway
Travel distance: 32.44816414686825
Num waypoints: 7
Waypoints: (56.13844059887225, 26.394399066511085), (56.06844254326268, 26.32438739789965), (55.99844448765313, 26.254375729288213), (55.92844643204356, 26.184364060676778), (55.99844448765313, 26.114352392065342), (55.99844448765313, 26.044340723453907), (56.06844254326268, 25.97432905484247)
Day of Week: Wednesday

MMSI: 354385000
Record time: 2023-07-27T01:44:08Z
Event time: 2023-07-27T02:48:52Z
Status: Underway
Travel distance: 14.062634989200864
Num waypoints: 4
Waypoints: (55.99844448765313, 26.184364060676778), (55.99844448765313, 26.114352392065342), (55.99844448765313, 26.044340723453907), (56.06844254326268, 25.97432905484247)
Day of Week: Thursday

MMSI: 354385000
Record time: 2023-07-27T03:05:18Z
Event time: 2023-07-27T03:06:44.800Z
Status: Underway
Travel distance: 4.204643628509719
Num waypoints: 2
Waypoints: (56.06844254326268, 26.044340723453907), (56.06844254326268, 25.97432905484247)
Day of Week: Thursday

MMSI: 354385000
Record time: 2023-07-27T04:29:09Z
Event time: 2023-07-27T04:29:09Z
Status: Arrived
Travel distance: N/A
Num waypoints: 0
Waypoints: 
Day of Week: Thursday

MMSI: 354385000
Record time: 2023-10-30T00:21:54Z
Event time: 2023-10-30T17:03:15.600Z
Status: Underway
Travel distance: 207.81425485961122
Num waypoints: 50
Waypoints: (52.638537818393914, 25.27383951690442), (52.7085358740035, 25.33347250545501), (52.77853392961307, 25.363343316838808), (52.848531985222635, 25.372891476316294), (52.9185300408322, 25.371876928683925), (52.98852809644177, 25.369440455105394), (53.05852615205134, 25.373355399254084), (53.12852420766092, 25.38947070276671), (53.1985222632705, 25.421345250008127), (53.268520316147175, 25.47007352084065), (53.33851837175316, 25.53440810919955), (53.40851642735913, 25.616318651516412), (53.47851448296509, 25.704177688277376), (53.54851253857108, 25.77851125097912), (53.618510594177046, 25.84271390188204), (53.688508649783024, 25.90235340162869), (53.758506705388996, 25.948205437224946), (53.828504760994974, 25.97415941963792), (53.89850281660096, 25.98385870747359), (53.96850087220693, 25.982290536568172), (54.038498927812924, 25.9760253922297), (54.10849698341888, 25.96924569181289), (54.17849503902486, 25.973007794129256), (54.24849309463083, 25.976771781266415), (54.31849115023681, 25.97562392539935), (54.38848920584279, 25.96934370249448), (54.45848726144877, 25.968063909171427), (54.528485317054745, 25.970966533203086), (54.59848337266071, 25.986495571772476), (54.668481428266695, 26.003398644704912), (54.73847948387265, 26.017887262192822), (54.80847753947863, 26.02965608326665), (54.8784755950846, 26.04143809808608), (54.94847365069058, 26.048364814525275), (55.018471706296545, 26.05344252175988), (55.08846976190252, 26.066383701371176), (55.15846781750851, 26.09144050908346), (55.22846587311449, 26.11901920702584), (55.29846392872046, 26.129958706947768), (55.36846198432644, 26.106328708580925), (55.43846003993242, 26.066851136929515), (55.5084580983862, 26.047141190198378), (55.57845615399576, 26.034574541614095), (55.648454209605326, 26.032127153209657), (55.718452265214886, 26.03980262327932), (55.78845032082445, 26.053909358939187), (55.85844837643401, 26.06651322416689), (55.92844643204357, 26.06506566465783), (55.998444487653124, 26.032207309497796), (56.06844254326265, 25.945747049652102)
Day of Week: Monday

MMSI: 354385000
Record time: 2023-10-30T03:41:45Z
Event time: 2023-10-30T16:57:08Z
Status: Underway
Travel distance: 165.40550755939526
Num waypoints: 40
Waypoints: (53.33851837448962, 25.489361270356643), (53.40851643009915, 25.545624804744335), (53.4785144857087, 25.618565233569342), (53.548512541318274, 25.69811572893952), (53.61851059692785, 25.775878471781013), (53.68850865253743, 25.845387961304002), (53.758506708147, 25.902254072901417), (53.82850476375657, 25.944184864480604), (53.898502819366136, 25.970889131227985), (53.96850087220693, 25.98385870747359), (54.038498927812924, 25.982290536568172), (54.10849698341888, 25.97423104282831), (54.17849503902486, 25.973507271641196), (54.24849309463083, 25.97365617248438), (54.31849115023681, 25.973156694972435), (54.38848920584279, 25.971138051895874), (54.45848726144877, 25.968063909171427), (54.528485317054745, 25.970966533203086), (54.59848337266071, 25.986495571772476), (54.668481428266695, 26.003398644704912), (54.73847948387265, 26.017887262192822), (54.80847753947863, 26.02965608326665), (54.8784755950846, 26.04143809808608), (54.94847365069058, 26.048364814525275), (55.018471706296545, 26.05344252175988), (55.08846976190252, 26.066383701371176), (55.15846781750851, 26.09144050908346), (55.22846587311449, 26.11901920702584), (55.29846392872046, 26.129958706947768), (55.36846198432644, 26.106328708580925), (55.43846003993242, 26.066851136929515), (55.5084580983862, 26.047141190198378), (55.57845615399576, 26.034574541614095), (55.648454209605326, 26.032127153209657), (55.718452265214886, 26.03980262327932), (55.78845032082445, 26.053909358939187), (55.85844837643401, 26.06651322416689), (55.92844643204357, 26.06506566465783), (55.998444487653124, 26.032207309497796), (56.06844254326265, 25.945747049652102)
Day of Week: Monday

MMSI: 354385000
Record time: 2023-10-30T05:17:54Z
Event time: 2023-10-30T16:22:39.250Z
Status: Underway
Travel distance: 141.36555075593952
Num waypoints: 35
Waypoints: (53.68850865253742, 25.690609207352477), (53.758506708147, 25.768623596617065), (53.82850476375657, 25.843197331185145), (53.89850281936613, 25.904700261874442), (53.968500874975696, 25.94881743415833), (54.03849893058526, 25.975188247548317), (54.10849698619484, 25.98619263099895), (54.17849504180441, 25.985884234335046), (54.248493097413984, 25.979070635701383), (54.31849115023681, 25.97054056370234), (54.38848920584279, 25.965555212686922), (54.45848726144877, 25.967391028145904), (54.528485317054745, 25.97276088260448), (54.59848337266071, 25.986495571772476), (54.668481428266695, 26.003398644704912), (54.73847948387265, 26.017887262192822), (54.80847753947863, 26.02965608326665), (54.8784755950846, 26.04143809808608), (54.94847365069058, 26.048364814525275), (55.018471706296545, 26.05344252175988), (55.08846976190252, 26.066383701371176), (55.15846781750851, 26.09144050908346), (55.22846587311449, 26.11901920702584), (55.29846392872046, 26.129958706947768), (55.36846198432644, 26.106328708580925), (55.43846003993242, 26.066851136929515), (55.5084580983862, 26.047141190198378), (55.57845615399576, 26.034574541614095), (55.648454209605326, 26.032127153209657), (55.718452265214886, 26.03980262327932), (55.78845032082445, 26.053909358939187), (55.85844837643401, 26.06651322416689), (55.92844643204357, 26.06506566465783), (55.998444487653124, 26.032207309497796), (56.06844254326265, 25.945747049652102)
Day of Week: Monday

MMSI: 354385000
Record time: 2023-10-30T06:18:54Z
Event time: 2023-10-30T16:06:53.600Z
Status: Underway
Travel distance: 130.0464362850972
Num waypoints: 33
Waypoints: (53.82850476375657, 25.83425445049383), (53.89850281936614, 25.91154177870224), (53.9685008749757, 25.95658359266634), (54.03849893058526, 25.978132057770374), (54.10849698619483, 25.983986562484226), (54.178495041804396, 25.980826534758513), (54.24849309741398, 25.974095714027435), (54.31849115302355, 25.96793787881952), (54.38848920863313, 25.965184029976182), (54.45848726144877, 25.967391028145904), (54.528485317054745, 25.97276088260448), (54.59848337266071, 25.986495571772476), (54.668481428266695, 26.003398644704912), (54.73847948387265, 26.017887262192822), (54.80847753947863, 26.02965608326665), (54.8784755950846, 26.04143809808608), (54.94847365069058, 26.048364814525275), (55.018471706296545, 26.05344252175988), (55.08846976190252, 26.066383701371176), (55.15846781750851, 26.09144050908346), (55.22846587311449, 26.11901920702584), (55.29846392872046, 26.129958706947768), (55.36846198432644, 26.106328708580925), (55.43846003993242, 26.066851136929515), (55.5084580983862, 26.047141190198378), (55.57845615399576, 26.034574541614095), (55.648454209605326, 26.032127153209657), (55.718452265214886, 26.03980262327932), (55.78845032082445, 26.053909358939187), (55.85844837643401, 26.06651322416689), (55.92844643204357, 26.06506566465783), (55.998444487653124, 26.032207309497796), (56.06844254326265, 25.945747049652102)
Day of Week: Monday

MMSI: 354385000
Record time: 2023-10-30T07:08:41Z
Event time: 2023-10-30T15:51:47.666Z
Status: Underway
Travel distance: 117.19816414686825
Num waypoints: 30
Waypoints: (54.03849893058528, 25.903941621502483), (54.10849698619484, 25.96971792642926), (54.178495041804396, 25.984530390400806), (54.24849309741396, 25.978184884157), (54.31849115302353, 25.968320760174514), (54.388489208633096, 25.963665938188196), (54.45848726424267, 25.966852827466102), (54.528485319852244, 25.97679508583811), (54.59848337546181, 25.99062521547823), (54.668481428266695, 26.005192994106302), (54.73847948387265, 26.017887262192822), (54.80847753947863, 26.02965608326665), (54.8784755950846, 26.04143809808608), (54.94847365069058, 26.048364814525275), (55.018471706296545, 26.05344252175988), (55.08846976190252, 26.066383701371176), (55.15846781750851, 26.09144050908346), (55.22846587311449, 26.11901920702584), (55.29846392872046, 26.129958706947768), (55.36846198432644, 26.106328708580925), (55.43846003993242, 26.066851136929515), (55.5084580983862, 26.047141190198378), (55.57845615399576, 26.034574541614095), (55.648454209605326, 26.032127153209657), (55.718452265214886, 26.03980262327932), (55.78845032082445, 26.053909358939187), (55.85844837643401, 26.06651322416689), (55.92844643204357, 26.06506566465783), (55.998444487653124, 26.032207309497796), (56.06844254326265, 25.945747049652102)
Day of Week: Monday

MMSI: 354385000
Record time: 2023-10-30T08:55:16Z
Event time: 2023-10-30T16:08:02.600Z
Status: Underway
Travel distance: 95.28131749460043
Num waypoints: 24
Waypoints: (54.45848726424268, 26.046486951764003), (54.528485319852216, 25.96805931839484), (54.598483375461775, 25.971067766547197), (54.668481431071335, 25.999549310788872), (54.73847948668091, 26.02548154922504), (54.80847754229048, 26.03964429833214), (54.87847559790006, 26.0439581733705), (54.94847365350963, 26.045300114375816), (55.018471709119204, 26.05079585772937), (55.08846976190252, 26.064589351969783), (55.15846781750851, 26.09144050908346), (55.22846587311449, 26.11901920702584), (55.29846392872046, 26.129958706947768), (55.36846198432644, 26.106328708580925), (55.43846003993242, 26.066851136929515), (55.5084580983862, 26.047141190198378), (55.57845615399576, 26.034574541614095), (55.648454209605326, 26.032127153209657), (55.718452265214886, 26.03980262327932), (55.78845032082445, 26.053909358939187), (55.85844837643401, 26.06651322416689), (55.92844643204357, 26.06506566465783), (55.998444487653124, 26.032207309497796), (56.06844254326265, 25.945747049652102)
Day of Week: Monday

MMSI: 354385000
Record time: 2023-10-30T10:32:03Z
Event time: 2023-10-30T16:23:13.500Z
Status: Underway
Travel distance: 75.55183585313175
Num waypoints: 19
Waypoints: (54.808477542290504, 26.10799740460173), (54.87847559790004, 26.063978985504615), (54.94847365350961, 26.032362687270684), (55.01847170911918, 26.032213472290692), (55.08846976472875, 26.058975511212026), (55.158467820338316, 26.096504226487113), (55.228465875947876, 26.12646429885408), (55.298463931557436, 26.135093636749517), (55.368461987377536, 26.11733330875275), (55.438460042987366, 26.074674014602753), (55.508458098597195, 26.026226870734952), (55.57845615399566, 26.014859588885034), (55.64845420960522, 26.025440682883126), (55.71845226521479, 26.050259423231054), (55.78845032082438, 26.074456535180563), (55.85844837643397, 26.08084027824355), (55.92844643204356, 26.05726588208909), (55.998444487653146, 26.006578338728417), (56.06844254326271, 25.959118550987526)
Day of Week: Monday

MMSI: 354385000
Record time: 2023-10-30T13:32:09Z
Event time: 2023-10-30T16:08:36.250Z
Status: Underway
Travel distance: 33.93844492440605
Num waypoints: 8
Waypoints: (55.57845615399572, 26.114352392065342), (55.64845420960529, 26.044340723453907), (55.718452265214864, 26.044340723453907), (55.78845032082444, 26.114352392065342), (55.858448376433984, 26.114352392065342), (55.92844643204356, 26.044340723453907), (55.99844448765313, 25.97432905484247), (56.06844254326268, 25.97432905484247)
Day of Week: Monday

MMSI: 354385000
Record time: 2023-10-30T13:56:10Z
Event time: 2023-10-30T15:47:51.750Z
Status: Underway
Travel distance: 30.161447084233263
Num waypoints: 7
Waypoints: (55.64845420960529, 26.114352392065342), (55.718452265214864, 26.044340723453907), (55.78845032082444, 26.114352392065342), (55.858448376433984, 26.114352392065342), (55.92844643204356, 26.044340723453907), (55.99844448765313, 25.97432905484247), (56.06844254326268, 25.97432905484247)
Day of Week: Monday

MMSI: 354385000
Record time: 2023-10-30T14:17:28Z
Event time: 2023-10-30T15:31:14.500Z
Status: Underway
Travel distance: 18.8585313174946
Num waypoints: 5
Waypoints: (55.78845032082444, 26.114352392065342), (55.858448376433984, 26.114352392065342), (55.92844643204356, 26.044340723453907), (55.99844448765313, 25.97432905484247), (56.06844254326268, 25.97432905484247)
Day of Week: Monday

MMSI: 354385000
Record time: 2023-11-01T05:54:20Z
Event time: 2023-11-01T05:54:20Z
Status: Arrived
Travel distance: N/A
Num waypoints: 0
Waypoints: 
Day of Week: Wednesday

MMSI: 354385000
Record time: 2024-01-22T22:09:31Z
Event time: 2024-01-23T05:51:17.250Z
Status: Underway
Travel distance: 118.64686825053995
Num waypoints: 28
Waypoints: (56.69857473794717, 25.484830538117905), (56.69775947732583, 25.55348149176657), (56.69883415307054, 25.623529097627927), (56.69925406659708, 25.694328746988425), (56.698598299336595, 25.765152899019323), (56.69755078828639, 25.835450055154578), (56.69707983460021, 25.905000822253086), (56.697816045218175, 25.973971064545236), (56.69962870753629, 26.042862144363788), (56.70140059420655, 26.112358250319428), (56.70168891571706, 26.178607816610896), (56.69668757395966, 26.254750807280427), (56.68200390592139, 26.330381126692416), (56.65420632029091, 26.40759281075543), (56.6120058503154, 26.470332840717717), (56.55669146274771, 26.511063818200974), (56.48810674787951, 26.527529612707852), (56.42454787267482, 26.521262583548584), (56.35474014695487, 26.496588394458662), (56.27798934063656, 26.462974250363594), (56.2005028233302, 26.420168776278537), (56.12594603288787, 26.370432816112334), (56.058937938154855, 26.315022602928096), (56.005132073396574, 26.254370703099408), (55.97127062213742, 26.18854666651377), (55.96521155330295, 26.117997384182836), (55.99592880966533, 26.044567153259294), (56.07348554859199, 25.972797449460426)
Day of Week: Monday

MMSI: 354385000
Record time: 2024-01-22T23:03:35Z
Event time: 2024-01-23T06:10:03.750Z
Status: Underway
Travel distance: 106.0523758099352
Num waypoints: 25
Waypoints: (56.69639397888579, 25.69534850358007), (56.702841702147, 25.761124808506853), (56.699119025458664, 25.834941587618548), (56.695117449531395, 25.9074616956936), (56.69483107529033, 25.97628884010598), (56.698153807957425, 26.04290380461502), (56.70243195896331, 26.110188737244744), (56.703772245688796, 26.180539502252813), (56.698105189036056, 26.25456609618901), (56.68200390592139, 26.330381126692416), (56.65420632029091, 26.40759281075543), (56.6120058503154, 26.470332840717717), (56.55669146274771, 26.511063818200974), (56.48810674787951, 26.527529612707852), (56.42454787267482, 26.521262583548584), (56.35474014695487, 26.496588394458662), (56.27798934063656, 26.462974250363594), (56.2005028233302, 26.420168776278537), (56.12594603288787, 26.370432816112334), (56.058937938154855, 26.315022602928096), (56.005132073396574, 26.254370703099408), (55.97127062213742, 26.18854666651377), (55.96521155330295, 26.117997384182836), (55.99592880966533, 26.044567153259294), (56.07348554859199, 25.972797449460426)
Day of Week: Monday

MMSI: 354385000
Record time: 2024-01-22T23:40:25Z
Event time: 2024-01-23T06:27:35.750Z
Status: Underway
Travel distance: 94.82667386609072
Num waypoints: 22
Waypoints: (56.76604255387655, 25.89961945325261), (56.706516102542, 25.985088548666983), (56.691550657188344, 26.045674753923425), (56.69583054417638, 26.10580928757728), (56.70233734222517, 26.175148257933664), (56.70066084600765, 26.253405155096257), (56.68548000752557, 26.334451844063686), (56.65521385526386, 26.409688058873456), (56.61084239112446, 26.470679397793464), (56.5548974622379, 26.511063818200974), (56.48810674787951, 26.527529612707852), (56.42454787267482, 26.521262583548584), (56.35474014695487, 26.496588394458662), (56.27798934063656, 26.462974250363594), (56.2005028233302, 26.420168776278537), (56.12594603288787, 26.370432816112334), (56.058937938154855, 26.315022602928096), (56.005132073396574, 26.254370703099408), (55.97127062213742, 26.18854666651377), (55.96521155330295, 26.117997384182836), (55.99592880966533, 26.044567153259294), (56.07348554859199, 25.972797449460426)
Day of Week: Monday

MMSI: 354385000
Record time: 2024-01-23T02:24:23Z
Event time: 2024-01-23T06:48:07Z
Status: Underway
Travel distance: 64.47948164146868
Num waypoints: 15
Waypoints: (56.69970864705477, 26.5308793030957), (56.624109413382634, 26.478891595848626), (56.5611128303513, 26.515868682509428), (56.49204830441882, 26.540694639216706), (56.417499291633405, 26.527567356616757), (56.344100520771555, 26.488108204802973), (56.27610288618988, 26.443550777619446), (56.215206744931706, 26.41548184173962), (56.13708273781427, 26.377082967528384), (56.05990286837563, 26.324484406858293), (55.994434553358346, 26.25889422469038), (55.95844668121216, 26.1855637886576), (55.965723969376796, 26.112395539477564), (56.013522658955516, 26.044290703209604), (56.06580032087287, 25.974570819356572)
Day of Week: Tuesday

MMSI: 354385000
Record time: 2024-01-23T03:56:00Z
Event time: 2024-01-23T07:04:15.333Z
Status: Underway
Travel distance: 47.93790496760259
Num waypoints: 10
Waypoints: (56.2784367100914, 26.60443407234539), (56.208438654481824, 26.534422403733956), (56.208438654481824, 26.46441073512252), (56.13844059887225, 26.394399066511085), (56.06844254326268, 26.32438739789965), (55.99844448765313, 26.254375729288213), (55.92844643204356, 26.184364060676778), (55.99844448765313, 26.114352392065342), (55.99844448765313, 26.044340723453907), (56.06844254326268, 25.97432905484247)
Day of Week: Tuesday

MMSI: 354385000
Record time: 2024-01-23T07:11:14Z
Event time: 2024-01-23T07:27:52.333Z
Status: Underway
Travel distance: 9.431965442764579
Num waypoints: 3
Waypoints: (55.92844643204356, 26.044340723453907), (55.99844448765313, 25.97432905484247), (56.06844254326268, 25.97432905484247)
Day of Week: Tuesday

MMSI: 354385000
Record time: 2024-01-23T11:40:53Z
Event time: 2024-01-23T11:40:53Z
Status: Arrived
Travel distance: N/A
Num waypoints: 0
Waypoints: 
Day of Week: Tuesday

Number of Journeys: 3
