Record time: 2023-06-12T20:42:43Z
Event time: 2023-06-13T09:47:43Z
Status: Underway
Travel distance: 122.92494600431965
Num waypoints: 25
Waypoints: (54.67517514985701, 24.855043609827078), (54.57239503557927, 24.922510564741874), (54.55866258297485, 24.993494766616575), (54.59625718391996, 25.065003805410367), (54.65982401951979, 25.135660562507926), (54.73356773073943, 25.205199586601694), (54.80877926055809, 25.27402717651718), (54.88169586764654, 25.342845170981324), (54.95169431156791, 25.41233844533386), (55.0198172066789, 25.48292611387435), (55.084881760882915, 25.552291288947867), (55.15846781750851, 25.62614045270407), (55.22846587311449, 25.702841350330335), (55.29846392872046, 25.77196903798308), (55.36846198432644, 25.82641020196394), (55.43846003993242, 25.87105972188993), (55.5084580983862, 25.92497376565051), (55.57845615399576, 25.976074713039978), (55.648454209605326, 26.021304443637828), (55.718452265214886, 26.056370278072336), (55.78845032082445, 26.076423514835827), (55.85844837643401, 26.077071579054177), (55.92844643204357, 26.055723784537967), (55.998444487653124, 26.013270709115133), (56.06844254326265, 25.95609718324526)

Record time: 2023-06-12T20:56:00Z
Event time: 2023-06-13T10:55:51.500Z
Status: Underway
Travel distance: 116.36609071274297
Num waypoints: 24
Waypoints: (54.58921514945093, 24.926698739367595), (54.5537154906597, 24.989321145092042), (54.58809448159993, 25.06260358321855), (54.65586634566765, 25.13688146374841), (54.73476916744454, 25.208230418428933), (54.813035934495204, 25.276380181092154), (54.88616533644934, 25.34298130644726), (54.95419232136882, 25.410224727326764), (55.01945840939968, 25.479814150386407), (55.084881760882915, 25.552291288947867), (55.15846781750851, 25.62614045270407), (55.22846587311449, 25.702841350330335), (55.29846392872046, 25.77196903798308), (55.36846198432644, 25.82641020196394), (55.43846003993242, 25.87105972188993), (55.5084580983862, 25.92497376565051), (55.57845615399576, 25.976074713039978), (55.648454209605326, 26.021304443637828), (55.718452265214886, 26.056370278072336), (55.78845032082445, 26.076423514835827), (55.85844837643401, 26.077071579054177), (55.92844643204357, 26.055723784537967), (55.998444487653124, 26.013270709115133), (56.06844254326265, 25.95609718324526)

Record time: 2023-06-12T21:33:59Z
Event time: 2023-06-13T08:49:14Z
Status: Underway
Travel distance: 110.69006479481641
Num waypoints: 23
Waypoints: (54.59384926245636, 24.995241138761326), (54.61109846086553, 25.06158798465579), (54.66328698414042, 25.134099222649922), (54.73217194397907, 25.20629329670764), (54.8066223826723, 25.276129288597364), (54.88075479400242, 25.34416054743648), (54.95231852278427, 25.412038707422443), (55.0213310430488, 25.481368093750643), (55.08896311486901, 25.552910516718914), (55.156673816998705, 25.62614045270407), (55.22846587311449, 25.702841350330335), (55.29846392872046, 25.77196903798308), (55.36846198432644, 25.82641020196394), (55.43846003993242, 25.87105972188993), (55.5084580983862, 25.92497376565051), (55.57845615399576, 25.976074713039978), (55.648454209605326, 26.021304443637828), (55.718452265214886, 26.056370278072336), (55.78845032082445, 26.076423514835827), (55.85844837643401, 26.077071579054177), (55.92844643204357, 26.055723784537967), (55.998444487653124, 26.013270709115133), (56.06844254326265, 25.95609718324526)

Record time: 2023-06-12T21:46:59Z
Event time: 2023-06-13T07:02:19.333Z
Status: Underway
Travel distance: 107.06803455723542
Num waypoints: 22
Waypoints: (54.598483375461775, 25.060138911578527), (54.66848143107135, 25.140874730768704), (54.738479486680916, 25.207790187117443), (54.808477542290476, 25.27170826435234), (54.87847559790004, 25.33816125421573), (54.948473653509616, 25.40888108427115), (55.01847170911919, 25.483091174079583), (55.088469764728764, 25.55859981974546), (55.15846782033833, 25.632695106832443), (55.22846587311449, 25.702841350330335), (55.29846392872046, 25.77196903798308), (55.36846198432644, 25.82641020196394), (55.43846003993242, 25.87105972188993), (55.5084580983862, 25.92497376565051), (55.57845615399576, 25.976074713039978), (55.648454209605326, 26.021304443637828), (55.718452265214886, 26.056370278072336), (55.78845032082445, 26.076423514835827), (55.85844837643401, 26.077071579054177), (55.92844643204357, 26.055723784537967), (55.998444487653124, 26.013270709115133), (56.06844254326265, 25.95609718324526)

Record time: 2023-06-12T21:59:16Z
Event time: 2023-06-13T04:29:24.666Z
Status: Underway
Travel distance: 104.21382289416847
Num waypoints: 22
Waypoints: (54.598483375461775, 25.132457600849005), (54.66848143107135, 25.207810371834725), (54.738479486680916, 25.274686246946672), (54.808477542290476, 25.34170296957657), (54.87847559790004, 25.411876595698917), (54.948473653509616, 25.484609414368606), (55.01847170911919, 25.55735499841553), (55.088469764728764, 25.626960385336186), (55.15846782033833, 25.690685388382246), (55.22846587311449, 25.7468990365252), (55.29846392872046, 25.79792302039606), (55.36846198432644, 25.836109489799615), (55.43846003993242, 25.869491550984517), (55.5084580983862, 25.91789588658282), (55.57845615399576, 25.96926178837255), (55.648454209605326, 26.018627980967278), (55.718452265214886, 26.058753496895918), (55.78845032082445, 26.081651922061024), (55.85844837643401, 26.080814730354337), (55.92844643204357, 26.054123708756748), (55.998444487653124, 26.007452472922715), (56.06844254326265, 25.95895707324906)

Record time: 2023-06-12T23:39:15Z
Event time: 2023-06-13T04:48:41.250Z
Status: Underway
Travel distance: 82.6938444924406
Num waypoints: 19
Waypoints: (54.808477542290504, 25.47449970965904), (54.87847559790004, 25.57767637092832), (54.94847365350961, 25.628709464768992), (55.01847170911918, 25.659984924574953), (55.08846976472875, 25.688176527579884), (55.158467820338316, 25.719735797902445), (55.228465875947876, 25.755340546099507), (55.298463931557436, 25.793302045227495), (55.368461987377536, 25.83193084350997), (55.438460042987366, 25.874062387835995), (55.508458098597195, 25.91448092002736), (55.57845615399566, 25.968895333955732), (55.64845420960522, 26.020725731159125), (55.71845226521479, 26.061865932237374), (55.78845032082438, 26.084025625395327), (55.85844837643397, 26.081066456739535), (55.92844643204356, 26.05203079231744), (55.998444487653146, 26.00486315180053), (56.06844254326271, 25.960824313811415)

Record time: 2023-06-13T00:14:48Z
Event time: 2023-06-13T05:03:45.250Z
Status: Underway
Travel distance: 72.42332613390928
Num waypoints: 17
Waypoints: (54.94847365350966, 25.625600138722806), (55.01847170911923, 25.689499333480242), (55.0884697647288, 25.696925672417976), (55.15846782033836, 25.706694626130627), (55.228465875947926, 25.737280338181307), (55.29846393155749, 25.78494963100343), (55.36846198716705, 25.837676526305216), (55.43846004222247, 25.8848372797182), (55.50845809783134, 25.915571940940502), (55.578456153440214, 25.951747693182092), (55.648454209605255, 26.006886676079755), (55.718452265214815, 26.061744989569412), (55.78845032082438, 26.097719549273165), (55.85844837643395, 26.096228945992895), (55.92844643204353, 26.05092060870195), (55.99844448765311, 25.98443703465546), (56.0684425432627, 25.969741086878848)

Record time: 2023-06-13T03:14:59Z
Event time: 2023-06-13T04:54:03.750Z
Status: Underway
Travel distance: 28.287257019438446
Num waypoints: 7
Waypoints: (55.64845420960529, 26.044340723453907), (55.718452265214864, 26.044340723453907), (55.78845032082444, 26.114352392065342), (55.858448376433984, 26.114352392065342), (55.92844643204356, 26.044340723453907), (55.99844448765313, 25.97432905484247), (56.06844254326268, 25.97432905484247)

Record time: 2023-06-13T05:01:43Z
Event time: 2023-06-13T05:10:31.500Z
Status: Underway
Travel distance: 4.204643628509719
Num waypoints: 2
Waypoints: (56.06844254326268, 26.044340723453907), (56.06844254326268, 25.97432905484247)

Record time: 2023-06-13T06:03:31Z
Event time: 2023-06-13T06:03:31Z
Status: Arrived
Travel distance: N/A
Num waypoints: 0
Waypoints: 

