Record time: 2023-09-03T10:18:24Z
Event time: 2023-09-04T14:24:04.333Z
Status: Underway
Travel distance: 309.30183585313176
Num waypoints: 76
Waypoints: (50.818588372545214, 26.38187241039722), (50.888586428154795, 26.42052452192556), (50.958584483764355, 26.470506633976644), (51.028582539373915, 26.510608344047423), (51.098580594983474, 26.52823382310069), (51.16857865059304, 26.517842503317326), (51.23857670620261, 26.479473074927935), (51.30857476181218, 26.4173507921238), (51.378572817421755, 26.33857808804722), (51.448570870391826, 26.25190849751436), (51.5185689259978, 26.171941205442074), (51.58856698160376, 26.09784324534031), (51.658565037209755, 26.035777981224335), (51.728563092815726, 26.003146078717737), (51.79856114842171, 25.987313583999587), (51.86855920402767, 25.990253904447243), (51.93855725963364, 26.005439905631075), (52.00855531523963, 26.024885601822408), (52.0785533708456, 26.05009696484027), (52.14855142645157, 26.067209252881476), (52.21854948205756, 26.07545345905972), (52.288547537663526, 26.082118185407744), (52.358545593269504, 26.097066699170803), (52.428543648875475, 26.109417929871764), (52.49854170448145, 26.128995563519084), (52.568539760087425, 26.145791201665926), (52.6385378156934, 26.163894905447815), (52.708535871299375, 26.17781430705419), (52.778533926905354, 26.186827520118744), (52.848531982511325, 26.1820513842121), (52.91853003811731, 26.15781258872692), (52.98852809372327, 26.138189719380406), (53.058526149329246, 26.12642089830658), (53.12852420493523, 26.121567484747143), (53.198522260541196, 26.117714911032394), (53.268520316147175, 26.101235922779914), (53.33851837175316, 26.078199642965), (53.40851642735913, 26.047456330899777), (53.47851448296509, 26.012449554185455), (53.54851253857108, 25.98066582103876), (53.618510594177046, 25.96649573826601), (53.688508649783024, 25.96307855815601), (53.758506705388996, 25.968844224982536), (53.828504760994974, 25.976945184779996), (53.89850281660096, 25.97991189271885), (53.96850087220693, 25.97500193453542), (54.038498927812924, 25.972534704108508), (54.10849698341888, 25.972534704108508), (54.17849503902486, 25.976796283936814), (54.24849309463083, 25.977444662291937), (54.31849115023681, 25.973829575997957), (54.38848920584279, 25.96934370249448), (54.45848726144877, 25.968063909171427), (54.528485317054745, 25.970966533203086), (54.59848337266071, 25.986495571772476), (54.668481428266695, 26.003398644704912), (54.73847948387265, 26.017887262192822), (54.80847753947863, 26.02965608326665), (54.8784755950846, 26.04143809808608), (54.94847365069058, 26.048364814525275), (55.018471706296545, 26.05344252175988), (55.08846976190252, 26.066383701371176), (55.15846781750851, 26.09144050908346), (55.22846587311449, 26.11901920702584), (55.29846392872046, 26.129958706947768), (55.36846198432644, 26.106328708580925), (55.43846003993242, 26.066851136929515), (55.5084580983862, 26.047141190198378), (55.57845615399576, 26.034574541614095), (55.648454209605326, 26.032127153209657), (55.718452265214886, 26.03980262327932), (55.78845032082445, 26.053909358939187), (55.85844837643401, 26.06651322416689), (55.92844643204357, 26.06506566465783), (55.998444487653124, 26.032207309497796), (56.06844254326265, 25.945747049652102)

Record time: 2023-09-03T11:27:13Z
Event time: 2023-09-04T15:02:45.111Z
Status: Underway
Travel distance: 296.1889848812095
Num waypoints: 73
Waypoints: (51.028582539373886, 26.47569940666556), (51.09858059498345, 26.516001581707354), (51.16857865059302, 26.517642997891453), (51.23857670620259, 26.48226147881927), (51.30857476181217, 26.417596013021438), (51.378572817421734, 26.334659145793797), (51.44857087303131, 26.24539622024606), (51.51856892864087, 26.16083146756304), (51.588566984250434, 26.089700946478487), (51.658565037209755, 26.03757233062573), (51.728563092815726, 26.003146078717737), (51.79856114842171, 25.987313583999587), (51.86855920402767, 25.990253904447243), (51.93855725963364, 26.005439905631075), (52.00855531523963, 26.024885601822408), (52.0785533708456, 26.05009696484027), (52.14855142645157, 26.067209252881476), (52.21854948205756, 26.07545345905972), (52.288547537663526, 26.082118185407744), (52.358545593269504, 26.097066699170803), (52.428543648875475, 26.109417929871764), (52.49854170448145, 26.128995563519084), (52.568539760087425, 26.145791201665926), (52.6385378156934, 26.163894905447815), (52.708535871299375, 26.17781430705419), (52.778533926905354, 26.186827520118744), (52.848531982511325, 26.1820513842121), (52.91853003811731, 26.15781258872692), (52.98852809372327, 26.138189719380406), (53.058526149329246, 26.12642089830658), (53.12852420493523, 26.121567484747143), (53.198522260541196, 26.117714911032394), (53.268520316147175, 26.101235922779914), (53.33851837175316, 26.078199642965), (53.40851642735913, 26.047456330899777), (53.47851448296509, 26.012449554185455), (53.54851253857108, 25.98066582103876), (53.618510594177046, 25.96649573826601), (53.688508649783024, 25.96307855815601), (53.758506705388996, 25.968844224982536), (53.828504760994974, 25.976945184779996), (53.89850281660096, 25.97991189271885), (53.96850087220693, 25.97500193453542), (54.038498927812924, 25.972534704108508), (54.10849698341888, 25.972534704108508), (54.17849503902486, 25.976796283936814), (54.24849309463083, 25.977444662291937), (54.31849115023681, 25.973829575997957), (54.38848920584279, 25.96934370249448), (54.45848726144877, 25.968063909171427), (54.528485317054745, 25.970966533203086), (54.59848337266071, 25.986495571772476), (54.668481428266695, 26.003398644704912), (54.73847948387265, 26.017887262192822), (54.80847753947863, 26.02965608326665), (54.8784755950846, 26.04143809808608), (54.94847365069058, 26.048364814525275), (55.018471706296545, 26.05344252175988), (55.08846976190252, 26.066383701371176), (55.15846781750851, 26.09144050908346), (55.22846587311449, 26.11901920702584), (55.29846392872046, 26.129958706947768), (55.36846198432644, 26.106328708580925), (55.43846003993242, 26.066851136929515), (55.5084580983862, 26.047141190198378), (55.57845615399576, 26.034574541614095), (55.648454209605326, 26.032127153209657), (55.718452265214886, 26.03980262327932), (55.78845032082445, 26.053909358939187), (55.85844837643401, 26.06651322416689), (55.92844643204357, 26.06506566465783), (55.998444487653124, 26.032207309497796), (56.06844254326265, 25.945747049652102)

Record time: 2023-09-03T12:13:44Z
Event time: 2023-09-04T15:37:59.833Z
Status: Underway
Travel distance: 288.64200863930887
Num waypoints: 71
Waypoints: (51.16857865059305, 26.611831685559697), (51.23857670620262, 26.584758953480687), (51.30857476181218, 26.539297738330717), (51.37857281742174, 26.477149347902703), (51.4485708730313, 26.40278671897578), (51.51856892864087, 26.322224948707532), (51.58856698425044, 26.241978800249594), (51.658565039860015, 26.16820718258658), (51.72856309546959, 26.106044604598377), (51.79856114842171, 26.05911960200882), (51.86855920402767, 26.025907174695888), (51.93855725963364, 26.013571022561326), (52.00855531523963, 26.017052286578522), (52.0785533708456, 26.03884646948638), (52.14855142645157, 26.061724424354114), (52.21854948205756, 26.078069590329815), (52.288547537663526, 26.087701024616692), (52.358545593269504, 26.097739580196322), (52.428543648875475, 26.10762358047037), (52.49854170448145, 26.128995563519084), (52.568539760087425, 26.145791201665926), (52.6385378156934, 26.163894905447815), (52.708535871299375, 26.17781430705419), (52.778533926905354, 26.186827520118744), (52.848531982511325, 26.1820513842121), (52.91853003811731, 26.15781258872692), (52.98852809372327, 26.138189719380406), (53.058526149329246, 26.12642089830658), (53.12852420493523, 26.121567484747143), (53.198522260541196, 26.117714911032394), (53.268520316147175, 26.101235922779914), (53.33851837175316, 26.078199642965), (53.40851642735913, 26.047456330899777), (53.47851448296509, 26.012449554185455), (53.54851253857108, 25.98066582103876), (53.618510594177046, 25.96649573826601), (53.688508649783024, 25.96307855815601), (53.758506705388996, 25.968844224982536), (53.828504760994974, 25.976945184779996), (53.89850281660096, 25.97991189271885), (53.96850087220693, 25.97500193453542), (54.038498927812924, 25.972534704108508), (54.10849698341888, 25.972534704108508), (54.17849503902486, 25.976796283936814), (54.24849309463083, 25.977444662291937), (54.31849115023681, 25.973829575997957), (54.38848920584279, 25.96934370249448), (54.45848726144877, 25.968063909171427), (54.528485317054745, 25.970966533203086), (54.59848337266071, 25.986495571772476), (54.668481428266695, 26.003398644704912), (54.73847948387265, 26.017887262192822), (54.80847753947863, 26.02965608326665), (54.8784755950846, 26.04143809808608), (54.94847365069058, 26.048364814525275), (55.018471706296545, 26.05344252175988), (55.08846976190252, 26.066383701371176), (55.15846781750851, 26.09144050908346), (55.22846587311449, 26.11901920702584), (55.29846392872046, 26.129958706947768), (55.36846198432644, 26.106328708580925), (55.43846003993242, 26.066851136929515), (55.5084580983862, 26.047141190198378), (55.57845615399576, 26.034574541614095), (55.648454209605326, 26.032127153209657), (55.718452265214886, 26.03980262327932), (55.78845032082445, 26.053909358939187), (55.85844837643401, 26.06651322416689), (55.92844643204357, 26.06506566465783), (55.998444487653124, 26.032207309497796), (56.06844254326265, 25.945747049652102)

Record time: 2023-09-03T12:51:35Z
Event time: 2023-09-04T16:27:35.090Z
Status: Underway
Travel distance: 282.94114470842334
Num waypoints: 69
Waypoints: (51.30857476181214, 26.678669453022003), (51.378572817421734, 26.59542834144781), (51.44857087303131, 26.532727492908627), (51.518568928640875, 26.4709005158312), (51.588566984250434, 26.401933923237515), (51.65856503986, 26.325787020133024), (51.72856309546957, 26.24723482866688), (51.79856115107914, 26.173234051064075), (51.86855920668871, 26.110812070329604), (51.93855725963364, 26.065478987387277), (52.00855531523963, 26.03645086224986), (52.0785533708456, 26.035710127675546), (52.14855142645157, 26.049194135677176), (52.21854948205756, 26.068098888298977), (52.288547537663526, 26.08670206959281), (52.358545593269504, 26.103970797760397), (52.428543648875475, 26.1125580413242), (52.49854170448145, 26.125406864716304), (52.568539760087425, 26.145791201665926), (52.6385378156934, 26.163894905447815), (52.708535871299375, 26.17781430705419), (52.778533926905354, 26.186827520118744), (52.848531982511325, 26.1820513842121), (52.91853003811731, 26.15781258872692), (52.98852809372327, 26.138189719380406), (53.058526149329246, 26.12642089830658), (53.12852420493523, 26.121567484747143), (53.198522260541196, 26.117714911032394), (53.268520316147175, 26.101235922779914), (53.33851837175316, 26.078199642965), (53.40851642735913, 26.047456330899777), (53.47851448296509, 26.012449554185455), (53.54851253857108, 25.98066582103876), (53.618510594177046, 25.96649573826601), (53.688508649783024, 25.96307855815601), (53.758506705388996, 25.968844224982536), (53.828504760994974, 25.976945184779996), (53.89850281660096, 25.97991189271885), (53.96850087220693, 25.97500193453542), (54.038498927812924, 25.972534704108508), (54.10849698341888, 25.972534704108508), (54.17849503902486, 25.976796283936814), (54.24849309463083, 25.977444662291937), (54.31849115023681, 25.973829575997957), (54.38848920584279, 25.96934370249448), (54.45848726144877, 25.968063909171427), (54.528485317054745, 25.970966533203086), (54.59848337266071, 25.986495571772476), (54.668481428266695, 26.003398644704912), (54.73847948387265, 26.017887262192822), (54.80847753947863, 26.02965608326665), (54.8784755950846, 26.04143809808608), (54.94847365069058, 26.048364814525275), (55.018471706296545, 26.05344252175988), (55.08846976190252, 26.066383701371176), (55.15846781750851, 26.09144050908346), (55.22846587311449, 26.11901920702584), (55.29846392872046, 26.129958706947768), (55.36846198432644, 26.106328708580925), (55.43846003993242, 26.066851136929515), (55.5084580983862, 26.047141190198378), (55.57845615399576, 26.034574541614095), (55.648454209605326, 26.032127153209657), (55.718452265214886, 26.03980262327932), (55.78845032082445, 26.053909358939187), (55.85844837643401, 26.06651322416689), (55.92844643204357, 26.06506566465783), (55.998444487653124, 26.032207309497796), (56.06844254326265, 25.945747049652102)

Record time: 2023-09-03T13:38:44Z
Event time: 2023-09-04T16:59:45.363Z
Status: Underway
Travel distance: 279.4330453563715
Num waypoints: 68
Waypoints: (51.44393676002586, 26.75445857715765), (51.461185958435024, 26.655595750945675), (51.513374481709924, 26.597550775323185), (51.58225944154857, 26.544851065815475), (51.656709880241806, 26.481422613620175), (51.730842291571925, 26.40449409817629), (51.80240602035378, 26.319404394342612), (51.8714185406183, 26.235313474185524), (51.939050612438514, 26.161816703376182), (52.00676131472982, 26.106462530857705), (52.0785533708456, 26.07136339792419), (52.14855142645157, 26.057325252607427), (52.21854948205756, 26.06026557305509), (52.288547537663526, 26.07545157423892), (52.358545593269504, 26.098485969233035), (52.428543648875475, 26.115174172594294), (52.49854170448145, 26.130989703925252), (52.568539760087425, 26.146464082691445), (52.6385378156934, 26.162100556046422), (52.708535871299375, 26.17781430705419), (52.778533926905354, 26.186827520118744), (52.848531982511325, 26.1820513842121), (52.91853003811731, 26.15781258872692), (52.98852809372327, 26.138189719380406), (53.058526149329246, 26.12642089830658), (53.12852420493523, 26.121567484747143), (53.198522260541196, 26.117714911032394), (53.268520316147175, 26.101235922779914), (53.33851837175316, 26.078199642965), (53.40851642735913, 26.047456330899777), (53.47851448296509, 26.012449554185455), (53.54851253857108, 25.98066582103876), (53.618510594177046, 25.96649573826601), (53.688508649783024, 25.96307855815601), (53.758506705388996, 25.968844224982536), (53.828504760994974, 25.976945184779996), (53.89850281660096, 25.97991189271885), (53.96850087220693, 25.97500193453542), (54.038498927812924, 25.972534704108508), (54.10849698341888, 25.972534704108508), (54.17849503902486, 25.976796283936814), (54.24849309463083, 25.977444662291937), (54.31849115023681, 25.973829575997957), (54.38848920584279, 25.96934370249448), (54.45848726144877, 25.968063909171427), (54.528485317054745, 25.970966533203086), (54.59848337266071, 25.986495571772476), (54.668481428266695, 26.003398644704912), (54.73847948387265, 26.017887262192822), (54.80847753947863, 26.02965608326665), (54.8784755950846, 26.04143809808608), (54.94847365069058, 26.048364814525275), (55.018471706296545, 26.05344252175988), (55.08846976190252, 26.066383701371176), (55.15846781750851, 26.09144050908346), (55.22846587311449, 26.11901920702584), (55.29846392872046, 26.129958706947768), (55.36846198432644, 26.106328708580925), (55.43846003993242, 26.066851136929515), (55.5084580983862, 26.047141190198378), (55.57845615399576, 26.034574541614095), (55.648454209605326, 26.032127153209657), (55.718452265214886, 26.03980262327932), (55.78845032082445, 26.053909358939187), (55.85844837643401, 26.06651322416689), (55.92844643204357, 26.06506566465783), (55.998444487653124, 26.032207309497796), (56.06844254326265, 25.945747049652102)

Record time: 2023-09-03T16:02:25Z
Event time: 2023-09-04T16:24:34Z
Status: Underway
Travel distance: 246.68574514038878
Num waypoints: 59
Waypoints: (52.00855531790788, 26.956530866232374), (52.07855337351743, 27.01462040358783), (52.148551429127, 27.034724633321325), (52.218549484736556, 27.033162162570854), (52.28854754034612, 27.01961985649004), (52.3585455959557, 26.999141512674086), (52.42854365156526, 26.97380478622543), (52.49854170717484, 26.944086365459093), (52.56853976278441, 26.90991539824774), (52.6385378156934, 26.871415167627788), (52.708535871299375, 26.825140932172378), (52.778533926905354, 26.787193835010395), (52.848531982511325, 26.74739961346463), (52.91853003811731, 26.703564336124142), (52.98852809372327, 26.655708736017722), (53.058526149329246, 26.62055494328101), (53.12852420493523, 26.57962794443458), (53.198522260541196, 26.53886680981853), (53.268520316147175, 26.48946565665629), (53.33851837175316, 26.438956228863766), (53.40851642735913, 26.385674229674773), (53.47851448296509, 26.337475592182788), (53.54851253857108, 26.288562607607687), (53.618510594177046, 26.229243527397), (53.688508649783024, 26.16899711535282), (53.758506705388996, 26.103275298885276), (53.828504760994974, 26.04830826990128), (53.89850281660096, 26.007232370211664), (53.96850087220693, 25.974998164893822), (54.038498927812924, 25.961683790764173), (54.10849698341888, 25.962105990623325), (54.17849503902486, 25.976894294618404), (54.24849309463083, 25.980733674587555), (54.31849115023681, 25.97761806580552), (54.38848920584279, 25.970016583520003), (54.45848726144877, 25.966269559770033), (54.528485317054745, 25.970966533203086), (54.59848337266071, 25.986495571772476), (54.668481428266695, 26.003398644704912), (54.73847948387265, 26.017887262192822), (54.80847753947863, 26.02965608326665), (54.8784755950846, 26.04143809808608), (54.94847365069058, 26.048364814525275), (55.018471706296545, 26.05344252175988), (55.08846976190252, 26.066383701371176), (55.15846781750851, 26.09144050908346), (55.22846587311449, 26.11901920702584), (55.29846392872046, 26.129958706947768), (55.36846198432644, 26.106328708580925), (55.43846003993242, 26.066851136929515), (55.5084580983862, 26.047141190198378), (55.57845615399576, 26.034574541614095), (55.648454209605326, 26.032127153209657), (55.718452265214886, 26.03980262327932), (55.78845032082445, 26.053909358939187), (55.85844837643401, 26.06651322416689), (55.92844643204357, 26.06506566465783), (55.998444487653124, 26.032207309497796), (56.06844254326265, 25.945747049652102)

Record time: 2023-09-03T17:16:04Z
Event time: 2023-09-04T15:52:55.555Z
Status: Underway
Travel distance: 230.26943844492442
Num waypoints: 55
Waypoints: (52.28854754034608, 27.030473791259777), (52.358545595955654, 27.004897709704277), (52.42854365156523, 26.974738429352843), (52.498541707174795, 26.941285081958934), (52.56853976278437, 26.90534993961362), (52.638537818393935, 26.867457462271847), (52.7085358740035, 26.827988675025665), (52.77853392961307, 26.787280875124587), (52.848531985222635, 26.74568266874291), (52.91853003811731, 26.703564336124142), (52.98852809372327, 26.655708736017722), (53.058526149329246, 26.62055494328101), (53.12852420493523, 26.57962794443458), (53.198522260541196, 26.53886680981853), (53.268520316147175, 26.48946565665629), (53.33851837175316, 26.438956228863766), (53.40851642735913, 26.385674229674773), (53.47851448296509, 26.337475592182788), (53.54851253857108, 26.288562607607687), (53.618510594177046, 26.229243527397), (53.688508649783024, 26.16899711535282), (53.758506705388996, 26.103275298885276), (53.828504760994974, 26.04830826990128), (53.89850281660096, 26.007232370211664), (53.96850087220693, 25.974998164893822), (54.038498927812924, 25.961683790764173), (54.10849698341888, 25.962105990623325), (54.17849503902486, 25.976894294618404), (54.24849309463083, 25.980733674587555), (54.31849115023681, 25.97761806580552), (54.38848920584279, 25.970016583520003), (54.45848726144877, 25.966269559770033), (54.528485317054745, 25.970966533203086), (54.59848337266071, 25.986495571772476), (54.668481428266695, 26.003398644704912), (54.73847948387265, 26.017887262192822), (54.80847753947863, 26.02965608326665), (54.8784755950846, 26.04143809808608), (54.94847365069058, 26.048364814525275), (55.018471706296545, 26.05344252175988), (55.08846976190252, 26.066383701371176), (55.15846781750851, 26.09144050908346), (55.22846587311449, 26.11901920702584), (55.29846392872046, 26.129958706947768), (55.36846198432644, 26.106328708580925), (55.43846003993242, 26.066851136929515), (55.5084580983862, 26.047141190198378), (55.57845615399576, 26.034574541614095), (55.648454209605326, 26.032127153209657), (55.718452265214886, 26.03980262327932), (55.78845032082445, 26.053909358939187), (55.85844837643401, 26.06651322416689), (55.92844643204357, 26.06506566465783), (55.998444487653124, 26.032207309497796), (56.06844254326265, 25.945747049652102)

Record time: 2023-09-03T19:09:05Z
Event time: 2023-09-04T15:20:55.444Z
Status: Underway
Travel distance: 209.51295896328293
Num waypoints: 50
Waypoints: (52.638537818393914, 26.880448703866577), (52.7085358740035, 26.83401641761736), (52.77853392961307, 26.78726097027463), (52.848531985222635, 26.742680092092925), (52.9185300408322, 26.700686901522104), (52.98852809644177, 26.660433760378996), (53.05852615205134, 26.620488359068307), (53.12852420766092, 26.579362031852824), (53.1985222632705, 26.535890302172913), (53.268520316147175, 26.48946565665629), (53.33851837175316, 26.438956228863766), (53.40851642735913, 26.385674229674773), (53.47851448296509, 26.337475592182788), (53.54851253857108, 26.288562607607687), (53.618510594177046, 26.229243527397), (53.688508649783024, 26.16899711535282), (53.758506705388996, 26.103275298885276), (53.828504760994974, 26.04830826990128), (53.89850281660096, 26.007232370211664), (53.96850087220693, 25.974998164893822), (54.038498927812924, 25.961683790764173), (54.10849698341888, 25.962105990623325), (54.17849503902486, 25.976894294618404), (54.24849309463083, 25.980733674587555), (54.31849115023681, 25.97761806580552), (54.38848920584279, 25.970016583520003), (54.45848726144877, 25.966269559770033), (54.528485317054745, 25.970966533203086), (54.59848337266071, 25.986495571772476), (54.668481428266695, 26.003398644704912), (54.73847948387265, 26.017887262192822), (54.80847753947863, 26.02965608326665), (54.8784755950846, 26.04143809808608), (54.94847365069058, 26.048364814525275), (55.018471706296545, 26.05344252175988), (55.08846976190252, 26.066383701371176), (55.15846781750851, 26.09144050908346), (55.22846587311449, 26.11901920702584), (55.29846392872046, 26.129958706947768), (55.36846198432644, 26.106328708580925), (55.43846003993242, 26.066851136929515), (55.5084580983862, 26.047141190198378), (55.57845615399576, 26.034574541614095), (55.648454209605326, 26.032127153209657), (55.718452265214886, 26.03980262327932), (55.78845032082445, 26.053909358939187), (55.85844837643401, 26.06651322416689), (55.92844643204357, 26.06506566465783), (55.998444487653124, 26.032207309497796), (56.06844254326265, 25.945747049652102)

Record time: 2023-09-03T22:19:04Z
Event time: 2023-09-04T15:10:17.142Z
Status: Underway
Travel distance: 173.22570194384448
Num waypoints: 43
Waypoints: (53.128524207660824, 26.321623051175596), (53.198522263270455, 26.26317367297156), (53.26852031888003, 26.18180316036756), (53.33851837448958, 26.102888483592125), (53.40851643009913, 26.039800304378563), (53.47851448570869, 25.997247590474355), (53.54851254131826, 25.974168930748153), (53.618510596927834, 25.966170550894425), (53.688508652537415, 25.96751102973572), (53.758506705388996, 25.972632714790098), (53.828504760994974, 25.97761806580552), (53.89850281660096, 25.978117543317456), (53.96850087220693, 25.97500193453542), (54.038498927812924, 25.972534704108508), (54.10849698341888, 25.972534704108508), (54.17849503902486, 25.976796283936814), (54.24849309463083, 25.977444662291937), (54.31849115023681, 25.973829575997957), (54.38848920584279, 25.96934370249448), (54.45848726144877, 25.968063909171427), (54.528485317054745, 25.970966533203086), (54.59848337266071, 25.986495571772476), (54.668481428266695, 26.003398644704912), (54.73847948387265, 26.017887262192822), (54.80847753947863, 26.02965608326665), (54.8784755950846, 26.04143809808608), (54.94847365069058, 26.048364814525275), (55.018471706296545, 26.05344252175988), (55.08846976190252, 26.066383701371176), (55.15846781750851, 26.09144050908346), (55.22846587311449, 26.11901920702584), (55.29846392872046, 26.129958706947768), (55.36846198432644, 26.106328708580925), (55.43846003993242, 26.066851136929515), (55.5084580983862, 26.047141190198378), (55.57845615399576, 26.034574541614095), (55.648454209605326, 26.032127153209657), (55.718452265214886, 26.03980262327932), (55.78845032082445, 26.053909358939187), (55.85844837643401, 26.06651322416689), (55.92844643204357, 26.06506566465783), (55.998444487653124, 26.032207309497796), (56.06844254326265, 25.945747049652102)

Record time: 2023-09-04T01:04:35Z
Event time: 2023-09-04T16:23:56Z
Status: Underway
Travel distance: 143.30885529157666
Num waypoints: 37
Waypoints: (53.54851254131831, 25.9074679841412), (53.618510596927905, 25.964132528433005), (53.68850865253748, 25.980814540444364), (53.758506708147046, 25.9797744392112), (53.828504763756605, 25.974108645040456), (53.89850281936617, 25.97023603510925), (53.968500874975746, 25.970051162746675), (54.03849893058531, 25.972744240398168), (54.10849698619488, 25.97628788627244), (54.17849503902486, 25.978590633338207), (54.24849309463083, 25.977444662291937), (54.31849115023681, 25.973829575997957), (54.38848920584279, 25.96934370249448), (54.45848726144877, 25.968063909171427), (54.528485317054745, 25.970966533203086), (54.59848337266071, 25.986495571772476), (54.668481428266695, 26.003398644704912), (54.73847948387265, 26.017887262192822), (54.80847753947863, 26.02965608326665), (54.8784755950846, 26.04143809808608), (54.94847365069058, 26.048364814525275), (55.018471706296545, 26.05344252175988), (55.08846976190252, 26.066383701371176), (55.15846781750851, 26.09144050908346), (55.22846587311449, 26.11901920702584), (55.29846392872046, 26.129958706947768), (55.36846198432644, 26.106328708580925), (55.43846003993242, 26.066851136929515), (55.5084580983862, 26.047141190198378), (55.57845615399576, 26.034574541614095), (55.648454209605326, 26.032127153209657), (55.718452265214886, 26.03980262327932), (55.78845032082445, 26.053909358939187), (55.85844837643401, 26.06651322416689), (55.92844643204357, 26.06506566465783), (55.998444487653124, 26.032207309497796), (56.06844254326265, 25.945747049652102)

Record time: 2023-09-04T01:17:34Z
Event time: 2023-09-04T17:31:12.500Z
Status: Underway
Travel distance: 145.50269978401727
Num waypoints: 37
Waypoints: (53.54851254131831, 25.829473791017037), (53.618510596927905, 25.919785105297873), (53.68850865253748, 25.96052751736274), (53.758506708147046, 25.974578982080544), (53.828504763756605, 25.976582672245534), (53.89850281936617, 25.97497203004468), (53.968500874975746, 25.973745891287), (54.03849893058531, 25.973993682394823), (54.10849698619488, 25.97517069015699), (54.17849503902486, 25.97612340291129), (54.24849309463083, 25.97923901169333), (54.31849115023681, 25.973829575997957), (54.38848920584279, 25.96934370249448), (54.45848726144877, 25.968063909171427), (54.528485317054745, 25.970966533203086), (54.59848337266071, 25.986495571772476), (54.668481428266695, 26.003398644704912), (54.73847948387265, 26.017887262192822), (54.80847753947863, 26.02965608326665), (54.8784755950846, 26.04143809808608), (54.94847365069058, 26.048364814525275), (55.018471706296545, 26.05344252175988), (55.08846976190252, 26.066383701371176), (55.15846781750851, 26.09144050908346), (55.22846587311449, 26.11901920702584), (55.29846392872046, 26.129958706947768), (55.36846198432644, 26.106328708580925), (55.43846003993242, 26.066851136929515), (55.5084580983862, 26.047141190198378), (55.57845615399576, 26.034574541614095), (55.648454209605326, 26.032127153209657), (55.718452265214886, 26.03980262327932), (55.78845032082445, 26.053909358939187), (55.85844837643401, 26.06651322416689), (55.92844643204357, 26.06506566465783), (55.998444487653124, 26.032207309497796), (56.06844254326265, 25.945747049652102)

Record time: 2023-09-04T22:53:31Z
Event time: 2023-09-05T08:41:48.250Z
Status: Underway
Travel distance: 137.60907127429806
Num waypoints: 34
Waypoints: (53.758506708146975, 25.69329781854982), (53.82850476375656, 25.763859055213874), (53.898502819366115, 25.841113119190943), (53.96850087497567, 25.906906615968033), (54.03849893058522, 25.9530144445955), (54.10849698619479, 25.978272985250435), (54.17849504180436, 25.98609307819124), (54.24849309741394, 25.982352794103342), (54.31849115302352, 25.97366999583613), (54.38848920584279, 25.966054690198863), (54.45848726144877, 25.96427541936387), (54.528485317054745, 25.97029365217757), (54.59848337266071, 25.98828992117387), (54.668481428266695, 26.003398644704912), (54.73847948387265, 26.017887262192822), (54.80847753947863, 26.02965608326665), (54.8784755950846, 26.04143809808608), (54.94847365069058, 26.048364814525275), (55.018471706296545, 26.05344252175988), (55.08846976190252, 26.066383701371176), (55.15846781750851, 26.09144050908346), (55.22846587311449, 26.11901920702584), (55.29846392872046, 26.129958706947768), (55.36846198432644, 26.106328708580925), (55.43846003993242, 26.066851136929515), (55.5084580983862, 26.047141190198378), (55.57845615399576, 26.034574541614095), (55.648454209605326, 26.032127153209657), (55.718452265214886, 26.03980262327932), (55.78845032082445, 26.053909358939187), (55.85844837643401, 26.06651322416689), (55.92844643204357, 26.06506566465783), (55.998444487653124, 26.032207309497796), (56.06844254326265, 25.945747049652102)

Record time: 2023-09-04T23:15:51Z
Event time: 2023-09-05T08:19:46.800Z
Status: Underway
Travel distance: 132.04913606911447
Num waypoints: 33
Waypoints: (53.82850476375657, 25.761455714500368), (53.89850281936614, 25.841711875354864), (53.9685008749757, 25.90805942948503), (54.03849893058526, 25.95366101809196), (54.10849698619483, 25.978201704754735), (54.178495041804396, 25.985532383984324), (54.24849309741398, 25.981678279566424), (54.31849115302355, 25.97321253269326), (54.38848920863313, 25.96599487988431), (54.45848726144877, 25.96427541936387), (54.528485317054745, 25.97029365217757), (54.59848337266071, 25.98828992117387), (54.668481428266695, 26.003398644704912), (54.73847948387265, 26.017887262192822), (54.80847753947863, 26.02965608326665), (54.8784755950846, 26.04143809808608), (54.94847365069058, 26.048364814525275), (55.018471706296545, 26.05344252175988), (55.08846976190252, 26.066383701371176), (55.15846781750851, 26.09144050908346), (55.22846587311449, 26.11901920702584), (55.29846392872046, 26.129958706947768), (55.36846198432644, 26.106328708580925), (55.43846003993242, 26.066851136929515), (55.5084580983862, 26.047141190198378), (55.57845615399576, 26.034574541614095), (55.648454209605326, 26.032127153209657), (55.718452265214886, 26.03980262327932), (55.78845032082445, 26.053909358939187), (55.85844837643401, 26.06651322416689), (55.92844643204357, 26.06506566465783), (55.998444487653124, 26.032207309497796), (56.06844254326265, 25.945747049652102)

Record time: 2023-09-05T00:03:11Z
Event time: 2023-09-05T08:37:36.250Z
Status: Underway
Travel distance: 119.29697624190065
Num waypoints: 30
Waypoints: (54.03849893058528, 25.82594742837833), (54.10849698619484, 25.925370503294126), (54.178495041804396, 25.964243367319167), (54.24849309741396, 25.972989427026313), (54.31849115302353, 25.97079478737956), (54.388489208633096, 25.9684019331236), (54.45848726424267, 25.9705475560064), (54.528485319852244, 25.978044527834747), (54.59848337546181, 25.98950801936276), (54.668481428266695, 26.002725763679393), (54.73847948387265, 26.019681611594216), (54.80847753947863, 26.02965608326665), (54.8784755950846, 26.04143809808608), (54.94847365069058, 26.048364814525275), (55.018471706296545, 26.05344252175988), (55.08846976190252, 26.066383701371176), (55.15846781750851, 26.09144050908346), (55.22846587311449, 26.11901920702584), (55.29846392872046, 26.129958706947768), (55.36846198432644, 26.106328708580925), (55.43846003993242, 26.066851136929515), (55.5084580983862, 26.047141190198378), (55.57845615399576, 26.034574541614095), (55.648454209605326, 26.032127153209657), (55.718452265214886, 26.03980262327932), (55.78845032082445, 26.053909358939187), (55.85844837643401, 26.06651322416689), (55.92844643204357, 26.06506566465783), (55.998444487653124, 26.032207309497796), (56.06844254326265, 25.945747049652102)

Record time: 2023-09-05T00:28:50Z
Event time: 2023-09-05T09:04:18.500Z
Status: Underway
Travel distance: 115.52159827213823
Num waypoints: 29
Waypoints: (54.1084969861948, 25.825796539905955), (54.1784950418044, 25.927125237189358), (54.24849309741397, 25.963285227232934), (54.31849115302352, 25.97001519693886), (54.38848920863309, 25.968515267969472), (54.45848726424265, 25.969434523631463), (54.52848531985222, 25.976297990054235), (54.598483375461804, 25.988373071662338), (54.668481431071385, 26.00297544094206), (54.73847948387265, 26.017214381167303), (54.80847753947863, 26.031450432668045), (54.8784755950846, 26.04143809808608), (54.94847365069058, 26.048364814525275), (55.018471706296545, 26.05344252175988), (55.08846976190252, 26.066383701371176), (55.15846781750851, 26.09144050908346), (55.22846587311449, 26.11901920702584), (55.29846392872046, 26.129958706947768), (55.36846198432644, 26.106328708580925), (55.43846003993242, 26.066851136929515), (55.5084580983862, 26.047141190198378), (55.57845615399576, 26.034574541614095), (55.648454209605326, 26.032127153209657), (55.718452265214886, 26.03980262327932), (55.78845032082445, 26.053909358939187), (55.85844837643401, 26.06651322416689), (55.92844643204357, 26.06506566465783), (55.998444487653124, 26.032207309497796), (56.06844254326265, 25.945747049652102)

Record time: 2023-09-05T01:31:21Z
Event time: 2023-09-05T09:25:24Z
Status: Underway
Travel distance: 104.75215982721382
Num waypoints: 25
Waypoints: (54.38848920863312, 25.70179884012983), (54.45848726424269, 25.745897501188832), (54.528485319852244, 25.83448598645017), (54.5984833754618, 25.92191881954016), (54.66848143107136, 25.98680251331715), (54.73847948668093, 26.02430041199184), (54.808477542290504, 26.039602917948198), (54.878475597900085, 26.042563103264925), (54.94847365350966, 26.04349770593749), (55.018471706296545, 26.050153509464263), (55.08846976190252, 26.062595211563615), (55.15846781750851, 26.090767628057936), (55.22846587311449, 26.12081355642723), (55.29846392872046, 26.129958706947768), (55.36846198432644, 26.106328708580925), (55.43846003993242, 26.066851136929515), (55.5084580983862, 26.047141190198378), (55.57845615399576, 26.034574541614095), (55.648454209605326, 26.032127153209657), (55.718452265214886, 26.03980262327932), (55.78845032082445, 26.053909358939187), (55.85844837643401, 26.06651322416689), (55.92844643204357, 26.06506566465783), (55.998444487653124, 26.032207309497796), (56.06844254326265, 25.945747049652102)

Record time: 2023-09-05T02:56:51Z
Event time: 2023-09-05T09:44:38.250Z
Status: Underway
Travel distance: 90.07235421166307
Num waypoints: 21
Waypoints: (54.66848143107134, 25.60978017520636), (54.738479486680944, 25.732260251543885), (54.80847754229051, 25.753481243312883), (54.87847559790007, 25.73305849028736), (54.94847365350964, 25.706546652320487), (55.01847170911921, 25.69196552440003), (55.08846976472879, 25.695399085316435), (55.15846782033837, 25.71566777994367), (55.228465875947954, 25.74807403513273), (55.29846392872046, 25.787221007894903), (55.36846198432644, 25.833057964924766), (55.43846003993242, 25.870262442691626), (55.5084580983862, 25.923258955686766), (55.57845615399576, 25.97513117174754), (55.648454209605326, 26.021199082155096), (55.718452265214886, 26.056503723384953), (55.78845032082445, 26.076317964871023), (55.85844837643401, 26.076809777445074), (55.92844643204357, 26.055857983778925), (55.998444487653124, 26.014020490829342), (56.06844254326265, 25.955655004285642)

Record time: 2023-09-05T04:51:51Z
Event time: 2023-09-05T10:03:15.500Z
Status: Underway
Travel distance: 64.86609071274297
Num waypoints: 15
Waypoints: (55.08846976472876, 25.770396518813317), (55.15846782033832, 25.811763260853088), (55.22846587594789, 25.783274458074256), (55.29846393155745, 25.780714331024853), (55.36846198716702, 25.819067732286516), (55.43846004277658, 25.87737163220075), (55.50845809867343, 25.930344586818304), (55.57845615428335, 25.950636132591242), (55.64845420989328, 25.990700832514317), (55.71845226521487, 26.04928666458009), (55.78845032082444, 26.101847330989177), (55.858448376434005, 26.112316719698576), (55.92844643204356, 26.057217146949778), (55.998444487653096, 25.965992347458332), (56.06844254326259, 25.97607976339307)

Record time: 2023-09-05T06:00:42Z
Event time: 2023-09-05T10:18:51.250Z
Status: Underway
Travel distance: 53.04481641468683
Num waypoints: 12
Waypoints: (55.29846393155743, 25.764639643423358), (55.368461987167024, 25.834178999667362), (55.43846004277659, 25.897641654110863), (55.50845809838616, 25.926199272619744), (55.578456153995724, 25.946145830283367), (55.6484542096468, 25.986626456135852), (55.71845226525644, 26.05139660945022), (55.788450320824374, 26.10310329385073), (55.85844837643393, 26.11089068800643), (55.92844643204349, 26.055491903250807), (55.998444487653074, 25.968010436951328), (56.06844254326263, 25.975538635295642)

Record time: 2023-09-05T07:17:11Z
Event time: 2023-09-05T10:38:06Z
Status: Underway
Travel distance: 41.47354211663067
Num waypoints: 9
Waypoints: (55.50845809838617, 25.8343057176196), (55.57845615399572, 25.904317386231043), (55.64845420960529, 25.97432905484247), (55.718452265214864, 26.044340723453907), (55.78845032082444, 26.114352392065342), (55.858448376433984, 26.114352392065342), (55.92844643204356, 26.044340723453907), (55.99844448765313, 25.97432905484247), (56.06844254326268, 25.97432905484247)

Record time: 2023-09-05T10:21:51Z
Event time: 2023-09-05T10:43:57.500Z
Status: Underway
Travel distance: 9.431965442764579
Num waypoints: 3
Waypoints: (55.92844643204356, 26.044340723453907), (55.99844448765313, 25.97432905484247), (56.06844254326268, 25.97432905484247)

Record time: 2023-09-05T23:23:15Z
Event time: 2023-09-05T23:23:15Z
Status: Arrived
Travel distance: N/A
Num waypoints: 0
Waypoints: 

