MMSI: 355476000
Record time: 2023-10-25T21:17:53Z
Event time: 2023-10-26T20:55:54.571Z
Status: Underway
Travel distance: 267.28077753779695
Num waypoints: 65
Waypoints: (51.73190995486242, 25.06045874853354), (51.715518925528315, 25.140831813970262), (51.74365172703088, 25.2101199055882), (51.79744805530821, 25.2683244798398), (51.8642305009129, 25.319253388782865), (51.93610138432751, 25.368293587341313), (52.00870617704162, 25.420639590235403), (52.080163508390626, 25.47997767858133), (52.150161758156095, 25.547625856160245), (52.21922223224874, 25.622129554042136), (52.28675353715372, 25.70132029994491), (52.358545593269504, 25.779391462292615), (52.428543648875475, 25.842474529640462), (52.49854170448145, 25.87401323608319), (52.568539760087425, 25.883976398830825), (52.6385378156934, 25.874793551894296), (52.708535871299375, 25.86223687572616), (52.778533926905354, 25.85881969561616), (52.848531982511325, 25.87167228864986), (52.91853003811731, 25.900240517512135), (52.98852809372327, 25.93622363140074), (53.058526149329246, 25.9666220212596), (53.12852420493523, 25.98101451288672), (53.198522260541196, 25.984433577817523), (53.268520316147175, 25.98407546186556), (53.33851837175316, 25.969918572838413), (53.40851642735913, 25.96874621430095), (53.47851448296509, 25.97365617248438), (53.54851253857108, 25.976123402911288), (53.618510594177046, 25.9743290535099), (53.688508649783024, 25.9743290535099), (53.758506705388996, 25.9743290535099), (53.828504760994974, 25.9743290535099), (53.89850281660096, 25.9743290535099), (53.96850087220693, 25.9743290535099), (54.038498927812924, 25.9743290535099), (54.10849698341888, 25.972534704108508), (54.17849503902486, 25.976796283936814), (54.24849309463083, 25.977444662291937), (54.31849115023681, 25.973829575997957), (54.38848920584279, 25.96934370249448), (54.45848726144877, 25.968063909171427), (54.528485317054745, 25.970966533203086), (54.59848337266071, 25.986495571772476), (54.668481428266695, 26.003398644704912), (54.73847948387265, 26.017887262192822), (54.80847753947863, 26.02965608326665), (54.8784755950846, 26.04143809808608), (54.94847365069058, 26.048364814525275), (55.018471706296545, 26.05344252175988), (55.08846976190252, 26.066383701371176), (55.15846781750851, 26.09144050908346), (55.22846587311449, 26.11901920702584), (55.29846392872046, 26.129958706947768), (55.36846198432644, 26.106328708580925), (55.43846003993242, 26.066851136929515), (55.5084580983862, 26.047141190198378), (55.57845615399576, 26.034574541614095), (55.648454209605326, 26.032127153209657), (55.718452265214886, 26.03980262327932), (55.78845032082445, 26.053909358939187), (55.85844837643401, 26.06651322416689), (55.92844643204357, 26.06506566465783), (55.998444487653124, 26.032207309497796), (56.06844254326265, 25.945747049652102)
Day of Week: Wednesday

MMSI: 355476000
Record time: 2023-10-25T22:36:30Z
Event time: 2023-10-26T21:29:44.111Z
Status: Underway
Travel distance: 253.5377969762419
Num waypoints: 62
Waypoints: (51.79856115107914, 25.271912339040764), (51.86855920668872, 25.337988867363073), (51.938557262298296, 25.37144805770146), (52.00855531790786, 25.408571596695822), (52.07855337351744, 25.464398298161036), (52.148551429127004, 25.53958447383436), (52.21854948473658, 25.626248008747517), (52.288547540346144, 25.712796141223517), (52.35854559595571, 25.787736947498168), (52.428543648875475, 25.842474529640462), (52.49854170448145, 25.87401323608319), (52.568539760087425, 25.883976398830825), (52.6385378156934, 25.874793551894296), (52.708535871299375, 25.86223687572616), (52.778533926905354, 25.85881969561616), (52.848531982511325, 25.87167228864986), (52.91853003811731, 25.900240517512135), (52.98852809372327, 25.93622363140074), (53.058526149329246, 25.9666220212596), (53.12852420493523, 25.98101451288672), (53.198522260541196, 25.984433577817523), (53.268520316147175, 25.98407546186556), (53.33851837175316, 25.969918572838413), (53.40851642735913, 25.96874621430095), (53.47851448296509, 25.97365617248438), (53.54851253857108, 25.976123402911288), (53.618510594177046, 25.9743290535099), (53.688508649783024, 25.9743290535099), (53.758506705388996, 25.9743290535099), (53.828504760994974, 25.9743290535099), (53.89850281660096, 25.9743290535099), (53.96850087220693, 25.9743290535099), (54.038498927812924, 25.9743290535099), (54.10849698341888, 25.972534704108508), (54.17849503902486, 25.976796283936814), (54.24849309463083, 25.977444662291937), (54.31849115023681, 25.973829575997957), (54.38848920584279, 25.96934370249448), (54.45848726144877, 25.968063909171427), (54.528485317054745, 25.970966533203086), (54.59848337266071, 25.986495571772476), (54.668481428266695, 26.003398644704912), (54.73847948387265, 26.017887262192822), (54.80847753947863, 26.02965608326665), (54.8784755950846, 26.04143809808608), (54.94847365069058, 26.048364814525275), (55.018471706296545, 26.05344252175988), (55.08846976190252, 26.066383701371176), (55.15846781750851, 26.09144050908346), (55.22846587311449, 26.11901920702584), (55.29846392872046, 26.129958706947768), (55.36846198432644, 26.106328708580925), (55.43846003993242, 26.066851136929515), (55.5084580983862, 26.047141190198378), (55.57845615399576, 26.034574541614095), (55.648454209605326, 26.032127153209657), (55.718452265214886, 26.03980262327932), (55.78845032082445, 26.053909358939187), (55.85844837643401, 26.06651322416689), (55.92844643204357, 26.06506566465783), (55.998444487653124, 26.032207309497796), (56.06844254326265, 25.945747049652102)
Day of Week: Wednesday

MMSI: 355476000
Record time: 2023-10-26T01:54:27Z
Event time: 2023-10-26T21:49:55.375Z
Status: Underway
Travel distance: 213.64794816414687
Num waypoints: 54
Waypoints: (52.358545595955654, 25.699811656425776), (52.42854365156525, 25.747381917511873), (52.49854170717483, 25.773249495171456), (52.5685397627844, 25.77710090943603), (52.638537818393964, 25.763449706405606), (52.70853587400354, 25.739541291447512), (52.778533929613104, 25.713590244784392), (52.84853198522268, 25.693350119471226), (52.91853004083225, 25.685015721761502), (52.98852809372327, 25.692457872544335), (53.058526149329246, 25.713699802957862), (53.12852420493523, 25.755961254930543), (53.198522260541196, 25.80989917175786), (53.268520316147175, 25.864295100039524), (53.33851837175316, 25.910356350744554), (53.40851642735913, 25.949926278615145), (53.47851448296509, 25.97168276510701), (53.54851253857108, 25.979546237483692), (53.618510594177046, 25.979996709654838), (53.688508649783024, 25.979141001011737), (53.758506705388996, 25.973507271641193), (53.828504760994974, 25.96874621430095), (53.89850281660096, 25.97365617248438), (53.96850087220693, 25.976123402911288), (54.038498927812924, 25.9743290535099), (54.10849698341888, 25.972534704108508), (54.17849503902486, 25.976796283936814), (54.24849309463083, 25.977444662291937), (54.31849115023681, 25.973829575997957), (54.38848920584279, 25.96934370249448), (54.45848726144877, 25.968063909171427), (54.528485317054745, 25.970966533203086), (54.59848337266071, 25.986495571772476), (54.668481428266695, 26.003398644704912), (54.73847948387265, 26.017887262192822), (54.80847753947863, 26.02965608326665), (54.8784755950846, 26.04143809808608), (54.94847365069058, 26.048364814525275), (55.018471706296545, 26.05344252175988), (55.08846976190252, 26.066383701371176), (55.15846781750851, 26.09144050908346), (55.22846587311449, 26.11901920702584), (55.29846392872046, 26.129958706947768), (55.36846198432644, 26.106328708580925), (55.43846003993242, 26.066851136929515), (55.5084580983862, 26.047141190198378), (55.57845615399576, 26.034574541614095), (55.648454209605326, 26.032127153209657), (55.718452265214886, 26.03980262327932), (55.78845032082445, 26.053909358939187), (55.85844837643401, 26.06651322416689), (55.92844643204357, 26.06506566465783), (55.998444487653124, 26.032207309497796), (56.06844254326265, 25.945747049652102)
Day of Week: Thursday

MMSI: 355476000
Record time: 2023-10-26T05:02:41Z
Event time: 2023-10-26T22:07:33.200Z
Status: Underway
Travel distance: 189.71166306695466
Num waypoints: 49
Waypoints: (52.70853587400349, 26.182585440961606), (52.77853392961309, 26.19485770338327), (52.84853198522266, 26.17823686237423), (52.918530040832216, 26.155973210585053), (52.98852809644177, 26.138461620400722), (53.058526152051336, 26.127619605694637), (53.12852420766091, 26.120556313997614), (53.19852226327049, 26.112532449082035), (53.268520318880064, 26.09921112396106), (53.33851837175316, 26.078199642965), (53.40851642735913, 26.047456330899777), (53.47851448296509, 26.012449554185455), (53.54851253857108, 25.98066582103876), (53.618510594177046, 25.96649573826601), (53.688508649783024, 25.96307855815601), (53.758506705388996, 25.968844224982536), (53.828504760994974, 25.976945184779996), (53.89850281660096, 25.97991189271885), (53.96850087220693, 25.97500193453542), (54.038498927812924, 25.972534704108508), (54.10849698341888, 25.972534704108508), (54.17849503902486, 25.976796283936814), (54.24849309463083, 25.977444662291937), (54.31849115023681, 25.973829575997957), (54.38848920584279, 25.96934370249448), (54.45848726144877, 25.968063909171427), (54.528485317054745, 25.970966533203086), (54.59848337266071, 25.986495571772476), (54.668481428266695, 26.003398644704912), (54.73847948387265, 26.017887262192822), (54.80847753947863, 26.02965608326665), (54.8784755950846, 26.04143809808608), (54.94847365069058, 26.048364814525275), (55.018471706296545, 26.05344252175988), (55.08846976190252, 26.066383701371176), (55.15846781750851, 26.09144050908346), (55.22846587311449, 26.11901920702584), (55.29846392872046, 26.129958706947768), (55.36846198432644, 26.106328708580925), (55.43846003993242, 26.066851136929515), (55.5084580983862, 26.047141190198378), (55.57845615399576, 26.034574541614095), (55.648454209605326, 26.032127153209657), (55.718452265214886, 26.03980262327932), (55.78845032082445, 26.053909358939187), (55.85844837643401, 26.06651322416689), (55.92844643204357, 26.06506566465783), (55.998444487653124, 26.032207309497796), (56.06844254326265, 25.945747049652102)
Day of Week: Thursday

MMSI: 355476000
Record time: 2023-10-26T07:50:07Z
Event time: 2023-10-26T22:41:08Z
Status: Underway
Travel distance: 162.3099352051836
Num waypoints: 41
Waypoints: (53.26852031888004, 26.190498638338337), (53.338518374489624, 26.10112392007086), (53.40851643009918, 26.037944783974762), (53.478514485708736, 25.997686782278628), (53.5485125413183, 25.97578436496311), (53.61851059692787, 25.967166850034513), (53.68850865253745, 25.96689737777591), (53.75850670814703, 25.97066484897596), (53.82850476375661, 25.975128847135235), (53.89850281660096, 25.978117543317456), (53.96850087220693, 25.97500193453542), (54.038498927812924, 25.972534704108508), (54.10849698341888, 25.972534704108508), (54.17849503902486, 25.976796283936814), (54.24849309463083, 25.977444662291937), (54.31849115023681, 25.973829575997957), (54.38848920584279, 25.96934370249448), (54.45848726144877, 25.968063909171427), (54.528485317054745, 25.970966533203086), (54.59848337266071, 25.986495571772476), (54.668481428266695, 26.003398644704912), (54.73847948387265, 26.017887262192822), (54.80847753947863, 26.02965608326665), (54.8784755950846, 26.04143809808608), (54.94847365069058, 26.048364814525275), (55.018471706296545, 26.05344252175988), (55.08846976190252, 26.066383701371176), (55.15846781750851, 26.09144050908346), (55.22846587311449, 26.11901920702584), (55.29846392872046, 26.129958706947768), (55.36846198432644, 26.106328708580925), (55.43846003993242, 26.066851136929515), (55.5084580983862, 26.047141190198378), (55.57845615399576, 26.034574541614095), (55.648454209605326, 26.032127153209657), (55.718452265214886, 26.03980262327932), (55.78845032082445, 26.053909358939187), (55.85844837643401, 26.06651322416689), (55.92844643204357, 26.06506566465783), (55.998444487653124, 26.032207309497796), (56.06844254326265, 25.945747049652102)
Day of Week: Thursday

MMSI: 355476000
Record time: 2023-10-26T08:57:52Z
Event time: 2023-10-26T23:15:02.250Z
Status: Underway
Travel distance: 151.01511879049676
Num waypoints: 38
Waypoints: (53.47851448570872, 26.19230114387345), (53.54851254131832, 26.097836998212692), (53.618510596927884, 26.036725441995127), (53.68850865253744, 25.999330243207716), (53.75850670814701, 25.97847297616046), (53.82850476375658, 25.96883477936452), (53.89850281936615, 25.966461024626003), (53.968500874975724, 25.968368897355422), (54.0384989305853, 25.972257888092862), (54.10849698341888, 25.97632319391607), (54.17849503902486, 25.977469164962336), (54.24849309463083, 25.975650312890544), (54.31849115023681, 25.973829575997957), (54.38848920584279, 25.96934370249448), (54.45848726144877, 25.968063909171427), (54.528485317054745, 25.970966533203086), (54.59848337266071, 25.986495571772476), (54.668481428266695, 26.003398644704912), (54.73847948387265, 26.017887262192822), (54.80847753947863, 26.02965608326665), (54.8784755950846, 26.04143809808608), (54.94847365069058, 26.048364814525275), (55.018471706296545, 26.05344252175988), (55.08846976190252, 26.066383701371176), (55.15846781750851, 26.09144050908346), (55.22846587311449, 26.11901920702584), (55.29846392872046, 26.129958706947768), (55.36846198432644, 26.106328708580925), (55.43846003993242, 26.066851136929515), (55.5084580983862, 26.047141190198378), (55.57845615399576, 26.034574541614095), (55.648454209605326, 26.032127153209657), (55.718452265214886, 26.03980262327932), (55.78845032082445, 26.053909358939187), (55.85844837643401, 26.06651322416689), (55.92844643204357, 26.06506566465783), (55.998444487653124, 26.032207309497796), (56.06844254326265, 25.945747049652102)
Day of Week: Thursday

MMSI: 355476000
Record time: 2023-10-26T10:40:32Z
Event time: 2023-10-26T23:51:48Z
Status: Underway
Travel distance: 135.90280777537797
Num waypoints: 34
Waypoints: (53.758506708146975, 26.192126952162095), (53.82850476375656, 26.09878291552164), (53.898502819366115, 26.03614432318463), (53.96850087497567, 25.99806408913329), (54.03849893058522, 25.97802758729387), (54.10849698619479, 25.96989715575258), (54.17849504180436, 25.968472830943586), (54.24849309741394, 25.969869311808953), (54.31849115302352, 25.971709153930654), (54.38848920584279, 25.973132192302042), (54.45848726144877, 25.96873679019695), (54.528485317054745, 25.9691721838017), (54.59848337266071, 25.986495571772476), (54.668481428266695, 26.003398644704912), (54.73847948387265, 26.017887262192822), (54.80847753947863, 26.02965608326665), (54.8784755950846, 26.04143809808608), (54.94847365069058, 26.048364814525275), (55.018471706296545, 26.05344252175988), (55.08846976190252, 26.066383701371176), (55.15846781750851, 26.09144050908346), (55.22846587311449, 26.11901920702584), (55.29846392872046, 26.129958706947768), (55.36846198432644, 26.106328708580925), (55.43846003993242, 26.066851136929515), (55.5084580983862, 26.047141190198378), (55.57845615399576, 26.034574541614095), (55.648454209605326, 26.032127153209657), (55.718452265214886, 26.03980262327932), (55.78845032082445, 26.053909358939187), (55.85844837643401, 26.06651322416689), (55.92844643204357, 26.06506566465783), (55.998444487653124, 26.032207309497796), (56.06844254326265, 25.945747049652102)
Day of Week: Thursday

MMSI: 355476000
Record time: 2023-10-26T13:11:42Z
Event time: 2023-10-26T23:13:51Z
Status: Underway
Travel distance: 108.20572354211663
Num waypoints: 27
Waypoints: (54.24849309741396, 26.18493557261275), (54.318491153023565, 26.113944779576844), (54.38848920863313, 26.053596541513752), (54.45848726424269, 26.012475874472237), (54.528485319852244, 25.991870710774332), (54.598483375461804, 25.988565014958674), (54.66848143107137, 25.99714165783381), (54.738479486680944, 26.011795048641424), (54.80847754229052, 26.027653525329548), (54.8784755950846, 26.04161150159966), (54.94847365069058, 26.04968607390592), (55.018471706296545, 26.055909752186793), (55.08846976190252, 26.064589351969783), (55.15846781750851, 26.09144050908346), (55.22846587311449, 26.11901920702584), (55.29846392872046, 26.129958706947768), (55.36846198432644, 26.106328708580925), (55.43846003993242, 26.066851136929515), (55.5084580983862, 26.047141190198378), (55.57845615399576, 26.034574541614095), (55.648454209605326, 26.032127153209657), (55.718452265214886, 26.03980262327932), (55.78845032082445, 26.053909358939187), (55.85844837643401, 26.06651322416689), (55.92844643204357, 26.06506566465783), (55.998444487653124, 26.032207309497796), (56.06844254326265, 25.945747049652102)
Day of Week: Thursday

MMSI: 355476000
Record time: 2023-10-26T13:38:02Z
Event time: 2023-10-26T22:53:13Z
Status: Underway
Travel distance: 102.47516198704103
Num waypoints: 26
Waypoints: (54.318491153023565, 26.194615155504202), (54.38848920863315, 26.164112769228257), (54.45848726424272, 26.17709337015282), (54.52848531985227, 26.197272958448846), (54.59848337546183, 26.205855844078936), (54.6684814310714, 26.196644290749997), (54.738479486680966, 26.171776559120552), (54.80847754229054, 26.13809334926274), (54.87847559790011, 26.10413264237898), (54.94847365069058, 26.07775294043545), (55.018471706296545, 26.05658828767471), (55.08846976190252, 26.058050908615346), (55.15846781750851, 26.083305622511606), (55.22846587311449, 26.11600160892539), (55.29846392872046, 26.130780488816473), (55.36846198432644, 26.111911547789873), (55.43846003993242, 26.067524017955037), (55.5084580983862, 26.046722508671362), (55.57845615399576, 26.033553665553093), (55.648454209605326, 26.03125852497666), (55.718452265214886, 26.039657172229347), (55.78845032082445, 26.054522039930692), (55.85844837643401, 26.067293300091745), (55.92844643204357, 26.0651363511494), (55.998444487653124, 26.03134139997603), (56.06844254326265, 25.946065138864192)
Day of Week: Thursday

MMSI: 355476000
Record time: 2023-10-26T14:08:07Z
Event time: 2023-10-26T22:22:43.333Z
Status: Underway
Travel distance: 94.4681425485961
Num waypoints: 24
Waypoints: (54.45848726424268, 26.185274052158977), (54.528485319852216, 26.176635541468986), (54.598483375461775, 26.192352685155), (54.668481431071335, 26.197953995608074), (54.73847948668091, 26.182418925611326), (54.80847754229048, 26.149335797003566), (54.87847559790006, 26.10959076927864), (54.94847365350963, 26.07558784812054), (55.018471709119204, 26.05699993387424), (55.08846976190252, 26.058050908615346), (55.15846781750851, 26.083305622511606), (55.22846587311449, 26.11600160892539), (55.29846392872046, 26.130780488816473), (55.36846198432644, 26.111911547789873), (55.43846003993242, 26.067524017955037), (55.5084580983862, 26.046722508671362), (55.57845615399576, 26.033553665553093), (55.648454209605326, 26.03125852497666), (55.718452265214886, 26.039657172229347), (55.78845032082445, 26.054522039930692), (55.85844837643401, 26.067293300091745), (55.92844643204357, 26.0651363511494), (55.998444487653124, 26.03134139997603), (56.06844254326265, 25.946065138864192)
Day of Week: Thursday

MMSI: 355476000
Record time: 2023-10-26T17:20:47Z
Event time: 2023-10-26T22:27:58.333Z
Status: Underway
Travel distance: 61.442764578833696
Num waypoints: 14
Waypoints: (55.15846782033835, 26.12072997321414), (55.22846587594792, 26.090726163338854), (55.298463931557464, 26.133260044412385), (55.368461987167024, 26.136703104562006), (55.43846004277659, 26.089208882594953), (55.50845809838617, 26.02526633695912), (55.57845615428335, 25.98623387312141), (55.64845420989328, 25.986562794121838), (55.71845226521487, 26.0350642417829), (55.78845032082444, 26.097916952398883), (55.858448376434005, 26.12035785291183), (55.92844643204356, 26.06327187015818), (55.998444487653096, 25.95768898690394), (56.06844254326259, 25.97835568450907)
Day of Week: Thursday

MMSI: 355476000
Record time: 2023-10-26T18:50:46Z
Event time: 2023-10-26T22:45:39.666Z
Status: Underway
Travel distance: 45.24676025917927
Num waypoints: 10
Waypoints: (55.4384600427766, 26.114352392065342), (55.50845809838617, 26.044340723453907), (55.57845615399572, 25.97432905484247), (55.64845420960529, 25.97432905484247), (55.718452265214864, 26.044340723453907), (55.78845032082444, 26.114352392065342), (55.858448376433984, 26.114352392065342), (55.92844643204356, 26.044340723453907), (55.99844448765313, 25.97432905484247), (56.06844254326268, 25.97432905484247)
Day of Week: Thursday

MMSI: 355476000
Record time: 2023-10-26T19:41:39Z
Event time: 2023-10-26T22:29:45.750Z
Status: Underway
Travel distance: 33.93844492440605
Num waypoints: 8
Waypoints: (55.57845615399572, 26.114352392065342), (55.64845420960529, 26.044340723453907), (55.718452265214864, 26.044340723453907), (55.78845032082444, 26.114352392065342), (55.858448376433984, 26.114352392065342), (55.92844643204356, 26.044340723453907), (55.99844448765313, 25.97432905484247), (56.06844254326268, 25.97432905484247)
Day of Week: Thursday

MMSI: 355476000
Record time: 2023-10-26T20:37:09Z
Event time: 2023-10-26T22:11:21.250Z
Status: Underway
Travel distance: 18.8585313174946
Num waypoints: 5
Waypoints: (55.78845032082444, 26.114352392065342), (55.858448376433984, 26.114352392065342), (55.92844643204356, 26.044340723453907), (55.99844448765313, 25.97432905484247), (56.06844254326268, 25.97432905484247)
Day of Week: Thursday

MMSI: 355476000
Record time: 2023-10-28T09:15:50Z
Event time: 2023-10-28T09:15:50Z
Status: Arrived
Travel distance: N/A
Num waypoints: 0
Waypoints: 
Day of Week: Saturday

Number of Journeys: 1
