Record time: 2023-07-24T19:30:55Z
Event time: 2023-07-25T15:15:46Z
Status: Underway
Travel distance: 122.91036717062634
Waypoints: (56.699182251756184, 25.413917616738903), (56.69670191014216, 25.485113284084203), (56.69826457960847, 25.554188356682292), (56.69973730920964, 25.623490635860435), (56.69972902903157, 25.69366969940521), (56.69850698895926, 25.76443950005814), (56.69709693174031, 25.8351743458526), (56.69656700034447, 25.905338262292045), (56.69749537961905, 25.974747736369498), (56.69962166933128, 26.04366784109223), (56.70140059420655, 26.112358250319428), (56.70168891571706, 26.178607816610896), (56.69668757395966, 26.254750807280427), (56.68200390592139, 26.330381126692416), (56.65420632029091, 26.40759281075543), (56.6120058503154, 26.470332840717717), (56.55669146274771, 26.511063818200974), (56.48810674787951, 26.527529612707852), (56.42454787267482, 26.521262583548584), (56.35474014695487, 26.496588394458662), (56.27798934063656, 26.462974250363594), (56.2005028233302, 26.420168776278537), (56.12594603288787, 26.370432816112334), (56.058937938154855, 26.315022602928096), (56.005132073396574, 26.254370703099408), (55.97127062213742, 26.18854666651377), (55.96521155330295, 26.117997384182836), (55.99592880966533, 26.044567153259294), (56.07348554859199, 25.972797449460426)
Associated file(s): api_response_2023-07-24_23-38-02.json

Record time: 2023-07-24T19:43:56Z
Event time: 2023-07-25T12:57:09Z
Status: Underway
Travel distance: 118.64686825053995
Waypoints: (56.69857473794717, 25.484830538117905), (56.69775947732583, 25.55348149176657), (56.69883415307054, 25.623529097627927), (56.69925406659708, 25.694328746988425), (56.698598299336595, 25.765152899019323), (56.69755078828639, 25.835450055154578), (56.69707983460021, 25.905000822253086), (56.697816045218175, 25.973971064545236), (56.69962870753629, 26.042862144363788), (56.70140059420655, 26.112358250319428), (56.70168891571706, 26.178607816610896), (56.69668757395966, 26.254750807280427), (56.68200390592139, 26.330381126692416), (56.65420632029091, 26.40759281075543), (56.6120058503154, 26.470332840717717), (56.55669146274771, 26.511063818200974), (56.48810674787951, 26.527529612707852), (56.42454787267482, 26.521262583548584), (56.35474014695487, 26.496588394458662), (56.27798934063656, 26.462974250363594), (56.2005028233302, 26.420168776278537), (56.12594603288787, 26.370432816112334), (56.058937938154855, 26.315022602928096), (56.005132073396574, 26.254370703099408), (55.97127062213742, 26.18854666651377), (55.96521155330295, 26.117997384182836), (55.99592880966533, 26.044567153259294), (56.07348554859199, 25.972797449460426)
Associated file(s): api_response_2023-07-24_23-48-04.json
