Record time: 2023-12-19T04:53:59Z
Event time: 2023-12-20T07:13:03Z
Status: Underway
Travel distance: 274.8731101511879
Waypoints: (51.7311754630952, 24.930574650591), (51.726657455317586, 24.980541261418896), (51.719956906812655, 25.061896307069183), (51.72635160267144, 25.144613821136765), (51.7521163474849, 25.215383370480254), (51.7973477623653, 25.272135404726647), (51.85837261756349, 25.319402335318678), (51.92973970068212, 25.364515344104817), (52.005795220484735, 25.414636921471935), (52.08184174362881, 25.474629132713723), (52.15233917962879, 25.545850856275017), (52.21922223224874, 25.622129554042136), (52.28675353715372, 25.70132029994491), (52.358545593269504, 25.779391462292615), (52.428543648875475, 25.842474529640462), (52.49854170448145, 25.87401323608319), (52.568539760087425, 25.883976398830825), (52.6385378156934, 25.874793551894296), (52.708535871299375, 25.86223687572616), (52.778533926905354, 25.85881969561616), (52.848531982511325, 25.87167228864986), (52.91853003811731, 25.900240517512135), (52.98852809372327, 25.93622363140074), (53.058526149329246, 25.9666220212596), (53.12852420493523, 25.98101451288672), (53.198522260541196, 25.984433577817523), (53.268520316147175, 25.98407546186556), (53.33851837175316, 25.969918572838413), (53.40851642735913, 25.96874621430095), (53.47851448296509, 25.97365617248438), (53.54851253857108, 25.976123402911288), (53.618510594177046, 25.9743290535099), (53.688508649783024, 25.9743290535099), (53.758506705388996, 25.9743290535099), (53.828504760994974, 25.9743290535099), (53.89850281660096, 25.9743290535099), (53.96850087220693, 25.9743290535099), (54.038498927812924, 25.9743290535099), (54.10849698341888, 25.972534704108508), (54.17849503902486, 25.976796283936814), (54.24849309463083, 25.977444662291937), (54.31849115023681, 25.973829575997957), (54.38848920584279, 25.96934370249448), (54.45848726144877, 25.968063909171427), (54.528485317054745, 25.970966533203086), (54.59848337266071, 25.986495571772476), (54.668481428266695, 26.003398644704912), (54.73847948387265, 26.017887262192822), (54.80847753947863, 26.02965608326665), (54.8784755950846, 26.04143809808608), (54.94847365069058, 26.048364814525275), (55.018471706296545, 26.05344252175988), (55.08846976190252, 26.066383701371176), (55.15846781750851, 26.09144050908346), (55.22846587311449, 26.11901920702584), (55.29846392872046, 26.129958706947768), (55.36846198432644, 26.106328708580925), (55.43846003993242, 26.066851136929515), (55.5084580983862, 26.047141190198378), (55.57845615399576, 26.034574541614095), (55.648454209605326, 26.032127153209657), (55.718452265214886, 26.03980262327932), (55.78845032082445, 26.053909358939187), (55.85844837643401, 26.06651322416689), (55.92844643204357, 26.06506566465783), (55.998444487653124, 26.032207309497796), (56.06844254326265, 25.945747049652102)
Associated file(s): api_response_2023-12-19_10-14-15.json, api_response_2023-12-19_10-54-21.json, api_response_2023-12-19_09-14-05.json, api_response_2023-12-19_10-34-18.json, api_response_2023-12-19_09-54-12.json, api_response_2023-12-19_09-34-08.json, api_response_2023-12-19_11-14-25.json

Record time: 2023-12-19T07:27:03Z
Event time: 2023-12-20T06:37:54.375Z
Status: Underway
Travel distance: 248.17764578833695
Waypoints: (51.8685592066887, 25.332229277655397), (51.938557262298296, 25.373111509154146), (52.00855531790787, 25.41136287351095), (52.07855337351743, 25.465776404879357), (52.14855142912699, 25.53920143826674), (52.218549484736556, 25.62480385333904), (52.28854754034613, 25.711255551529025), (52.358545595955704, 25.786853166448232), (52.42854365156528, 25.842566007602407), (52.49854170448145, 25.87401323608319), (52.568539760087425, 25.883976398830825), (52.6385378156934, 25.874793551894296), (52.708535871299375, 25.86223687572616), (52.778533926905354, 25.85881969561616), (52.848531982511325, 25.87167228864986), (52.91853003811731, 25.900240517512135), (52.98852809372327, 25.93622363140074), (53.058526149329246, 25.9666220212596), (53.12852420493523, 25.98101451288672), (53.198522260541196, 25.984433577817523), (53.268520316147175, 25.98407546186556), (53.33851837175316, 25.969918572838413), (53.40851642735913, 25.96874621430095), (53.47851448296509, 25.97365617248438), (53.54851253857108, 25.976123402911288), (53.618510594177046, 25.9743290535099), (53.688508649783024, 25.9743290535099), (53.758506705388996, 25.9743290535099), (53.828504760994974, 25.9743290535099), (53.89850281660096, 25.9743290535099), (53.96850087220693, 25.9743290535099), (54.038498927812924, 25.9743290535099), (54.10849698341888, 25.972534704108508), (54.17849503902486, 25.976796283936814), (54.24849309463083, 25.977444662291937), (54.31849115023681, 25.973829575997957), (54.38848920584279, 25.96934370249448), (54.45848726144877, 25.968063909171427), (54.528485317054745, 25.970966533203086), (54.59848337266071, 25.986495571772476), (54.668481428266695, 26.003398644704912), (54.73847948387265, 26.017887262192822), (54.80847753947863, 26.02965608326665), (54.8784755950846, 26.04143809808608), (54.94847365069058, 26.048364814525275), (55.018471706296545, 26.05344252175988), (55.08846976190252, 26.066383701371176), (55.15846781750851, 26.09144050908346), (55.22846587311449, 26.11901920702584), (55.29846392872046, 26.129958706947768), (55.36846198432644, 26.106328708580925), (55.43846003993242, 26.066851136929515), (55.5084580983862, 26.047141190198378), (55.57845615399576, 26.034574541614095), (55.648454209605326, 26.032127153209657), (55.718452265214886, 26.03980262327932), (55.78845032082445, 26.053909358939187), (55.85844837643401, 26.06651322416689), (55.92844643204357, 26.06506566465783), (55.998444487653124, 26.032207309497796), (56.06844254326265, 25.945747049652102)
Associated file(s): api_response_2023-12-19_12-34-37.json, api_response_2023-12-19_11-34-28.json, api_response_2023-12-19_12-14-34.json, api_response_2023-12-19_12-54-40.json, api_response_2023-12-19_11-54-31.json

Record time: 2023-12-19T08:48:09Z
Event time: 2023-12-20T06:02:08.571Z
Status: Underway
Travel distance: 233.01781857451405
Waypoints: (52.07855337351741, 25.498079012059186), (52.148551429126975, 25.52643245131384), (52.21854948473655, 25.615312969567597), (52.288547540346116, 25.713509300298416), (52.35854559595569, 25.793506144080315), (52.428543651565256, 25.844917075952427), (52.49854170717482, 25.86879257508546), (52.56853976278439, 25.87280317674554), (52.63853781839396, 25.867297746555398), (52.708535871299375, 25.86223687572616), (52.778533926905354, 25.85881969561616), (52.848531982511325, 25.87167228864986), (52.91853003811731, 25.900240517512135), (52.98852809372327, 25.93622363140074), (53.058526149329246, 25.9666220212596), (53.12852420493523, 25.98101451288672), (53.198522260541196, 25.984433577817523), (53.268520316147175, 25.98407546186556), (53.33851837175316, 25.969918572838413), (53.40851642735913, 25.96874621430095), (53.47851448296509, 25.97365617248438), (53.54851253857108, 25.976123402911288), (53.618510594177046, 25.9743290535099), (53.688508649783024, 25.9743290535099), (53.758506705388996, 25.9743290535099), (53.828504760994974, 25.9743290535099), (53.89850281660096, 25.9743290535099), (53.96850087220693, 25.9743290535099), (54.038498927812924, 25.9743290535099), (54.10849698341888, 25.972534704108508), (54.17849503902486, 25.976796283936814), (54.24849309463083, 25.977444662291937), (54.31849115023681, 25.973829575997957), (54.38848920584279, 25.96934370249448), (54.45848726144877, 25.968063909171427), (54.528485317054745, 25.970966533203086), (54.59848337266071, 25.986495571772476), (54.668481428266695, 26.003398644704912), (54.73847948387265, 26.017887262192822), (54.80847753947863, 26.02965608326665), (54.8784755950846, 26.04143809808608), (54.94847365069058, 26.048364814525275), (55.018471706296545, 26.05344252175988), (55.08846976190252, 26.066383701371176), (55.15846781750851, 26.09144050908346), (55.22846587311449, 26.11901920702584), (55.29846392872046, 26.129958706947768), (55.36846198432644, 26.106328708580925), (55.43846003993242, 26.066851136929515), (55.5084580983862, 26.047141190198378), (55.57845615399576, 26.034574541614095), (55.648454209605326, 26.032127153209657), (55.718452265214886, 26.03980262327932), (55.78845032082445, 26.053909358939187), (55.85844837643401, 26.06651322416689), (55.92844643204357, 26.06506566465783), (55.998444487653124, 26.032207309497796), (56.06844254326265, 25.945747049652102)
Associated file(s): api_response_2023-12-19_13-14-44.json, api_response_2023-12-19_13-54-50.json, api_response_2023-12-19_13-34-47.json

Record time: 2023-12-19T10:12:52Z
Event time: 2023-12-20T05:25:46Z
Status: Underway
Travel distance: 216.91900647948165
Waypoints: (52.28854754034608, 25.680207806633607), (52.358545595955654, 25.791099764807214), (52.42854365156523, 25.849740378071928), (52.498541707174795, 25.872952186108694), (52.56853976278437, 25.87565594441138), (52.638537818393935, 25.870146664617547), (52.7085358740035, 25.8656173202923), (52.77853392961307, 25.867930218165306), (52.848531985222635, 25.879636034820827), (52.91853003811731, 25.900240517512135), (52.98852809372327, 25.93622363140074), (53.058526149329246, 25.9666220212596), (53.12852420493523, 25.98101451288672), (53.198522260541196, 25.984433577817523), (53.268520316147175, 25.98407546186556), (53.33851837175316, 25.969918572838413), (53.40851642735913, 25.96874621430095), (53.47851448296509, 25.97365617248438), (53.54851253857108, 25.976123402911288), (53.618510594177046, 25.9743290535099), (53.688508649783024, 25.9743290535099), (53.758506705388996, 25.9743290535099), (53.828504760994974, 25.9743290535099), (53.89850281660096, 25.9743290535099), (53.96850087220693, 25.9743290535099), (54.038498927812924, 25.9743290535099), (54.10849698341888, 25.972534704108508), (54.17849503902486, 25.976796283936814), (54.24849309463083, 25.977444662291937), (54.31849115023681, 25.973829575997957), (54.38848920584279, 25.96934370249448), (54.45848726144877, 25.968063909171427), (54.528485317054745, 25.970966533203086), (54.59848337266071, 25.986495571772476), (54.668481428266695, 26.003398644704912), (54.73847948387265, 26.017887262192822), (54.80847753947863, 26.02965608326665), (54.8784755950846, 26.04143809808608), (54.94847365069058, 26.048364814525275), (55.018471706296545, 26.05344252175988), (55.08846976190252, 26.066383701371176), (55.15846781750851, 26.09144050908346), (55.22846587311449, 26.11901920702584), (55.29846392872046, 26.129958706947768), (55.36846198432644, 26.106328708580925), (55.43846003993242, 26.066851136929515), (55.5084580983862, 26.047141190198378), (55.57845615399576, 26.034574541614095), (55.648454209605326, 26.032127153209657), (55.718452265214886, 26.03980262327932), (55.78845032082445, 26.053909358939187), (55.85844837643401, 26.06651322416689), (55.92844643204357, 26.06506566465783), (55.998444487653124, 26.032207309497796), (56.06844254326265, 25.945747049652102)
Associated file(s): api_response_2023-12-19_15-35-07.json, api_response_2023-12-19_15-55-10.json, api_response_2023-12-19_14-54-59.json, api_response_2023-12-19_15-15-04.json, api_response_2023-12-19_14-14-53.json, api_response_2023-12-19_14-34-56.json

Record time: 2023-12-19T12:03:40Z
Event time: 2023-12-20T06:11:39.800Z
Status: Underway
Travel distance: 204.78725701943844
Waypoints: (52.4985417071748, 26.036816690168127), (52.56853976278436, 26.131710392200787), (52.63853781839393, 26.17591612250438), (52.708535874003495, 26.1886384915562), (52.77853392961306, 26.183993093673887), (52.84853198522264, 26.171678445630548), (52.918530040832216, 26.157655464553137), (52.98852809644179, 26.144834485104013), (53.058526152051364, 26.133769815945683), (53.12852420493523, 26.123361834148533), (53.198522260541196, 26.117714911032394), (53.268520316147175, 26.101235922779914), (53.33851837175316, 26.078199642965), (53.40851642735913, 26.047456330899777), (53.47851448296509, 26.012449554185455), (53.54851253857108, 25.98066582103876), (53.618510594177046, 25.96649573826601), (53.688508649783024, 25.96307855815601), (53.758506705388996, 25.968844224982536), (53.828504760994974, 25.976945184779996), (53.89850281660096, 25.97991189271885), (53.96850087220693, 25.97500193453542), (54.038498927812924, 25.972534704108508), (54.10849698341888, 25.972534704108508), (54.17849503902486, 25.976796283936814), (54.24849309463083, 25.977444662291937), (54.31849115023681, 25.973829575997957), (54.38848920584279, 25.96934370249448), (54.45848726144877, 25.968063909171427), (54.528485317054745, 25.970966533203086), (54.59848337266071, 25.986495571772476), (54.668481428266695, 26.003398644704912), (54.73847948387265, 26.017887262192822), (54.80847753947863, 26.02965608326665), (54.8784755950846, 26.04143809808608), (54.94847365069058, 26.048364814525275), (55.018471706296545, 26.05344252175988), (55.08846976190252, 26.066383701371176), (55.15846781750851, 26.09144050908346), (55.22846587311449, 26.11901920702584), (55.29846392872046, 26.129958706947768), (55.36846198432644, 26.106328708580925), (55.43846003993242, 26.066851136929515), (55.5084580983862, 26.047141190198378), (55.57845615399576, 26.034574541614095), (55.648454209605326, 26.032127153209657), (55.718452265214886, 26.03980262327932), (55.78845032082445, 26.053909358939187), (55.85844837643401, 26.06651322416689), (55.92844643204357, 26.06506566465783), (55.998444487653124, 26.032207309497796), (56.06844254326265, 25.945747049652102)
Associated file(s): api_response_2023-12-19_16-35-18.json, api_response_2023-12-19_16-15-15.json

Record time: 2023-12-19T12:44:58Z
Event time: 2023-12-20T06:47:15.166Z
Status: Underway
Travel distance: 199.47516198704105
Waypoints: (52.56853976278438, 26.109733690099446), (52.63853781839393, 26.18707539253214), (52.708535874003495, 26.199890597575727), (52.77853392961307, 26.185642431816934), (52.84853198522264, 26.165748542373123), (52.918530040832216, 26.150029839426267), (52.98852809644178, 26.14055383431595), (53.05852615205135, 26.134872573191494), (53.12852420766092, 26.128655166223144), (53.198522260541196, 26.117714911032394), (53.268520316147175, 26.101235922779914), (53.33851837175316, 26.078199642965), (53.40851642735913, 26.047456330899777), (53.47851448296509, 26.012449554185455), (53.54851253857108, 25.98066582103876), (53.618510594177046, 25.96649573826601), (53.688508649783024, 25.96307855815601), (53.758506705388996, 25.968844224982536), (53.828504760994974, 25.976945184779996), (53.89850281660096, 25.97991189271885), (53.96850087220693, 25.97500193453542), (54.038498927812924, 25.972534704108508), (54.10849698341888, 25.972534704108508), (54.17849503902486, 25.976796283936814), (54.24849309463083, 25.977444662291937), (54.31849115023681, 25.973829575997957), (54.38848920584279, 25.96934370249448), (54.45848726144877, 25.968063909171427), (54.528485317054745, 25.970966533203086), (54.59848337266071, 25.986495571772476), (54.668481428266695, 26.003398644704912), (54.73847948387265, 26.017887262192822), (54.80847753947863, 26.02965608326665), (54.8784755950846, 26.04143809808608), (54.94847365069058, 26.048364814525275), (55.018471706296545, 26.05344252175988), (55.08846976190252, 26.066383701371176), (55.15846781750851, 26.09144050908346), (55.22846587311449, 26.11901920702584), (55.29846392872046, 26.129958706947768), (55.36846198432644, 26.106328708580925), (55.43846003993242, 26.066851136929515), (55.5084580983862, 26.047141190198378), (55.57845615399576, 26.034574541614095), (55.648454209605326, 26.032127153209657), (55.718452265214886, 26.03980262327932), (55.78845032082445, 26.053909358939187), (55.85844837643401, 26.06651322416689), (55.92844643204357, 26.06506566465783), (55.998444487653124, 26.032207309497796), (56.06844254326265, 25.945747049652102)
Associated file(s): api_response_2023-12-19_17-15-24.json, api_response_2023-12-19_16-55-21.json

Record time: 2023-12-19T13:19:18Z
Event time: 2023-12-20T07:19:47.166Z
Status: Underway
Travel distance: 193.84071274298057
Waypoints: (52.638537818393914, 26.17556300989489), (52.7085358740035, 26.2031334603198), (52.77853392961307, 26.19121143187223), (52.848531985222635, 26.168564687399684), (52.9185300408322, 26.149340434805026), (52.98852809644177, 26.137703305588726), (53.05852615205134, 26.13176596014493), (53.12852420766092, 26.126812319811318), (53.1985222632705, 26.11781342567281), (53.268520316147175, 26.101235922779914), (53.33851837175316, 26.078199642965), (53.40851642735913, 26.047456330899777), (53.47851448296509, 26.012449554185455), (53.54851253857108, 25.98066582103876), (53.618510594177046, 25.96649573826601), (53.688508649783024, 25.96307855815601), (53.758506705388996, 25.968844224982536), (53.828504760994974, 25.976945184779996), (53.89850281660096, 25.97991189271885), (53.96850087220693, 25.97500193453542), (54.038498927812924, 25.972534704108508), (54.10849698341888, 25.972534704108508), (54.17849503902486, 25.976796283936814), (54.24849309463083, 25.977444662291937), (54.31849115023681, 25.973829575997957), (54.38848920584279, 25.96934370249448), (54.45848726144877, 25.968063909171427), (54.528485317054745, 25.970966533203086), (54.59848337266071, 25.986495571772476), (54.668481428266695, 26.003398644704912), (54.73847948387265, 26.017887262192822), (54.80847753947863, 26.02965608326665), (54.8784755950846, 26.04143809808608), (54.94847365069058, 26.048364814525275), (55.018471706296545, 26.05344252175988), (55.08846976190252, 26.066383701371176), (55.15846781750851, 26.09144050908346), (55.22846587311449, 26.11901920702584), (55.29846392872046, 26.129958706947768), (55.36846198432644, 26.106328708580925), (55.43846003993242, 26.066851136929515), (55.5084580983862, 26.047141190198378), (55.57845615399576, 26.034574541614095), (55.648454209605326, 26.032127153209657), (55.718452265214886, 26.03980262327932), (55.78845032082445, 26.053909358939187), (55.85844837643401, 26.06651322416689), (55.92844643204357, 26.06506566465783), (55.998444487653124, 26.032207309497796), (56.06844254326265, 25.945747049652102)
Associated file(s): api_response_2023-12-19_17-55-30.json, api_response_2023-12-19_17-35-27.json

Record time: 2023-12-19T14:04:30Z
Event time: 2023-12-20T07:55:45.333Z
Status: Underway
Travel distance: 185.75431965442763
Waypoints: (52.77853392961306, 26.193559518778407), (52.848531985222635, 26.173768660493415), (52.918530040832195, 26.155996959327126), (52.988528096441755, 26.14240459126355), (53.058526152051314, 26.13203046904209), (53.12852420766089, 26.122359659134734), (53.19852226327046, 26.11057716454214), (53.268520318880036, 26.094508073408583), (53.33851837448962, 26.07324407345588), (53.40851642735913, 26.047456330899777), (53.47851448296509, 26.012449554185455), (53.54851253857108, 25.98066582103876), (53.618510594177046, 25.96649573826601), (53.688508649783024, 25.96307855815601), (53.758506705388996, 25.968844224982536), (53.828504760994974, 25.976945184779996), (53.89850281660096, 25.97991189271885), (53.96850087220693, 25.97500193453542), (54.038498927812924, 25.972534704108508), (54.10849698341888, 25.972534704108508), (54.17849503902486, 25.976796283936814), (54.24849309463083, 25.977444662291937), (54.31849115023681, 25.973829575997957), (54.38848920584279, 25.96934370249448), (54.45848726144877, 25.968063909171427), (54.528485317054745, 25.970966533203086), (54.59848337266071, 25.986495571772476), (54.668481428266695, 26.003398644704912), (54.73847948387265, 26.017887262192822), (54.80847753947863, 26.02965608326665), (54.8784755950846, 26.04143809808608), (54.94847365069058, 26.048364814525275), (55.018471706296545, 26.05344252175988), (55.08846976190252, 26.066383701371176), (55.15846781750851, 26.09144050908346), (55.22846587311449, 26.11901920702584), (55.29846392872046, 26.129958706947768), (55.36846198432644, 26.106328708580925), (55.43846003993242, 26.066851136929515), (55.5084580983862, 26.047141190198378), (55.57845615399576, 26.034574541614095), (55.648454209605326, 26.032127153209657), (55.718452265214886, 26.03980262327932), (55.78845032082445, 26.053909358939187), (55.85844837643401, 26.06651322416689), (55.92844643204357, 26.06506566465783), (55.998444487653124, 26.032207309497796), (56.06844254326265, 25.945747049652102)
Associated file(s): api_response_2023-12-19_18-55-40.json, api_response_2023-12-19_18-35-37.json, api_response_2023-12-19_18-15-33.json, api_response_2023-12-19_19-35-46.json, api_response_2023-12-19_19-15-43.json

Record time: 2023-12-19T15:35:10Z
Event time: 2023-12-20T07:22:07.333Z
Status: Underway
Travel distance: 170.03671706263498
Waypoints: (53.128524207660824, 26.248824315182134), (53.198522263270455, 26.193343769624178), (53.26852031888003, 26.13327899718623), (53.33851837448958, 26.078417443913693), (53.40851643009913, 26.034015446649057), (53.47851448570869, 26.001953439700156), (53.54851254131826, 25.981751496287135), (53.618510596927834, 25.97144520476816), (53.688508652537415, 25.968321879643838), (53.758506705388996, 25.96951710600806), (53.828504760994974, 25.975150835378603), (53.89850281660096, 25.97991189271885), (53.96850087220693, 25.97500193453542), (54.038498927812924, 25.972534704108508), (54.10849698341888, 25.972534704108508), (54.17849503902486, 25.976796283936814), (54.24849309463083, 25.977444662291937), (54.31849115023681, 25.973829575997957), (54.38848920584279, 25.96934370249448), (54.45848726144877, 25.968063909171427), (54.528485317054745, 25.970966533203086), (54.59848337266071, 25.986495571772476), (54.668481428266695, 26.003398644704912), (54.73847948387265, 26.017887262192822), (54.80847753947863, 26.02965608326665), (54.8784755950846, 26.04143809808608), (54.94847365069058, 26.048364814525275), (55.018471706296545, 26.05344252175988), (55.08846976190252, 26.066383701371176), (55.15846781750851, 26.09144050908346), (55.22846587311449, 26.11901920702584), (55.29846392872046, 26.129958706947768), (55.36846198432644, 26.106328708580925), (55.43846003993242, 26.066851136929515), (55.5084580983862, 26.047141190198378), (55.57845615399576, 26.034574541614095), (55.648454209605326, 26.032127153209657), (55.718452265214886, 26.03980262327932), (55.78845032082445, 26.053909358939187), (55.85844837643401, 26.06651322416689), (55.92844643204357, 26.06506566465783), (55.998444487653124, 26.032207309497796), (56.06844254326265, 25.945747049652102)
Associated file(s): api_response_2023-12-19_19-55-49.json, api_response_2023-12-19_20-15-52.json, api_response_2023-12-19_21-56-08.json, api_response_2023-12-19_21-36-05.json, api_response_2023-12-19_20-55-59.json, api_response_2023-12-19_21-16-02.json, api_response_2023-12-19_22-36-14.json, api_response_2023-12-19_22-16-11.json, api_response_2023-12-19_20-35-55.json

Record time: 2023-12-19T18:48:14Z
Event time: 2023-12-20T06:56:04.750Z
Status: Underway
Travel distance: 133.7327213822894
Waypoints: (53.82850476375657, 26.260284848112622), (53.89850281936614, 26.17663573566261), (53.9685008749757, 26.103090633478693), (54.03849893058526, 26.044818491257196), (54.10849698619483, 26.003214847453084), (54.178495041804396, 25.97715655448645), (54.24849309741398, 25.96405803231875), (54.31849115302355, 25.960729050398854), (54.38848920863313, 25.964034037978813), (54.45848726144877, 25.971352921467044), (54.528485317054745, 25.974755023010648), (54.59848337266071, 25.987168452798), (54.668481428266695, 26.001604295303522), (54.73847948387265, 26.017887262192822), (54.80847753947863, 26.02965608326665), (54.8784755950846, 26.04143809808608), (54.94847365069058, 26.048364814525275), (55.018471706296545, 26.05344252175988), (55.08846976190252, 26.066383701371176), (55.15846781750851, 26.09144050908346), (55.22846587311449, 26.11901920702584), (55.29846392872046, 26.129958706947768), (55.36846198432644, 26.106328708580925), (55.43846003993242, 26.066851136929515), (55.5084580983862, 26.047141190198378), (55.57845615399576, 26.034574541614095), (55.648454209605326, 26.032127153209657), (55.718452265214886, 26.03980262327932), (55.78845032082445, 26.053909358939187), (55.85844837643401, 26.06651322416689), (55.92844643204357, 26.06506566465783), (55.998444487653124, 26.032207309497796), (56.06844254326265, 25.945747049652102)
Associated file(s): api_response_2023-12-19_23-36-24.json, api_response_2023-12-19_23-16-21.json, api_response_2023-12-20_00-36-33.json, api_response_2023-12-20_00-16-30.json, api_response_2023-12-19_22-56-18.json, api_response_2023-12-19_23-56-27.json, api_response_2023-12-20_00-56-36.json

Record time: 2023-12-19T20:53:19Z
Event time: 2023-12-20T05:50:45Z
Status: Underway
Travel distance: 107.70626349892008
Waypoints: (54.24849309741396, 26.257642843393267), (54.318491153023565, 26.1840325721023), (54.38848920863313, 26.17085445338106), (54.45848726424269, 26.182682680580154), (54.528485319852244, 26.19704110835574), (54.598483375461804, 26.201730011329065), (54.66848143107137, 26.192370916512544), (54.738479486680944, 26.170169509502383), (54.80847754229052, 26.13989661443777), (54.8784755950846, 26.108087246387118), (54.94847365069058, 26.07775294043545), (55.018471706296545, 26.05658828767471), (55.08846976190252, 26.058050908615346), (55.15846781750851, 26.083305622511606), (55.22846587311449, 26.11600160892539), (55.29846392872046, 26.130780488816473), (55.36846198432644, 26.111911547789873), (55.43846003993242, 26.067524017955037), (55.5084580983862, 26.046722508671362), (55.57845615399576, 26.033553665553093), (55.648454209605326, 26.03125852497666), (55.718452265214886, 26.039657172229347), (55.78845032082445, 26.054522039930692), (55.85844837643401, 26.067293300091745), (55.92844643204357, 26.0651363511494), (55.998444487653124, 26.03134139997603), (56.06844254326265, 25.946065138864192)
Associated file(s): api_response_2023-12-20_01-56-46.json, api_response_2023-12-20_03-16-59.json, api_response_2023-12-20_02-56-55.json, api_response_2023-12-20_01-16-39.json, api_response_2023-12-20_02-36-52.json, api_response_2023-12-20_03-37-02.json, api_response_2023-12-20_03-57-05.json, api_response_2023-12-20_01-36-43.json, api_response_2023-12-20_02-16-49.json

Record time: 2023-12-19T23:57:59Z
Event time: 2023-12-20T05:45:26.333Z
Status: Underway
Travel distance: 68.9622030237581
Waypoints: (54.94847365350966, 26.18161850504495), (55.01847170911923, 26.126129380696597), (55.0884697647288, 26.102036296356626), (55.15846782033836, 26.10664649554001), (55.228465875947926, 26.122627963595267), (55.29846393155749, 26.130614529269202), (55.36846198716705, 26.11787326148388), (55.43846004222247, 26.08303416106514), (55.50845809783134, 26.031268766015494), (55.578456153440214, 25.995015204504988), (55.648454209605255, 26.008178865724286), (55.718452265214815, 26.0489814905644), (55.78845032082438, 26.090336561213828), (55.85844837643395, 26.099416902896557), (55.92844643204353, 26.056567894283912), (55.99844448765311, 25.981922683708387), (56.0684425432627, 25.969719411439616)
Associated file(s): api_response_2023-12-20_04-17-09.json, api_response_2023-12-20_04-37-12.json

Record time: 2023-12-20T00:45:08Z
Event time: 2023-12-20T06:03:42.333Z
Status: Underway
Travel distance: 63.73596112311015
Waypoints: (55.08846976472876, 26.118337338194934), (55.15846782033832, 26.102172462577208), (55.22846587594789, 26.117644633599557), (55.29846393155745, 26.1299602240533), (55.36846198716702, 26.1199069128306), (55.43846004277658, 26.084954130299145), (55.50845809867343, 26.037210565127804), (55.57845615428335, 25.98623387312141), (55.64845420989328, 25.986562794121838), (55.71845226521487, 26.0350642417829), (55.78845032082444, 26.097916952398883), (55.858448376434005, 26.12035785291183), (55.92844643204356, 26.06327187015818), (55.998444487653096, 25.95768898690394), (56.06844254326259, 25.97835568450907)
Associated file(s): api_response_2023-12-20_04-57-15.json, api_response_2023-12-20_05-17-18.json

Record time: 2023-12-20T01:25:29Z
Event time: 2023-12-20T06:20:25.250Z
Status: Underway
Travel distance: 56.836933045356375
Waypoints: (55.22846587594787, 26.11664195506602), (55.29846393155744, 26.102962176131232), (55.368461987167, 26.133907276058405), (55.438460042776576, 26.105453335874078), (55.50845809838614, 26.03506727331285), (55.578456154037184, 25.979973763643358), (55.6484542096468, 25.976143425541615), (55.71845226525644, 26.04434072347333), (55.788450320824374, 26.10407095821329), (55.85844837643393, 26.11435239206531), (55.92844643204349, 26.05535654543819), (55.998444487653074, 25.966495581431367), (56.06844254326263, 25.976042627151074)
Associated file(s): api_response_2023-12-20_06-37-30.json, api_response_2023-12-20_05-57-24.json, api_response_2023-12-20_05-37-21.json, api_response_2023-12-20_06-17-27.json

Record time: 2023-12-20T02:44:29Z
Event time: 2023-12-20T06:02:57.500Z
Status: Underway
Travel distance: 35.83315334773218
Waypoints: (55.50845809838617, 26.184364060676778), (55.57845615399572, 26.184364060676778), (55.64845420960529, 26.184364060676778), (55.718452265214864, 26.114352392065342), (55.78845032082444, 26.044340723453907), (55.858448376433984, 26.044340723453907), (55.92844643204356, 26.044340723453907), (55.99844448765313, 25.97432905484247), (56.06844254326268, 25.97432905484247)
Associated file(s): api_response_2023-12-20_06-57-34.json

Record time: 2023-12-20T03:10:04Z
Event time: 2023-12-20T05:39:27.250Z
Status: Underway
Travel distance: 33.93844492440605
Waypoints: (55.57845615399572, 26.114352392065342), (55.64845420960529, 26.044340723453907), (55.718452265214864, 26.044340723453907), (55.78845032082444, 26.114352392065342), (55.858448376433984, 26.114352392065342), (55.92844643204356, 26.044340723453907), (55.99844448765313, 25.97432905484247), (56.06844254326268, 25.97432905484247)
Associated file(s): api_response_2023-12-20_07-57-43.json, api_response_2023-12-20_08-17-46.json, api_response_2023-12-20_07-17-37.json, api_response_2023-12-20_07-37-40.json

Record time: 2023-12-20T04:19:09Z
Event time: 2023-12-20T05:15:50.666Z
Status: Underway
Travel distance: 13.208963282937365
Waypoints: (55.858448376433984, 26.044340723453907), (55.92844643204356, 26.044340723453907), (55.99844448765313, 25.97432905484247), (56.06844254326268, 25.97432905484247)
Associated file(s): api_response_2023-12-20_08-37-49.json, api_response_2023-12-20_09-17-55.json, api_response_2023-12-20_08-57-52.json

Record time: 2023-12-21T04:22:11Z
Event time: 2023-12-21T04:22:11Z
Status: Arrived
Travel distance: N/A
Waypoints: 
Associated file(s): api_response_2023-12-21_14-22-33.json, api_response_2023-12-21_17-02-58.json, api_response_2023-12-21_09-01-42.json, api_response_2023-12-21_18-03-08.json, api_response_2023-12-21_12-42-17.json, api_response_2023-12-21_13-22-23.json, api_response_2023-12-21_11-22-05.json, api_response_2023-12-21_18-23-11.json, api_response_2023-12-21_15-02-39.json, api_response_2023-12-21_17-23-01.json, api_response_2023-12-21_16-42-55.json, api_response_2023-12-21_19-43-25.json, api_response_2023-12-21_08-41-38.json, api_response_2023-12-21_20-03-28.json, api_response_2023-12-21_11-42-08.json, api_response_2023-12-21_13-02-20.json, api_response_2023-12-21_10-01-52.json, api_response_2023-12-21_18-43-14.json, api_response_2023-12-21_09-41-48.json, api_response_2023-12-21_17-43-04.json, api_response_2023-12-21_10-21-55.json, api_response_2023-12-21_12-02-11.json, api_response_2023-12-21_19-23-21.json, api_response_2023-12-21_16-22-51.json, api_response_2023-12-21_14-02-29.json, api_response_2023-12-21_12-22-14.json, api_response_2023-12-21_09-21-45.json, api_response_2023-12-21_14-42-36.json, api_response_2023-12-21_11-02-02.json, api_response_2023-12-21_16-02-48.json, api_response_2023-12-21_19-03-18.json, api_response_2023-12-21_10-41-58.json, api_response_2023-12-21_15-42-45.json, api_response_2023-12-21_13-42-26.json, api_response_2023-12-21_15-22-42.json

Record time: 2024-01-16T13:15:17Z
Event time: 2024-01-16T13:15:17Z
Status: Arrived
Travel distance: N/A
Waypoints: 
Associated file(s): api_response_2024-01-16_20-05-59.json, api_response_2024-01-16_19-25-53.json, api_response_2024-01-17_04-47-15.json, api_response_2024-01-17_04-27-12.json, api_response_2024-01-16_23-06-26.json, api_response_2024-01-16_23-46-32.json, api_response_2024-01-17_00-26-37.json, api_response_2024-01-17_02-46-57.json, api_response_2024-01-17_03-27-03.json, api_response_2024-01-17_02-06-52.json, api_response_2024-01-16_19-05-50.json, api_response_2024-01-17_00-46-40.json, api_response_2024-01-16_21-46-13.json, api_response_2024-01-17_01-46-48.json, api_response_2024-01-16_17-25-36.json, api_response_2024-01-16_18-05-42.json, api_response_2024-01-17_00-06-34.json, api_response_2024-01-16_23-26-29.json, api_response_2024-01-17_03-07-00.json, api_response_2024-01-16_22-26-19.json, api_response_2024-01-17_02-26-55.json, api_response_2024-01-17_05-07-17.json, api_response_2024-01-16_21-06-08.json, api_response_2024-01-16_18-25-45.json, api_response_2024-01-17_04-07-09.json, api_response_2024-01-16_22-46-22.json, api_response_2024-01-16_19-45-56.json, api_response_2024-01-17_01-06-43.json, api_response_2024-01-17_01-26-46.json, api_response_2024-01-16_18-45-48.json, api_response_2024-01-16_20-26-02.json, api_response_2024-01-16_17-45-39.json, api_response_2024-01-16_21-26-11.json, api_response_2024-01-16_20-46-05.json, api_response_2024-01-16_22-06-17.json, api_response_2024-01-17_03-47-06.json
