Record time: 2023-11-22T10:51:35Z
Event time: 2023-11-24T00:52:28.857Z
Status: Underway
Travel distance: 499.67116630669545
Waypoints: (48.329999999999984, 29.27175427501559), (48.51000000000002, 29.014258289993766), (48.69000000000001, 28.914131631566722), (48.87, 28.896993213328614), (49.04999999999999, 28.90865228404656), (49.22999999999999, 28.912177158310808), (49.41, 28.88508315569208), (49.59, 28.81663974840614), (49.77000000000001, 28.705296917485548), (49.9499999974374, 28.55623071599357), (50.12999999742817, 28.361242426866415), (50.30999999741891, 28.18070453483098), (50.48999999740969, 27.98955417813059), (50.674613269711415, 27.798975634594804), (50.84365674796363, 27.61545268400522), (51.02198976720337, 27.438505584808482), (51.21128415405597, 27.25674168658117), (51.40281733482418, 27.123010094179897), (51.586107683448496, 26.994478124877023), (51.754031764742884, 26.85044420376448), (51.90506312831031, 26.692497777604856), (52.04327230854282, 26.511111857571095), (52.176727686110326, 26.349564946824234), (52.31493686634284, 26.22947449051057), (52.465968229910274, 26.15799299906182), (52.63389231120466, 26.131805894473047), (52.817182659829, 26.138250907260442), (53.008715840597205, 26.153239196396832), (53.19801022744979, 26.135018709118185), (53.37634324668954, 26.098001075522028), (53.54538672494172, 26.045961231669537), (53.72999999724346, 26.00430125051674), (53.90999999723422, 25.971979269094252), (54.089999997225, 26.000128952764904), (54.26999999721577, 26.013396956533235), (54.44999999720652, 26.04049993136022), (54.630000000000074, 26.02514044958943), (54.810000000000066, 25.99393033199131), (54.99000000000006, 25.959340657619375), (55.170000000000044, 25.938356436079708), (55.35000000000003, 25.946780283654935), (55.530000000000015, 25.991274528567406), (55.71, 26.05914174671745), (55.88999999999997, 26.10584372789692), (56.069999999999936, 26.040258872477857)
Associated file(s): api_response_2023-11-22_15-39-28.json, api_response_2023-11-22_14-59-21.json, api_response_2023-11-22_15-19-24.json

Record time: 2023-11-22T11:52:46Z
Event time: 2023-11-24T02:00:54.900Z
Status: Underway
Travel distance: 486.3974082073434
Waypoints: (48.50999999999999, 29.077788641564386), (48.690000000000005, 28.881886831703785), (48.870000000000005, 28.864467382126577), (49.05000000000001, 28.90387351778658), (49.23000000000001, 28.929305914169305), (49.41000000000001, 28.907120987775198), (49.59000000000001, 28.829019077570724), (49.77000000000002, 28.70212251740724), (49.95000000000002, 28.54094359940776), (50.12999999742817, 28.361242426866415), (50.30999999741891, 28.18070453483098), (50.48999999740969, 27.98955417813059), (50.674613269711415, 27.798975634594804), (50.84365674796363, 27.61545268400522), (51.02198976720337, 27.438505584808482), (51.21128415405597, 27.25674168658117), (51.40281733482418, 27.123010094179897), (51.586107683448496, 26.994478124877023), (51.754031764742884, 26.85044420376448), (51.90506312831031, 26.692497777604856), (52.04327230854282, 26.511111857571095), (52.176727686110326, 26.349564946824234), (52.31493686634284, 26.22947449051057), (52.465968229910274, 26.15799299906182), (52.63389231120466, 26.131805894473047), (52.817182659829, 26.138250907260442), (53.008715840597205, 26.153239196396832), (53.19801022744979, 26.135018709118185), (53.37634324668954, 26.098001075522028), (53.54538672494172, 26.045961231669537), (53.72999999724346, 26.00430125051674), (53.90999999723422, 25.971979269094252), (54.089999997225, 26.000128952764904), (54.26999999721577, 26.013396956533235), (54.44999999720652, 26.04049993136022), (54.630000000000074, 26.02514044958943), (54.810000000000066, 25.99393033199131), (54.99000000000006, 25.959340657619375), (55.170000000000044, 25.938356436079708), (55.35000000000003, 25.946780283654935), (55.530000000000015, 25.991274528567406), (55.71, 26.05914174671745), (55.88999999999997, 26.10584372789692), (56.069999999999936, 26.040258872477857)
Associated file(s): api_response_2023-11-22_15-59-31.json

Record time: 2023-11-22T12:17:34Z
Event time: 2023-11-24T03:12:02.800Z
Status: Underway
Travel distance: 486.3974082073434
Waypoints: (48.50999999999999, 29.077788641564386), (48.690000000000005, 28.881886831703785), (48.870000000000005, 28.864467382126577), (49.05000000000001, 28.90387351778658), (49.23000000000001, 28.929305914169305), (49.41000000000001, 28.907120987775198), (49.59000000000001, 28.829019077570724), (49.77000000000002, 28.70212251740724), (49.95000000000002, 28.54094359940776), (50.12999999742817, 28.361242426866415), (50.30999999741891, 28.18070453483098), (50.48999999740969, 27.98955417813059), (50.674613269711415, 27.798975634594804), (50.84365674796363, 27.61545268400522), (51.02198976720337, 27.438505584808482), (51.21128415405597, 27.25674168658117), (51.40281733482418, 27.123010094179897), (51.586107683448496, 26.994478124877023), (51.754031764742884, 26.85044420376448), (51.90506312831031, 26.692497777604856), (52.04327230854282, 26.511111857571095), (52.176727686110326, 26.349564946824234), (52.31493686634284, 26.22947449051057), (52.465968229910274, 26.15799299906182), (52.63389231120466, 26.131805894473047), (52.817182659829, 26.138250907260442), (53.008715840597205, 26.153239196396832), (53.19801022744979, 26.135018709118185), (53.37634324668954, 26.098001075522028), (53.54538672494172, 26.045961231669537), (53.72999999724346, 26.00430125051674), (53.90999999723422, 25.971979269094252), (54.089999997225, 26.000128952764904), (54.26999999721577, 26.013396956533235), (54.44999999720652, 26.04049993136022), (54.630000000000074, 26.02514044958943), (54.810000000000066, 25.99393033199131), (54.99000000000006, 25.959340657619375), (55.170000000000044, 25.938356436079708), (55.35000000000003, 25.946780283654935), (55.530000000000015, 25.991274528567406), (55.71, 26.05914174671745), (55.88999999999997, 26.10584372789692), (56.069999999999936, 26.040258872477857)
Associated file(s): api_response_2023-11-22_16-19-34.json, api_response_2023-11-22_16-39-38.json

Record time: 2023-11-22T12:42:24Z
Event time: 2023-11-24T02:29:44.900Z
Status: Underway
Travel distance: 474.52591792656585
Waypoints: (48.69, 29.06137407946744), (48.87000000000002, 28.90604460162266), (49.050000000000026, 28.886543217611596), (49.23000000000002, 28.90103409978097), (49.41000000000002, 28.891565657925334), (49.59000000000002, 28.832275196710686), (49.77000000000002, 28.719187381147606), (49.95000000000002, 28.561606510113954), (50.13000000000002, 28.375102597927075), (50.30999999741891, 28.176091262520004), (50.48999999740969, 27.98955417813059), (50.674613269711415, 27.798975634594804), (50.84365674796363, 27.61545268400522), (51.02198976720337, 27.438505584808482), (51.21128415405597, 27.25674168658117), (51.40281733482418, 27.123010094179897), (51.586107683448496, 26.994478124877023), (51.754031764742884, 26.85044420376448), (51.90506312831031, 26.692497777604856), (52.04327230854282, 26.511111857571095), (52.176727686110326, 26.349564946824234), (52.31493686634284, 26.22947449051057), (52.465968229910274, 26.15799299906182), (52.63389231120466, 26.131805894473047), (52.817182659829, 26.138250907260442), (53.008715840597205, 26.153239196396832), (53.19801022744979, 26.135018709118185), (53.37634324668954, 26.098001075522028), (53.54538672494172, 26.045961231669537), (53.72999999724346, 26.00430125051674), (53.90999999723422, 25.971979269094252), (54.089999997225, 26.000128952764904), (54.26999999721577, 26.013396956533235), (54.44999999720652, 26.04049993136022), (54.630000000000074, 26.02514044958943), (54.810000000000066, 25.99393033199131), (54.99000000000006, 25.959340657619375), (55.170000000000044, 25.938356436079708), (55.35000000000003, 25.946780283654935), (55.530000000000015, 25.991274528567406), (55.71, 26.05914174671745), (55.88999999999997, 26.10584372789692), (56.069999999999936, 26.040258872477857)
Associated file(s): api_response_2023-11-22_16-59-41.json

Record time: 2023-11-22T13:07:35Z
Event time: 2023-11-24T01:44:41.900Z
Status: Underway
Travel distance: 466.8628509719222
Waypoints: (48.78864475986777, 29.050329801517073), (48.85864281547734, 28.99060010452472), (48.92864087108689, 28.931508505046796), (48.99863892669645, 28.88484489988123), (49.06863698230601, 28.855282102485603), (49.13863503791558, 28.84231174242072), (49.20863309352515, 28.841957002011455), (49.278631149134725, 28.84826219022488), (49.3486292047443, 28.854559153765724), (49.418627257818535, 28.854510523908754), (49.48862531342452, 28.845959091940145), (49.55862336903051, 28.821151080573433), (49.628621424636464, 28.772831814550266), (49.69861948024245, 28.714313783179477), (49.76861753584842, 28.642733943666215), (49.8386155914544, 28.566457130719908), (49.90861364706036, 28.49146011109665), (49.97861170266634, 28.420948964976866), (50.04860975827232, 28.35405290515106), (50.11860781387829, 28.286508466970123), (50.18860586948427, 28.21470244896089), (50.25860392509024, 28.14469078035304), (50.32860198069622, 28.074679111745205), (50.3986000363022, 28.00466744313736), (50.46859809190816, 27.934655774529514), (50.53859614751414, 27.86464410592167), (50.60859420312011, 27.794632437313826), (50.6785922587261, 27.724620768705986), (50.74859031433206, 27.652814750696745), (50.818588369938055, 27.58527031251582), (50.888586425544034, 27.51837425269001), (50.958584481149984, 27.447863106570225), (51.028582536755984, 27.372866086946964), (51.09858059236195, 27.296589274000652), (51.16857864796792, 27.22500943448739), (51.2385767035739, 27.164697053715216), (51.308574759179876, 27.120639367520347), (51.37857281478584, 27.094685385107375), (51.448570870391826, 27.08498609727171), (51.5185689259978, 27.088348617578518), (51.58856698160376, 27.09035218208868), (51.658565037209755, 27.094689154748977), (51.728563092815726, 27.098803718554898), (51.79856114842171, 27.10196833267773), (51.86855920402767, 27.096519315745564), (51.93855725963364, 27.09476266276017), (52.00855531523963, 27.082848710484758), (52.0785533708456, 27.072225860457195), (52.14855142645157, 27.054755456464033), (52.21854948205756, 27.039435633003414), (52.288547537663526, 27.01932836471136), (52.358545593269504, 26.993255638587993), (52.428543648875475, 26.971205120051362), (52.49854170448145, 26.942324010936332), (52.568539760087425, 26.91221211383904), (52.6385378156934, 26.87208804865331), (52.708535871299375, 26.823346582770984), (52.778533926905354, 26.787193835010395), (52.848531982511325, 26.74739961346463), (52.91853003811731, 26.703564336124142), (52.98852809372327, 26.655708736017722), (53.058526149329246, 26.62055494328101), (53.12852420493523, 26.57962794443458), (53.198522260541196, 26.53886680981853), (53.268520316147175, 26.48946565665629), (53.33851837175316, 26.438956228863766), (53.40851642735913, 26.385674229674773), (53.47851448296509, 26.337475592182788), (53.54851253857108, 26.288562607607687), (53.618510594177046, 26.229243527397), (53.688508649783024, 26.16899711535282), (53.758506705388996, 26.103275298885276), (53.828504760994974, 26.04830826990128), (53.89850281660096, 26.007232370211664), (53.96850087220693, 25.974998164893822), (54.038498927812924, 25.961683790764173), (54.10849698341888, 25.962105990623325), (54.17849503902486, 25.976894294618404), (54.24849309463083, 25.980733674587555), (54.31849115023681, 25.97761806580552), (54.38848920584279, 25.970016583520003), (54.45848726144877, 25.966269559770033), (54.528485317054745, 25.970966533203086), (54.59848337266071, 25.986495571772476), (54.668481428266695, 26.003398644704912), (54.73847948387265, 26.017887262192822), (54.80847753947863, 26.02965608326665), (54.8784755950846, 26.04143809808608), (54.94847365069058, 26.048364814525275), (55.018471706296545, 26.05344252175988), (55.08846976190252, 26.066383701371176), (55.15846781750851, 26.09144050908346), (55.22846587311449, 26.11901920702584), (55.29846392872046, 26.129958706947768), (55.36846198432644, 26.106328708580925), (55.43846003993242, 26.066851136929515), (55.5084580983862, 26.047141190198378), (55.57845615399576, 26.034574541614095), (55.648454209605326, 26.032127153209657), (55.718452265214886, 26.03980262327932), (55.78845032082445, 26.053909358939187), (55.85844837643401, 26.06651322416689), (55.92844643204357, 26.06506566465783), (55.998444487653124, 26.032207309497796), (56.06844254326265, 25.945747049652102)
Associated file(s): api_response_2023-11-22_17-19-44.json
