Record time: 2023-07-12T16:52:13Z
Event time: 2023-07-13T06:13:25Z
Status: Underway
Travel distance: 208.60097192224623
Num waypoints: 45
Waypoints: (52.98852809644176, 24.362786572188224), (53.058526152051364, 24.431319261899045), (53.12852420766093, 24.51226058367218), (53.19852226327049, 24.583818839135166), (53.26852031888005, 24.638980267396963), (53.33851837448962, 24.6800547506173), (53.40851643009919, 24.714145458732055), (53.478514485708764, 24.749542433334803), (53.54851254131834, 24.7930401107144), (53.618510594177046, 24.848178782773907), (53.688508649783024, 24.91966815088878), (53.758506705388996, 24.995234386393577), (53.828504760994974, 25.06335934938084), (53.89850281660096, 25.115386057917178), (53.96850087220693, 25.15111660581861), (54.038498927812924, 25.187946004246324), (54.10849698341888, 25.227913629305665), (54.17849503902486, 25.27206367171972), (54.24849309463083, 25.336848732249763), (54.31849115023681, 25.414077379699968), (54.38848920584279, 25.487372406141034), (54.45848726144877, 25.557655488944047), (54.528485317054745, 25.619656669152825), (54.59848337266071, 25.67224882392909), (54.668481428266695, 25.710750058406205), (54.73847948387265, 25.73265544574125), (54.80847753947863, 25.736775664009578), (54.8784755950846, 25.730934604351056), (54.94847365069058, 25.713072157631537), (55.018471706296545, 25.70187255243924), (55.08846976190252, 25.696796730025426), (55.15846781750851, 25.708605132336057), (55.22846587311449, 25.73896771059972), (55.29846392872046, 25.785426658493517), (55.36846198432644, 25.833057964924766), (55.43846003993242, 25.870262442691626), (55.5084580983862, 25.923258955686766), (55.57845615399576, 25.97513117174754), (55.648454209605326, 26.021199082155096), (55.718452265214886, 26.056503723384953), (55.78845032082445, 26.076317964871023), (55.85844837643401, 26.076809777445074), (55.92844643204357, 26.055857983778925), (55.998444487653124, 26.014020490829342), (56.06844254326265, 25.955655004285642)

Record time: 2023-07-12T18:18:32Z
Event time: 2023-07-13T06:55:46.800Z
Status: Underway
Travel distance: 191.95032397408207
Num waypoints: 40
Waypoints: (53.33851837448962, 24.362638014039707), (53.40851643009915, 24.377332453959713), (53.4785144857087, 24.404444093309305), (53.548512541318274, 24.450139123335283), (53.61851059692785, 24.510939107251478), (53.68850865253743, 24.57820063383381), (53.758506708147, 24.641766969237988), (53.82850476375657, 24.69279170703978), (53.898502819366136, 24.725734416497954), (53.96850087220693, 24.73952828777056), (54.038498927812924, 24.734689952777526), (54.10849698341888, 24.720746048500754), (54.17849503902486, 24.72226709888617), (54.24849309463083, 24.741151118479173), (54.31849115023681, 24.78234764669998), (54.38848920584279, 24.84192117771864), (54.45848726144877, 24.912577455040008), (54.528485317054745, 24.99311773263542), (54.59848337266071, 25.071727953731862), (54.668481428266695, 25.13618317062195), (54.73847948387265, 25.204873579849156), (54.80847753947863, 25.272418018030077), (54.8784755950846, 25.346018385440697), (54.94847365069058, 25.411768474220242), (55.018471706296545, 25.48292611387435), (55.08846976190252, 25.552291288947867), (55.15846781750851, 25.62614045270407), (55.22846587311449, 25.702841350330335), (55.29846392872046, 25.77196903798308), (55.36846198432644, 25.82641020196394), (55.43846003993242, 25.87105972188993), (55.5084580983862, 25.92497376565051), (55.57845615399576, 25.976074713039978), (55.648454209605326, 26.021304443637828), (55.718452265214886, 26.056370278072336), (55.78845032082445, 26.076423514835827), (55.85844837643401, 26.077071579054177), (55.92844643204357, 26.055723784537967), (55.998444487653124, 26.013270709115133), (56.06844254326265, 25.95609718324526)

Record time: 2023-07-12T18:28:54Z
Event time: 2023-07-13T08:35:24.600Z
Status: Underway
Travel distance: 187.94816414686824
Num waypoints: 39
Waypoints: (53.40851643009917, 24.377589372169457), (53.47851448570876, 24.3985081072211), (53.548512541318324, 24.449281889700764), (53.618510596927884, 24.51527397233965), (53.68850865253745, 24.583660805478452), (53.75850670814701, 24.64440799727752), (53.828504763756584, 24.690914168502093), (53.898502819366165, 24.72032270188262), (53.96850087497574, 24.733501386050094), (54.038498927812924, 24.734689952777526), (54.10849698341888, 24.720746048500754), (54.17849503902486, 24.72226709888617), (54.24849309463083, 24.741151118479173), (54.31849115023681, 24.78234764669998), (54.38848920584279, 24.84192117771864), (54.45848726144877, 24.912577455040008), (54.528485317054745, 24.99311773263542), (54.59848337266071, 25.071727953731862), (54.668481428266695, 25.13618317062195), (54.73847948387265, 25.204873579849156), (54.80847753947863, 25.272418018030077), (54.8784755950846, 25.346018385440697), (54.94847365069058, 25.411768474220242), (55.018471706296545, 25.48292611387435), (55.08846976190252, 25.552291288947867), (55.15846781750851, 25.62614045270407), (55.22846587311449, 25.702841350330335), (55.29846392872046, 25.77196903798308), (55.36846198432644, 25.82641020196394), (55.43846003993242, 25.87105972188993), (55.5084580983862, 25.92497376565051), (55.57845615399576, 25.976074713039978), (55.648454209605326, 26.021304443637828), (55.718452265214886, 26.056370278072336), (55.78845032082445, 26.076423514835827), (55.85844837643401, 26.077071579054177), (55.92844643204357, 26.055723784537967), (55.998444487653124, 26.013270709115133), (56.06844254326265, 25.95609718324526)

Record time: 2023-07-12T19:32:34Z
Event time: 2023-07-13T07:43:05.600Z
Status: Underway
Travel distance: 200.1841252699784
Num waypoints: 43
Waypoints: (53.128524207660824, 24.424206919168572), (53.198522263270455, 24.522947209182227), (53.26852031888003, 24.58354318123736), (53.33851837448958, 24.63073490747948), (53.40851643009913, 24.67854913862759), (53.47851448570869, 24.733137655616748), (53.54851254131826, 24.7952601440377), (53.618510596927834, 24.862411591373743), (53.688508652537415, 24.930594207034666), (53.758506705388996, 24.995733863905517), (53.828504760994974, 25.060243740598807), (53.89850281660096, 25.11291882749026), (53.96850087220693, 25.152910955220005), (54.038498927812924, 25.187946004246324), (54.10849698341888, 25.227913629305665), (54.17849503902486, 25.27206367171972), (54.24849309463083, 25.336848732249763), (54.31849115023681, 25.414077379699968), (54.38848920584279, 25.487372406141034), (54.45848726144877, 25.557655488944047), (54.528485317054745, 25.619656669152825), (54.59848337266071, 25.67224882392909), (54.668481428266695, 25.710750058406205), (54.73847948387265, 25.73265544574125), (54.80847753947863, 25.736775664009578), (54.8784755950846, 25.730934604351056), (54.94847365069058, 25.713072157631537), (55.018471706296545, 25.70187255243924), (55.08846976190252, 25.696796730025426), (55.15846781750851, 25.708605132336057), (55.22846587311449, 25.73896771059972), (55.29846392872046, 25.785426658493517), (55.36846198432644, 25.833057964924766), (55.43846003993242, 25.870262442691626), (55.5084580983862, 25.923258955686766), (55.57845615399576, 25.97513117174754), (55.648454209605326, 26.021199082155096), (55.718452265214886, 26.056503723384953), (55.78845032082445, 26.076317964871023), (55.85844837643401, 26.076809777445074), (55.92844643204357, 26.055857983778925), (55.998444487653124, 26.014020490829342), (56.06844254326265, 25.955655004285642)

Record time: 2023-07-12T20:00:22Z
Event time: 2023-07-13T08:22:50.666Z
Status: Underway
Travel distance: 222.55831533477323
Num waypoints: 51
Waypoints: (53.0588878644918, 24.500562312011436), (52.98260459410882, 24.585418143853328), (52.99994032894441, 24.64189542834288), (53.0581587005909, 24.688549369518167), (53.126681696728504, 24.73622154229375), (53.190975360647975, 24.79007926856617), (53.24727105781753, 24.85138546394501), (53.29812230949386, 24.918998955109622), (53.348797193377514, 24.990605267791423), (53.4045063085725, 25.063677884096), (53.468489185998514, 25.137304638997822), (53.54719153609484, 25.206667929250543), (53.62230776962586, 25.272418018030077), (53.69506089744333, 25.344224036039307), (53.758039360718385, 25.416030054048544), (53.807314072200015, 25.483574492229472), (53.85102022117482, 25.550470552055284), (53.88381914856267, 25.62098169817507), (53.91318648463923, 25.695978717798333), (53.94598541202709, 25.772255530744648), (53.987897560492094, 25.843835370257906), (54.041433023184524, 25.904147751030077), (54.10505973874462, 25.946411087823552), (54.17419848318203, 25.976626650064837), (54.24482971543853, 25.986974316255626), (54.320458520543795, 25.98179105905623), (54.38981020831902, 25.971040041214284), (54.460954012149756, 25.96477489687581), (54.52669131654494, 25.96717804339553), (54.59848337266071, 25.98582269074696), (54.668481428266695, 26.005192994106302), (54.73847948387265, 26.017887262192822), (54.80847753947863, 26.02965608326665), (54.8784755950846, 26.04143809808608), (54.94847365069058, 26.048364814525275), (55.018471706296545, 26.05344252175988), (55.08846976190252, 26.066383701371176), (55.15846781750851, 26.09144050908346), (55.22846587311449, 26.11901920702584), (55.29846392872046, 26.129958706947768), (55.36846198432644, 26.106328708580925), (55.43846003993242, 26.066851136929515), (55.5084580983862, 26.047141190198378), (55.57845615399576, 26.034574541614095), (55.648454209605326, 26.032127153209657), (55.718452265214886, 26.03980262327932), (55.78845032082445, 26.053909358939187), (55.85844837643401, 26.06651322416689), (55.92844643204357, 26.06506566465783), (55.998444487653124, 26.032207309497796), (56.06844254326265, 25.945747049652102)

Record time: 2023-07-12T20:22:12Z
Event time: 2023-07-13T10:46:36.500Z
Status: Underway
Travel distance: 221.3574514038877
Num waypoints: 51
Waypoints: (52.993523921887665, 24.500562312011436), (52.9699895087051, 24.585418143853328), (53.005134775875355, 24.64189542834288), (53.064466243292756, 24.688549369518167), (53.12853685634669, 24.73622154229375), (53.18869616454562, 24.79007926856617), (53.24342618854289, 24.85138546394501), (53.295262975564285, 24.918998955109622), (53.3483038432373, 24.990605267791423), (53.40630030908231, 25.063677884096), (53.468489185998514, 25.137304638997822), (53.54719153609484, 25.206667929250543), (53.62230776962586, 25.272418018030077), (53.69506089744333, 25.344224036039307), (53.758039360718385, 25.416030054048544), (53.807314072200015, 25.483574492229472), (53.85102022117482, 25.550470552055284), (53.88381914856267, 25.62098169817507), (53.91318648463923, 25.695978717798333), (53.94598541202709, 25.772255530744648), (53.987897560492094, 25.843835370257906), (54.041433023184524, 25.904147751030077), (54.10505973874462, 25.946411087823552), (54.17419848318203, 25.976626650064837), (54.24482971543853, 25.986974316255626), (54.320458520543795, 25.98179105905623), (54.38981020831902, 25.971040041214284), (54.460954012149756, 25.96477489687581), (54.52669131654494, 25.96717804339553), (54.59848337266071, 25.98582269074696), (54.668481428266695, 26.005192994106302), (54.73847948387265, 26.017887262192822), (54.80847753947863, 26.02965608326665), (54.8784755950846, 26.04143809808608), (54.94847365069058, 26.048364814525275), (55.018471706296545, 26.05344252175988), (55.08846976190252, 26.066383701371176), (55.15846781750851, 26.09144050908346), (55.22846587311449, 26.11901920702584), (55.29846392872046, 26.129958706947768), (55.36846198432644, 26.106328708580925), (55.43846003993242, 26.066851136929515), (55.5084580983862, 26.047141190198378), (55.57845615399576, 26.034574541614095), (55.648454209605326, 26.032127153209657), (55.718452265214886, 26.03980262327932), (55.78845032082445, 26.053909358939187), (55.85844837643401, 26.06651322416689), (55.92844643204357, 26.06506566465783), (55.998444487653124, 26.032207309497796), (56.06844254326265, 25.945747049652102)

Record time: 2023-07-12T20:47:37Z
Event time: 2023-07-13T13:34:01.600Z
Status: Underway
Travel distance: 221.76997840172785
Num waypoints: 51
Waypoints: (52.92815997928352, 24.500562312011436), (52.95737442330138, 24.585418143853328), (53.01032922280631, 24.64189542834288), (53.070773785994625, 24.688549369518167), (53.13039201596488, 24.73622154229375), (53.18641696844326, 24.79007926856617), (53.239581319268254, 24.85138546394501), (53.29240364163469, 24.918998955109622), (53.34781049309708, 24.990605267791423), (53.40809430959212, 25.063677884096), (53.468489185998514, 25.137304638997822), (53.54719153609484, 25.206667929250543), (53.62230776962586, 25.272418018030077), (53.69506089744333, 25.344224036039307), (53.758039360718385, 25.416030054048544), (53.807314072200015, 25.483574492229472), (53.85102022117482, 25.550470552055284), (53.88381914856267, 25.62098169817507), (53.91318648463923, 25.695978717798333), (53.94598541202709, 25.772255530744648), (53.987897560492094, 25.843835370257906), (54.041433023184524, 25.904147751030077), (54.10505973874462, 25.946411087823552), (54.17419848318203, 25.976626650064837), (54.24482971543853, 25.986974316255626), (54.320458520543795, 25.98179105905623), (54.38981020831902, 25.971040041214284), (54.460954012149756, 25.96477489687581), (54.52669131654494, 25.96717804339553), (54.59848337266071, 25.98582269074696), (54.668481428266695, 26.005192994106302), (54.73847948387265, 26.017887262192822), (54.80847753947863, 26.02965608326665), (54.8784755950846, 26.04143809808608), (54.94847365069058, 26.048364814525275), (55.018471706296545, 26.05344252175988), (55.08846976190252, 26.066383701371176), (55.15846781750851, 26.09144050908346), (55.22846587311449, 26.11901920702584), (55.29846392872046, 26.129958706947768), (55.36846198432644, 26.106328708580925), (55.43846003993242, 26.066851136929515), (55.5084580983862, 26.047141190198378), (55.57845615399576, 26.034574541614095), (55.648454209605326, 26.032127153209657), (55.718452265214886, 26.03980262327932), (55.78845032082445, 26.053909358939187), (55.85844837643401, 26.06651322416689), (55.92844643204357, 26.06506566465783), (55.998444487653124, 26.032207309497796), (56.06844254326265, 25.945747049652102)

Record time: 2023-07-12T20:59:52Z
Event time: 2023-07-13T15:44:24Z
Status: Underway
Travel distance: 218.4562634989201
Num waypoints: 50
Waypoints: (52.91797727898677, 24.576882749995807), (52.98737209221708, 24.643925585961163), (53.06302860451513, 24.692631514406543), (53.13261828745324, 24.738590059515083), (53.19263845439796, 24.7899155461776), (53.24506245451597, 24.849436507833737), (53.294560667992606, 24.916571460131994), (53.346292302463105, 24.988891040408674), (53.40426799065637, 25.063366512985723), (53.47028318650832, 25.137304638997822), (53.54719153609484, 25.206667929250543), (53.62230776962586, 25.272418018030077), (53.69506089744333, 25.344224036039307), (53.758039360718385, 25.416030054048544), (53.807314072200015, 25.483574492229472), (53.85102022117482, 25.550470552055284), (53.88381914856267, 25.62098169817507), (53.91318648463923, 25.695978717798333), (53.94598541202709, 25.772255530744648), (53.987897560492094, 25.843835370257906), (54.041433023184524, 25.904147751030077), (54.10505973874462, 25.946411087823552), (54.17419848318203, 25.976626650064837), (54.24482971543853, 25.986974316255626), (54.320458520543795, 25.98179105905623), (54.38981020831902, 25.971040041214284), (54.460954012149756, 25.96477489687581), (54.52669131654494, 25.96717804339553), (54.59848337266071, 25.98582269074696), (54.668481428266695, 26.005192994106302), (54.73847948387265, 26.017887262192822), (54.80847753947863, 26.02965608326665), (54.8784755950846, 26.04143809808608), (54.94847365069058, 26.048364814525275), (55.018471706296545, 26.05344252175988), (55.08846976190252, 26.066383701371176), (55.15846781750851, 26.09144050908346), (55.22846587311449, 26.11901920702584), (55.29846392872046, 26.129958706947768), (55.36846198432644, 26.106328708580925), (55.43846003993242, 26.066851136929515), (55.5084580983862, 26.047141190198378), (55.57845615399576, 26.034574541614095), (55.648454209605326, 26.032127153209657), (55.718452265214886, 26.03980262327932), (55.78845032082445, 26.053909358939187), (55.85844837643401, 26.06651322416689), (55.92844643204357, 26.06506566465783), (55.998444487653124, 26.032207309497796), (56.06844254326265, 25.945747049652102)

Record time: 2023-07-18T20:19:26Z
Event time: 2023-07-19T03:17:15.666Z
Status: Underway
Travel distance: 198.23920086393088
Num waypoints: 43
Waypoints: (53.202129485724285, 24.436910679898705), (53.260560509474786, 24.42666618765564), (53.336682790354445, 24.430330302136912), (53.41486289534839, 24.45474038214142), (53.48719930750493, 24.50021136409008), (53.5512671110088, 24.562892353471934), (53.60817775701622, 24.63675812650127), (53.66095391025188, 24.715235541985873), (53.7132193763676, 24.792464863406263), (53.76820410730442, 24.864195989930444), (53.826936895003215, 24.926395076323196), (53.892238890451154, 24.98446640516443), (53.963516490538396, 25.03575614876805), (54.037999547418906, 25.08701573523888), (54.11161198640493, 25.144387795563393), (54.18096178972585, 25.207617878933632), (54.24669909412101, 25.27600671683286), (54.31849115023681, 25.34192832430518), (54.38848920584279, 25.39778121906507), (54.45848726144877, 25.45500437854641), (54.528485317054745, 25.51486440232663), (54.59848337266071, 25.573316464969416), (54.668481428266695, 25.640964568294336), (54.73847948387265, 25.690737031154136), (54.80847753947863, 25.723659196063906), (54.8784755950846, 25.738268442082997), (54.94847365069058, 25.72743826176746), (55.018471706296545, 25.709824611393515), (55.08846976190252, 25.69238624935394), (55.15846781750851, 25.70302229312711), (55.22846587311449, 25.7382948295742), (55.29846392872046, 25.787221007894903), (55.36846198432644, 25.833057964924766), (55.43846003993242, 25.870262442691626), (55.5084580983862, 25.923258955686766), (55.57845615399576, 25.97513117174754), (55.648454209605326, 26.021199082155096), (55.718452265214886, 26.056503723384953), (55.78845032082445, 26.076317964871023), (55.85844837643401, 26.076809777445074), (55.92844643204357, 26.055857983778925), (55.998444487653124, 26.014020490829342), (56.06844254326265, 25.955655004285642)

Record time: 2023-07-18T20:32:14Z
Event time: 2023-07-19T04:48:45.250Z
Status: Underway
Travel distance: 198.3099352051836
Num waypoints: 43
Waypoints: (53.128524207660824, 24.49069688578911), (53.198522263270455, 24.604281339033236), (53.26852031888003, 24.651342926966493), (53.33851837448958, 24.675176925772462), (53.40851643009913, 24.700651661084724), (53.47851448570869, 24.73908623573486), (53.54851254131826, 24.792503250923218), (53.618510596927834, 24.857256520812438), (53.688508652537415, 24.927033780543734), (53.758506705388996, 24.995234386393577), (53.828504760994974, 25.06335934938084), (53.89850281660096, 25.115386057917178), (53.96850087220693, 25.15111660581861), (54.038498927812924, 25.187946004246324), (54.10849698341888, 25.227913629305665), (54.17849503902486, 25.27206367171972), (54.24849309463083, 25.336848732249763), (54.31849115023681, 25.414077379699968), (54.38848920584279, 25.487372406141034), (54.45848726144877, 25.557655488944047), (54.528485317054745, 25.619656669152825), (54.59848337266071, 25.67224882392909), (54.668481428266695, 25.710750058406205), (54.73847948387265, 25.73265544574125), (54.80847753947863, 25.736775664009578), (54.8784755950846, 25.730934604351056), (54.94847365069058, 25.713072157631537), (55.018471706296545, 25.70187255243924), (55.08846976190252, 25.696796730025426), (55.15846781750851, 25.708605132336057), (55.22846587311449, 25.73896771059972), (55.29846392872046, 25.785426658493517), (55.36846198432644, 25.833057964924766), (55.43846003993242, 25.870262442691626), (55.5084580983862, 25.923258955686766), (55.57845615399576, 25.97513117174754), (55.648454209605326, 26.021199082155096), (55.718452265214886, 26.056503723384953), (55.78845032082445, 26.076317964871023), (55.85844837643401, 26.076809777445074), (55.92844643204357, 26.055857983778925), (55.998444487653124, 26.014020490829342), (56.06844254326265, 25.955655004285642)

Record time: 2023-07-18T20:43:20Z
Event time: 2023-07-19T07:37:08.750Z
Status: Underway
Travel distance: 222.55831533477323
Num waypoints: 51
Waypoints: (53.0588878644918, 24.500562312011436), (52.98260459410882, 24.585418143853328), (52.99994032894441, 24.64189542834288), (53.0581587005909, 24.688549369518167), (53.126681696728504, 24.73622154229375), (53.190975360647975, 24.79007926856617), (53.24727105781753, 24.85138546394501), (53.29812230949386, 24.918998955109622), (53.348797193377514, 24.990605267791423), (53.4045063085725, 25.063677884096), (53.468489185998514, 25.137304638997822), (53.54719153609484, 25.206667929250543), (53.62230776962586, 25.272418018030077), (53.69506089744333, 25.344224036039307), (53.758039360718385, 25.416030054048544), (53.807314072200015, 25.483574492229472), (53.85102022117482, 25.550470552055284), (53.88381914856267, 25.62098169817507), (53.91318648463923, 25.695978717798333), (53.94598541202709, 25.772255530744648), (53.987897560492094, 25.843835370257906), (54.041433023184524, 25.904147751030077), (54.10505973874462, 25.946411087823552), (54.17419848318203, 25.976626650064837), (54.24482971543853, 25.986974316255626), (54.320458520543795, 25.98179105905623), (54.38981020831902, 25.971040041214284), (54.460954012149756, 25.96477489687581), (54.52669131654494, 25.96717804339553), (54.59848337266071, 25.98582269074696), (54.668481428266695, 26.005192994106302), (54.73847948387265, 26.017887262192822), (54.80847753947863, 26.02965608326665), (54.8784755950846, 26.04143809808608), (54.94847365069058, 26.048364814525275), (55.018471706296545, 26.05344252175988), (55.08846976190252, 26.066383701371176), (55.15846781750851, 26.09144050908346), (55.22846587311449, 26.11901920702584), (55.29846392872046, 26.129958706947768), (55.36846198432644, 26.106328708580925), (55.43846003993242, 26.066851136929515), (55.5084580983862, 26.047141190198378), (55.57845615399576, 26.034574541614095), (55.648454209605326, 26.032127153209657), (55.718452265214886, 26.03980262327932), (55.78845032082445, 26.053909358939187), (55.85844837643401, 26.06651322416689), (55.92844643204357, 26.06506566465783), (55.998444487653124, 26.032207309497796), (56.06844254326265, 25.945747049652102)

Record time: 2023-07-18T20:55:26Z
Event time: 2023-07-19T10:24:36.500Z
Status: Underway
Travel distance: 222.55831533477323
Num waypoints: 51
Waypoints: (53.0588878644918, 24.500562312011436), (52.98260459410882, 24.585418143853328), (52.99994032894441, 24.64189542834288), (53.0581587005909, 24.688549369518167), (53.126681696728504, 24.73622154229375), (53.190975360647975, 24.79007926856617), (53.24727105781753, 24.85138546394501), (53.29812230949386, 24.918998955109622), (53.348797193377514, 24.990605267791423), (53.4045063085725, 25.063677884096), (53.468489185998514, 25.137304638997822), (53.54719153609484, 25.206667929250543), (53.62230776962586, 25.272418018030077), (53.69506089744333, 25.344224036039307), (53.758039360718385, 25.416030054048544), (53.807314072200015, 25.483574492229472), (53.85102022117482, 25.550470552055284), (53.88381914856267, 25.62098169817507), (53.91318648463923, 25.695978717798333), (53.94598541202709, 25.772255530744648), (53.987897560492094, 25.843835370257906), (54.041433023184524, 25.904147751030077), (54.10505973874462, 25.946411087823552), (54.17419848318203, 25.976626650064837), (54.24482971543853, 25.986974316255626), (54.320458520543795, 25.98179105905623), (54.38981020831902, 25.971040041214284), (54.460954012149756, 25.96477489687581), (54.52669131654494, 25.96717804339553), (54.59848337266071, 25.98582269074696), (54.668481428266695, 26.005192994106302), (54.73847948387265, 26.017887262192822), (54.80847753947863, 26.02965608326665), (54.8784755950846, 26.04143809808608), (54.94847365069058, 26.048364814525275), (55.018471706296545, 26.05344252175988), (55.08846976190252, 26.066383701371176), (55.15846781750851, 26.09144050908346), (55.22846587311449, 26.11901920702584), (55.29846392872046, 26.129958706947768), (55.36846198432644, 26.106328708580925), (55.43846003993242, 26.066851136929515), (55.5084580983862, 26.047141190198378), (55.57845615399576, 26.034574541614095), (55.648454209605326, 26.032127153209657), (55.718452265214886, 26.03980262327932), (55.78845032082445, 26.053909358939187), (55.85844837643401, 26.06651322416689), (55.92844643204357, 26.06506566465783), (55.998444487653124, 26.032207309497796), (56.06844254326265, 25.945747049652102)

Record time: 2023-07-18T21:07:57Z
Event time: 2023-07-19T11:06:29.250Z
Status: Underway
Travel distance: 221.3574514038877
Num waypoints: 51
Waypoints: (52.993523921887665, 24.500562312011436), (52.9699895087051, 24.585418143853328), (53.005134775875355, 24.64189542834288), (53.064466243292756, 24.688549369518167), (53.12853685634669, 24.73622154229375), (53.18869616454562, 24.79007926856617), (53.24342618854289, 24.85138546394501), (53.295262975564285, 24.918998955109622), (53.3483038432373, 24.990605267791423), (53.40630030908231, 25.063677884096), (53.468489185998514, 25.137304638997822), (53.54719153609484, 25.206667929250543), (53.62230776962586, 25.272418018030077), (53.69506089744333, 25.344224036039307), (53.758039360718385, 25.416030054048544), (53.807314072200015, 25.483574492229472), (53.85102022117482, 25.550470552055284), (53.88381914856267, 25.62098169817507), (53.91318648463923, 25.695978717798333), (53.94598541202709, 25.772255530744648), (53.987897560492094, 25.843835370257906), (54.041433023184524, 25.904147751030077), (54.10505973874462, 25.946411087823552), (54.17419848318203, 25.976626650064837), (54.24482971543853, 25.986974316255626), (54.320458520543795, 25.98179105905623), (54.38981020831902, 25.971040041214284), (54.460954012149756, 25.96477489687581), (54.52669131654494, 25.96717804339553), (54.59848337266071, 25.98582269074696), (54.668481428266695, 26.005192994106302), (54.73847948387265, 26.017887262192822), (54.80847753947863, 26.02965608326665), (54.8784755950846, 26.04143809808608), (54.94847365069058, 26.048364814525275), (55.018471706296545, 26.05344252175988), (55.08846976190252, 26.066383701371176), (55.15846781750851, 26.09144050908346), (55.22846587311449, 26.11901920702584), (55.29846392872046, 26.129958706947768), (55.36846198432644, 26.106328708580925), (55.43846003993242, 26.066851136929515), (55.5084580983862, 26.047141190198378), (55.57845615399576, 26.034574541614095), (55.648454209605326, 26.032127153209657), (55.718452265214886, 26.03980262327932), (55.78845032082445, 26.053909358939187), (55.85844837643401, 26.06651322416689), (55.92844643204357, 26.06506566465783), (55.998444487653124, 26.032207309497796), (56.06844254326265, 25.945747049652102)

Record time: 2023-07-18T21:22:00Z
Event time: 2023-07-19T13:02:25.750Z
Status: Underway
Travel distance: 221.76997840172785
Num waypoints: 51
Waypoints: (52.92815997928352, 24.500562312011436), (52.95737442330138, 24.585418143853328), (53.01032922280631, 24.64189542834288), (53.070773785994625, 24.688549369518167), (53.13039201596488, 24.73622154229375), (53.18641696844326, 24.79007926856617), (53.239581319268254, 24.85138546394501), (53.29240364163469, 24.918998955109622), (53.34781049309708, 24.990605267791423), (53.40809430959212, 25.063677884096), (53.468489185998514, 25.137304638997822), (53.54719153609484, 25.206667929250543), (53.62230776962586, 25.272418018030077), (53.69506089744333, 25.344224036039307), (53.758039360718385, 25.416030054048544), (53.807314072200015, 25.483574492229472), (53.85102022117482, 25.550470552055284), (53.88381914856267, 25.62098169817507), (53.91318648463923, 25.695978717798333), (53.94598541202709, 25.772255530744648), (53.987897560492094, 25.843835370257906), (54.041433023184524, 25.904147751030077), (54.10505973874462, 25.946411087823552), (54.17419848318203, 25.976626650064837), (54.24482971543853, 25.986974316255626), (54.320458520543795, 25.98179105905623), (54.38981020831902, 25.971040041214284), (54.460954012149756, 25.96477489687581), (54.52669131654494, 25.96717804339553), (54.59848337266071, 25.98582269074696), (54.668481428266695, 26.005192994106302), (54.73847948387265, 26.017887262192822), (54.80847753947863, 26.02965608326665), (54.8784755950846, 26.04143809808608), (54.94847365069058, 26.048364814525275), (55.018471706296545, 26.05344252175988), (55.08846976190252, 26.066383701371176), (55.15846781750851, 26.09144050908346), (55.22846587311449, 26.11901920702584), (55.29846392872046, 26.129958706947768), (55.36846198432644, 26.106328708580925), (55.43846003993242, 26.066851136929515), (55.5084580983862, 26.047141190198378), (55.57845615399576, 26.034574541614095), (55.648454209605326, 26.032127153209657), (55.718452265214886, 26.03980262327932), (55.78845032082445, 26.053909358939187), (55.85844837643401, 26.06651322416689), (55.92844643204357, 26.06506566465783), (55.998444487653124, 26.032207309497796), (56.06844254326265, 25.945747049652102)

Record time: 2023-07-18T21:34:20Z
Event time: 2023-07-19T14:26:24.600Z
Status: Underway
Travel distance: 221.76997840172785
Num waypoints: 51
Waypoints: (52.92815997928352, 24.500562312011436), (52.95737442330138, 24.585418143853328), (53.01032922280631, 24.64189542834288), (53.070773785994625, 24.688549369518167), (53.13039201596488, 24.73622154229375), (53.18641696844326, 24.79007926856617), (53.239581319268254, 24.85138546394501), (53.29240364163469, 24.918998955109622), (53.34781049309708, 24.990605267791423), (53.40809430959212, 25.063677884096), (53.468489185998514, 25.137304638997822), (53.54719153609484, 25.206667929250543), (53.62230776962586, 25.272418018030077), (53.69506089744333, 25.344224036039307), (53.758039360718385, 25.416030054048544), (53.807314072200015, 25.483574492229472), (53.85102022117482, 25.550470552055284), (53.88381914856267, 25.62098169817507), (53.91318648463923, 25.695978717798333), (53.94598541202709, 25.772255530744648), (53.987897560492094, 25.843835370257906), (54.041433023184524, 25.904147751030077), (54.10505973874462, 25.946411087823552), (54.17419848318203, 25.976626650064837), (54.24482971543853, 25.986974316255626), (54.320458520543795, 25.98179105905623), (54.38981020831902, 25.971040041214284), (54.460954012149756, 25.96477489687581), (54.52669131654494, 25.96717804339553), (54.59848337266071, 25.98582269074696), (54.668481428266695, 26.005192994106302), (54.73847948387265, 26.017887262192822), (54.80847753947863, 26.02965608326665), (54.8784755950846, 26.04143809808608), (54.94847365069058, 26.048364814525275), (55.018471706296545, 26.05344252175988), (55.08846976190252, 26.066383701371176), (55.15846781750851, 26.09144050908346), (55.22846587311449, 26.11901920702584), (55.29846392872046, 26.129958706947768), (55.36846198432644, 26.106328708580925), (55.43846003993242, 26.066851136929515), (55.5084580983862, 26.047141190198378), (55.57845615399576, 26.034574541614095), (55.648454209605326, 26.032127153209657), (55.718452265214886, 26.03980262327932), (55.78845032082445, 26.053909358939187), (55.85844837643401, 26.06651322416689), (55.92844643204357, 26.06506566465783), (55.998444487653124, 26.032207309497796), (56.06844254326265, 25.945747049652102)

Record time: 2023-07-19T19:48:38Z
Event time: 2023-07-20T10:51:25.800Z
Status: Underway
Travel distance: 198.23920086393088
Num waypoints: 43
Waypoints: (53.202129485724285, 24.436910679898705), (53.260560509474786, 24.42666618765564), (53.336682790354445, 24.430330302136912), (53.41486289534839, 24.45474038214142), (53.48719930750493, 24.50021136409008), (53.5512671110088, 24.562892353471934), (53.60817775701622, 24.63675812650127), (53.66095391025188, 24.715235541985873), (53.7132193763676, 24.792464863406263), (53.76820410730442, 24.864195989930444), (53.826936895003215, 24.926395076323196), (53.892238890451154, 24.98446640516443), (53.963516490538396, 25.03575614876805), (54.037999547418906, 25.08701573523888), (54.11161198640493, 25.144387795563393), (54.18096178972585, 25.207617878933632), (54.24669909412101, 25.27600671683286), (54.31849115023681, 25.34192832430518), (54.38848920584279, 25.39778121906507), (54.45848726144877, 25.45500437854641), (54.528485317054745, 25.51486440232663), (54.59848337266071, 25.573316464969416), (54.668481428266695, 25.640964568294336), (54.73847948387265, 25.690737031154136), (54.80847753947863, 25.723659196063906), (54.8784755950846, 25.738268442082997), (54.94847365069058, 25.72743826176746), (55.018471706296545, 25.709824611393515), (55.08846976190252, 25.69238624935394), (55.15846781750851, 25.70302229312711), (55.22846587311449, 25.7382948295742), (55.29846392872046, 25.787221007894903), (55.36846198432644, 25.833057964924766), (55.43846003993242, 25.870262442691626), (55.5084580983862, 25.923258955686766), (55.57845615399576, 25.97513117174754), (55.648454209605326, 26.021199082155096), (55.718452265214886, 26.056503723384953), (55.78845032082445, 26.076317964871023), (55.85844837643401, 26.076809777445074), (55.92844643204357, 26.055857983778925), (55.998444487653124, 26.014020490829342), (56.06844254326265, 25.955655004285642)

Record time: 2023-07-19T20:09:55Z
Event time: 2023-07-20T09:17:59.600Z
Status: Underway
Travel distance: 198.3099352051836
Num waypoints: 43
Waypoints: (53.128524207660824, 24.49069688578911), (53.198522263270455, 24.604281339033236), (53.26852031888003, 24.651342926966493), (53.33851837448958, 24.675176925772462), (53.40851643009913, 24.700651661084724), (53.47851448570869, 24.73908623573486), (53.54851254131826, 24.792503250923218), (53.618510596927834, 24.857256520812438), (53.688508652537415, 24.927033780543734), (53.758506705388996, 24.995234386393577), (53.828504760994974, 25.06335934938084), (53.89850281660096, 25.115386057917178), (53.96850087220693, 25.15111660581861), (54.038498927812924, 25.187946004246324), (54.10849698341888, 25.227913629305665), (54.17849503902486, 25.27206367171972), (54.24849309463083, 25.336848732249763), (54.31849115023681, 25.414077379699968), (54.38848920584279, 25.487372406141034), (54.45848726144877, 25.557655488944047), (54.528485317054745, 25.619656669152825), (54.59848337266071, 25.67224882392909), (54.668481428266695, 25.710750058406205), (54.73847948387265, 25.73265544574125), (54.80847753947863, 25.736775664009578), (54.8784755950846, 25.730934604351056), (54.94847365069058, 25.713072157631537), (55.018471706296545, 25.70187255243924), (55.08846976190252, 25.696796730025426), (55.15846781750851, 25.708605132336057), (55.22846587311449, 25.73896771059972), (55.29846392872046, 25.785426658493517), (55.36846198432644, 25.833057964924766), (55.43846003993242, 25.870262442691626), (55.5084580983862, 25.923258955686766), (55.57845615399576, 25.97513117174754), (55.648454209605326, 26.021199082155096), (55.718452265214886, 26.056503723384953), (55.78845032082445, 26.076317964871023), (55.85844837643401, 26.076809777445074), (55.92844643204357, 26.055857983778925), (55.998444487653124, 26.014020490829342), (56.06844254326265, 25.955655004285642)

Record time: 2023-07-19T20:30:55Z
Event time: 2023-07-20T09:52:59.142Z
Status: Underway
Travel distance: 222.55831533477323
Num waypoints: 51
Waypoints: (53.0588878644918, 24.500562312011436), (52.98260459410882, 24.585418143853328), (52.99994032894441, 24.64189542834288), (53.0581587005909, 24.688549369518167), (53.126681696728504, 24.73622154229375), (53.190975360647975, 24.79007926856617), (53.24727105781753, 24.85138546394501), (53.29812230949386, 24.918998955109622), (53.348797193377514, 24.990605267791423), (53.4045063085725, 25.063677884096), (53.468489185998514, 25.137304638997822), (53.54719153609484, 25.206667929250543), (53.62230776962586, 25.272418018030077), (53.69506089744333, 25.344224036039307), (53.758039360718385, 25.416030054048544), (53.807314072200015, 25.483574492229472), (53.85102022117482, 25.550470552055284), (53.88381914856267, 25.62098169817507), (53.91318648463923, 25.695978717798333), (53.94598541202709, 25.772255530744648), (53.987897560492094, 25.843835370257906), (54.041433023184524, 25.904147751030077), (54.10505973874462, 25.946411087823552), (54.17419848318203, 25.976626650064837), (54.24482971543853, 25.986974316255626), (54.320458520543795, 25.98179105905623), (54.38981020831902, 25.971040041214284), (54.460954012149756, 25.96477489687581), (54.52669131654494, 25.96717804339553), (54.59848337266071, 25.98582269074696), (54.668481428266695, 26.005192994106302), (54.73847948387265, 26.017887262192822), (54.80847753947863, 26.02965608326665), (54.8784755950846, 26.04143809808608), (54.94847365069058, 26.048364814525275), (55.018471706296545, 26.05344252175988), (55.08846976190252, 26.066383701371176), (55.15846781750851, 26.09144050908346), (55.22846587311449, 26.11901920702584), (55.29846392872046, 26.129958706947768), (55.36846198432644, 26.106328708580925), (55.43846003993242, 26.066851136929515), (55.5084580983862, 26.047141190198378), (55.57845615399576, 26.034574541614095), (55.648454209605326, 26.032127153209657), (55.718452265214886, 26.03980262327932), (55.78845032082445, 26.053909358939187), (55.85844837643401, 26.06651322416689), (55.92844643204357, 26.06506566465783), (55.998444487653124, 26.032207309497796), (56.06844254326265, 25.945747049652102)

Record time: 2023-07-19T20:55:48Z
Event time: 2023-07-20T11:33:15Z
Status: Underway
Travel distance: 221.76997840172785
Num waypoints: 51
Waypoints: (52.92815997928352, 24.500562312011436), (52.95737442330138, 24.585418143853328), (53.01032922280631, 24.64189542834288), (53.070773785994625, 24.688549369518167), (53.13039201596488, 24.73622154229375), (53.18641696844326, 24.79007926856617), (53.239581319268254, 24.85138546394501), (53.29240364163469, 24.918998955109622), (53.34781049309708, 24.990605267791423), (53.40809430959212, 25.063677884096), (53.468489185998514, 25.137304638997822), (53.54719153609484, 25.206667929250543), (53.62230776962586, 25.272418018030077), (53.69506089744333, 25.344224036039307), (53.758039360718385, 25.416030054048544), (53.807314072200015, 25.483574492229472), (53.85102022117482, 25.550470552055284), (53.88381914856267, 25.62098169817507), (53.91318648463923, 25.695978717798333), (53.94598541202709, 25.772255530744648), (53.987897560492094, 25.843835370257906), (54.041433023184524, 25.904147751030077), (54.10505973874462, 25.946411087823552), (54.17419848318203, 25.976626650064837), (54.24482971543853, 25.986974316255626), (54.320458520543795, 25.98179105905623), (54.38981020831902, 25.971040041214284), (54.460954012149756, 25.96477489687581), (54.52669131654494, 25.96717804339553), (54.59848337266071, 25.98582269074696), (54.668481428266695, 26.005192994106302), (54.73847948387265, 26.017887262192822), (54.80847753947863, 26.02965608326665), (54.8784755950846, 26.04143809808608), (54.94847365069058, 26.048364814525275), (55.018471706296545, 26.05344252175988), (55.08846976190252, 26.066383701371176), (55.15846781750851, 26.09144050908346), (55.22846587311449, 26.11901920702584), (55.29846392872046, 26.129958706947768), (55.36846198432644, 26.106328708580925), (55.43846003993242, 26.066851136929515), (55.5084580983862, 26.047141190198378), (55.57845615399576, 26.034574541614095), (55.648454209605326, 26.032127153209657), (55.718452265214886, 26.03980262327932), (55.78845032082445, 26.053909358939187), (55.85844837643401, 26.06651322416689), (55.92844643204357, 26.06506566465783), (55.998444487653124, 26.032207309497796), (56.06844254326265, 25.945747049652102)

Record time: 2023-07-19T21:32:22Z
Event time: 2023-07-20T15:03:01.500Z
Status: Underway
Travel distance: 218.4562634989201
Num waypoints: 50
Waypoints: (52.91797727898677, 24.576882749995807), (52.98737209221708, 24.643925585961163), (53.06302860451513, 24.692631514406543), (53.13261828745324, 24.738590059515083), (53.19263845439796, 24.7899155461776), (53.24506245451597, 24.849436507833737), (53.294560667992606, 24.916571460131994), (53.346292302463105, 24.988891040408674), (53.40426799065637, 25.063366512985723), (53.47028318650832, 25.137304638997822), (53.54719153609484, 25.206667929250543), (53.62230776962586, 25.272418018030077), (53.69506089744333, 25.344224036039307), (53.758039360718385, 25.416030054048544), (53.807314072200015, 25.483574492229472), (53.85102022117482, 25.550470552055284), (53.88381914856267, 25.62098169817507), (53.91318648463923, 25.695978717798333), (53.94598541202709, 25.772255530744648), (53.987897560492094, 25.843835370257906), (54.041433023184524, 25.904147751030077), (54.10505973874462, 25.946411087823552), (54.17419848318203, 25.976626650064837), (54.24482971543853, 25.986974316255626), (54.320458520543795, 25.98179105905623), (54.38981020831902, 25.971040041214284), (54.460954012149756, 25.96477489687581), (54.52669131654494, 25.96717804339553), (54.59848337266071, 25.98582269074696), (54.668481428266695, 26.005192994106302), (54.73847948387265, 26.017887262192822), (54.80847753947863, 26.02965608326665), (54.8784755950846, 26.04143809808608), (54.94847365069058, 26.048364814525275), (55.018471706296545, 26.05344252175988), (55.08846976190252, 26.066383701371176), (55.15846781750851, 26.09144050908346), (55.22846587311449, 26.11901920702584), (55.29846392872046, 26.129958706947768), (55.36846198432644, 26.106328708580925), (55.43846003993242, 26.066851136929515), (55.5084580983862, 26.047141190198378), (55.57845615399576, 26.034574541614095), (55.648454209605326, 26.032127153209657), (55.718452265214886, 26.03980262327932), (55.78845032082445, 26.053909358939187), (55.85844837643401, 26.06651322416689), (55.92844643204357, 26.06506566465783), (55.998444487653124, 26.032207309497796), (56.06844254326265, 25.945747049652102)

