Record time: 2023-09-28T10:26:13Z
Event time: 2023-09-29T15:10:15.800Z
Status: Underway
Travel distance: 212.95302375809936
Num waypoints: 49
Waypoints: (52.9824249999019, 24.65208987573789), (53.0699254332134, 24.688454774360316), (53.135699307446636, 24.734406042918256), (53.18972112495918, 24.789326145578734), (53.23965598934295, 24.851668329854437), (53.29091670439005, 24.919418030735518), (53.34678456761446, 24.990470965742055), (53.40859385832972, 25.06292792089716), (53.47598002028249, 25.135306227620703), (53.54719153609484, 25.206667929250543), (53.62230776962586, 25.272418018030077), (53.69506089744333, 25.344224036039307), (53.758039360718385, 25.416030054048544), (53.807314072200015, 25.483574492229472), (53.85102022117482, 25.550470552055284), (53.88381914856267, 25.62098169817507), (53.91318648463923, 25.695978717798333), (53.94598541202709, 25.772255530744648), (53.987897560492094, 25.843835370257906), (54.041433023184524, 25.904147751030077), (54.10505973874462, 25.946411087823552), (54.17419848318203, 25.976626650064837), (54.24482971543853, 25.986974316255626), (54.320458520543795, 25.98179105905623), (54.38981020831902, 25.971040041214284), (54.460954012149756, 25.96477489687581), (54.52669131654494, 25.96717804339553), (54.59848337266071, 25.98582269074696), (54.668481428266695, 26.005192994106302), (54.73847948387265, 26.017887262192822), (54.80847753947863, 26.02965608326665), (54.8784755950846, 26.04143809808608), (54.94847365069058, 26.048364814525275), (55.018471706296545, 26.05344252175988), (55.08846976190252, 26.066383701371176), (55.15846781750851, 26.09144050908346), (55.22846587311449, 26.11901920702584), (55.29846392872046, 26.129958706947768), (55.36846198432644, 26.106328708580925), (55.43846003993242, 26.066851136929515), (55.5084580983862, 26.047141190198378), (55.57845615399576, 26.034574541614095), (55.648454209605326, 26.032127153209657), (55.718452265214886, 26.03980262327932), (55.78845032082445, 26.053909358939187), (55.85844837643401, 26.06651322416689), (55.92844643204357, 26.06506566465783), (55.998444487653124, 26.032207309497796), (56.06844254326265, 25.945747049652102)

Record time: 2023-09-28T12:41:41Z
Event time: 2023-09-29T14:25:14.444Z
Status: Underway
Travel distance: 185.68952483801297
Num waypoints: 41
Waypoints: (53.26852031888004, 24.654324073775133), (53.338518374489624, 24.69101521774328), (53.40851643009918, 24.711403004487178), (53.478514485708736, 24.740025401958388), (53.5485125413183, 24.78591678461909), (53.61851059692787, 24.84803395556076), (53.68850865253745, 24.91980534998674), (53.75850670814703, 24.992803420058753), (53.82850476375661, 25.059540201107243), (53.89850281660096, 25.115386057917178), (53.96850087220693, 25.15111660581861), (54.038498927812924, 25.187946004246324), (54.10849698341888, 25.227913629305665), (54.17849503902486, 25.27206367171972), (54.24849309463083, 25.336848732249763), (54.31849115023681, 25.414077379699968), (54.38848920584279, 25.487372406141034), (54.45848726144877, 25.557655488944047), (54.528485317054745, 25.619656669152825), (54.59848337266071, 25.67224882392909), (54.668481428266695, 25.710750058406205), (54.73847948387265, 25.73265544574125), (54.80847753947863, 25.736775664009578), (54.8784755950846, 25.730934604351056), (54.94847365069058, 25.713072157631537), (55.018471706296545, 25.70187255243924), (55.08846976190252, 25.696796730025426), (55.15846781750851, 25.708605132336057), (55.22846587311449, 25.73896771059972), (55.29846392872046, 25.785426658493517), (55.36846198432644, 25.833057964924766), (55.43846003993242, 25.870262442691626), (55.5084580983862, 25.923258955686766), (55.57845615399576, 25.97513117174754), (55.648454209605326, 26.021199082155096), (55.718452265214886, 26.056503723384953), (55.78845032082445, 26.076317964871023), (55.85844837643401, 26.076809777445074), (55.92844643204357, 26.055857983778925), (55.998444487653124, 26.014020490829342), (56.06844254326265, 25.955655004285642)

Record time: 2023-09-28T13:07:01Z
Event time: 2023-09-29T13:36:40.222Z
Status: Underway
Travel distance: 185.68952483801297
Num waypoints: 41
Waypoints: (53.26852031888004, 24.654324073775133), (53.338518374489624, 24.69101521774328), (53.40851643009918, 24.711403004487178), (53.478514485708736, 24.740025401958388), (53.5485125413183, 24.78591678461909), (53.61851059692787, 24.84803395556076), (53.68850865253745, 24.91980534998674), (53.75850670814703, 24.992803420058753), (53.82850476375661, 25.059540201107243), (53.89850281660096, 25.115386057917178), (53.96850087220693, 25.15111660581861), (54.038498927812924, 25.187946004246324), (54.10849698341888, 25.227913629305665), (54.17849503902486, 25.27206367171972), (54.24849309463083, 25.336848732249763), (54.31849115023681, 25.414077379699968), (54.38848920584279, 25.487372406141034), (54.45848726144877, 25.557655488944047), (54.528485317054745, 25.619656669152825), (54.59848337266071, 25.67224882392909), (54.668481428266695, 25.710750058406205), (54.73847948387265, 25.73265544574125), (54.80847753947863, 25.736775664009578), (54.8784755950846, 25.730934604351056), (54.94847365069058, 25.713072157631537), (55.018471706296545, 25.70187255243924), (55.08846976190252, 25.696796730025426), (55.15846781750851, 25.708605132336057), (55.22846587311449, 25.73896771059972), (55.29846392872046, 25.785426658493517), (55.36846198432644, 25.833057964924766), (55.43846003993242, 25.870262442691626), (55.5084580983862, 25.923258955686766), (55.57845615399576, 25.97513117174754), (55.648454209605326, 26.021199082155096), (55.718452265214886, 26.056503723384953), (55.78845032082445, 26.076317964871023), (55.85844837643401, 26.076809777445074), (55.92844643204357, 26.055857983778925), (55.998444487653124, 26.014020490829342), (56.06844254326265, 25.955655004285642)

Record time: 2023-09-28T13:35:16Z
Event time: 2023-09-29T12:45:15.444Z
Status: Underway
Travel distance: 182.27591792656588
Num waypoints: 40
Waypoints: (53.33851837448962, 24.655627307415113), (53.40851643009915, 24.68336437599874), (53.4785144857087, 24.729842389142878), (53.548512541318274, 24.790120032099647), (53.61851059692785, 24.858160909236418), (53.68850865253743, 24.928016457569843), (53.758506708147, 24.99473480735555), (53.82850476375657, 25.054995589733526), (53.898502819366136, 25.107470691429253), (53.96850087220693, 25.152910955220005), (54.038498927812924, 25.187946004246324), (54.10849698341888, 25.227913629305665), (54.17849503902486, 25.27206367171972), (54.24849309463083, 25.336848732249763), (54.31849115023681, 25.414077379699968), (54.38848920584279, 25.487372406141034), (54.45848726144877, 25.557655488944047), (54.528485317054745, 25.619656669152825), (54.59848337266071, 25.67224882392909), (54.668481428266695, 25.710750058406205), (54.73847948387265, 25.73265544574125), (54.80847753947863, 25.736775664009578), (54.8784755950846, 25.730934604351056), (54.94847365069058, 25.713072157631537), (55.018471706296545, 25.70187255243924), (55.08846976190252, 25.696796730025426), (55.15846781750851, 25.708605132336057), (55.22846587311449, 25.73896771059972), (55.29846392872046, 25.785426658493517), (55.36846198432644, 25.833057964924766), (55.43846003993242, 25.870262442691626), (55.5084580983862, 25.923258955686766), (55.57845615399576, 25.97513117174754), (55.648454209605326, 26.021199082155096), (55.718452265214886, 26.056503723384953), (55.78845032082445, 26.076317964871023), (55.85844837643401, 26.076809777445074), (55.92844643204357, 26.055857983778925), (55.998444487653124, 26.014020490829342), (56.06844254326265, 25.955655004285642)

Record time: 2023-09-28T14:05:55Z
Event time: 2023-09-29T11:37:58Z
Status: Underway
Travel distance: 179.61771058315335
Num waypoints: 39
Waypoints: (53.40851643009917, 24.64821979032425), (53.47851448570876, 24.706368556745467), (53.548512541318324, 24.78039848053174), (53.618510596927884, 24.858829632233068), (53.68850865253745, 24.933855598138397), (53.75850670814701, 25.000969531828947), (53.828504763756584, 25.058531022358373), (53.898502819366165, 25.107273779059867), (53.96850087497574, 25.149754132980096), (54.038498927812924, 25.189740353647714), (54.10849698341888, 25.227913629305665), (54.17849503902486, 25.27206367171972), (54.24849309463083, 25.336848732249763), (54.31849115023681, 25.414077379699968), (54.38848920584279, 25.487372406141034), (54.45848726144877, 25.557655488944047), (54.528485317054745, 25.619656669152825), (54.59848337266071, 25.67224882392909), (54.668481428266695, 25.710750058406205), (54.73847948387265, 25.73265544574125), (54.80847753947863, 25.736775664009578), (54.8784755950846, 25.730934604351056), (54.94847365069058, 25.713072157631537), (55.018471706296545, 25.70187255243924), (55.08846976190252, 25.696796730025426), (55.15846781750851, 25.708605132336057), (55.22846587311449, 25.73896771059972), (55.29846392872046, 25.785426658493517), (55.36846198432644, 25.833057964924766), (55.43846003993242, 25.870262442691626), (55.5084580983862, 25.923258955686766), (55.57845615399576, 25.97513117174754), (55.648454209605326, 26.021199082155096), (55.718452265214886, 26.056503723384953), (55.78845032082445, 26.076317964871023), (55.85844837643401, 26.076809777445074), (55.92844643204357, 26.055857983778925), (55.998444487653124, 26.014020490829342), (56.06844254326265, 25.955655004285642)

Record time: 2023-09-28T14:19:56Z
Event time: 2023-09-29T11:06:32Z
Status: Underway
Travel distance: 177.62958963282938
Num waypoints: 39
Waypoints: (53.47499346847419, 24.64821979032425), (53.5598328010293, 24.706368556745467), (53.61629910412968, 24.78039848053174), (53.662943973957276, 24.858829632233068), (53.71060687740119, 24.933855598138397), (53.76445413162884, 25.000969531828947), (53.8257484066897, 25.058531022358373), (53.89334875115177, 25.107273779059867), (53.96494114077064, 25.149754132980096), (54.037999547418906, 25.189740353647714), (54.11161198640493, 25.227913629305665), (54.18096178972585, 25.27206367171972), (54.24669909412101, 25.336848732249763), (54.31849115023681, 25.414077379699968), (54.38848920584279, 25.487372406141034), (54.45848726144877, 25.557655488944047), (54.528485317054745, 25.619656669152825), (54.59848337266071, 25.67224882392909), (54.668481428266695, 25.710750058406205), (54.73847948387265, 25.73265544574125), (54.80847753947863, 25.736775664009578), (54.8784755950846, 25.730934604351056), (54.94847365069058, 25.713072157631537), (55.018471706296545, 25.70187255243924), (55.08846976190252, 25.696796730025426), (55.15846781750851, 25.708605132336057), (55.22846587311449, 25.73896771059972), (55.29846392872046, 25.785426658493517), (55.36846198432644, 25.833057964924766), (55.43846003993242, 25.870262442691626), (55.5084580983862, 25.923258955686766), (55.57845615399576, 25.97513117174754), (55.648454209605326, 26.021199082155096), (55.718452265214886, 26.056503723384953), (55.78845032082445, 26.076317964871023), (55.85844837643401, 26.076809777445074), (55.92844643204357, 26.055857983778925), (55.998444487653124, 26.014020490829342), (56.06844254326265, 25.955655004285642)

Record time: 2023-09-28T15:05:06Z
Event time: 2023-09-29T10:32:55.428Z
Status: Underway
Travel distance: 172.5437365010799
Num waypoints: 37
Waypoints: (53.54851254131831, 24.643227071372728), (53.618510596927905, 24.71260799898243), (53.68850865253748, 24.788120420001476), (53.758506708147046, 24.85999316638229), (53.828504763756605, 24.92478147109207), (53.89850281936617, 24.98306484798785), (53.968500874975746, 25.03753720289995), (54.03849893058531, 25.09148917592394), (54.10849698619488, 25.147682714921018), (54.17849503902486, 25.207617878933632), (54.24849309463083, 25.27600671683286), (54.31849115023681, 25.34192832430518), (54.38848920584279, 25.39778121906507), (54.45848726144877, 25.45500437854641), (54.528485317054745, 25.51486440232663), (54.59848337266071, 25.573316464969416), (54.668481428266695, 25.640964568294336), (54.73847948387265, 25.690737031154136), (54.80847753947863, 25.723659196063906), (54.8784755950846, 25.738268442082997), (54.94847365069058, 25.72743826176746), (55.018471706296545, 25.709824611393515), (55.08846976190252, 25.69238624935394), (55.15846781750851, 25.70302229312711), (55.22846587311449, 25.7382948295742), (55.29846392872046, 25.787221007894903), (55.36846198432644, 25.833057964924766), (55.43846003993242, 25.870262442691626), (55.5084580983862, 25.923258955686766), (55.57845615399576, 25.97513117174754), (55.648454209605326, 26.021199082155096), (55.718452265214886, 26.056503723384953), (55.78845032082445, 26.076317964871023), (55.85844837643401, 26.076809777445074), (55.92844643204357, 26.055857983778925), (55.998444487653124, 26.014020490829342), (56.06844254326265, 25.955655004285642)

Record time: 2023-10-18T06:57:59Z
Event time: 2023-10-18T22:29:42.200Z
Status: Underway
Travel distance: 133.62149028077755
Num waypoints: 27
Waypoints: (54.31385704001808, 24.712316514301524), (54.33110623842726, 24.78741761030626), (54.38329476170217, 24.855361699039165), (54.452179721540816, 24.92251056474187), (54.52663016023405, 24.991477083085037), (54.60076257156416, 25.06250943356381), (54.672326300346015, 25.13462538465517), (54.741338820610544, 25.206496651737236), (54.80897089243076, 25.277083327770512), (54.876681594574784, 25.346018385440697), (54.94847365069058, 25.411768474220242), (55.018471706296545, 25.48292611387435), (55.08846976190252, 25.552291288947867), (55.15846781750851, 25.62614045270407), (55.22846587311449, 25.702841350330335), (55.29846392872046, 25.77196903798308), (55.36846198432644, 25.82641020196394), (55.43846003993242, 25.87105972188993), (55.5084580983862, 25.92497376565051), (55.57845615399576, 25.976074713039978), (55.648454209605326, 26.021304443637828), (55.718452265214886, 26.056370278072336), (55.78845032082445, 26.076423514835827), (55.85844837643401, 26.077071579054177), (55.92844643204357, 26.055723784537967), (55.998444487653124, 26.013270709115133), (56.06844254326265, 25.95609718324526)

Record time: 2023-10-18T08:28:28Z
Event time: 2023-10-18T23:52:34.833Z
Status: Underway
Travel distance: 142.74784017278617
Num waypoints: 29
Waypoints: (54.1084969861948, 24.717466530116152), (54.1784950418044, 24.701072313106206), (54.24849309741397, 24.7292105857876), (54.31849115302352, 24.783017376205795), (54.38848920863309, 24.84981280945063), (54.45848726424265, 24.921697670088765), (54.52848531985222, 24.994316582754784), (54.598483375461804, 25.06578781090102), (54.668481431071385, 25.135799673706117), (54.73847948387265, 25.204873579849156), (54.80847753947863, 25.272418018030077), (54.8784755950846, 25.346018385440697), (54.94847365069058, 25.411768474220242), (55.018471706296545, 25.48292611387435), (55.08846976190252, 25.552291288947867), (55.15846781750851, 25.62614045270407), (55.22846587311449, 25.702841350330335), (55.29846392872046, 25.77196903798308), (55.36846198432644, 25.82641020196394), (55.43846003993242, 25.87105972188993), (55.5084580983862, 25.92497376565051), (55.57845615399576, 25.976074713039978), (55.648454209605326, 26.021304443637828), (55.718452265214886, 26.056370278072336), (55.78845032082445, 26.076423514835827), (55.85844837643401, 26.077071579054177), (55.92844643204357, 26.055723784537967), (55.998444487653124, 26.013270709115133), (56.06844254326265, 25.95609718324526)

Record time: 2023-10-18T08:44:28Z
Event time: 2023-10-19T00:28:04.833Z
Status: Underway
Travel distance: 146.36501079913606
Num waypoints: 30
Waypoints: (54.03849893058528, 24.72025359749821), (54.10849698619484, 24.700890547842175), (54.178495041804396, 24.70772308035751), (54.24849309741396, 24.737476747272808), (54.31849115302353, 24.785585998568727), (54.388489208633096, 24.846980152251565), (54.45848726424267, 24.916722348604402), (54.528485319852244, 24.990501488415884), (54.59848337546181, 25.064977155186593), (54.668481428266695, 25.137977520023345), (54.73847948387265, 25.204873579849156), (54.80847753947863, 25.272418018030077), (54.8784755950846, 25.346018385440697), (54.94847365069058, 25.411768474220242), (55.018471706296545, 25.48292611387435), (55.08846976190252, 25.552291288947867), (55.15846781750851, 25.62614045270407), (55.22846587311449, 25.702841350330335), (55.29846392872046, 25.77196903798308), (55.36846198432644, 25.82641020196394), (55.43846003993242, 25.87105972188993), (55.5084580983862, 25.92497376565051), (55.57845615399576, 25.976074713039978), (55.648454209605326, 26.021304443637828), (55.718452265214886, 26.056370278072336), (55.78845032082445, 26.076423514835827), (55.85844837643401, 26.077071579054177), (55.92844643204357, 26.055723784537967), (55.998444487653124, 26.013270709115133), (56.06844254326265, 25.95609718324526)

Record time: 2023-10-18T09:03:58Z
Event time: 2023-10-19T00:59:32Z
Status: Underway
Travel distance: 146.36501079913606
Num waypoints: 30
Waypoints: (54.03849893058528, 24.72025359749821), (54.10849698619484, 24.700890547842175), (54.178495041804396, 24.70772308035751), (54.24849309741396, 24.737476747272808), (54.31849115302353, 24.785585998568727), (54.388489208633096, 24.846980152251565), (54.45848726424267, 24.916722348604402), (54.528485319852244, 24.990501488415884), (54.59848337546181, 25.064977155186593), (54.668481428266695, 25.137977520023345), (54.73847948387265, 25.204873579849156), (54.80847753947863, 25.272418018030077), (54.8784755950846, 25.346018385440697), (54.94847365069058, 25.411768474220242), (55.018471706296545, 25.48292611387435), (55.08846976190252, 25.552291288947867), (55.15846781750851, 25.62614045270407), (55.22846587311449, 25.702841350330335), (55.29846392872046, 25.77196903798308), (55.36846198432644, 25.82641020196394), (55.43846003993242, 25.87105972188993), (55.5084580983862, 25.92497376565051), (55.57845615399576, 25.976074713039978), (55.648454209605326, 26.021304443637828), (55.718452265214886, 26.056370278072336), (55.78845032082445, 26.076423514835827), (55.85844837643401, 26.077071579054177), (55.92844643204357, 26.055723784537967), (55.998444487653124, 26.013270709115133), (56.06844254326265, 25.95609718324526)

Record time: 2023-10-18T09:48:08Z
Event time: 2023-10-19T02:20:58.666Z
Status: Underway
Travel distance: 154.6171706263499
Num waypoints: 32
Waypoints: (53.89850281936617, 24.706159215981955), (53.9685008749757, 24.74839944373228), (54.03849893058526, 24.739795259627147), (54.10849698619483, 24.721930693911204), (54.178495041804396, 24.717837485695895), (54.24849309741398, 24.73706770117818), (54.31849115302355, 24.780082727355133), (54.38848920863313, 24.841958641234417), (54.458487264242706, 24.915407954540655), (54.528485317054745, 24.99311773263542), (54.59848337266071, 25.071727953731862), (54.668481428266695, 25.13618317062195), (54.73847948387265, 25.204873579849156), (54.80847753947863, 25.272418018030077), (54.8784755950846, 25.346018385440697), (54.94847365069058, 25.411768474220242), (55.018471706296545, 25.48292611387435), (55.08846976190252, 25.552291288947867), (55.15846781750851, 25.62614045270407), (55.22846587311449, 25.702841350330335), (55.29846392872046, 25.77196903798308), (55.36846198432644, 25.82641020196394), (55.43846003993242, 25.87105972188993), (55.5084580983862, 25.92497376565051), (55.57845615399576, 25.976074713039978), (55.648454209605326, 26.021304443637828), (55.718452265214886, 26.056370278072336), (55.78845032082445, 26.076423514835827), (55.85844837643401, 26.077071579054177), (55.92844643204357, 26.055723784537967), (55.998444487653124, 26.013270709115133), (56.06844254326265, 25.95609718324526)

Record time: 2023-10-18T10:24:19Z
Event time: 2023-10-19T03:01:54.571Z
Status: Underway
Travel distance: 157.908747300216
Num waypoints: 33
Waypoints: (53.82850476375657, 24.701948320698218), (53.89850281936614, 24.73810951017321), (53.9685008749757, 24.736910809837113), (54.03849893058526, 24.724028533730937), (54.10849698619483, 24.715981594039505), (54.178495041804396, 24.722061746072576), (54.24849309741398, 24.746072712416918), (54.31849115302355, 24.787878186259224), (54.38848920863313, 24.84475871387997), (54.45848726144877, 24.912577455040008), (54.528485317054745, 24.99311773263542), (54.59848337266071, 25.071727953731862), (54.668481428266695, 25.13618317062195), (54.73847948387265, 25.204873579849156), (54.80847753947863, 25.272418018030077), (54.8784755950846, 25.346018385440697), (54.94847365069058, 25.411768474220242), (55.018471706296545, 25.48292611387435), (55.08846976190252, 25.552291288947867), (55.15846781750851, 25.62614045270407), (55.22846587311449, 25.702841350330335), (55.29846392872046, 25.77196903798308), (55.36846198432644, 25.82641020196394), (55.43846003993242, 25.87105972188993), (55.5084580983862, 25.92497376565051), (55.57845615399576, 25.976074713039978), (55.648454209605326, 26.021304443637828), (55.718452265214886, 26.056370278072336), (55.78845032082445, 26.076423514835827), (55.85844837643401, 26.077071579054177), (55.92844643204357, 26.055723784537967), (55.998444487653124, 26.013270709115133), (56.06844254326265, 25.95609718324526)

Record time: 2023-10-18T11:01:48Z
Event time: 2023-10-19T03:47:32.285Z
Status: Underway
Travel distance: 165.71544276457882
Num waypoints: 36
Waypoints: (53.74923848213607, 24.7059226881063), (53.71373882334484, 24.796928244715076), (53.748117814285074, 24.864092703026213), (53.81588967835281, 24.921223317809204), (53.89479250012971, 24.97623445160274), (53.97305926718038, 25.032838070490094), (54.046188669134516, 25.09198431263648), (54.11421565405399, 25.15305212958834), (54.179481742084846, 25.214790000334556), (54.24490509361121, 25.27600671683286), (54.31849115023681, 25.34192832430518), (54.38848920584279, 25.39778121906507), (54.45848726144877, 25.45500437854641), (54.528485317054745, 25.51486440232663), (54.59848337266071, 25.573316464969416), (54.668481428266695, 25.640964568294336), (54.73847948387265, 25.690737031154136), (54.80847753947863, 25.723659196063906), (54.8784755950846, 25.738268442082997), (54.94847365069058, 25.72743826176746), (55.018471706296545, 25.709824611393515), (55.08846976190252, 25.69238624935394), (55.15846781750851, 25.70302229312711), (55.22846587311449, 25.7382948295742), (55.29846392872046, 25.787221007894903), (55.36846198432644, 25.833057964924766), (55.43846003993242, 25.870262442691626), (55.5084580983862, 25.923258955686766), (55.57845615399576, 25.97513117174754), (55.648454209605326, 26.021199082155096), (55.718452265214886, 26.056503723384953), (55.78845032082445, 26.076317964871023), (55.85844837643401, 26.076809777445074), (55.92844643204357, 26.055857983778925), (55.998444487653124, 26.014020490829342), (56.06844254326265, 25.955655004285642)

Record time: 2023-10-18T11:40:49Z
Event time: 2023-10-19T04:27:33.428Z
Status: Underway
Travel distance: 170.08585313174947
Num waypoints: 37
Waypoints: (53.626491569326156, 24.643227071372728), (53.66284939719249, 24.71260799898243), (53.70879173102972, 24.788120420001476), (53.76370115507797, 24.85999316638229), (53.826031217598995, 24.92478147109207), (53.89376774529305, 24.98306484798785), (53.964806864834884, 25.03753720289995), (54.03724973152895, 25.09148917592394), (54.10961396508378, 25.147682714921018), (54.18096178972585, 25.207617878933632), (54.24669909412101, 25.27600671683286), (54.31849115023681, 25.34192832430518), (54.38848920584279, 25.39778121906507), (54.45848726144877, 25.45500437854641), (54.528485317054745, 25.51486440232663), (54.59848337266071, 25.573316464969416), (54.668481428266695, 25.640964568294336), (54.73847948387265, 25.690737031154136), (54.80847753947863, 25.723659196063906), (54.8784755950846, 25.738268442082997), (54.94847365069058, 25.72743826176746), (55.018471706296545, 25.709824611393515), (55.08846976190252, 25.69238624935394), (55.15846781750851, 25.70302229312711), (55.22846587311449, 25.7382948295742), (55.29846392872046, 25.787221007894903), (55.36846198432644, 25.833057964924766), (55.43846003993242, 25.870262442691626), (55.5084580983862, 25.923258955686766), (55.57845615399576, 25.97513117174754), (55.648454209605326, 26.021199082155096), (55.718452265214886, 26.056503723384953), (55.78845032082445, 26.076317964871023), (55.85844837643401, 26.076809777445074), (55.92844643204357, 26.055857983778925), (55.998444487653124, 26.014020490829342), (56.06844254326265, 25.955655004285642)

Record time: 2023-10-18T12:08:34Z
Event time: 2023-10-19T05:02:35.166Z
Status: Underway
Travel distance: 172.5437365010799
Num waypoints: 37
Waypoints: (53.54851254131831, 24.643227071372728), (53.618510596927905, 24.71260799898243), (53.68850865253748, 24.788120420001476), (53.758506708147046, 24.85999316638229), (53.828504763756605, 24.92478147109207), (53.89850281936617, 24.98306484798785), (53.968500874975746, 25.03753720289995), (54.03849893058531, 25.09148917592394), (54.10849698619488, 25.147682714921018), (54.17849503902486, 25.207617878933632), (54.24849309463083, 25.27600671683286), (54.31849115023681, 25.34192832430518), (54.38848920584279, 25.39778121906507), (54.45848726144877, 25.45500437854641), (54.528485317054745, 25.51486440232663), (54.59848337266071, 25.573316464969416), (54.668481428266695, 25.640964568294336), (54.73847948387265, 25.690737031154136), (54.80847753947863, 25.723659196063906), (54.8784755950846, 25.738268442082997), (54.94847365069058, 25.72743826176746), (55.018471706296545, 25.709824611393515), (55.08846976190252, 25.69238624935394), (55.15846781750851, 25.70302229312711), (55.22846587311449, 25.7382948295742), (55.29846392872046, 25.787221007894903), (55.36846198432644, 25.833057964924766), (55.43846003993242, 25.870262442691626), (55.5084580983862, 25.923258955686766), (55.57845615399576, 25.97513117174754), (55.648454209605326, 26.021199082155096), (55.718452265214886, 26.056503723384953), (55.78845032082445, 26.076317964871023), (55.85844837643401, 26.076809777445074), (55.92844643204357, 26.055857983778925), (55.998444487653124, 26.014020490829342), (56.06844254326265, 25.955655004285642)

Record time: 2023-10-18T12:58:09Z
Event time: 2023-10-19T05:44:44.714Z
Status: Underway
Travel distance: 177.78347732181425
Num waypoints: 39
Waypoints: (53.40851643009917, 24.713596444702503), (53.47851448570876, 24.718986095491342), (53.548512541318324, 24.775203023401072), (53.618510596927884, 24.852520862860114), (53.68850865253745, 24.932000077734582), (53.75850670814701, 25.00324917118218), (53.828504763756584, 25.062376639371085), (53.898502819366165, 25.11013366906371), (53.96850087497574, 25.150247579065493), (54.038498927812924, 25.187946004246324), (54.10849698341888, 25.227913629305665), (54.17849503902486, 25.27206367171972), (54.24849309463083, 25.336848732249763), (54.31849115023681, 25.414077379699968), (54.38848920584279, 25.487372406141034), (54.45848726144877, 25.557655488944047), (54.528485317054745, 25.619656669152825), (54.59848337266071, 25.67224882392909), (54.668481428266695, 25.710750058406205), (54.73847948387265, 25.73265544574125), (54.80847753947863, 25.736775664009578), (54.8784755950846, 25.730934604351056), (54.94847365069058, 25.713072157631537), (55.018471706296545, 25.70187255243924), (55.08846976190252, 25.696796730025426), (55.15846781750851, 25.708605132336057), (55.22846587311449, 25.73896771059972), (55.29846392872046, 25.785426658493517), (55.36846198432644, 25.833057964924766), (55.43846003993242, 25.870262442691626), (55.5084580983862, 25.923258955686766), (55.57845615399576, 25.97513117174754), (55.648454209605326, 26.021199082155096), (55.718452265214886, 26.056503723384953), (55.78845032082445, 26.076317964871023), (55.85844837643401, 26.076809777445074), (55.92844643204357, 26.055857983778925), (55.998444487653124, 26.014020490829342), (56.06844254326265, 25.955655004285642)

Record time: 2023-10-18T13:21:36Z
Event time: 2023-10-19T06:19:19Z
Status: Underway
Travel distance: 181.92278617710582
Num waypoints: 40
Waypoints: (53.33851837448962, 24.72100396179337), (53.40851643009915, 24.695981914744625), (53.4785144857087, 24.724646932012224), (53.548512541318274, 24.783811262726708), (53.61851059692785, 24.856305388832613), (53.68850865253743, 24.93029609692309), (53.758506708147, 24.99858042436827), (53.82850476375657, 25.057855479737384), (53.898502819366136, 25.107964137514656), (53.96850087220693, 25.15111660581861), (54.038498927812924, 25.187946004246324), (54.10849698341888, 25.227913629305665), (54.17849503902486, 25.27206367171972), (54.24849309463083, 25.336848732249763), (54.31849115023681, 25.414077379699968), (54.38848920584279, 25.487372406141034), (54.45848726144877, 25.557655488944047), (54.528485317054745, 25.619656669152825), (54.59848337266071, 25.67224882392909), (54.668481428266695, 25.710750058406205), (54.73847948387265, 25.73265544574125), (54.80847753947863, 25.736775664009578), (54.8784755950846, 25.730934604351056), (54.94847365069058, 25.713072157631537), (55.018471706296545, 25.70187255243924), (55.08846976190252, 25.696796730025426), (55.15846781750851, 25.708605132336057), (55.22846587311449, 25.73896771059972), (55.29846392872046, 25.785426658493517), (55.36846198432644, 25.833057964924766), (55.43846003993242, 25.870262442691626), (55.5084580983862, 25.923258955686766), (55.57845615399576, 25.97513117174754), (55.648454209605326, 26.021199082155096), (55.718452265214886, 26.056503723384953), (55.78845032082445, 26.076317964871023), (55.85844837643401, 26.076809777445074), (55.92844643204357, 26.055857983778925), (55.998444487653124, 26.014020490829342), (56.06844254326265, 25.955655004285642)

Record time: 2023-10-18T13:46:10Z
Event time: 2023-10-19T06:53:52.571Z
Status: Underway
Travel distance: 181.92278617710582
Num waypoints: 40
Waypoints: (53.33851837448962, 24.72100396179337), (53.40851643009915, 24.695981914744625), (53.4785144857087, 24.724646932012224), (53.548512541318274, 24.783811262726708), (53.61851059692785, 24.856305388832613), (53.68850865253743, 24.93029609692309), (53.758506708147, 24.99858042436827), (53.82850476375657, 25.057855479737384), (53.898502819366136, 25.107964137514656), (53.96850087220693, 25.15111660581861), (54.038498927812924, 25.187946004246324), (54.10849698341888, 25.227913629305665), (54.17849503902486, 25.27206367171972), (54.24849309463083, 25.336848732249763), (54.31849115023681, 25.414077379699968), (54.38848920584279, 25.487372406141034), (54.45848726144877, 25.557655488944047), (54.528485317054745, 25.619656669152825), (54.59848337266071, 25.67224882392909), (54.668481428266695, 25.710750058406205), (54.73847948387265, 25.73265544574125), (54.80847753947863, 25.736775664009578), (54.8784755950846, 25.730934604351056), (54.94847365069058, 25.713072157631537), (55.018471706296545, 25.70187255243924), (55.08846976190252, 25.696796730025426), (55.15846781750851, 25.708605132336057), (55.22846587311449, 25.73896771059972), (55.29846392872046, 25.785426658493517), (55.36846198432644, 25.833057964924766), (55.43846003993242, 25.870262442691626), (55.5084580983862, 25.923258955686766), (55.57845615399576, 25.97513117174754), (55.648454209605326, 26.021199082155096), (55.718452265214886, 26.056503723384953), (55.78845032082445, 26.076317964871023), (55.85844837643401, 26.076809777445074), (55.92844643204357, 26.055857983778925), (55.998444487653124, 26.014020490829342), (56.06844254326265, 25.955655004285642)

Record time: 2023-10-18T14:22:16Z
Event time: 2023-10-19T08:21:17.857Z
Status: Underway
Travel distance: 208.47786177105831
Num waypoints: 49
Waypoints: (53.21190970084174, 24.71462936077034), (53.160334516052856, 24.779857651193744), (53.143541903793334, 24.85838352370763), (53.15752088870618, 24.931904168913775), (53.19673220298323, 24.992937533626048), (53.25489335003363, 25.041302229544556), (53.325633829249945, 25.081130657734096), (53.4030205218717, 25.118415348906854), (53.481953237946634, 25.159088519509424), (53.55843042164159, 25.20763484232083), (53.621685899701234, 25.267658845510635), (53.69015189394747, 25.337459414188896), (53.755572610017396, 25.414160311815163), (53.80910807270982, 25.485542245144444), (53.85102022117482, 25.55179181143593), (53.88381914856267, 25.623448928601984), (53.91318648463923, 25.69418436839694), (53.94598541202709, 25.772255530744648), (53.987897560492094, 25.843835370257906), (54.041433023184524, 25.904147751030077), (54.10505973874462, 25.946411087823552), (54.17419848318203, 25.976626650064837), (54.24482971543853, 25.986974316255626), (54.320458520543795, 25.98179105905623), (54.38981020831902, 25.971040041214284), (54.460954012149756, 25.96477489687581), (54.52669131654494, 25.96717804339553), (54.59848337266071, 25.98582269074696), (54.668481428266695, 26.005192994106302), (54.73847948387265, 26.017887262192822), (54.80847753947863, 26.02965608326665), (54.8784755950846, 26.04143809808608), (54.94847365069058, 26.048364814525275), (55.018471706296545, 26.05344252175988), (55.08846976190252, 26.066383701371176), (55.15846781750851, 26.09144050908346), (55.22846587311449, 26.11901920702584), (55.29846392872046, 26.129958706947768), (55.36846198432644, 26.106328708580925), (55.43846003993242, 26.066851136929515), (55.5084580983862, 26.047141190198378), (55.57845615399576, 26.034574541614095), (55.648454209605326, 26.032127153209657), (55.718452265214886, 26.03980262327932), (55.78845032082445, 26.053909358939187), (55.85844837643401, 26.06651322416689), (55.92844643204357, 26.06506566465783), (55.998444487653124, 26.032207309497796), (56.06844254326265, 25.945747049652102)

Record time: 2023-10-18T14:35:56Z
Event time: 2023-10-19T08:51:56Z
Status: Underway
Travel distance: 208.47786177105831
Num waypoints: 49
Waypoints: (53.21190970084174, 24.71462936077034), (53.160334516052856, 24.779857651193744), (53.143541903793334, 24.85838352370763), (53.15752088870618, 24.931904168913775), (53.19673220298323, 24.992937533626048), (53.25489335003363, 25.041302229544556), (53.325633829249945, 25.081130657734096), (53.4030205218717, 25.118415348906854), (53.481953237946634, 25.159088519509424), (53.55843042164159, 25.20763484232083), (53.621685899701234, 25.267658845510635), (53.69015189394747, 25.337459414188896), (53.755572610017396, 25.414160311815163), (53.80910807270982, 25.485542245144444), (53.85102022117482, 25.55179181143593), (53.88381914856267, 25.623448928601984), (53.91318648463923, 25.69418436839694), (53.94598541202709, 25.772255530744648), (53.987897560492094, 25.843835370257906), (54.041433023184524, 25.904147751030077), (54.10505973874462, 25.946411087823552), (54.17419848318203, 25.976626650064837), (54.24482971543853, 25.986974316255626), (54.320458520543795, 25.98179105905623), (54.38981020831902, 25.971040041214284), (54.460954012149756, 25.96477489687581), (54.52669131654494, 25.96717804339553), (54.59848337266071, 25.98582269074696), (54.668481428266695, 26.005192994106302), (54.73847948387265, 26.017887262192822), (54.80847753947863, 26.02965608326665), (54.8784755950846, 26.04143809808608), (54.94847365069058, 26.048364814525275), (55.018471706296545, 26.05344252175988), (55.08846976190252, 26.066383701371176), (55.15846781750851, 26.09144050908346), (55.22846587311449, 26.11901920702584), (55.29846392872046, 26.129958706947768), (55.36846198432644, 26.106328708580925), (55.43846003993242, 26.066851136929515), (55.5084580983862, 26.047141190198378), (55.57845615399576, 26.034574541614095), (55.648454209605326, 26.032127153209657), (55.718452265214886, 26.03980262327932), (55.78845032082445, 26.053909358939187), (55.85844837643401, 26.06651322416689), (55.92844643204357, 26.06506566465783), (55.998444487653124, 26.032207309497796), (56.06844254326265, 25.945747049652102)

Record time: 2023-10-18T15:10:07Z
Event time: 2023-10-19T10:07:15.166Z
Status: Underway
Travel distance: 204.4708423326134
Num waypoints: 47
Waypoints: (53.12952663456915, 24.714119019836637), (53.20156876348703, 24.784130688448087), (53.24854696473099, 24.854142357059523), (53.291336366656026, 24.92415402567096), (53.34099126394341, 24.99416569428239), (53.40136526288326, 25.064177362893826), (53.47141276543202, 25.13418903150526), (53.54717179204494, 25.204200700116697), (53.62342814328356, 25.274212368728133), (53.69506089744333, 25.344224036039307), (53.758039360718385, 25.416030054048544), (53.807314072200015, 25.483574492229472), (53.85102022117482, 25.550470552055284), (53.88381914856267, 25.62098169817507), (53.91318648463923, 25.695978717798333), (53.94598541202709, 25.772255530744648), (53.987897560492094, 25.843835370257906), (54.041433023184524, 25.904147751030077), (54.10505973874462, 25.946411087823552), (54.17419848318203, 25.976626650064837), (54.24482971543853, 25.986974316255626), (54.320458520543795, 25.98179105905623), (54.38981020831902, 25.971040041214284), (54.460954012149756, 25.96477489687581), (54.52669131654494, 25.96717804339553), (54.59848337266071, 25.98582269074696), (54.668481428266695, 26.005192994106302), (54.73847948387265, 26.017887262192822), (54.80847753947863, 26.02965608326665), (54.8784755950846, 26.04143809808608), (54.94847365069058, 26.048364814525275), (55.018471706296545, 26.05344252175988), (55.08846976190252, 26.066383701371176), (55.15846781750851, 26.09144050908346), (55.22846587311449, 26.11901920702584), (55.29846392872046, 26.129958706947768), (55.36846198432644, 26.106328708580925), (55.43846003993242, 26.066851136929515), (55.5084580983862, 26.047141190198378), (55.57845615399576, 26.034574541614095), (55.648454209605326, 26.032127153209657), (55.718452265214886, 26.03980262327932), (55.78845032082445, 26.053909358939187), (55.85844837643401, 26.06651322416689), (55.92844643204357, 26.06506566465783), (55.998444487653124, 26.032207309497796), (56.06844254326265, 25.945747049652102)

Record time: 2023-10-18T15:44:29Z
Event time: 2023-10-19T10:50:58.500Z
Status: Underway
Travel distance: 214.4173866090713
Num waypoints: 50
Waypoints: (52.981804089335824, 24.713591201473754), (52.9389166044188, 24.78364501010901), (52.97656572890882, 24.858614602737685), (53.04860297537682, 24.92472827916447), (53.128842823202184, 24.97712765675666), (53.20524804633185, 25.016923768836847), (53.27496756817243, 25.04869628444563), (53.340226843615405, 25.078435849474403), (53.40507076819548, 25.111929549168163), (53.472959111638495, 25.153589490707926), (53.55217591776338, 25.20713536480889), (53.62280715001987, 25.270774454292674), (53.69194589445728, 25.339926644615808), (53.755572610017396, 25.412365962413773), (53.80910807270982, 25.485542245144444), (53.85102022117482, 25.55179181143593), (53.88381914856267, 25.623448928601984), (53.91318648463923, 25.69418436839694), (53.94598541202709, 25.772255530744648), (53.987897560492094, 25.843835370257906), (54.041433023184524, 25.904147751030077), (54.10505973874462, 25.946411087823552), (54.17419848318203, 25.976626650064837), (54.24482971543853, 25.986974316255626), (54.320458520543795, 25.98179105905623), (54.38981020831902, 25.971040041214284), (54.460954012149756, 25.96477489687581), (54.52669131654494, 25.96717804339553), (54.59848337266071, 25.98582269074696), (54.668481428266695, 26.005192994106302), (54.73847948387265, 26.017887262192822), (54.80847753947863, 26.02965608326665), (54.8784755950846, 26.04143809808608), (54.94847365069058, 26.048364814525275), (55.018471706296545, 26.05344252175988), (55.08846976190252, 26.066383701371176), (55.15846781750851, 26.09144050908346), (55.22846587311449, 26.11901920702584), (55.29846392872046, 26.129958706947768), (55.36846198432644, 26.106328708580925), (55.43846003993242, 26.066851136929515), (55.5084580983862, 26.047141190198378), (55.57845615399576, 26.034574541614095), (55.648454209605326, 26.032127153209657), (55.718452265214886, 26.03980262327932), (55.78845032082445, 26.053909358939187), (55.85844837643401, 26.06651322416689), (55.92844643204357, 26.06506566465783), (55.998444487653124, 26.032207309497796), (56.06844254326265, 25.945747049652102)

Record time: 2023-10-18T16:12:11Z
Event time: 2023-10-19T11:32:06.166Z
Status: Underway
Travel distance: 212.95302375809936
Num waypoints: 49
Waypoints: (52.9824249999019, 24.65208987573789), (53.0699254332134, 24.688454774360316), (53.135699307446636, 24.734406042918256), (53.18972112495918, 24.789326145578734), (53.23965598934295, 24.851668329854437), (53.29091670439005, 24.919418030735518), (53.34678456761446, 24.990470965742055), (53.40859385832972, 25.06292792089716), (53.47598002028249, 25.135306227620703), (53.54719153609484, 25.206667929250543), (53.62230776962586, 25.272418018030077), (53.69506089744333, 25.344224036039307), (53.758039360718385, 25.416030054048544), (53.807314072200015, 25.483574492229472), (53.85102022117482, 25.550470552055284), (53.88381914856267, 25.62098169817507), (53.91318648463923, 25.695978717798333), (53.94598541202709, 25.772255530744648), (53.987897560492094, 25.843835370257906), (54.041433023184524, 25.904147751030077), (54.10505973874462, 25.946411087823552), (54.17419848318203, 25.976626650064837), (54.24482971543853, 25.986974316255626), (54.320458520543795, 25.98179105905623), (54.38981020831902, 25.971040041214284), (54.460954012149756, 25.96477489687581), (54.52669131654494, 25.96717804339553), (54.59848337266071, 25.98582269074696), (54.668481428266695, 26.005192994106302), (54.73847948387265, 26.017887262192822), (54.80847753947863, 26.02965608326665), (54.8784755950846, 26.04143809808608), (54.94847365069058, 26.048364814525275), (55.018471706296545, 26.05344252175988), (55.08846976190252, 26.066383701371176), (55.15846781750851, 26.09144050908346), (55.22846587311449, 26.11901920702584), (55.29846392872046, 26.129958706947768), (55.36846198432644, 26.106328708580925), (55.43846003993242, 26.066851136929515), (55.5084580983862, 26.047141190198378), (55.57845615399576, 26.034574541614095), (55.648454209605326, 26.032127153209657), (55.718452265214886, 26.03980262327932), (55.78845032082445, 26.053909358939187), (55.85844837643401, 26.06651322416689), (55.92844643204357, 26.06506566465783), (55.998444487653124, 26.032207309497796), (56.06844254326265, 25.945747049652102)

Record time: 2023-10-18T16:49:45Z
Event time: 2023-10-19T13:49:14.857Z
Status: Underway
Travel distance: 216.51133909287256
Num waypoints: 50
Waypoints: (52.983341221590905, 24.576882749995807), (52.99998717762082, 24.643925585961163), (53.0578341575842, 24.692631514406543), (53.1263107447514, 24.738590059515083), (53.19078329477978, 24.7899155461776), (53.24734165061833, 24.849436507833737), (53.29840553726725, 24.916571460131994), (53.34915163639269, 24.988891040408674), (53.40476134079659, 25.063366512985723), (53.468489185998514, 25.137304638997822), (53.54719153609484, 25.206667929250543), (53.62230776962586, 25.272418018030077), (53.69506089744333, 25.344224036039307), (53.758039360718385, 25.416030054048544), (53.807314072200015, 25.483574492229472), (53.85102022117482, 25.550470552055284), (53.88381914856267, 25.62098169817507), (53.91318648463923, 25.695978717798333), (53.94598541202709, 25.772255530744648), (53.987897560492094, 25.843835370257906), (54.041433023184524, 25.904147751030077), (54.10505973874462, 25.946411087823552), (54.17419848318203, 25.976626650064837), (54.24482971543853, 25.986974316255626), (54.320458520543795, 25.98179105905623), (54.38981020831902, 25.971040041214284), (54.460954012149756, 25.96477489687581), (54.52669131654494, 25.96717804339553), (54.59848337266071, 25.98582269074696), (54.668481428266695, 26.005192994106302), (54.73847948387265, 26.017887262192822), (54.80847753947863, 26.02965608326665), (54.8784755950846, 26.04143809808608), (54.94847365069058, 26.048364814525275), (55.018471706296545, 26.05344252175988), (55.08846976190252, 26.066383701371176), (55.15846781750851, 26.09144050908346), (55.22846587311449, 26.11901920702584), (55.29846392872046, 26.129958706947768), (55.36846198432644, 26.106328708580925), (55.43846003993242, 26.066851136929515), (55.5084580983862, 26.047141190198378), (55.57845615399576, 26.034574541614095), (55.648454209605326, 26.032127153209657), (55.718452265214886, 26.03980262327932), (55.78845032082445, 26.053909358939187), (55.85844837643401, 26.06651322416689), (55.92844643204357, 26.06506566465783), (55.998444487653124, 26.032207309497796), (56.06844254326265, 25.945747049652102)

Record time: 2023-10-18T17:12:00Z
Event time: 2023-10-19T15:25:07Z
Status: Underway
Travel distance: 221.3574514038877
Num waypoints: 51
Waypoints: (52.993523921887665, 24.500562312011436), (52.9699895087051, 24.585418143853328), (53.005134775875355, 24.64189542834288), (53.064466243292756, 24.688549369518167), (53.12853685634669, 24.73622154229375), (53.18869616454562, 24.79007926856617), (53.24342618854289, 24.85138546394501), (53.295262975564285, 24.918998955109622), (53.3483038432373, 24.990605267791423), (53.40630030908231, 25.063677884096), (53.468489185998514, 25.137304638997822), (53.54719153609484, 25.206667929250543), (53.62230776962586, 25.272418018030077), (53.69506089744333, 25.344224036039307), (53.758039360718385, 25.416030054048544), (53.807314072200015, 25.483574492229472), (53.85102022117482, 25.550470552055284), (53.88381914856267, 25.62098169817507), (53.91318648463923, 25.695978717798333), (53.94598541202709, 25.772255530744648), (53.987897560492094, 25.843835370257906), (54.041433023184524, 25.904147751030077), (54.10505973874462, 25.946411087823552), (54.17419848318203, 25.976626650064837), (54.24482971543853, 25.986974316255626), (54.320458520543795, 25.98179105905623), (54.38981020831902, 25.971040041214284), (54.460954012149756, 25.96477489687581), (54.52669131654494, 25.96717804339553), (54.59848337266071, 25.98582269074696), (54.668481428266695, 26.005192994106302), (54.73847948387265, 26.017887262192822), (54.80847753947863, 26.02965608326665), (54.8784755950846, 26.04143809808608), (54.94847365069058, 26.048364814525275), (55.018471706296545, 26.05344252175988), (55.08846976190252, 26.066383701371176), (55.15846781750851, 26.09144050908346), (55.22846587311449, 26.11901920702584), (55.29846392872046, 26.129958706947768), (55.36846198432644, 26.106328708580925), (55.43846003993242, 26.066851136929515), (55.5084580983862, 26.047141190198378), (55.57845615399576, 26.034574541614095), (55.648454209605326, 26.032127153209657), (55.718452265214886, 26.03980262327932), (55.78845032082445, 26.053909358939187), (55.85844837643401, 26.06651322416689), (55.92844643204357, 26.06506566465783), (55.998444487653124, 26.032207309497796), (56.06844254326265, 25.945747049652102)

Record time: 2023-10-18T17:36:02Z
Event time: 2023-10-19T17:37:17.555Z
Status: Underway
Travel distance: 221.76997840172785
Num waypoints: 51
Waypoints: (52.92815997928352, 24.500562312011436), (52.95737442330138, 24.585418143853328), (53.01032922280631, 24.64189542834288), (53.070773785994625, 24.688549369518167), (53.13039201596488, 24.73622154229375), (53.18641696844326, 24.79007926856617), (53.239581319268254, 24.85138546394501), (53.29240364163469, 24.918998955109622), (53.34781049309708, 24.990605267791423), (53.40809430959212, 25.063677884096), (53.468489185998514, 25.137304638997822), (53.54719153609484, 25.206667929250543), (53.62230776962586, 25.272418018030077), (53.69506089744333, 25.344224036039307), (53.758039360718385, 25.416030054048544), (53.807314072200015, 25.483574492229472), (53.85102022117482, 25.550470552055284), (53.88381914856267, 25.62098169817507), (53.91318648463923, 25.695978717798333), (53.94598541202709, 25.772255530744648), (53.987897560492094, 25.843835370257906), (54.041433023184524, 25.904147751030077), (54.10505973874462, 25.946411087823552), (54.17419848318203, 25.976626650064837), (54.24482971543853, 25.986974316255626), (54.320458520543795, 25.98179105905623), (54.38981020831902, 25.971040041214284), (54.460954012149756, 25.96477489687581), (54.52669131654494, 25.96717804339553), (54.59848337266071, 25.98582269074696), (54.668481428266695, 26.005192994106302), (54.73847948387265, 26.017887262192822), (54.80847753947863, 26.02965608326665), (54.8784755950846, 26.04143809808608), (54.94847365069058, 26.048364814525275), (55.018471706296545, 26.05344252175988), (55.08846976190252, 26.066383701371176), (55.15846781750851, 26.09144050908346), (55.22846587311449, 26.11901920702584), (55.29846392872046, 26.129958706947768), (55.36846198432644, 26.106328708580925), (55.43846003993242, 26.066851136929515), (55.5084580983862, 26.047141190198378), (55.57845615399576, 26.034574541614095), (55.648454209605326, 26.032127153209657), (55.718452265214886, 26.03980262327932), (55.78845032082445, 26.053909358939187), (55.85844837643401, 26.06651322416689), (55.92844643204357, 26.06506566465783), (55.998444487653124, 26.032207309497796), (56.06844254326265, 25.945747049652102)

Record time: 2024-01-10T12:39:37Z
Event time: 2024-01-11T06:24:06.666Z
Status: Underway
Travel distance: 79.7170626349892
Num waypoints: 17
Waypoints: (54.94847365350966, 25.413014656209434), (55.01847170911923, 25.488791991647712), (55.0884697647288, 25.550855443439175), (55.15846782033836, 25.619930066140636), (55.228465875947926, 25.696407684999155), (55.29846393155749, 25.771683150652887), (55.36846198716705, 25.83647048263697), (55.43846004222247, 25.88609890143565), (55.50845809783134, 25.91846755730521), (55.578456153440214, 25.95222566440544), (55.648454209605255, 26.005747326070587), (55.718452265214815, 26.060508377974088), (55.78845032082438, 26.097536697491172), (55.85844837643395, 26.097038162389605), (55.92844643204353, 26.0514963972919), (55.99844448765311, 25.983728970308267), (56.0684425432627, 25.96990004009957)

Record time: 2024-01-11T16:29:31Z
Event time: 2024-01-11T16:29:31Z
Status: Arrived
Travel distance: N/A
Num waypoints: 0
Waypoints: 

