MMSI: 403560000
Record time: 2023-11-29T19:16:22Z
Event time: 2023-12-01T15:32:56.666Z
Status: Underway
Travel distance: 356.5350971922246
Num waypoints: 86
Waypoints: (50.118607816449554, 26.942609511265534), (50.188605872059114, 26.911621835037845), (50.25860392766867, 26.95270936350274), (50.32860198327825, 27.014098468150454), (50.398600038887814, 27.067246879240088), (50.46859809449739, 27.100288656021817), (50.538596150106954, 27.11239555683197), (50.60859420571653, 27.109054809061025), (50.678592261326095, 27.09826327899449), (50.74859031433206, 27.087638040136994), (50.818588369938055, 27.090727261427837), (50.888586425544034, 27.093842870209876), (50.958584481149984, 27.096310100636785), (51.028582536755984, 27.0945157512354), (51.09858059236195, 27.0945157512354), (51.16857864796792, 27.0945157512354), (51.2385767035739, 27.0945157512354), (51.308574759179876, 27.0945157512354), (51.37857281478584, 27.0945157512354), (51.448570870391826, 27.0945157512354), (51.5185689259978, 27.096310100636785), (51.58856698160376, 27.092048520808483), (51.658565037209755, 27.09140014245336), (51.728563092815726, 27.09501522874734), (51.79856114842171, 27.10129545165221), (51.86855920402767, 27.098313665146957), (51.93855725963364, 27.09476266276017), (52.00855531523963, 27.082848710484758), (52.0785533708456, 27.072225860457195), (52.14855142645157, 27.054755456464033), (52.21854948205756, 27.039435633003414), (52.288547537663526, 27.01932836471136), (52.358545593269504, 26.993255638587993), (52.428543648875475, 26.971205120051362), (52.49854170448145, 26.942324010936332), (52.568539760087425, 26.91221211383904), (52.6385378156934, 26.87208804865331), (52.708535871299375, 26.823346582770984), (52.778533926905354, 26.787193835010395), (52.848531982511325, 26.74739961346463), (52.91853003811731, 26.703564336124142), (52.98852809372327, 26.655708736017722), (53.058526149329246, 26.62055494328101), (53.12852420493523, 26.57962794443458), (53.198522260541196, 26.53886680981853), (53.268520316147175, 26.48946565665629), (53.33851837175316, 26.438956228863766), (53.40851642735913, 26.385674229674773), (53.47851448296509, 26.337475592182788), (53.54851253857108, 26.288562607607687), (53.618510594177046, 26.229243527397), (53.688508649783024, 26.16899711535282), (53.758506705388996, 26.103275298885276), (53.828504760994974, 26.04830826990128), (53.89850281660096, 26.007232370211664), (53.96850087220693, 25.974998164893822), (54.038498927812924, 25.961683790764173), (54.10849698341888, 25.962105990623325), (54.17849503902486, 25.976894294618404), (54.24849309463083, 25.980733674587555), (54.31849115023681, 25.97761806580552), (54.38848920584279, 25.970016583520003), (54.45848726144877, 25.966269559770033), (54.528485317054745, 25.970966533203086), (54.59848337266071, 25.986495571772476), (54.668481428266695, 26.003398644704912), (54.73847948387265, 26.017887262192822), (54.80847753947863, 26.02965608326665), (54.8784755950846, 26.04143809808608), (54.94847365069058, 26.048364814525275), (55.018471706296545, 26.05344252175988), (55.08846976190252, 26.066383701371176), (55.15846781750851, 26.09144050908346), (55.22846587311449, 26.11722485762445), (55.29846392872046, 26.13242593737468), (55.36846198432644, 26.109444317362957), (55.43846003993242, 26.06814600881897), (55.5084580983862, 26.043087317621993), (55.57845615399576, 26.02655958104889), (55.648454209605326, 26.02552464308241), (55.718452265214886, 26.043471564044147), (55.78845032082445, 26.077867401800084), (55.85844837643401, 26.117264011832788), (55.92844643204357, 26.13806086751762), (55.998444487653124, 26.100923900602968), (56.06844254326265, 25.94686036189449)
Day of Week: Wednesday

MMSI: 403560000
Record time: 2023-11-29T20:25:43Z
Event time: 2023-12-01T11:13:56.666Z
Status: Underway
Travel distance: 351.20680345572356
Num waypoints: 85
Waypoints: (50.188605872059085, 27.16508786413436), (50.25860392766867, 27.081650811159047), (50.32860198327825, 27.06108315539506), (50.398600038887814, 27.06893140070472), (50.46859809449737, 27.08440134728705), (50.53859615010694, 27.09676524626905), (50.608594205716514, 27.102249206636813), (50.67859226132608, 27.101400854506366), (50.748590316935655, 27.096937244734413), (50.818588369938055, 27.092073023478882), (50.888586425544034, 27.09025417140709), (50.958584481149984, 27.096310100636785), (51.028582536755984, 27.0945157512354), (51.09858059236195, 27.0945157512354), (51.16857864796792, 27.0945157512354), (51.2385767035739, 27.0945157512354), (51.308574759179876, 27.0945157512354), (51.37857281478584, 27.0945157512354), (51.448570870391826, 27.0945157512354), (51.5185689259978, 27.096310100636785), (51.58856698160376, 27.092048520808483), (51.658565037209755, 27.09140014245336), (51.728563092815726, 27.09501522874734), (51.79856114842171, 27.10129545165221), (51.86855920402767, 27.098313665146957), (51.93855725963364, 27.09476266276017), (52.00855531523963, 27.082848710484758), (52.0785533708456, 27.072225860457195), (52.14855142645157, 27.054755456464033), (52.21854948205756, 27.039435633003414), (52.288547537663526, 27.01932836471136), (52.358545593269504, 26.993255638587993), (52.428543648875475, 26.971205120051362), (52.49854170448145, 26.942324010936332), (52.568539760087425, 26.91221211383904), (52.6385378156934, 26.87208804865331), (52.708535871299375, 26.823346582770984), (52.778533926905354, 26.787193835010395), (52.848531982511325, 26.74739961346463), (52.91853003811731, 26.703564336124142), (52.98852809372327, 26.655708736017722), (53.058526149329246, 26.62055494328101), (53.12852420493523, 26.57962794443458), (53.198522260541196, 26.53886680981853), (53.268520316147175, 26.48946565665629), (53.33851837175316, 26.438956228863766), (53.40851642735913, 26.385674229674773), (53.47851448296509, 26.337475592182788), (53.54851253857108, 26.288562607607687), (53.618510594177046, 26.229243527397), (53.688508649783024, 26.16899711535282), (53.758506705388996, 26.103275298885276), (53.828504760994974, 26.04830826990128), (53.89850281660096, 26.007232370211664), (53.96850087220693, 25.974998164893822), (54.038498927812924, 25.961683790764173), (54.10849698341888, 25.962105990623325), (54.17849503902486, 25.976894294618404), (54.24849309463083, 25.980733674587555), (54.31849115023681, 25.97761806580552), (54.38848920584279, 25.970016583520003), (54.45848726144877, 25.966269559770033), (54.528485317054745, 25.970966533203086), (54.59848337266071, 25.986495571772476), (54.668481428266695, 26.003398644704912), (54.73847948387265, 26.017887262192822), (54.80847753947863, 26.02965608326665), (54.8784755950846, 26.04143809808608), (54.94847365069058, 26.048364814525275), (55.018471706296545, 26.05344252175988), (55.08846976190252, 26.066383701371176), (55.15846781750851, 26.09144050908346), (55.22846587311449, 26.11722485762445), (55.29846392872046, 26.13242593737468), (55.36846198432644, 26.109444317362957), (55.43846003993242, 26.06814600881897), (55.5084580983862, 26.043087317621993), (55.57845615399576, 26.02655958104889), (55.648454209605326, 26.02552464308241), (55.718452265214886, 26.043471564044147), (55.78845032082445, 26.077867401800084), (55.85844837643401, 26.117264011832788), (55.92844643204357, 26.13806086751762), (55.998444487653124, 26.100923900602968), (56.06844254326265, 25.94686036189449)
Day of Week: Wednesday

MMSI: 403560000
Record time: 2023-11-29T20:37:05Z
Event time: 2023-12-01T09:58:15Z
Status: Underway
Travel distance: 351.20680345572356
Num waypoints: 85
Waypoints: (50.188605872059085, 27.16508786413436), (50.25860392766867, 27.081650811159047), (50.32860198327825, 27.06108315539506), (50.398600038887814, 27.06893140070472), (50.46859809449737, 27.08440134728705), (50.53859615010694, 27.09676524626905), (50.608594205716514, 27.102249206636813), (50.67859226132608, 27.101400854506366), (50.748590316935655, 27.096937244734413), (50.818588369938055, 27.092073023478882), (50.888586425544034, 27.09025417140709), (50.958584481149984, 27.096310100636785), (51.028582536755984, 27.0945157512354), (51.09858059236195, 27.0945157512354), (51.16857864796792, 27.0945157512354), (51.2385767035739, 27.0945157512354), (51.308574759179876, 27.0945157512354), (51.37857281478584, 27.0945157512354), (51.448570870391826, 27.0945157512354), (51.5185689259978, 27.096310100636785), (51.58856698160376, 27.092048520808483), (51.658565037209755, 27.09140014245336), (51.728563092815726, 27.09501522874734), (51.79856114842171, 27.10129545165221), (51.86855920402767, 27.098313665146957), (51.93855725963364, 27.09476266276017), (52.00855531523963, 27.082848710484758), (52.0785533708456, 27.072225860457195), (52.14855142645157, 27.054755456464033), (52.21854948205756, 27.039435633003414), (52.288547537663526, 27.01932836471136), (52.358545593269504, 26.993255638587993), (52.428543648875475, 26.971205120051362), (52.49854170448145, 26.942324010936332), (52.568539760087425, 26.91221211383904), (52.6385378156934, 26.87208804865331), (52.708535871299375, 26.823346582770984), (52.778533926905354, 26.787193835010395), (52.848531982511325, 26.74739961346463), (52.91853003811731, 26.703564336124142), (52.98852809372327, 26.655708736017722), (53.058526149329246, 26.62055494328101), (53.12852420493523, 26.57962794443458), (53.198522260541196, 26.53886680981853), (53.268520316147175, 26.48946565665629), (53.33851837175316, 26.438956228863766), (53.40851642735913, 26.385674229674773), (53.47851448296509, 26.337475592182788), (53.54851253857108, 26.288562607607687), (53.618510594177046, 26.229243527397), (53.688508649783024, 26.16899711535282), (53.758506705388996, 26.103275298885276), (53.828504760994974, 26.04830826990128), (53.89850281660096, 26.007232370211664), (53.96850087220693, 25.974998164893822), (54.038498927812924, 25.961683790764173), (54.10849698341888, 25.962105990623325), (54.17849503902486, 25.976894294618404), (54.24849309463083, 25.980733674587555), (54.31849115023681, 25.97761806580552), (54.38848920584279, 25.970016583520003), (54.45848726144877, 25.966269559770033), (54.528485317054745, 25.970966533203086), (54.59848337266071, 25.986495571772476), (54.668481428266695, 26.003398644704912), (54.73847948387265, 26.017887262192822), (54.80847753947863, 26.02965608326665), (54.8784755950846, 26.04143809808608), (54.94847365069058, 26.048364814525275), (55.018471706296545, 26.05344252175988), (55.08846976190252, 26.066383701371176), (55.15846781750851, 26.09144050908346), (55.22846587311449, 26.11722485762445), (55.29846392872046, 26.13242593737468), (55.36846198432644, 26.109444317362957), (55.43846003993242, 26.06814600881897), (55.5084580983862, 26.043087317621993), (55.57845615399576, 26.02655958104889), (55.648454209605326, 26.02552464308241), (55.718452265214886, 26.043471564044147), (55.78845032082445, 26.077867401800084), (55.85844837643401, 26.117264011832788), (55.92844643204357, 26.13806086751762), (55.998444487653124, 26.100923900602968), (56.06844254326265, 25.94686036189449)
Day of Week: Wednesday

MMSI: 403560000
Record time: 2023-11-29T20:50:54Z
Event time: 2023-12-01T09:02:34.875Z
Status: Underway
Travel distance: 345.8169546436285
Num waypoints: 84
Waypoints: (50.25860392766868, 27.159892407003703), (50.32860198327827, 27.107133291371337), (50.39860003888783, 27.089320295494794), (50.46859809449739, 27.088206983252505), (50.538596150106954, 27.092660232221636), (50.60859420571652, 27.09679539197869), (50.678592261326095, 27.09836136963817), (50.74859031693567, 27.09737564262931), (50.81858837254524, 27.095009198710862), (50.888586425544034, 27.092721401834005), (50.958584481149984, 27.0945157512354), (51.028582536755984, 27.0945157512354), (51.09858059236195, 27.0945157512354), (51.16857864796792, 27.0945157512354), (51.2385767035739, 27.0945157512354), (51.308574759179876, 27.0945157512354), (51.37857281478584, 27.0945157512354), (51.448570870391826, 27.0945157512354), (51.5185689259978, 27.096310100636785), (51.58856698160376, 27.092048520808483), (51.658565037209755, 27.09140014245336), (51.728563092815726, 27.09501522874734), (51.79856114842171, 27.10129545165221), (51.86855920402767, 27.098313665146957), (51.93855725963364, 27.09476266276017), (52.00855531523963, 27.082848710484758), (52.0785533708456, 27.072225860457195), (52.14855142645157, 27.054755456464033), (52.21854948205756, 27.039435633003414), (52.288547537663526, 27.01932836471136), (52.358545593269504, 26.993255638587993), (52.428543648875475, 26.971205120051362), (52.49854170448145, 26.942324010936332), (52.568539760087425, 26.91221211383904), (52.6385378156934, 26.87208804865331), (52.708535871299375, 26.823346582770984), (52.778533926905354, 26.787193835010395), (52.848531982511325, 26.74739961346463), (52.91853003811731, 26.703564336124142), (52.98852809372327, 26.655708736017722), (53.058526149329246, 26.62055494328101), (53.12852420493523, 26.57962794443458), (53.198522260541196, 26.53886680981853), (53.268520316147175, 26.48946565665629), (53.33851837175316, 26.438956228863766), (53.40851642735913, 26.385674229674773), (53.47851448296509, 26.337475592182788), (53.54851253857108, 26.288562607607687), (53.618510594177046, 26.229243527397), (53.688508649783024, 26.16899711535282), (53.758506705388996, 26.103275298885276), (53.828504760994974, 26.04830826990128), (53.89850281660096, 26.007232370211664), (53.96850087220693, 25.974998164893822), (54.038498927812924, 25.961683790764173), (54.10849698341888, 25.962105990623325), (54.17849503902486, 25.976894294618404), (54.24849309463083, 25.980733674587555), (54.31849115023681, 25.97761806580552), (54.38848920584279, 25.970016583520003), (54.45848726144877, 25.966269559770033), (54.528485317054745, 25.970966533203086), (54.59848337266071, 25.986495571772476), (54.668481428266695, 26.003398644704912), (54.73847948387265, 26.017887262192822), (54.80847753947863, 26.02965608326665), (54.8784755950846, 26.04143809808608), (54.94847365069058, 26.048364814525275), (55.018471706296545, 26.05344252175988), (55.08846976190252, 26.066383701371176), (55.15846781750851, 26.09144050908346), (55.22846587311449, 26.11722485762445), (55.29846392872046, 26.13242593737468), (55.36846198432644, 26.109444317362957), (55.43846003993242, 26.06814600881897), (55.5084580983862, 26.043087317621993), (55.57845615399576, 26.02655958104889), (55.648454209605326, 26.02552464308241), (55.718452265214886, 26.043471564044147), (55.78845032082445, 26.077867401800084), (55.85844837643401, 26.117264011832788), (55.92844643204357, 26.13806086751762), (55.998444487653124, 26.100923900602968), (56.06844254326265, 25.94686036189449)
Day of Week: Wednesday

MMSI: 403560000
Record time: 2023-11-29T21:14:05Z
Event time: 2023-12-01T06:40:37.777Z
Status: Underway
Travel distance: 342.07397408207345
Num waypoints: 83
Waypoints: (50.32860198327819, 27.159892407003703), (50.39860003888778, 27.107133291371337), (50.468598094497345, 27.089320295494794), (50.53859615010691, 27.088206983252505), (50.60859420571648, 27.092660232221636), (50.67859226132605, 27.09679539197869), (50.748590316935626, 27.09836136963817), (50.8185883725452, 27.09737564262931), (50.888586428154774, 27.095009198710862), (50.958584481149984, 27.092721401834005), (51.028582536755984, 27.0945157512354), (51.09858059236195, 27.0945157512354), (51.16857864796792, 27.0945157512354), (51.2385767035739, 27.0945157512354), (51.308574759179876, 27.0945157512354), (51.37857281478584, 27.0945157512354), (51.448570870391826, 27.0945157512354), (51.5185689259978, 27.096310100636785), (51.58856698160376, 27.092048520808483), (51.658565037209755, 27.09140014245336), (51.728563092815726, 27.09501522874734), (51.79856114842171, 27.10129545165221), (51.86855920402767, 27.098313665146957), (51.93855725963364, 27.09476266276017), (52.00855531523963, 27.082848710484758), (52.0785533708456, 27.072225860457195), (52.14855142645157, 27.054755456464033), (52.21854948205756, 27.039435633003414), (52.288547537663526, 27.01932836471136), (52.358545593269504, 26.993255638587993), (52.428543648875475, 26.971205120051362), (52.49854170448145, 26.942324010936332), (52.568539760087425, 26.91221211383904), (52.6385378156934, 26.87208804865331), (52.708535871299375, 26.823346582770984), (52.778533926905354, 26.787193835010395), (52.848531982511325, 26.74739961346463), (52.91853003811731, 26.703564336124142), (52.98852809372327, 26.655708736017722), (53.058526149329246, 26.62055494328101), (53.12852420493523, 26.57962794443458), (53.198522260541196, 26.53886680981853), (53.268520316147175, 26.48946565665629), (53.33851837175316, 26.438956228863766), (53.40851642735913, 26.385674229674773), (53.47851448296509, 26.337475592182788), (53.54851253857108, 26.288562607607687), (53.618510594177046, 26.229243527397), (53.688508649783024, 26.16899711535282), (53.758506705388996, 26.103275298885276), (53.828504760994974, 26.04830826990128), (53.89850281660096, 26.007232370211664), (53.96850087220693, 25.974998164893822), (54.038498927812924, 25.961683790764173), (54.10849698341888, 25.962105990623325), (54.17849503902486, 25.976894294618404), (54.24849309463083, 25.980733674587555), (54.31849115023681, 25.97761806580552), (54.38848920584279, 25.970016583520003), (54.45848726144877, 25.966269559770033), (54.528485317054745, 25.970966533203086), (54.59848337266071, 25.986495571772476), (54.668481428266695, 26.003398644704912), (54.73847948387265, 26.017887262192822), (54.80847753947863, 26.02965608326665), (54.8784755950846, 26.04143809808608), (54.94847365069058, 26.048364814525275), (55.018471706296545, 26.05344252175988), (55.08846976190252, 26.066383701371176), (55.15846781750851, 26.09144050908346), (55.22846587311449, 26.11722485762445), (55.29846392872046, 26.13242593737468), (55.36846198432644, 26.109444317362957), (55.43846003993242, 26.06814600881897), (55.5084580983862, 26.043087317621993), (55.57845615399576, 26.02655958104889), (55.648454209605326, 26.02552464308241), (55.718452265214886, 26.043471564044147), (55.78845032082445, 26.077867401800084), (55.85844837643401, 26.117264011832788), (55.92844643204357, 26.13806086751762), (55.998444487653124, 26.100923900602968), (56.06844254326265, 25.94686036189449)
Day of Week: Wednesday

MMSI: 403560000
Record time: 2023-11-29T21:38:21Z
Event time: 2023-12-01T03:49:20.555Z
Status: Underway
Travel distance: 338.33153347732184
Num waypoints: 82
Waypoints: (50.39860003888777, 27.159892407003703), (50.46859809449735, 27.107133291371337), (50.53859615010692, 27.089320295494794), (50.608594205716486, 27.088206983252505), (50.678592261326045, 27.092660232221636), (50.74859031693561, 27.09679539197869), (50.81858837254518, 27.09836136963817), (50.888586428154746, 27.09737564262931), (50.95858448376431, 27.095009198710862), (51.028582536755984, 27.092721401834005), (51.09858059236195, 27.0945157512354), (51.16857864796792, 27.0945157512354), (51.2385767035739, 27.0945157512354), (51.308574759179876, 27.0945157512354), (51.37857281478584, 27.0945157512354), (51.448570870391826, 27.0945157512354), (51.5185689259978, 27.096310100636785), (51.58856698160376, 27.092048520808483), (51.658565037209755, 27.09140014245336), (51.728563092815726, 27.09501522874734), (51.79856114842171, 27.10129545165221), (51.86855920402767, 27.098313665146957), (51.93855725963364, 27.09476266276017), (52.00855531523963, 27.082848710484758), (52.0785533708456, 27.072225860457195), (52.14855142645157, 27.054755456464033), (52.21854948205756, 27.039435633003414), (52.288547537663526, 27.01932836471136), (52.358545593269504, 26.993255638587993), (52.428543648875475, 26.971205120051362), (52.49854170448145, 26.942324010936332), (52.568539760087425, 26.91221211383904), (52.6385378156934, 26.87208804865331), (52.708535871299375, 26.823346582770984), (52.778533926905354, 26.787193835010395), (52.848531982511325, 26.74739961346463), (52.91853003811731, 26.703564336124142), (52.98852809372327, 26.655708736017722), (53.058526149329246, 26.62055494328101), (53.12852420493523, 26.57962794443458), (53.198522260541196, 26.53886680981853), (53.268520316147175, 26.48946565665629), (53.33851837175316, 26.438956228863766), (53.40851642735913, 26.385674229674773), (53.47851448296509, 26.337475592182788), (53.54851253857108, 26.288562607607687), (53.618510594177046, 26.229243527397), (53.688508649783024, 26.16899711535282), (53.758506705388996, 26.103275298885276), (53.828504760994974, 26.04830826990128), (53.89850281660096, 26.007232370211664), (53.96850087220693, 25.974998164893822), (54.038498927812924, 25.961683790764173), (54.10849698341888, 25.962105990623325), (54.17849503902486, 25.976894294618404), (54.24849309463083, 25.980733674587555), (54.31849115023681, 25.97761806580552), (54.38848920584279, 25.970016583520003), (54.45848726144877, 25.966269559770033), (54.528485317054745, 25.970966533203086), (54.59848337266071, 25.986495571772476), (54.668481428266695, 26.003398644704912), (54.73847948387265, 26.017887262192822), (54.80847753947863, 26.02965608326665), (54.8784755950846, 26.04143809808608), (54.94847365069058, 26.048364814525275), (55.018471706296545, 26.05344252175988), (55.08846976190252, 26.066383701371176), (55.15846781750851, 26.09144050908346), (55.22846587311449, 26.11722485762445), (55.29846392872046, 26.13242593737468), (55.36846198432644, 26.109444317362957), (55.43846003993242, 26.06814600881897), (55.5084580983862, 26.043087317621993), (55.57845615399576, 26.02655958104889), (55.648454209605326, 26.02552464308241), (55.718452265214886, 26.043471564044147), (55.78845032082445, 26.077867401800084), (55.85844837643401, 26.117264011832788), (55.92844643204357, 26.13806086751762), (55.998444487653124, 26.100923900602968), (56.06844254326265, 25.94686036189449)
Day of Week: Wednesday

MMSI: 403560000
Record time: 2023-11-29T21:55:13Z
Event time: 2023-12-01T02:23:30.555Z
Status: Underway
Travel distance: 334.58855291576674
Num waypoints: 81
Waypoints: (50.46859809449738, 27.159892407003703), (50.53859615010696, 27.107133291371337), (50.60859420571653, 27.089320295494794), (50.67859226132609, 27.088206983252505), (50.74859031693565, 27.092660232221636), (50.818588372545214, 27.09679539197869), (50.88858642815479, 27.09836136963817), (50.95858448376436, 27.09737564262931), (51.028582539373936, 27.095009198710862), (51.09858059236195, 27.092721401834005), (51.16857864796792, 27.0945157512354), (51.2385767035739, 27.0945157512354), (51.308574759179876, 27.0945157512354), (51.37857281478584, 27.0945157512354), (51.448570870391826, 27.0945157512354), (51.5185689259978, 27.096310100636785), (51.58856698160376, 27.092048520808483), (51.658565037209755, 27.09140014245336), (51.728563092815726, 27.09501522874734), (51.79856114842171, 27.10129545165221), (51.86855920402767, 27.098313665146957), (51.93855725963364, 27.09476266276017), (52.00855531523963, 27.082848710484758), (52.0785533708456, 27.072225860457195), (52.14855142645157, 27.054755456464033), (52.21854948205756, 27.039435633003414), (52.288547537663526, 27.01932836471136), (52.358545593269504, 26.993255638587993), (52.428543648875475, 26.971205120051362), (52.49854170448145, 26.942324010936332), (52.568539760087425, 26.91221211383904), (52.6385378156934, 26.87208804865331), (52.708535871299375, 26.823346582770984), (52.778533926905354, 26.787193835010395), (52.848531982511325, 26.74739961346463), (52.91853003811731, 26.703564336124142), (52.98852809372327, 26.655708736017722), (53.058526149329246, 26.62055494328101), (53.12852420493523, 26.57962794443458), (53.198522260541196, 26.53886680981853), (53.268520316147175, 26.48946565665629), (53.33851837175316, 26.438956228863766), (53.40851642735913, 26.385674229674773), (53.47851448296509, 26.337475592182788), (53.54851253857108, 26.288562607607687), (53.618510594177046, 26.229243527397), (53.688508649783024, 26.16899711535282), (53.758506705388996, 26.103275298885276), (53.828504760994974, 26.04830826990128), (53.89850281660096, 26.007232370211664), (53.96850087220693, 25.974998164893822), (54.038498927812924, 25.961683790764173), (54.10849698341888, 25.962105990623325), (54.17849503902486, 25.976894294618404), (54.24849309463083, 25.980733674587555), (54.31849115023681, 25.97761806580552), (54.38848920584279, 25.970016583520003), (54.45848726144877, 25.966269559770033), (54.528485317054745, 25.970966533203086), (54.59848337266071, 25.986495571772476), (54.668481428266695, 26.003398644704912), (54.73847948387265, 26.017887262192822), (54.80847753947863, 26.02965608326665), (54.8784755950846, 26.04143809808608), (54.94847365069058, 26.048364814525275), (55.018471706296545, 26.05344252175988), (55.08846976190252, 26.066383701371176), (55.15846781750851, 26.09144050908346), (55.22846587311449, 26.11722485762445), (55.29846392872046, 26.13242593737468), (55.36846198432644, 26.109444317362957), (55.43846003993242, 26.06814600881897), (55.5084580983862, 26.043087317621993), (55.57845615399576, 26.02655958104889), (55.648454209605326, 26.02552464308241), (55.718452265214886, 26.043471564044147), (55.78845032082445, 26.077867401800084), (55.85844837643401, 26.117264011832788), (55.92844643204357, 26.13806086751762), (55.998444487653124, 26.100923900602968), (56.06844254326265, 25.94686036189449)
Day of Week: Wednesday

Number of Journeys: 0
