Record time: 2023-07-10T00:00:14Z
Event time: 2023-07-11T23:31:14Z
Status: Underway
Travel distance: 352.9071274298056
Num waypoints: 85
Waypoints: (50.188605872059085, 26.558503970896204), (50.25860392766867, 26.547352011688528), (50.32860198327825, 26.614468264279818), (50.398600038887814, 26.700695143329423), (50.46859809449737, 26.771007366607922), (50.53859615010694, 26.808709345682615), (50.608594205716514, 26.810281708886503), (50.67859226132608, 26.780876956570737), (50.748590316935655, 26.73046424864056), (50.818588369938055, 26.670623323006378), (50.888586425544034, 26.59791070619245), (50.958584481149984, 26.55016065605081), (51.028582536755984, 26.52205609310529), (51.09858059236195, 26.506474279553508), (51.16857864796792, 26.48660261386142), (51.2385767035739, 26.460315018166877), (51.308574759179876, 26.410491665145482), (51.37857281478584, 26.346379485640952), (51.448570870391826, 26.261779304042808), (51.5185689259978, 26.17017135871108), (51.58856698160376, 26.091787316110615), (51.658565037209755, 26.03757233062573), (51.728563092815726, 26.003146078717737), (51.79856114842171, 25.987313583999587), (51.86855920402767, 25.990253904447243), (51.93855725963364, 26.005439905631075), (52.00855531523963, 26.024885601822408), (52.0785533708456, 26.05009696484027), (52.14855142645157, 26.067209252881476), (52.21854948205756, 26.07545345905972), (52.288547537663526, 26.082118185407744), (52.358545593269504, 26.097066699170803), (52.428543648875475, 26.109417929871764), (52.49854170448145, 26.128995563519084), (52.568539760087425, 26.145791201665926), (52.6385378156934, 26.163894905447815), (52.708535871299375, 26.17781430705419), (52.778533926905354, 26.186827520118744), (52.848531982511325, 26.1820513842121), (52.91853003811731, 26.15781258872692), (52.98852809372327, 26.138189719380406), (53.058526149329246, 26.12642089830658), (53.12852420493523, 26.121567484747143), (53.198522260541196, 26.117714911032394), (53.268520316147175, 26.101235922779914), (53.33851837175316, 26.078199642965), (53.40851642735913, 26.047456330899777), (53.47851448296509, 26.012449554185455), (53.54851253857108, 25.98066582103876), (53.618510594177046, 25.96649573826601), (53.688508649783024, 25.96307855815601), (53.758506705388996, 25.968844224982536), (53.828504760994974, 25.976945184779996), (53.89850281660096, 25.97991189271885), (53.96850087220693, 25.97500193453542), (54.038498927812924, 25.972534704108508), (54.10849698341888, 25.972534704108508), (54.17849503902486, 25.976796283936814), (54.24849309463083, 25.977444662291937), (54.31849115023681, 25.973829575997957), (54.38848920584279, 25.96934370249448), (54.45848726144877, 25.968063909171427), (54.528485317054745, 25.970966533203086), (54.59848337266071, 25.986495571772476), (54.668481428266695, 26.003398644704912), (54.73847948387265, 26.017887262192822), (54.80847753947863, 26.02965608326665), (54.8784755950846, 26.04143809808608), (54.94847365069058, 26.048364814525275), (55.018471706296545, 26.05344252175988), (55.08846976190252, 26.066383701371176), (55.15846781750851, 26.09144050908346), (55.22846587311449, 26.11901920702584), (55.29846392872046, 26.129958706947768), (55.36846198432644, 26.106328708580925), (55.43846003993242, 26.066851136929515), (55.5084580983862, 26.047141190198378), (55.57845615399576, 26.034574541614095), (55.648454209605326, 26.032127153209657), (55.718452265214886, 26.03980262327932), (55.78845032082445, 26.053909358939187), (55.85844837643401, 26.06651322416689), (55.92844643204357, 26.06506566465783), (55.998444487653124, 26.032207309497796), (56.06844254326265, 25.945747049652102)

Record time: 2023-07-10T00:13:04Z
Event time: 2023-07-11T21:39:09Z
Status: Underway
Travel distance: 352.9071274298056
Num waypoints: 85
Waypoints: (50.188605872059085, 26.558503970896204), (50.25860392766867, 26.547352011688528), (50.32860198327825, 26.614468264279818), (50.398600038887814, 26.700695143329423), (50.46859809449737, 26.771007366607922), (50.53859615010694, 26.808709345682615), (50.608594205716514, 26.810281708886503), (50.67859226132608, 26.780876956570737), (50.748590316935655, 26.73046424864056), (50.818588369938055, 26.670623323006378), (50.888586425544034, 26.59791070619245), (50.958584481149984, 26.55016065605081), (51.028582536755984, 26.52205609310529), (51.09858059236195, 26.506474279553508), (51.16857864796792, 26.48660261386142), (51.2385767035739, 26.460315018166877), (51.308574759179876, 26.410491665145482), (51.37857281478584, 26.346379485640952), (51.448570870391826, 26.261779304042808), (51.5185689259978, 26.17017135871108), (51.58856698160376, 26.091787316110615), (51.658565037209755, 26.03757233062573), (51.728563092815726, 26.003146078717737), (51.79856114842171, 25.987313583999587), (51.86855920402767, 25.990253904447243), (51.93855725963364, 26.005439905631075), (52.00855531523963, 26.024885601822408), (52.0785533708456, 26.05009696484027), (52.14855142645157, 26.067209252881476), (52.21854948205756, 26.07545345905972), (52.288547537663526, 26.082118185407744), (52.358545593269504, 26.097066699170803), (52.428543648875475, 26.109417929871764), (52.49854170448145, 26.128995563519084), (52.568539760087425, 26.145791201665926), (52.6385378156934, 26.163894905447815), (52.708535871299375, 26.17781430705419), (52.778533926905354, 26.186827520118744), (52.848531982511325, 26.1820513842121), (52.91853003811731, 26.15781258872692), (52.98852809372327, 26.138189719380406), (53.058526149329246, 26.12642089830658), (53.12852420493523, 26.121567484747143), (53.198522260541196, 26.117714911032394), (53.268520316147175, 26.101235922779914), (53.33851837175316, 26.078199642965), (53.40851642735913, 26.047456330899777), (53.47851448296509, 26.012449554185455), (53.54851253857108, 25.98066582103876), (53.618510594177046, 25.96649573826601), (53.688508649783024, 25.96307855815601), (53.758506705388996, 25.968844224982536), (53.828504760994974, 25.976945184779996), (53.89850281660096, 25.97991189271885), (53.96850087220693, 25.97500193453542), (54.038498927812924, 25.972534704108508), (54.10849698341888, 25.972534704108508), (54.17849503902486, 25.976796283936814), (54.24849309463083, 25.977444662291937), (54.31849115023681, 25.973829575997957), (54.38848920584279, 25.96934370249448), (54.45848726144877, 25.968063909171427), (54.528485317054745, 25.970966533203086), (54.59848337266071, 25.986495571772476), (54.668481428266695, 26.003398644704912), (54.73847948387265, 26.017887262192822), (54.80847753947863, 26.02965608326665), (54.8784755950846, 26.04143809808608), (54.94847365069058, 26.048364814525275), (55.018471706296545, 26.05344252175988), (55.08846976190252, 26.066383701371176), (55.15846781750851, 26.09144050908346), (55.22846587311449, 26.11901920702584), (55.29846392872046, 26.129958706947768), (55.36846198432644, 26.106328708580925), (55.43846003993242, 26.066851136929515), (55.5084580983862, 26.047141190198378), (55.57845615399576, 26.034574541614095), (55.648454209605326, 26.032127153209657), (55.718452265214886, 26.03980262327932), (55.78845032082445, 26.053909358939187), (55.85844837643401, 26.06651322416689), (55.92844643204357, 26.06506566465783), (55.998444487653124, 26.032207309497796), (56.06844254326265, 25.945747049652102)

Record time: 2023-07-10T00:23:47Z
Event time: 2023-07-11T20:11:21.666Z
Status: Underway
Travel distance: 354.14956803455726
Num waypoints: 85
Waypoints: (50.188605872059085, 26.62388062527445), (50.25860392766867, 26.559969550434406), (50.32860198327825, 26.60927280714916), (50.398600038887814, 26.694386373956487), (50.46859809449737, 26.769151846204124), (50.53859615010694, 26.810988985035873), (50.608594205716514, 26.81412732589924), (50.67859226132608, 26.78373684657461), (50.748590316935655, 26.73095769472598), (50.818588369938055, 26.668828973604988), (50.888586425544034, 26.59791070619245), (50.958584481149984, 26.55016065605081), (51.028582536755984, 26.52205609310529), (51.09858059236195, 26.506474279553508), (51.16857864796792, 26.48660261386142), (51.2385767035739, 26.460315018166877), (51.308574759179876, 26.410491665145482), (51.37857281478584, 26.346379485640952), (51.448570870391826, 26.261779304042808), (51.5185689259978, 26.17017135871108), (51.58856698160376, 26.091787316110615), (51.658565037209755, 26.03757233062573), (51.728563092815726, 26.003146078717737), (51.79856114842171, 25.987313583999587), (51.86855920402767, 25.990253904447243), (51.93855725963364, 26.005439905631075), (52.00855531523963, 26.024885601822408), (52.0785533708456, 26.05009696484027), (52.14855142645157, 26.067209252881476), (52.21854948205756, 26.07545345905972), (52.288547537663526, 26.082118185407744), (52.358545593269504, 26.097066699170803), (52.428543648875475, 26.109417929871764), (52.49854170448145, 26.128995563519084), (52.568539760087425, 26.145791201665926), (52.6385378156934, 26.163894905447815), (52.708535871299375, 26.17781430705419), (52.778533926905354, 26.186827520118744), (52.848531982511325, 26.1820513842121), (52.91853003811731, 26.15781258872692), (52.98852809372327, 26.138189719380406), (53.058526149329246, 26.12642089830658), (53.12852420493523, 26.121567484747143), (53.198522260541196, 26.117714911032394), (53.268520316147175, 26.101235922779914), (53.33851837175316, 26.078199642965), (53.40851642735913, 26.047456330899777), (53.47851448296509, 26.012449554185455), (53.54851253857108, 25.98066582103876), (53.618510594177046, 25.96649573826601), (53.688508649783024, 25.96307855815601), (53.758506705388996, 25.968844224982536), (53.828504760994974, 25.976945184779996), (53.89850281660096, 25.97991189271885), (53.96850087220693, 25.97500193453542), (54.038498927812924, 25.972534704108508), (54.10849698341888, 25.972534704108508), (54.17849503902486, 25.976796283936814), (54.24849309463083, 25.977444662291937), (54.31849115023681, 25.973829575997957), (54.38848920584279, 25.96934370249448), (54.45848726144877, 25.968063909171427), (54.528485317054745, 25.970966533203086), (54.59848337266071, 25.986495571772476), (54.668481428266695, 26.003398644704912), (54.73847948387265, 26.017887262192822), (54.80847753947863, 26.02965608326665), (54.8784755950846, 26.04143809808608), (54.94847365069058, 26.048364814525275), (55.018471706296545, 26.05344252175988), (55.08846976190252, 26.066383701371176), (55.15846781750851, 26.09144050908346), (55.22846587311449, 26.11901920702584), (55.29846392872046, 26.129958706947768), (55.36846198432644, 26.106328708580925), (55.43846003993242, 26.066851136929515), (55.5084580983862, 26.047141190198378), (55.57845615399576, 26.034574541614095), (55.648454209605326, 26.032127153209657), (55.718452265214886, 26.03980262327932), (55.78845032082445, 26.053909358939187), (55.85844837643401, 26.06651322416689), (55.92844643204357, 26.06506566465783), (55.998444487653124, 26.032207309497796), (56.06844254326265, 25.945747049652102)

Record time: 2023-07-10T00:33:57Z
Event time: 2023-07-11T19:10:30.500Z
Status: Underway
Travel distance: 349.8272138228942
Num waypoints: 84
Waypoints: (50.25860392766868, 26.612064135368502), (50.32860198327827, 26.589012571369203), (50.39860003888783, 26.668487890947347), (50.46859809449739, 26.760598021083794), (50.538596150106954, 26.819295590206128), (50.60859420571652, 26.829481607311767), (50.678592261326095, 26.79593986753393), (50.74859031693567, 26.734102084150596), (50.81858837254524, 26.662643747036324), (50.888586425544034, 26.59791070619245), (50.958584481149984, 26.55016065605081), (51.028582536755984, 26.52205609310529), (51.09858059236195, 26.506474279553508), (51.16857864796792, 26.48660261386142), (51.2385767035739, 26.460315018166877), (51.308574759179876, 26.410491665145482), (51.37857281478584, 26.346379485640952), (51.448570870391826, 26.261779304042808), (51.5185689259978, 26.17017135871108), (51.58856698160376, 26.091787316110615), (51.658565037209755, 26.03757233062573), (51.728563092815726, 26.003146078717737), (51.79856114842171, 25.987313583999587), (51.86855920402767, 25.990253904447243), (51.93855725963364, 26.005439905631075), (52.00855531523963, 26.024885601822408), (52.0785533708456, 26.05009696484027), (52.14855142645157, 26.067209252881476), (52.21854948205756, 26.07545345905972), (52.288547537663526, 26.082118185407744), (52.358545593269504, 26.097066699170803), (52.428543648875475, 26.109417929871764), (52.49854170448145, 26.128995563519084), (52.568539760087425, 26.145791201665926), (52.6385378156934, 26.163894905447815), (52.708535871299375, 26.17781430705419), (52.778533926905354, 26.186827520118744), (52.848531982511325, 26.1820513842121), (52.91853003811731, 26.15781258872692), (52.98852809372327, 26.138189719380406), (53.058526149329246, 26.12642089830658), (53.12852420493523, 26.121567484747143), (53.198522260541196, 26.117714911032394), (53.268520316147175, 26.101235922779914), (53.33851837175316, 26.078199642965), (53.40851642735913, 26.047456330899777), (53.47851448296509, 26.012449554185455), (53.54851253857108, 25.98066582103876), (53.618510594177046, 25.96649573826601), (53.688508649783024, 25.96307855815601), (53.758506705388996, 25.968844224982536), (53.828504760994974, 25.976945184779996), (53.89850281660096, 25.97991189271885), (53.96850087220693, 25.97500193453542), (54.038498927812924, 25.972534704108508), (54.10849698341888, 25.972534704108508), (54.17849503902486, 25.976796283936814), (54.24849309463083, 25.977444662291937), (54.31849115023681, 25.973829575997957), (54.38848920584279, 25.96934370249448), (54.45848726144877, 25.968063909171427), (54.528485317054745, 25.970966533203086), (54.59848337266071, 25.986495571772476), (54.668481428266695, 26.003398644704912), (54.73847948387265, 26.017887262192822), (54.80847753947863, 26.02965608326665), (54.8784755950846, 26.04143809808608), (54.94847365069058, 26.048364814525275), (55.018471706296545, 26.05344252175988), (55.08846976190252, 26.066383701371176), (55.15846781750851, 26.09144050908346), (55.22846587311449, 26.11901920702584), (55.29846392872046, 26.129958706947768), (55.36846198432644, 26.106328708580925), (55.43846003993242, 26.066851136929515), (55.5084580983862, 26.047141190198378), (55.57845615399576, 26.034574541614095), (55.648454209605326, 26.032127153209657), (55.718452265214886, 26.03980262327932), (55.78845032082445, 26.053909358939187), (55.85844837643401, 26.06651322416689), (55.92844643204357, 26.06506566465783), (55.998444487653124, 26.032207309497796), (56.06844254326265, 25.945747049652102)

Record time: 2023-07-10T01:04:24Z
Event time: 2023-07-11T18:22:56.500Z
Status: Underway
Travel distance: 344.707343412527
Num waypoints: 83
Waypoints: (50.32860198327819, 26.605051608178353), (50.39860003888778, 26.668563615050875), (50.468598094497345, 26.75341350685145), (50.53859615010691, 26.811926883289015), (50.60859420571648, 26.826176528346558), (50.67859226132605, 26.797892022128988), (50.748590316935626, 26.73995542941408), (50.8185883725452, 26.669483064906537), (50.888586428154774, 26.602493335195128), (50.958584481149984, 26.55016065605081), (51.028582536755984, 26.52205609310529), (51.09858059236195, 26.506474279553508), (51.16857864796792, 26.48660261386142), (51.2385767035739, 26.460315018166877), (51.308574759179876, 26.410491665145482), (51.37857281478584, 26.346379485640952), (51.448570870391826, 26.261779304042808), (51.5185689259978, 26.17017135871108), (51.58856698160376, 26.091787316110615), (51.658565037209755, 26.03757233062573), (51.728563092815726, 26.003146078717737), (51.79856114842171, 25.987313583999587), (51.86855920402767, 25.990253904447243), (51.93855725963364, 26.005439905631075), (52.00855531523963, 26.024885601822408), (52.0785533708456, 26.05009696484027), (52.14855142645157, 26.067209252881476), (52.21854948205756, 26.07545345905972), (52.288547537663526, 26.082118185407744), (52.358545593269504, 26.097066699170803), (52.428543648875475, 26.109417929871764), (52.49854170448145, 26.128995563519084), (52.568539760087425, 26.145791201665926), (52.6385378156934, 26.163894905447815), (52.708535871299375, 26.17781430705419), (52.778533926905354, 26.186827520118744), (52.848531982511325, 26.1820513842121), (52.91853003811731, 26.15781258872692), (52.98852809372327, 26.138189719380406), (53.058526149329246, 26.12642089830658), (53.12852420493523, 26.121567484747143), (53.198522260541196, 26.117714911032394), (53.268520316147175, 26.101235922779914), (53.33851837175316, 26.078199642965), (53.40851642735913, 26.047456330899777), (53.47851448296509, 26.012449554185455), (53.54851253857108, 25.98066582103876), (53.618510594177046, 25.96649573826601), (53.688508649783024, 25.96307855815601), (53.758506705388996, 25.968844224982536), (53.828504760994974, 25.976945184779996), (53.89850281660096, 25.97991189271885), (53.96850087220693, 25.97500193453542), (54.038498927812924, 25.972534704108508), (54.10849698341888, 25.972534704108508), (54.17849503902486, 25.976796283936814), (54.24849309463083, 25.977444662291937), (54.31849115023681, 25.973829575997957), (54.38848920584279, 25.96934370249448), (54.45848726144877, 25.968063909171427), (54.528485317054745, 25.970966533203086), (54.59848337266071, 25.986495571772476), (54.668481428266695, 26.003398644704912), (54.73847948387265, 26.017887262192822), (54.80847753947863, 26.02965608326665), (54.8784755950846, 26.04143809808608), (54.94847365069058, 26.048364814525275), (55.018471706296545, 26.05344252175988), (55.08846976190252, 26.066383701371176), (55.15846781750851, 26.09144050908346), (55.22846587311449, 26.11901920702584), (55.29846392872046, 26.129958706947768), (55.36846198432644, 26.106328708580925), (55.43846003993242, 26.066851136929515), (55.5084580983862, 26.047141190198378), (55.57845615399576, 26.034574541614095), (55.648454209605326, 26.032127153209657), (55.718452265214886, 26.03980262327932), (55.78845032082445, 26.053909358939187), (55.85844837643401, 26.06651322416689), (55.92844643204357, 26.06506566465783), (55.998444487653124, 26.032207309497796), (56.06844254326265, 25.945747049652102)

Record time: 2023-07-10T01:17:03Z
Event time: 2023-07-11T17:41:14.571Z
Status: Underway
Travel distance: 342.68628509719224
Num waypoints: 83
Waypoints: (50.32860198327819, 26.67785034417183), (50.39860003888778, 26.738393518398265), (50.468598094497345, 26.801937670032782), (50.53859615010691, 26.836397922967446), (50.60859420571648, 26.831961386076063), (50.67859226132605, 26.793186172903187), (50.748590316935626, 26.7323728638751), (50.8185883725452, 26.6642084110328), (50.888586428154774, 26.601682485287004), (50.958584481149984, 26.553276264832846), (51.028582536755984, 26.524523323532204), (51.09858059236195, 26.50467993015212), (51.16857864796792, 26.48660261386142), (51.2385767035739, 26.460315018166877), (51.308574759179876, 26.410491665145482), (51.37857281478584, 26.346379485640952), (51.448570870391826, 26.261779304042808), (51.5185689259978, 26.17017135871108), (51.58856698160376, 26.091787316110615), (51.658565037209755, 26.03757233062573), (51.728563092815726, 26.003146078717737), (51.79856114842171, 25.987313583999587), (51.86855920402767, 25.990253904447243), (51.93855725963364, 26.005439905631075), (52.00855531523963, 26.024885601822408), (52.0785533708456, 26.05009696484027), (52.14855142645157, 26.067209252881476), (52.21854948205756, 26.07545345905972), (52.288547537663526, 26.082118185407744), (52.358545593269504, 26.097066699170803), (52.428543648875475, 26.109417929871764), (52.49854170448145, 26.128995563519084), (52.568539760087425, 26.145791201665926), (52.6385378156934, 26.163894905447815), (52.708535871299375, 26.17781430705419), (52.778533926905354, 26.186827520118744), (52.848531982511325, 26.1820513842121), (52.91853003811731, 26.15781258872692), (52.98852809372327, 26.138189719380406), (53.058526149329246, 26.12642089830658), (53.12852420493523, 26.121567484747143), (53.198522260541196, 26.117714911032394), (53.268520316147175, 26.101235922779914), (53.33851837175316, 26.078199642965), (53.40851642735913, 26.047456330899777), (53.47851448296509, 26.012449554185455), (53.54851253857108, 25.98066582103876), (53.618510594177046, 25.96649573826601), (53.688508649783024, 25.96307855815601), (53.758506705388996, 25.968844224982536), (53.828504760994974, 25.976945184779996), (53.89850281660096, 25.97991189271885), (53.96850087220693, 25.97500193453542), (54.038498927812924, 25.972534704108508), (54.10849698341888, 25.972534704108508), (54.17849503902486, 25.976796283936814), (54.24849309463083, 25.977444662291937), (54.31849115023681, 25.973829575997957), (54.38848920584279, 25.96934370249448), (54.45848726144877, 25.968063909171427), (54.528485317054745, 25.970966533203086), (54.59848337266071, 25.986495571772476), (54.668481428266695, 26.003398644704912), (54.73847948387265, 26.017887262192822), (54.80847753947863, 26.02965608326665), (54.8784755950846, 26.04143809808608), (54.94847365069058, 26.048364814525275), (55.018471706296545, 26.05344252175988), (55.08846976190252, 26.066383701371176), (55.15846781750851, 26.09144050908346), (55.22846587311449, 26.11901920702584), (55.29846392872046, 26.129958706947768), (55.36846198432644, 26.106328708580925), (55.43846003993242, 26.066851136929515), (55.5084580983862, 26.047141190198378), (55.57845615399576, 26.034574541614095), (55.648454209605326, 26.032127153209657), (55.718452265214886, 26.03980262327932), (55.78845032082445, 26.053909358939187), (55.85844837643401, 26.06651322416689), (55.92844643204357, 26.06506566465783), (55.998444487653124, 26.032207309497796), (56.06844254326265, 25.945747049652102)

Record time: 2023-07-10T01:55:23Z
Event time: 2023-07-11T17:08:58.333Z
Status: Underway
Travel distance: 337.0199784017279
Num waypoints: 82
Waypoints: (50.39860003888777, 26.742429445195995), (50.46859809449735, 26.807662396267208), (50.53859615010692, 26.835303281874246), (50.608594205716486, 26.825827933595416), (50.678592261326045, 26.78705638725573), (50.74859031693561, 26.730356099907663), (50.81858837254518, 26.667575723353885), (50.888586428154746, 26.60870943421207), (50.95858448376431, 26.56029182052172), (51.028582536755984, 26.524523323532204), (51.09858059236195, 26.50467993015212), (51.16857864796792, 26.48660261386142), (51.2385767035739, 26.460315018166877), (51.308574759179876, 26.410491665145482), (51.37857281478584, 26.346379485640952), (51.448570870391826, 26.261779304042808), (51.5185689259978, 26.17017135871108), (51.58856698160376, 26.091787316110615), (51.658565037209755, 26.03757233062573), (51.728563092815726, 26.003146078717737), (51.79856114842171, 25.987313583999587), (51.86855920402767, 25.990253904447243), (51.93855725963364, 26.005439905631075), (52.00855531523963, 26.024885601822408), (52.0785533708456, 26.05009696484027), (52.14855142645157, 26.067209252881476), (52.21854948205756, 26.07545345905972), (52.288547537663526, 26.082118185407744), (52.358545593269504, 26.097066699170803), (52.428543648875475, 26.109417929871764), (52.49854170448145, 26.128995563519084), (52.568539760087425, 26.145791201665926), (52.6385378156934, 26.163894905447815), (52.708535871299375, 26.17781430705419), (52.778533926905354, 26.186827520118744), (52.848531982511325, 26.1820513842121), (52.91853003811731, 26.15781258872692), (52.98852809372327, 26.138189719380406), (53.058526149329246, 26.12642089830658), (53.12852420493523, 26.121567484747143), (53.198522260541196, 26.117714911032394), (53.268520316147175, 26.101235922779914), (53.33851837175316, 26.078199642965), (53.40851642735913, 26.047456330899777), (53.47851448296509, 26.012449554185455), (53.54851253857108, 25.98066582103876), (53.618510594177046, 25.96649573826601), (53.688508649783024, 25.96307855815601), (53.758506705388996, 25.968844224982536), (53.828504760994974, 25.976945184779996), (53.89850281660096, 25.97991189271885), (53.96850087220693, 25.97500193453542), (54.038498927812924, 25.972534704108508), (54.10849698341888, 25.972534704108508), (54.17849503902486, 25.976796283936814), (54.24849309463083, 25.977444662291937), (54.31849115023681, 25.973829575997957), (54.38848920584279, 25.96934370249448), (54.45848726144877, 25.968063909171427), (54.528485317054745, 25.970966533203086), (54.59848337266071, 25.986495571772476), (54.668481428266695, 26.003398644704912), (54.73847948387265, 26.017887262192822), (54.80847753947863, 26.02965608326665), (54.8784755950846, 26.04143809808608), (54.94847365069058, 26.048364814525275), (55.018471706296545, 26.05344252175988), (55.08846976190252, 26.066383701371176), (55.15846781750851, 26.09144050908346), (55.22846587311449, 26.11901920702584), (55.29846392872046, 26.129958706947768), (55.36846198432644, 26.106328708580925), (55.43846003993242, 26.066851136929515), (55.5084580983862, 26.047141190198378), (55.57845615399576, 26.034574541614095), (55.648454209605326, 26.032127153209657), (55.718452265214886, 26.03980262327932), (55.78845032082445, 26.053909358939187), (55.85844837643401, 26.06651322416689), (55.92844643204357, 26.06506566465783), (55.998444487653124, 26.032207309497796), (56.06844254326265, 25.945747049652102)

Record time: 2023-07-10T02:21:24Z
Event time: 2023-07-11T16:28:25.800Z
Status: Underway
Travel distance: 332.3417926565875
Num waypoints: 81
Waypoints: (50.46859809449738, 26.797824739738022), (50.53859615010696, 26.845448792467426), (50.60859420571653, 26.831508600715747), (50.67859226132609, 26.783932068316812), (50.74859031693565, 26.722919333824933), (50.818588372545214, 26.661898374660478), (50.88858642815479, 26.60850322910498), (50.95858448376436, 26.565574836145892), (51.028582539373936, 26.532184493170906), (51.09858059236195, 26.50467993015212), (51.16857864796792, 26.48660261386142), (51.2385767035739, 26.460315018166877), (51.308574759179876, 26.410491665145482), (51.37857281478584, 26.346379485640952), (51.448570870391826, 26.261779304042808), (51.5185689259978, 26.17017135871108), (51.58856698160376, 26.091787316110615), (51.658565037209755, 26.03757233062573), (51.728563092815726, 26.003146078717737), (51.79856114842171, 25.987313583999587), (51.86855920402767, 25.990253904447243), (51.93855725963364, 26.005439905631075), (52.00855531523963, 26.024885601822408), (52.0785533708456, 26.05009696484027), (52.14855142645157, 26.067209252881476), (52.21854948205756, 26.07545345905972), (52.288547537663526, 26.082118185407744), (52.358545593269504, 26.097066699170803), (52.428543648875475, 26.109417929871764), (52.49854170448145, 26.128995563519084), (52.568539760087425, 26.145791201665926), (52.6385378156934, 26.163894905447815), (52.708535871299375, 26.17781430705419), (52.778533926905354, 26.186827520118744), (52.848531982511325, 26.1820513842121), (52.91853003811731, 26.15781258872692), (52.98852809372327, 26.138189719380406), (53.058526149329246, 26.12642089830658), (53.12852420493523, 26.121567484747143), (53.198522260541196, 26.117714911032394), (53.268520316147175, 26.101235922779914), (53.33851837175316, 26.078199642965), (53.40851642735913, 26.047456330899777), (53.47851448296509, 26.012449554185455), (53.54851253857108, 25.98066582103876), (53.618510594177046, 25.96649573826601), (53.688508649783024, 25.96307855815601), (53.758506705388996, 25.968844224982536), (53.828504760994974, 25.976945184779996), (53.89850281660096, 25.97991189271885), (53.96850087220693, 25.97500193453542), (54.038498927812924, 25.972534704108508), (54.10849698341888, 25.972534704108508), (54.17849503902486, 25.976796283936814), (54.24849309463083, 25.977444662291937), (54.31849115023681, 25.973829575997957), (54.38848920584279, 25.96934370249448), (54.45848726144877, 25.968063909171427), (54.528485317054745, 25.970966533203086), (54.59848337266071, 25.986495571772476), (54.668481428266695, 26.003398644704912), (54.73847948387265, 26.017887262192822), (54.80847753947863, 26.02965608326665), (54.8784755950846, 26.04143809808608), (54.94847365069058, 26.048364814525275), (55.018471706296545, 26.05344252175988), (55.08846976190252, 26.066383701371176), (55.15846781750851, 26.09144050908346), (55.22846587311449, 26.11901920702584), (55.29846392872046, 26.129958706947768), (55.36846198432644, 26.106328708580925), (55.43846003993242, 26.066851136929515), (55.5084580983862, 26.047141190198378), (55.57845615399576, 26.034574541614095), (55.648454209605326, 26.032127153209657), (55.718452265214886, 26.03980262327932), (55.78845032082445, 26.053909358939187), (55.85844837643401, 26.06651322416689), (55.92844643204357, 26.06506566465783), (55.998444487653124, 26.032207309497796), (56.06844254326265, 25.945747049652102)

Record time: 2023-07-10T02:47:33Z
Event time: 2023-07-11T17:27:01.888Z
Status: Underway
Travel distance: 332.3417926565875
Num waypoints: 81
Waypoints: (50.46859809449738, 26.797824739738022), (50.53859615010696, 26.845448792467426), (50.60859420571653, 26.831508600715747), (50.67859226132609, 26.783932068316812), (50.74859031693565, 26.722919333824933), (50.818588372545214, 26.661898374660478), (50.88858642815479, 26.60850322910498), (50.95858448376436, 26.565574836145892), (51.028582539373936, 26.532184493170906), (51.09858059236195, 26.50467993015212), (51.16857864796792, 26.48660261386142), (51.2385767035739, 26.460315018166877), (51.308574759179876, 26.410491665145482), (51.37857281478584, 26.346379485640952), (51.448570870391826, 26.261779304042808), (51.5185689259978, 26.17017135871108), (51.58856698160376, 26.091787316110615), (51.658565037209755, 26.03757233062573), (51.728563092815726, 26.003146078717737), (51.79856114842171, 25.987313583999587), (51.86855920402767, 25.990253904447243), (51.93855725963364, 26.005439905631075), (52.00855531523963, 26.024885601822408), (52.0785533708456, 26.05009696484027), (52.14855142645157, 26.067209252881476), (52.21854948205756, 26.07545345905972), (52.288547537663526, 26.082118185407744), (52.358545593269504, 26.097066699170803), (52.428543648875475, 26.109417929871764), (52.49854170448145, 26.128995563519084), (52.568539760087425, 26.145791201665926), (52.6385378156934, 26.163894905447815), (52.708535871299375, 26.17781430705419), (52.778533926905354, 26.186827520118744), (52.848531982511325, 26.1820513842121), (52.91853003811731, 26.15781258872692), (52.98852809372327, 26.138189719380406), (53.058526149329246, 26.12642089830658), (53.12852420493523, 26.121567484747143), (53.198522260541196, 26.117714911032394), (53.268520316147175, 26.101235922779914), (53.33851837175316, 26.078199642965), (53.40851642735913, 26.047456330899777), (53.47851448296509, 26.012449554185455), (53.54851253857108, 25.98066582103876), (53.618510594177046, 25.96649573826601), (53.688508649783024, 25.96307855815601), (53.758506705388996, 25.968844224982536), (53.828504760994974, 25.976945184779996), (53.89850281660096, 25.97991189271885), (53.96850087220693, 25.97500193453542), (54.038498927812924, 25.972534704108508), (54.10849698341888, 25.972534704108508), (54.17849503902486, 25.976796283936814), (54.24849309463083, 25.977444662291937), (54.31849115023681, 25.973829575997957), (54.38848920584279, 25.96934370249448), (54.45848726144877, 25.968063909171427), (54.528485317054745, 25.970966533203086), (54.59848337266071, 25.986495571772476), (54.668481428266695, 26.003398644704912), (54.73847948387265, 26.017887262192822), (54.80847753947863, 26.02965608326665), (54.8784755950846, 26.04143809808608), (54.94847365069058, 26.048364814525275), (55.018471706296545, 26.05344252175988), (55.08846976190252, 26.066383701371176), (55.15846781750851, 26.09144050908346), (55.22846587311449, 26.11901920702584), (55.29846392872046, 26.129958706947768), (55.36846198432644, 26.106328708580925), (55.43846003993242, 26.066851136929515), (55.5084580983862, 26.047141190198378), (55.57845615399576, 26.034574541614095), (55.648454209605326, 26.032127153209657), (55.718452265214886, 26.03980262327932), (55.78845032082445, 26.053909358939187), (55.85844837643401, 26.06651322416689), (55.92844643204357, 26.06506566465783), (55.998444487653124, 26.032207309497796), (56.06844254326265, 25.945747049652102)

Record time: 2023-07-10T03:00:24Z
Event time: 2023-07-11T18:37:36.444Z
Status: Underway
Travel distance: 332.3417926565875
Num waypoints: 81
Waypoints: (50.46859809449738, 26.797824739738022), (50.53859615010696, 26.845448792467426), (50.60859420571653, 26.831508600715747), (50.67859226132609, 26.783932068316812), (50.74859031693565, 26.722919333824933), (50.818588372545214, 26.661898374660478), (50.88858642815479, 26.60850322910498), (50.95858448376436, 26.565574836145892), (51.028582539373936, 26.532184493170906), (51.09858059236195, 26.50467993015212), (51.16857864796792, 26.48660261386142), (51.2385767035739, 26.460315018166877), (51.308574759179876, 26.410491665145482), (51.37857281478584, 26.346379485640952), (51.448570870391826, 26.261779304042808), (51.5185689259978, 26.17017135871108), (51.58856698160376, 26.091787316110615), (51.658565037209755, 26.03757233062573), (51.728563092815726, 26.003146078717737), (51.79856114842171, 25.987313583999587), (51.86855920402767, 25.990253904447243), (51.93855725963364, 26.005439905631075), (52.00855531523963, 26.024885601822408), (52.0785533708456, 26.05009696484027), (52.14855142645157, 26.067209252881476), (52.21854948205756, 26.07545345905972), (52.288547537663526, 26.082118185407744), (52.358545593269504, 26.097066699170803), (52.428543648875475, 26.109417929871764), (52.49854170448145, 26.128995563519084), (52.568539760087425, 26.145791201665926), (52.6385378156934, 26.163894905447815), (52.708535871299375, 26.17781430705419), (52.778533926905354, 26.186827520118744), (52.848531982511325, 26.1820513842121), (52.91853003811731, 26.15781258872692), (52.98852809372327, 26.138189719380406), (53.058526149329246, 26.12642089830658), (53.12852420493523, 26.121567484747143), (53.198522260541196, 26.117714911032394), (53.268520316147175, 26.101235922779914), (53.33851837175316, 26.078199642965), (53.40851642735913, 26.047456330899777), (53.47851448296509, 26.012449554185455), (53.54851253857108, 25.98066582103876), (53.618510594177046, 25.96649573826601), (53.688508649783024, 25.96307855815601), (53.758506705388996, 25.968844224982536), (53.828504760994974, 25.976945184779996), (53.89850281660096, 25.97991189271885), (53.96850087220693, 25.97500193453542), (54.038498927812924, 25.972534704108508), (54.10849698341888, 25.972534704108508), (54.17849503902486, 25.976796283936814), (54.24849309463083, 25.977444662291937), (54.31849115023681, 25.973829575997957), (54.38848920584279, 25.96934370249448), (54.45848726144877, 25.968063909171427), (54.528485317054745, 25.970966533203086), (54.59848337266071, 25.986495571772476), (54.668481428266695, 26.003398644704912), (54.73847948387265, 26.017887262192822), (54.80847753947863, 26.02965608326665), (54.8784755950846, 26.04143809808608), (54.94847365069058, 26.048364814525275), (55.018471706296545, 26.05344252175988), (55.08846976190252, 26.066383701371176), (55.15846781750851, 26.09144050908346), (55.22846587311449, 26.11901920702584), (55.29846392872046, 26.129958706947768), (55.36846198432644, 26.106328708580925), (55.43846003993242, 26.066851136929515), (55.5084580983862, 26.047141190198378), (55.57845615399576, 26.034574541614095), (55.648454209605326, 26.032127153209657), (55.718452265214886, 26.03980262327932), (55.78845032082445, 26.053909358939187), (55.85844837643401, 26.06651322416689), (55.92844643204357, 26.06506566465783), (55.998444487653124, 26.032207309497796), (56.06844254326265, 25.945747049652102)

Record time: 2023-07-11T22:24:46Z
Event time: 2023-07-12T23:51:10Z
Status: Underway
Travel distance: 319.33153347732184
Num waypoints: 77
Waypoints: (50.748590316935626, 26.88264794704533), (50.81858837254521, 26.819689780485927), (50.888586428154774, 26.74191503761868), (50.95858448376434, 26.668661037439932), (51.02858253937391, 26.606771564274048), (51.098580594983474, 26.55507256324478), (51.168578650593055, 26.508129907504006), (51.23857670620263, 26.459289237217753), (51.3085747618122, 26.402997870309584), (51.37857281478584, 26.336408783610114), (51.448570870391826, 26.260780349018926), (51.5185689259978, 26.176402576275155), (51.58856698160376, 26.09672177696444), (51.658565037209755, 26.033983631822945), (51.728563092815726, 26.003146078717737), (51.79856114842171, 25.987313583999587), (51.86855920402767, 25.990253904447243), (51.93855725963364, 26.005439905631075), (52.00855531523963, 26.024885601822408), (52.0785533708456, 26.05009696484027), (52.14855142645157, 26.067209252881476), (52.21854948205756, 26.07545345905972), (52.288547537663526, 26.082118185407744), (52.358545593269504, 26.097066699170803), (52.428543648875475, 26.109417929871764), (52.49854170448145, 26.128995563519084), (52.568539760087425, 26.145791201665926), (52.6385378156934, 26.163894905447815), (52.708535871299375, 26.17781430705419), (52.778533926905354, 26.186827520118744), (52.848531982511325, 26.1820513842121), (52.91853003811731, 26.15781258872692), (52.98852809372327, 26.138189719380406), (53.058526149329246, 26.12642089830658), (53.12852420493523, 26.121567484747143), (53.198522260541196, 26.117714911032394), (53.268520316147175, 26.101235922779914), (53.33851837175316, 26.078199642965), (53.40851642735913, 26.047456330899777), (53.47851448296509, 26.012449554185455), (53.54851253857108, 25.98066582103876), (53.618510594177046, 25.96649573826601), (53.688508649783024, 25.96307855815601), (53.758506705388996, 25.968844224982536), (53.828504760994974, 25.976945184779996), (53.89850281660096, 25.97991189271885), (53.96850087220693, 25.97500193453542), (54.038498927812924, 25.972534704108508), (54.10849698341888, 25.972534704108508), (54.17849503902486, 25.976796283936814), (54.24849309463083, 25.977444662291937), (54.31849115023681, 25.973829575997957), (54.38848920584279, 25.96934370249448), (54.45848726144877, 25.968063909171427), (54.528485317054745, 25.970966533203086), (54.59848337266071, 25.986495571772476), (54.668481428266695, 26.003398644704912), (54.73847948387265, 26.017887262192822), (54.80847753947863, 26.02965608326665), (54.8784755950846, 26.04143809808608), (54.94847365069058, 26.048364814525275), (55.018471706296545, 26.05344252175988), (55.08846976190252, 26.066383701371176), (55.15846781750851, 26.09144050908346), (55.22846587311449, 26.11901920702584), (55.29846392872046, 26.129958706947768), (55.36846198432644, 26.106328708580925), (55.43846003993242, 26.066851136929515), (55.5084580983862, 26.047141190198378), (55.57845615399576, 26.034574541614095), (55.648454209605326, 26.032127153209657), (55.718452265214886, 26.03980262327932), (55.78845032082445, 26.053909358939187), (55.85844837643401, 26.06651322416689), (55.92844643204357, 26.06506566465783), (55.998444487653124, 26.032207309497796), (56.06844254326265, 25.945747049652102)

Record time: 2023-07-12T00:29:57Z
Event time: 2023-07-13T00:21:17.200Z
Status: Underway
Travel distance: 292.34935205183587
Num waypoints: 70
Waypoints: (51.23857670620259, 27.02415570059124), (51.308574761812146, 26.957292105372392), (51.378572817421706, 26.880648346370318), (51.44857087303127, 26.809547759667012), (51.518568928640846, 26.74887083170274), (51.58856698425041, 26.696909280847628), (51.65856503985999, 26.648585519809952), (51.72856309546956, 26.598037498881073), (51.79856115107913, 26.540568930017084), (51.86855920402767, 26.47396489039889), (51.93855725963364, 26.397688077452575), (52.00855531523963, 26.315131041601393), (52.0785533708456, 26.244197695622454), (52.14855142645157, 26.18518207156053), (52.21854948205756, 26.14177087889999), (52.288547537663526, 26.10953667358215), (52.358545593269504, 26.10035194182482), (52.428543648875475, 26.102355506334987), (52.49854170448145, 26.11923973105942), (52.568539760087425, 26.144094862946123), (52.6385378156934, 26.167183917743433), (52.708535871299375, 26.18160279686175), (52.778533926905354, 26.187500401144266), (52.848531982511325, 26.180257034810708), (52.91853003811731, 26.15781258872692), (52.98852809372327, 26.138189719380406), (53.058526149329246, 26.12642089830658), (53.12852420493523, 26.121567484747143), (53.198522260541196, 26.117714911032394), (53.268520316147175, 26.101235922779914), (53.33851837175316, 26.078199642965), (53.40851642735913, 26.047456330899777), (53.47851448296509, 26.012449554185455), (53.54851253857108, 25.98066582103876), (53.618510594177046, 25.96649573826601), (53.688508649783024, 25.96307855815601), (53.758506705388996, 25.968844224982536), (53.828504760994974, 25.976945184779996), (53.89850281660096, 25.97991189271885), (53.96850087220693, 25.97500193453542), (54.038498927812924, 25.972534704108508), (54.10849698341888, 25.972534704108508), (54.17849503902486, 25.976796283936814), (54.24849309463083, 25.977444662291937), (54.31849115023681, 25.973829575997957), (54.38848920584279, 25.96934370249448), (54.45848726144877, 25.968063909171427), (54.528485317054745, 25.970966533203086), (54.59848337266071, 25.986495571772476), (54.668481428266695, 26.003398644704912), (54.73847948387265, 26.017887262192822), (54.80847753947863, 26.02965608326665), (54.8784755950846, 26.04143809808608), (54.94847365069058, 26.048364814525275), (55.018471706296545, 26.05344252175988), (55.08846976190252, 26.066383701371176), (55.15846781750851, 26.09144050908346), (55.22846587311449, 26.11901920702584), (55.29846392872046, 26.129958706947768), (55.36846198432644, 26.106328708580925), (55.43846003993242, 26.066851136929515), (55.5084580983862, 26.047141190198378), (55.57845615399576, 26.034574541614095), (55.648454209605326, 26.032127153209657), (55.718452265214886, 26.03980262327932), (55.78845032082445, 26.053909358939187), (55.85844837643401, 26.06651322416689), (55.92844643204357, 26.06506566465783), (55.998444487653124, 26.032207309497796), (56.06844254326265, 25.945747049652102)

Record time: 2023-07-12T03:37:26Z
Event time: 2023-07-13T00:17:18.875Z
Status: Underway
Travel distance: 249.40550755939526
Num waypoints: 60
Waypoints: (51.93855726229831, 27.097564981446013), (52.00855531790788, 27.091911421475732), (52.07855337351744, 27.074437293532693), (52.148551429127, 27.053756571367032), (52.218549484736556, 27.033552537516393), (52.28854754034613, 27.014253577479124), (52.358545595955704, 26.99444246022632), (52.42854365156528, 26.97199910505282), (52.49854170717485, 26.944976834767033), (52.568539760087425, 26.91221211383904), (52.6385378156934, 26.87208804865331), (52.708535871299375, 26.823346582770984), (52.778533926905354, 26.787193835010395), (52.848531982511325, 26.74739961346463), (52.91853003811731, 26.703564336124142), (52.98852809372327, 26.655708736017722), (53.058526149329246, 26.62055494328101), (53.12852420493523, 26.57962794443458), (53.198522260541196, 26.53886680981853), (53.268520316147175, 26.48946565665629), (53.33851837175316, 26.438956228863766), (53.40851642735913, 26.385674229674773), (53.47851448296509, 26.337475592182788), (53.54851253857108, 26.288562607607687), (53.618510594177046, 26.229243527397), (53.688508649783024, 26.16899711535282), (53.758506705388996, 26.103275298885276), (53.828504760994974, 26.04830826990128), (53.89850281660096, 26.007232370211664), (53.96850087220693, 25.974998164893822), (54.038498927812924, 25.961683790764173), (54.10849698341888, 25.962105990623325), (54.17849503902486, 25.976894294618404), (54.24849309463083, 25.980733674587555), (54.31849115023681, 25.97761806580552), (54.38848920584279, 25.970016583520003), (54.45848726144877, 25.966269559770033), (54.528485317054745, 25.970966533203086), (54.59848337266071, 25.986495571772476), (54.668481428266695, 26.003398644704912), (54.73847948387265, 26.017887262192822), (54.80847753947863, 26.02965608326665), (54.8784755950846, 26.04143809808608), (54.94847365069058, 26.048364814525275), (55.018471706296545, 26.05344252175988), (55.08846976190252, 26.066383701371176), (55.15846781750851, 26.09144050908346), (55.22846587311449, 26.11901920702584), (55.29846392872046, 26.129958706947768), (55.36846198432644, 26.106328708580925), (55.43846003993242, 26.066851136929515), (55.5084580983862, 26.047141190198378), (55.57845615399576, 26.034574541614095), (55.648454209605326, 26.032127153209657), (55.718452265214886, 26.03980262327932), (55.78845032082445, 26.053909358939187), (55.85844837643401, 26.06651322416689), (55.92844643204357, 26.06506566465783), (55.998444487653124, 26.032207309497796), (56.06844254326265, 25.945747049652102)

Record time: 2023-07-12T06:11:26Z
Event time: 2023-07-13T00:48:40.875Z
Status: Underway
Travel distance: 217.91630669546436
Num waypoints: 52
Waypoints: (52.4985417071748, 26.94533832055013), (52.56853976278436, 26.90912431040012), (52.63853781839393, 26.86827055683019), (52.708535874003495, 26.826290280137638), (52.77853392961306, 26.784848633825487), (52.84853198522264, 26.744335313161482), (52.918530040832216, 26.704351969836935), (52.98852809644179, 26.664114432725427), (53.058526152051364, 26.622769734741333), (53.12852420493523, 26.57962794443458), (53.198522260541196, 26.53886680981853), (53.268520316147175, 26.48946565665629), (53.33851837175316, 26.438956228863766), (53.40851642735913, 26.385674229674773), (53.47851448296509, 26.337475592182788), (53.54851253857108, 26.288562607607687), (53.618510594177046, 26.229243527397), (53.688508649783024, 26.16899711535282), (53.758506705388996, 26.103275298885276), (53.828504760994974, 26.04830826990128), (53.89850281660096, 26.007232370211664), (53.96850087220693, 25.974998164893822), (54.038498927812924, 25.961683790764173), (54.10849698341888, 25.962105990623325), (54.17849503902486, 25.976894294618404), (54.24849309463083, 25.980733674587555), (54.31849115023681, 25.97761806580552), (54.38848920584279, 25.970016583520003), (54.45848726144877, 25.966269559770033), (54.528485317054745, 25.970966533203086), (54.59848337266071, 25.986495571772476), (54.668481428266695, 26.003398644704912), (54.73847948387265, 26.017887262192822), (54.80847753947863, 26.02965608326665), (54.8784755950846, 26.04143809808608), (54.94847365069058, 26.048364814525275), (55.018471706296545, 26.05344252175988), (55.08846976190252, 26.066383701371176), (55.15846781750851, 26.09144050908346), (55.22846587311449, 26.11901920702584), (55.29846392872046, 26.129958706947768), (55.36846198432644, 26.106328708580925), (55.43846003993242, 26.066851136929515), (55.5084580983862, 26.047141190198378), (55.57845615399576, 26.034574541614095), (55.648454209605326, 26.032127153209657), (55.718452265214886, 26.03980262327932), (55.78845032082445, 26.053909358939187), (55.85844837643401, 26.06651322416689), (55.92844643204357, 26.06506566465783), (55.998444487653124, 26.032207309497796), (56.06844254326265, 25.945747049652102)

Record time: 2023-07-12T07:15:46Z
Event time: 2023-07-13T01:20:07.285Z
Status: Underway
Travel distance: 208.2413606911447
Num waypoints: 50
Waypoints: (52.638537818393914, 26.81507204948829), (52.7085358740035, 26.821398878871445), (52.77853392961307, 26.79245642740526), (52.848531985222635, 26.748988861465836), (52.9185300408322, 26.70254242192588), (52.98852809644177, 26.65815412102572), (53.05852615205134, 26.616642742055557), (53.12852420766092, 26.576502141848938), (53.1985222632705, 26.535396856087477), (53.268520316147175, 26.491260006057683), (53.33851837175316, 26.438956228863766), (53.40851642735913, 26.385674229674773), (53.47851448296509, 26.337475592182788), (53.54851253857108, 26.288562607607687), (53.618510594177046, 26.229243527397), (53.688508649783024, 26.16899711535282), (53.758506705388996, 26.103275298885276), (53.828504760994974, 26.04830826990128), (53.89850281660096, 26.007232370211664), (53.96850087220693, 25.974998164893822), (54.038498927812924, 25.961683790764173), (54.10849698341888, 25.962105990623325), (54.17849503902486, 25.976894294618404), (54.24849309463083, 25.980733674587555), (54.31849115023681, 25.97761806580552), (54.38848920584279, 25.970016583520003), (54.45848726144877, 25.966269559770033), (54.528485317054745, 25.970966533203086), (54.59848337266071, 25.986495571772476), (54.668481428266695, 26.003398644704912), (54.73847948387265, 26.017887262192822), (54.80847753947863, 26.02965608326665), (54.8784755950846, 26.04143809808608), (54.94847365069058, 26.048364814525275), (55.018471706296545, 26.05344252175988), (55.08846976190252, 26.066383701371176), (55.15846781750851, 26.09144050908346), (55.22846587311449, 26.11901920702584), (55.29846392872046, 26.129958706947768), (55.36846198432644, 26.106328708580925), (55.43846003993242, 26.066851136929515), (55.5084580983862, 26.047141190198378), (55.57845615399576, 26.034574541614095), (55.648454209605326, 26.032127153209657), (55.718452265214886, 26.03980262327932), (55.78845032082445, 26.053909358939187), (55.85844837643401, 26.06651322416689), (55.92844643204357, 26.06506566465783), (55.998444487653124, 26.032207309497796), (56.06844254326265, 25.945747049652102)

Record time: 2023-07-12T08:04:45Z
Event time: 2023-07-13T01:55:50.714Z
Status: Underway
Travel distance: 207.32235421166305
Num waypoints: 49
Waypoints: (52.70853587400349, 26.748795890085418), (52.77853392961309, 26.6669521960754), (52.84853198522266, 26.600624346889962), (52.918530040832216, 26.537713677814704), (52.98852809644177, 26.471709075396447), (53.058526152051336, 26.400387016537582), (53.12852420766091, 26.324631859157403), (53.19852226327049, 26.247376384420523), (53.268520318880064, 26.17266259053228), (53.33851837175316, 26.104822736761896), (53.40851642735913, 26.044510355989722), (53.47851448296509, 26.000452669794853), (53.54851253857108, 25.974498687381878), (53.618510594177046, 25.96479939954621), (53.688508649783024, 25.966367570451627), (53.758506705388996, 25.972632714790098), (53.828504760994974, 25.97761806580552), (53.89850281660096, 25.978117543317456), (53.96850087220693, 25.97500193453542), (54.038498927812924, 25.972534704108508), (54.10849698341888, 25.972534704108508), (54.17849503902486, 25.976796283936814), (54.24849309463083, 25.977444662291937), (54.31849115023681, 25.973829575997957), (54.38848920584279, 25.96934370249448), (54.45848726144877, 25.968063909171427), (54.528485317054745, 25.970966533203086), (54.59848337266071, 25.986495571772476), (54.668481428266695, 26.003398644704912), (54.73847948387265, 26.017887262192822), (54.80847753947863, 26.02965608326665), (54.8784755950846, 26.04143809808608), (54.94847365069058, 26.048364814525275), (55.018471706296545, 26.05344252175988), (55.08846976190252, 26.066383701371176), (55.15846781750851, 26.09144050908346), (55.22846587311449, 26.11901920702584), (55.29846392872046, 26.129958706947768), (55.36846198432644, 26.106328708580925), (55.43846003993242, 26.066851136929515), (55.5084580983862, 26.047141190198378), (55.57845615399576, 26.034574541614095), (55.648454209605326, 26.032127153209657), (55.718452265214886, 26.03980262327932), (55.78845032082445, 26.053909358939187), (55.85844837643401, 26.06651322416689), (55.92844643204357, 26.06506566465783), (55.998444487653124, 26.032207309497796), (56.06844254326265, 25.945747049652102)

Record time: 2023-07-12T11:05:54Z
Event time: 2023-07-13T02:00:25.857Z
Status: Underway
Travel distance: 170.03671706263498
Num waypoints: 43
Waypoints: (53.128524207660824, 26.248824315182134), (53.198522263270455, 26.193343769624178), (53.26852031888003, 26.13327899718623), (53.33851837448958, 26.078417443913693), (53.40851643009913, 26.034015446649057), (53.47851448570869, 26.001953439700156), (53.54851254131826, 25.981751496287135), (53.618510596927834, 25.97144520476816), (53.688508652537415, 25.968321879643838), (53.758506705388996, 25.96951710600806), (53.828504760994974, 25.975150835378603), (53.89850281660096, 25.97991189271885), (53.96850087220693, 25.97500193453542), (54.038498927812924, 25.972534704108508), (54.10849698341888, 25.972534704108508), (54.17849503902486, 25.976796283936814), (54.24849309463083, 25.977444662291937), (54.31849115023681, 25.973829575997957), (54.38848920584279, 25.96934370249448), (54.45848726144877, 25.968063909171427), (54.528485317054745, 25.970966533203086), (54.59848337266071, 25.986495571772476), (54.668481428266695, 26.003398644704912), (54.73847948387265, 26.017887262192822), (54.80847753947863, 26.02965608326665), (54.8784755950846, 26.04143809808608), (54.94847365069058, 26.048364814525275), (55.018471706296545, 26.05344252175988), (55.08846976190252, 26.066383701371176), (55.15846781750851, 26.09144050908346), (55.22846587311449, 26.11901920702584), (55.29846392872046, 26.129958706947768), (55.36846198432644, 26.106328708580925), (55.43846003993242, 26.066851136929515), (55.5084580983862, 26.047141190198378), (55.57845615399576, 26.034574541614095), (55.648454209605326, 26.032127153209657), (55.718452265214886, 26.03980262327932), (55.78845032082445, 26.053909358939187), (55.85844837643401, 26.06651322416689), (55.92844643204357, 26.06506566465783), (55.998444487653124, 26.032207309497796), (56.06844254326265, 25.945747049652102)

Record time: 2023-07-12T12:34:33Z
Event time: 2023-07-13T01:23:22.833Z
Status: Underway
Travel distance: 152.9524838012959
Num waypoints: 39
Waypoints: (53.40851643009917, 26.117699902344864), (53.47851448570876, 26.031294016723482), (53.548512541318324, 25.989420620793442), (53.618510596927884, 25.973215742600196), (53.68850865253745, 25.969999507233595), (53.75850670814701, 25.9718726992603), (53.828504763756584, 25.974479943314883), (53.898502819366165, 25.975939502849688), (53.96850087497574, 25.97593969704335), (54.038498927812924, 25.97500193453542), (54.10849698341888, 25.970740354707115), (54.17849503902486, 25.976796283936814), (54.24849309463083, 25.977444662291937), (54.31849115023681, 25.973829575997957), (54.38848920584279, 25.96934370249448), (54.45848726144877, 25.968063909171427), (54.528485317054745, 25.970966533203086), (54.59848337266071, 25.986495571772476), (54.668481428266695, 26.003398644704912), (54.73847948387265, 26.017887262192822), (54.80847753947863, 26.02965608326665), (54.8784755950846, 26.04143809808608), (54.94847365069058, 26.048364814525275), (55.018471706296545, 26.05344252175988), (55.08846976190252, 26.066383701371176), (55.15846781750851, 26.09144050908346), (55.22846587311449, 26.11901920702584), (55.29846392872046, 26.129958706947768), (55.36846198432644, 26.106328708580925), (55.43846003993242, 26.066851136929515), (55.5084580983862, 26.047141190198378), (55.57845615399576, 26.034574541614095), (55.648454209605326, 26.032127153209657), (55.718452265214886, 26.03980262327932), (55.78845032082445, 26.053909358939187), (55.85844837643401, 26.06651322416689), (55.92844643204357, 26.06506566465783), (55.998444487653124, 26.032207309497796), (56.06844254326265, 25.945747049652102)

Record time: 2023-07-12T13:42:45Z
Event time: 2023-07-13T00:50:40.800Z
Status: Underway
Travel distance: 139.17764578833695
Num waypoints: 36
Waypoints: (53.6185105969279, 26.037001950918043), (53.688508652537436, 25.99187697637562), (53.758506708146996, 25.971023867357285), (53.828504763756555, 25.96555038202391), (53.89850281936612, 25.968313392238652), (53.968500874975696, 25.973941878380717), (54.03849893058528, 25.978796217216072), (54.10849698619485, 25.980863762825134), (54.178495041804425, 25.97959072058743), (54.24849309463083, 25.975650312890544), (54.31849115023681, 25.973829575997957), (54.38848920584279, 25.96934370249448), (54.45848726144877, 25.968063909171427), (54.528485317054745, 25.970966533203086), (54.59848337266071, 25.986495571772476), (54.668481428266695, 26.003398644704912), (54.73847948387265, 26.017887262192822), (54.80847753947863, 26.02965608326665), (54.8784755950846, 26.04143809808608), (54.94847365069058, 26.048364814525275), (55.018471706296545, 26.05344252175988), (55.08846976190252, 26.066383701371176), (55.15846781750851, 26.09144050908346), (55.22846587311449, 26.11901920702584), (55.29846392872046, 26.129958706947768), (55.36846198432644, 26.106328708580925), (55.43846003993242, 26.066851136929515), (55.5084580983862, 26.047141190198378), (55.57845615399576, 26.034574541614095), (55.648454209605326, 26.032127153209657), (55.718452265214886, 26.03980262327932), (55.78845032082445, 26.053909358939187), (55.85844837643401, 26.06651322416689), (55.92844643204357, 26.06506566465783), (55.998444487653124, 26.032207309497796), (56.06844254326265, 25.945747049652102)

Record time: 2023-07-12T14:42:13Z
Event time: 2023-07-13T00:27:04Z
Status: Underway
Travel distance: 123.13066954643628
Num waypoints: 32
Waypoints: (53.89850281936617, 25.97899145038147), (53.9685008749757, 25.96522389679191), (54.03849893058526, 25.97150963708162), (54.10849698619483, 25.979715667071712), (54.178495041804396, 25.982246073265017), (54.24849309741398, 25.978380202996064), (54.31849115302355, 25.971216239022016), (54.38848920863313, 25.96522017855451), (54.458487264242706, 25.964380216732415), (54.528485317054745, 25.970966533203086), (54.59848337266071, 25.986495571772476), (54.668481428266695, 26.003398644704912), (54.73847948387265, 26.017887262192822), (54.80847753947863, 26.02965608326665), (54.8784755950846, 26.04143809808608), (54.94847365069058, 26.048364814525275), (55.018471706296545, 26.05344252175988), (55.08846976190252, 26.066383701371176), (55.15846781750851, 26.09144050908346), (55.22846587311449, 26.11901920702584), (55.29846392872046, 26.129958706947768), (55.36846198432644, 26.106328708580925), (55.43846003993242, 26.066851136929515), (55.5084580983862, 26.047141190198378), (55.57845615399576, 26.034574541614095), (55.648454209605326, 26.032127153209657), (55.718452265214886, 26.03980262327932), (55.78845032082445, 26.053909358939187), (55.85844837643401, 26.06651322416689), (55.92844643204357, 26.06506566465783), (55.998444487653124, 26.032207309497796), (56.06844254326265, 25.945747049652102)

Record time: 2023-07-12T16:16:27Z
Event time: 2023-07-13T00:45:36.500Z
Status: Underway
Travel distance: 111.40280777537797
Num waypoints: 28
Waypoints: (54.178495041804375, 25.8289785971887), (54.248493097413956, 25.922984445816212), (54.318491153023515, 25.95927296921519), (54.388489208633075, 25.969471974449608), (54.45848726424264, 25.972215313989093), (54.52848531985221, 25.9767606107522), (54.598483375461775, 25.986088468947656), (54.66848143107135, 25.999483170713535), (54.73847948668093, 26.014594858554428), (54.80847753947863, 26.028983202241132), (54.8784755950846, 26.043232447487473), (54.94847365069058, 26.048364814525275), (55.018471706296545, 26.05344252175988), (55.08846976190252, 26.066383701371176), (55.15846781750851, 26.09144050908346), (55.22846587311449, 26.11901920702584), (55.29846392872046, 26.129958706947768), (55.36846198432644, 26.106328708580925), (55.43846003993242, 26.066851136929515), (55.5084580983862, 26.047141190198378), (55.57845615399576, 26.034574541614095), (55.648454209605326, 26.032127153209657), (55.718452265214886, 26.03980262327932), (55.78845032082445, 26.053909358939187), (55.85844837643401, 26.06651322416689), (55.92844643204357, 26.06506566465783), (55.998444487653124, 26.032207309497796), (56.06844254326265, 25.945747049652102)

Record time: 2023-07-12T16:38:26Z
Event time: 2023-07-13T01:04:10.750Z
Status: Underway
Travel distance: 109.17332613390928
Num waypoints: 27
Waypoints: (54.24849309741396, 25.75890517499397), (54.318491153023565, 25.848850822616477), (54.38848920863313, 25.907089500701407), (54.45848726424269, 25.94578944098543), (54.528485319852244, 25.9726424258055), (54.598483375461804, 25.992234995230767), (54.66848143107137, 26.007179339542525), (54.738479486680944, 26.01900387706212), (54.80847754229052, 26.028803517326935), (54.8784755950846, 26.03764960827852), (54.94847365069058, 26.047691933499753), (55.018471706296545, 26.05523687116127), (55.08846976190252, 26.066383701371176), (55.15846781750851, 26.09144050908346), (55.22846587311449, 26.11901920702584), (55.29846392872046, 26.129958706947768), (55.36846198432644, 26.106328708580925), (55.43846003993242, 26.066851136929515), (55.5084580983862, 26.047141190198378), (55.57845615399576, 26.034574541614095), (55.648454209605326, 26.032127153209657), (55.718452265214886, 26.03980262327932), (55.78845032082445, 26.053909358939187), (55.85844837643401, 26.06651322416689), (55.92844643204357, 26.06506566465783), (55.998444487653124, 26.032207309497796), (56.06844254326265, 25.945747049652102)

Record time: 2023-07-12T17:13:04Z
Event time: 2023-07-13T01:20:13.200Z
Status: Underway
Travel distance: 104.75215982721382
Num waypoints: 25
Waypoints: (54.38848920863312, 25.70179884012983), (54.45848726424269, 25.745897501188832), (54.528485319852244, 25.83448598645017), (54.5984833754618, 25.92191881954016), (54.66848143107136, 25.98680251331715), (54.73847948668093, 26.02430041199184), (54.808477542290504, 26.039602917948198), (54.878475597900085, 26.042563103264925), (54.94847365350966, 26.04349770593749), (55.018471706296545, 26.050153509464263), (55.08846976190252, 26.062595211563615), (55.15846781750851, 26.090767628057936), (55.22846587311449, 26.12081355642723), (55.29846392872046, 26.129958706947768), (55.36846198432644, 26.106328708580925), (55.43846003993242, 26.066851136929515), (55.5084580983862, 26.047141190198378), (55.57845615399576, 26.034574541614095), (55.648454209605326, 26.032127153209657), (55.718452265214886, 26.03980262327932), (55.78845032082445, 26.053909358939187), (55.85844837643401, 26.06651322416689), (55.92844643204357, 26.06506566465783), (55.998444487653124, 26.032207309497796), (56.06844254326265, 25.945747049652102)

Record time: 2023-07-12T20:21:16Z
Event time: 2023-07-13T01:36:12.600Z
Status: Underway
Travel distance: 67.1598272138229
Num waypoints: 15
Waypoints: (55.08846976472876, 25.62358710177981), (55.15846782033832, 25.70090172605969), (55.22846587594789, 25.744058586539566), (55.29846393155745, 25.787250309613952), (55.36846198716702, 25.835407678759285), (55.43846004277658, 25.882273616142573), (55.50845809867343, 25.92240804138863), (55.57845615428335, 25.952970410658793), (55.64845420989328, 25.990700832514317), (55.71845226521487, 26.04928666458009), (55.78845032082444, 26.101847330989177), (55.858448376434005, 26.112316719698576), (55.92844643204356, 26.057217146949778), (55.998444487653096, 25.965992347458332), (56.06844254326259, 25.97607976339307)

Record time: 2023-07-12T23:01:42Z
Event time: 2023-07-13T01:15:52.250Z
Status: Underway
Travel distance: 28.293736501079913
Num waypoints: 7
Waypoints: (55.64845420960529, 25.904317386231043), (55.718452265214864, 25.97432905484247), (55.78845032082444, 26.044340723453907), (55.858448376433984, 26.044340723453907), (55.92844643204356, 26.044340723453907), (55.99844448765313, 25.97432905484247), (56.06844254326268, 25.97432905484247)

Record time: 2023-07-12T23:45:13Z
Event time: 2023-07-13T00:53:05Z
Status: Underway
Travel distance: 15.117170626349893
Num waypoints: 5
Waypoints: (55.78845032082444, 25.97432905484247), (55.858448376433984, 25.97432905484247), (55.92844643204356, 25.97432905484247), (55.99844448765313, 25.97432905484247), (56.06844254326268, 25.97432905484247)

Record time: 2023-07-13T00:41:04Z
Event time: 2023-07-13T01:23:13.500Z
Status: Underway
Travel distance: 15.083693304535638
Num waypoints: 4
Waypoints: (55.858448376433984, 26.114352392065342), (55.92844643204356, 26.044340723453907), (55.99844448765313, 25.97432905484247), (56.06844254326268, 25.97432905484247)

Record time: 2023-07-13T01:07:24Z
Event time: 2023-07-13T01:47:00.666Z
Status: Underway
Travel distance: 11.303995680345572
Num waypoints: 3
Waypoints: (55.92844643204356, 26.114352392065342), (55.99844448765313, 26.044340723453907), (56.06844254326268, 25.97432905484247)

Record time: 2023-07-13T01:32:14Z
Event time: 2023-07-13T02:07:40Z
Status: Underway
Travel distance: 11.303995680345572
Num waypoints: 3
Waypoints: (55.92844643204356, 26.114352392065342), (55.99844448765313, 26.044340723453907), (56.06844254326268, 25.97432905484247)

Record time: 2023-07-13T04:53:54Z
Event time: 2023-07-13T04:53:54Z
Status: Arrived
Travel distance: N/A
Num waypoints: 0
Waypoints: 

