MMSI: 405000381
Record time: 2023-08-07T12:44:26Z
Event time: 2023-08-08T16:35:41.250Z
Status: Underway
Travel distance: 339.28347732181425
Num waypoints: 82
Waypoints: (50.39860003888777, 26.66443525207189), (50.46859809449735, 26.763314973132115), (50.53859615010692, 26.81501625879265), (50.608594205716486, 26.820632476464773), (50.678592261326045, 26.78953041446082), (50.74859031693561, 26.73509209484311), (50.81858837254518, 26.67127045189423), (50.888586428154746, 26.60995887620875), (50.95858448376431, 26.559174624406293), (51.028582536755984, 26.52205609310529), (51.09858059236195, 26.506474279553508), (51.16857864796792, 26.48660261386142), (51.2385767035739, 26.460315018166877), (51.308574759179876, 26.410491665145482), (51.37857281478584, 26.346379485640952), (51.448570870391826, 26.261779304042808), (51.5185689259978, 26.17017135871108), (51.58856698160376, 26.091787316110615), (51.658565037209755, 26.03757233062573), (51.728563092815726, 26.003146078717737), (51.79856114842171, 25.987313583999587), (51.86855920402767, 25.990253904447243), (51.93855725963364, 26.005439905631075), (52.00855531523963, 26.024885601822408), (52.0785533708456, 26.05009696484027), (52.14855142645157, 26.067209252881476), (52.21854948205756, 26.07545345905972), (52.288547537663526, 26.082118185407744), (52.358545593269504, 26.097066699170803), (52.428543648875475, 26.109417929871764), (52.49854170448145, 26.128995563519084), (52.568539760087425, 26.145791201665926), (52.6385378156934, 26.163894905447815), (52.708535871299375, 26.17781430705419), (52.778533926905354, 26.186827520118744), (52.848531982511325, 26.1820513842121), (52.91853003811731, 26.15781258872692), (52.98852809372327, 26.138189719380406), (53.058526149329246, 26.12642089830658), (53.12852420493523, 26.121567484747143), (53.198522260541196, 26.117714911032394), (53.268520316147175, 26.101235922779914), (53.33851837175316, 26.078199642965), (53.40851642735913, 26.047456330899777), (53.47851448296509, 26.012449554185455), (53.54851253857108, 25.98066582103876), (53.618510594177046, 25.96649573826601), (53.688508649783024, 25.96307855815601), (53.758506705388996, 25.968844224982536), (53.828504760994974, 25.976945184779996), (53.89850281660096, 25.97991189271885), (53.96850087220693, 25.97500193453542), (54.038498927812924, 25.972534704108508), (54.10849698341888, 25.972534704108508), (54.17849503902486, 25.976796283936814), (54.24849309463083, 25.977444662291937), (54.31849115023681, 25.973829575997957), (54.38848920584279, 25.96934370249448), (54.45848726144877, 25.968063909171427), (54.528485317054745, 25.970966533203086), (54.59848337266071, 25.986495571772476), (54.668481428266695, 26.003398644704912), (54.73847948387265, 26.017887262192822), (54.80847753947863, 26.02965608326665), (54.8784755950846, 26.04143809808608), (54.94847365069058, 26.048364814525275), (55.018471706296545, 26.05344252175988), (55.08846976190252, 26.066383701371176), (55.15846781750851, 26.09144050908346), (55.22846587311449, 26.11901920702584), (55.29846392872046, 26.129958706947768), (55.36846198432644, 26.106328708580925), (55.43846003993242, 26.066851136929515), (55.5084580983862, 26.047141190198378), (55.57845615399576, 26.034574541614095), (55.648454209605326, 26.032127153209657), (55.718452265214886, 26.03980262327932), (55.78845032082445, 26.053909358939187), (55.85844837643401, 26.06651322416689), (55.92844643204357, 26.06506566465783), (55.998444487653124, 26.032207309497796), (56.06844254326265, 25.945747049652102)
Day of Week: Monday

MMSI: 405000381
Record time: 2023-08-07T13:34:26Z
Event time: 2023-08-08T16:00:45.875Z
Status: Underway
Travel distance: 329.3871490280778
Num waypoints: 80
Waypoints: (50.5385961501069, 26.801606855424517), (50.6085942057165, 26.847489185233798), (50.67859226132608, 26.80559403961404), (50.74859031693565, 26.730920660853), (50.818588372545214, 26.65590133180151), (50.88858642815478, 26.59605169166735), (50.958584483764355, 26.55494967864018), (51.02858253937392, 26.52854309934762), (51.098580594983495, 26.508785825142333), (51.16857864796792, 26.48660261386142), (51.2385767035739, 26.460315018166877), (51.308574759179876, 26.410491665145482), (51.37857281478584, 26.346379485640952), (51.448570870391826, 26.261779304042808), (51.5185689259978, 26.17017135871108), (51.58856698160376, 26.091787316110615), (51.658565037209755, 26.03757233062573), (51.728563092815726, 26.003146078717737), (51.79856114842171, 25.987313583999587), (51.86855920402767, 25.990253904447243), (51.93855725963364, 26.005439905631075), (52.00855531523963, 26.024885601822408), (52.0785533708456, 26.05009696484027), (52.14855142645157, 26.067209252881476), (52.21854948205756, 26.07545345905972), (52.288547537663526, 26.082118185407744), (52.358545593269504, 26.097066699170803), (52.428543648875475, 26.109417929871764), (52.49854170448145, 26.128995563519084), (52.568539760087425, 26.145791201665926), (52.6385378156934, 26.163894905447815), (52.708535871299375, 26.17781430705419), (52.778533926905354, 26.186827520118744), (52.848531982511325, 26.1820513842121), (52.91853003811731, 26.15781258872692), (52.98852809372327, 26.138189719380406), (53.058526149329246, 26.12642089830658), (53.12852420493523, 26.121567484747143), (53.198522260541196, 26.117714911032394), (53.268520316147175, 26.101235922779914), (53.33851837175316, 26.078199642965), (53.40851642735913, 26.047456330899777), (53.47851448296509, 26.012449554185455), (53.54851253857108, 25.98066582103876), (53.618510594177046, 25.96649573826601), (53.688508649783024, 25.96307855815601), (53.758506705388996, 25.968844224982536), (53.828504760994974, 25.976945184779996), (53.89850281660096, 25.97991189271885), (53.96850087220693, 25.97500193453542), (54.038498927812924, 25.972534704108508), (54.10849698341888, 25.972534704108508), (54.17849503902486, 25.976796283936814), (54.24849309463083, 25.977444662291937), (54.31849115023681, 25.973829575997957), (54.38848920584279, 25.96934370249448), (54.45848726144877, 25.968063909171427), (54.528485317054745, 25.970966533203086), (54.59848337266071, 25.986495571772476), (54.668481428266695, 26.003398644704912), (54.73847948387265, 26.017887262192822), (54.80847753947863, 26.02965608326665), (54.8784755950846, 26.04143809808608), (54.94847365069058, 26.048364814525275), (55.018471706296545, 26.05344252175988), (55.08846976190252, 26.066383701371176), (55.15846781750851, 26.09144050908346), (55.22846587311449, 26.11901920702584), (55.29846392872046, 26.129958706947768), (55.36846198432644, 26.106328708580925), (55.43846003993242, 26.066851136929515), (55.5084580983862, 26.047141190198378), (55.57845615399576, 26.034574541614095), (55.648454209605326, 26.032127153209657), (55.718452265214886, 26.03980262327932), (55.78845032082445, 26.053909358939187), (55.85844837643401, 26.06651322416689), (55.92844643204357, 26.06506566465783), (55.998444487653124, 26.032207309497796), (56.06844254326265, 25.945747049652102)
Day of Week: Monday

MMSI: 405000381
Record time: 2023-08-07T14:23:56Z
Event time: 2023-08-08T15:30:44.600Z
Status: Underway
Travel distance: 322.5647948164147
Num waypoints: 78
Waypoints: (50.67859226132608, 26.88624713230584), (50.748590316935655, 26.815410334840852), (50.818588372545214, 26.736932645200497), (50.88858642815478, 26.66676881443473), (50.95858448376434, 26.61061922603175), (51.028582539373915, 26.567278845515276), (51.09858059498349, 26.53151553028798), (51.16857865059307, 26.496477699721293), (51.23857670620264, 26.45563136549142), (51.308574759179876, 26.40422652080701), (51.37857281478584, 26.341394134625535), (51.448570870391826, 26.26127982653087), (51.5185689259978, 26.17328696749312), (51.58856698160376, 26.094254546537528), (51.658565037209755, 26.035777981224335), (51.728563092815726, 26.003146078717737), (51.79856114842171, 25.987313583999587), (51.86855920402767, 25.990253904447243), (51.93855725963364, 26.005439905631075), (52.00855531523963, 26.024885601822408), (52.0785533708456, 26.05009696484027), (52.14855142645157, 26.067209252881476), (52.21854948205756, 26.07545345905972), (52.288547537663526, 26.082118185407744), (52.358545593269504, 26.097066699170803), (52.428543648875475, 26.109417929871764), (52.49854170448145, 26.128995563519084), (52.568539760087425, 26.145791201665926), (52.6385378156934, 26.163894905447815), (52.708535871299375, 26.17781430705419), (52.778533926905354, 26.186827520118744), (52.848531982511325, 26.1820513842121), (52.91853003811731, 26.15781258872692), (52.98852809372327, 26.138189719380406), (53.058526149329246, 26.12642089830658), (53.12852420493523, 26.121567484747143), (53.198522260541196, 26.117714911032394), (53.268520316147175, 26.101235922779914), (53.33851837175316, 26.078199642965), (53.40851642735913, 26.047456330899777), (53.47851448296509, 26.012449554185455), (53.54851253857108, 25.98066582103876), (53.618510594177046, 25.96649573826601), (53.688508649783024, 25.96307855815601), (53.758506705388996, 25.968844224982536), (53.828504760994974, 25.976945184779996), (53.89850281660096, 25.97991189271885), (53.96850087220693, 25.97500193453542), (54.038498927812924, 25.972534704108508), (54.10849698341888, 25.972534704108508), (54.17849503902486, 25.976796283936814), (54.24849309463083, 25.977444662291937), (54.31849115023681, 25.973829575997957), (54.38848920584279, 25.96934370249448), (54.45848726144877, 25.968063909171427), (54.528485317054745, 25.970966533203086), (54.59848337266071, 25.986495571772476), (54.668481428266695, 26.003398644704912), (54.73847948387265, 26.017887262192822), (54.80847753947863, 26.02965608326665), (54.8784755950846, 26.04143809808608), (54.94847365069058, 26.048364814525275), (55.018471706296545, 26.05344252175988), (55.08846976190252, 26.066383701371176), (55.15846781750851, 26.09144050908346), (55.22846587311449, 26.11901920702584), (55.29846392872046, 26.129958706947768), (55.36846198432644, 26.106328708580925), (55.43846003993242, 26.066851136929515), (55.5084580983862, 26.047141190198378), (55.57845615399576, 26.034574541614095), (55.648454209605326, 26.032127153209657), (55.718452265214886, 26.03980262327932), (55.78845032082445, 26.053909358939187), (55.85844837643401, 26.06651322416689), (55.92844643204357, 26.06506566465783), (55.998444487653124, 26.032207309497796), (56.06844254326265, 25.945747049652102)
Day of Week: Monday

MMSI: 405000381
Record time: 2023-08-07T17:32:58Z
Event time: 2023-08-08T15:32:33Z
Status: Underway
Travel distance: 282.8774298056156
Num waypoints: 68
Waypoints: (51.450877445115474, 27.02638232507581), (51.515493499195344, 26.946371042424264), (51.58545198126425, 26.887718035034894), (51.658548079771165, 26.838163314667554), (51.73226604820274, 26.789553917605023), (51.804276701023, 26.73701005993116), (51.87281053562817, 26.67819420402468), (51.93690648031651, 26.612683036268677), (51.99653626827326, 26.541442355975736), (52.05260443490014, 26.46640487417097), (52.10450230679106, 26.39205434808203), (52.158248828366986, 26.317074291845966), (52.21698161606579, 26.246140945867033), (52.282283611513726, 26.17954834218999), (52.35356121160097, 26.136005212073464), (52.42804426848147, 26.11048662326524), (52.50165670746749, 26.111406415815534), (52.571006510788415, 26.132844367592234), (52.63674381518359, 26.16169908921607), (52.708535871299375, 26.18421892813185), (52.778533926905354, 26.193083240353214), (52.848531982511325, 26.18092991583623), (52.91853003811731, 26.15601823932553), (52.98852809372327, 26.138189719380406), (53.058526149329246, 26.12642089830658), (53.12852420493523, 26.121567484747143), (53.198522260541196, 26.117714911032394), (53.268520316147175, 26.101235922779914), (53.33851837175316, 26.078199642965), (53.40851642735913, 26.047456330899777), (53.47851448296509, 26.012449554185455), (53.54851253857108, 25.98066582103876), (53.618510594177046, 25.96649573826601), (53.688508649783024, 25.96307855815601), (53.758506705388996, 25.968844224982536), (53.828504760994974, 25.976945184779996), (53.89850281660096, 25.97991189271885), (53.96850087220693, 25.97500193453542), (54.038498927812924, 25.972534704108508), (54.10849698341888, 25.972534704108508), (54.17849503902486, 25.976796283936814), (54.24849309463083, 25.977444662291937), (54.31849115023681, 25.973829575997957), (54.38848920584279, 25.96934370249448), (54.45848726144877, 25.968063909171427), (54.528485317054745, 25.970966533203086), (54.59848337266071, 25.986495571772476), (54.668481428266695, 26.003398644704912), (54.73847948387265, 26.017887262192822), (54.80847753947863, 26.02965608326665), (54.8784755950846, 26.04143809808608), (54.94847365069058, 26.048364814525275), (55.018471706296545, 26.05344252175988), (55.08846976190252, 26.066383701371176), (55.15846781750851, 26.09144050908346), (55.22846587311449, 26.11901920702584), (55.29846392872046, 26.129958706947768), (55.36846198432644, 26.106328708580925), (55.43846003993242, 26.066851136929515), (55.5084580983862, 26.047141190198378), (55.57845615399576, 26.034574541614095), (55.648454209605326, 26.032127153209657), (55.718452265214886, 26.03980262327932), (55.78845032082445, 26.053909358939187), (55.85844837643401, 26.06651322416689), (55.92844643204357, 26.06506566465783), (55.998444487653124, 26.032207309497796), (56.06844254326265, 25.945747049652102)
Day of Week: Monday

MMSI: 405000381
Record time: 2023-08-07T19:01:08Z
Event time: 2023-08-08T15:00:55.375Z
Status: Underway
Travel distance: 253.11771058315335
Num waypoints: 61
Waypoints: (51.8685592066887, 27.094965505137782), (51.938557262298296, 27.098115520466948), (52.00855531790787, 27.08917903674322), (52.07855337351743, 27.07384881249795), (52.14855142912699, 27.05555487889222), (52.218549484736556, 27.035978718831068), (52.28854754034613, 27.01552277582474), (52.358545595955704, 26.99373529259697), (52.42854365156528, 26.969690479440327), (52.49854170448145, 26.942324010936332), (52.568539760087425, 26.91221211383904), (52.6385378156934, 26.87208804865331), (52.708535871299375, 26.823346582770984), (52.778533926905354, 26.787193835010395), (52.848531982511325, 26.74739961346463), (52.91853003811731, 26.703564336124142), (52.98852809372327, 26.655708736017722), (53.058526149329246, 26.62055494328101), (53.12852420493523, 26.57962794443458), (53.198522260541196, 26.53886680981853), (53.268520316147175, 26.48946565665629), (53.33851837175316, 26.438956228863766), (53.40851642735913, 26.385674229674773), (53.47851448296509, 26.337475592182788), (53.54851253857108, 26.288562607607687), (53.618510594177046, 26.229243527397), (53.688508649783024, 26.16899711535282), (53.758506705388996, 26.103275298885276), (53.828504760994974, 26.04830826990128), (53.89850281660096, 26.007232370211664), (53.96850087220693, 25.974998164893822), (54.038498927812924, 25.961683790764173), (54.10849698341888, 25.962105990623325), (54.17849503902486, 25.976894294618404), (54.24849309463083, 25.980733674587555), (54.31849115023681, 25.97761806580552), (54.38848920584279, 25.970016583520003), (54.45848726144877, 25.966269559770033), (54.528485317054745, 25.970966533203086), (54.59848337266071, 25.986495571772476), (54.668481428266695, 26.003398644704912), (54.73847948387265, 26.017887262192822), (54.80847753947863, 26.02965608326665), (54.8784755950846, 26.04143809808608), (54.94847365069058, 26.048364814525275), (55.018471706296545, 26.05344252175988), (55.08846976190252, 26.066383701371176), (55.15846781750851, 26.09144050908346), (55.22846587311449, 26.11901920702584), (55.29846392872046, 26.129958706947768), (55.36846198432644, 26.106328708580925), (55.43846003993242, 26.066851136929515), (55.5084580983862, 26.047141190198378), (55.57845615399576, 26.034574541614095), (55.648454209605326, 26.032127153209657), (55.718452265214886, 26.03980262327932), (55.78845032082445, 26.053909358939187), (55.85844837643401, 26.06651322416689), (55.92844643204357, 26.06506566465783), (55.998444487653124, 26.032207309497796), (56.06844254326265, 25.945747049652102)
Day of Week: Monday

MMSI: 405000381
Record time: 2023-08-07T21:58:22Z
Event time: 2023-08-08T14:24:28.428Z
Status: Underway
Travel distance: 215.13444924406048
Num waypoints: 51
Waypoints: (52.56853976278438, 26.950698648096573), (52.63853781839393, 26.889111877151166), (52.708535874003495, 26.832798834803796), (52.77853392961307, 26.783223084405584), (52.84853198522264, 26.739643891382183), (52.918530040832216, 26.700070319522684), (52.98852809644178, 26.662041358308684), (53.05852615205135, 26.623232081283536), (53.12852420766092, 26.581885835461755), (53.198522260541196, 26.53707246041714), (53.268520316147175, 26.48946565665629), (53.33851837175316, 26.438956228863766), (53.40851642735913, 26.385674229674773), (53.47851448296509, 26.337475592182788), (53.54851253857108, 26.288562607607687), (53.618510594177046, 26.229243527397), (53.688508649783024, 26.16899711535282), (53.758506705388996, 26.103275298885276), (53.828504760994974, 26.04830826990128), (53.89850281660096, 26.007232370211664), (53.96850087220693, 25.974998164893822), (54.038498927812924, 25.961683790764173), (54.10849698341888, 25.962105990623325), (54.17849503902486, 25.976894294618404), (54.24849309463083, 25.980733674587555), (54.31849115023681, 25.97761806580552), (54.38848920584279, 25.970016583520003), (54.45848726144877, 25.966269559770033), (54.528485317054745, 25.970966533203086), (54.59848337266071, 25.986495571772476), (54.668481428266695, 26.003398644704912), (54.73847948387265, 26.017887262192822), (54.80847753947863, 26.02965608326665), (54.8784755950846, 26.04143809808608), (54.94847365069058, 26.048364814525275), (55.018471706296545, 26.05344252175988), (55.08846976190252, 26.066383701371176), (55.15846781750851, 26.09144050908346), (55.22846587311449, 26.11901920702584), (55.29846392872046, 26.129958706947768), (55.36846198432644, 26.106328708580925), (55.43846003993242, 26.066851136929515), (55.5084580983862, 26.047141190198378), (55.57845615399576, 26.034574541614095), (55.648454209605326, 26.032127153209657), (55.718452265214886, 26.03980262327932), (55.78845032082445, 26.053909358939187), (55.85844837643401, 26.06651322416689), (55.92844643204357, 26.06506566465783), (55.998444487653124, 26.032207309497796), (56.06844254326265, 25.945747049652102)
Day of Week: Monday

MMSI: 405000381
Record time: 2023-08-07T23:24:16Z
Event time: 2023-08-08T13:54:08.500Z
Status: Underway
Travel distance: 192.42116630669545
Num waypoints: 46
Waypoints: (52.918530040832195, 26.7390149381044), (52.98852809644179, 26.68050322373611), (53.058526152051364, 26.625204786136898), (53.12852420766093, 26.57505867754148), (53.1985222632705, 26.52934729526716), (53.26852031888007, 26.485863462753077), (53.33851837448964, 26.441880923790084), (53.40851643009921, 26.394928249941177), (53.478514485708786, 26.3433661611525), (53.54851253857108, 26.286768258206298), (53.618510594177046, 26.229243527397), (53.688508649783024, 26.16899711535282), (53.758506705388996, 26.103275298885276), (53.828504760994974, 26.04830826990128), (53.89850281660096, 26.007232370211664), (53.96850087220693, 25.974998164893822), (54.038498927812924, 25.961683790764173), (54.10849698341888, 25.962105990623325), (54.17849503902486, 25.976894294618404), (54.24849309463083, 25.980733674587555), (54.31849115023681, 25.97761806580552), (54.38848920584279, 25.970016583520003), (54.45848726144877, 25.966269559770033), (54.528485317054745, 25.970966533203086), (54.59848337266071, 25.986495571772476), (54.668481428266695, 26.003398644704912), (54.73847948387265, 26.017887262192822), (54.80847753947863, 26.02965608326665), (54.8784755950846, 26.04143809808608), (54.94847365069058, 26.048364814525275), (55.018471706296545, 26.05344252175988), (55.08846976190252, 26.066383701371176), (55.15846781750851, 26.09144050908346), (55.22846587311449, 26.11901920702584), (55.29846392872046, 26.129958706947768), (55.36846198432644, 26.106328708580925), (55.43846003993242, 26.066851136929515), (55.5084580983862, 26.047141190198378), (55.57845615399576, 26.034574541614095), (55.648454209605326, 26.032127153209657), (55.718452265214886, 26.03980262327932), (55.78845032082445, 26.053909358939187), (55.85844837643401, 26.06651322416689), (55.92844643204357, 26.06506566465783), (55.998444487653124, 26.032207309497796), (56.06844254326265, 25.945747049652102)
Day of Week: Monday

MMSI: 405000381
Record time: 2023-08-08T01:23:14Z
Event time: 2023-08-08T14:26:25.333Z
Status: Underway
Travel distance: 167.4362850971922
Num waypoints: 40
Waypoints: (53.33851837448962, 26.53291643191485), (53.40851643009915, 26.46508361614808), (53.4785144857087, 26.398268603613232), (53.548512541318274, 26.32690174884668), (53.61851059692785, 26.2514778173084), (53.68850865253743, 26.176036922382917), (53.758506708147, 26.10608085598508), (53.82850476375657, 26.046924812770538), (53.898502819366136, 26.00248450795104), (53.96850087220693, 25.974498687381878), (54.038498927812924, 25.96479939954621), (54.10849698341888, 25.964573221050234), (54.17849503902486, 25.97509994521701), (54.24849309463083, 25.980733674587555), (54.31849115023681, 25.97761806580552), (54.38848920584279, 25.970016583520003), (54.45848726144877, 25.966269559770033), (54.528485317054745, 25.970966533203086), (54.59848337266071, 25.986495571772476), (54.668481428266695, 26.003398644704912), (54.73847948387265, 26.017887262192822), (54.80847753947863, 26.02965608326665), (54.8784755950846, 26.04143809808608), (54.94847365069058, 26.048364814525275), (55.018471706296545, 26.05344252175988), (55.08846976190252, 26.066383701371176), (55.15846781750851, 26.09144050908346), (55.22846587311449, 26.11901920702584), (55.29846392872046, 26.129958706947768), (55.36846198432644, 26.106328708580925), (55.43846003993242, 26.066851136929515), (55.5084580983862, 26.047141190198378), (55.57845615399576, 26.034574541614095), (55.648454209605326, 26.032127153209657), (55.718452265214886, 26.03980262327932), (55.78845032082445, 26.053909358939187), (55.85844837643401, 26.06651322416689), (55.92844643204357, 26.06506566465783), (55.998444487653124, 26.032207309497796), (56.06844254326265, 25.945747049652102)
Day of Week: Tuesday

MMSI: 405000381
Record time: 2023-08-08T03:44:25Z
Event time: 2023-08-08T14:57:58.400Z
Status: Underway
Travel distance: 135.43466522678185
Num waypoints: 33
Waypoints: (53.82850476375657, 26.324919294329373), (53.89850281936614, 26.257351358712345), (53.9685008749757, 26.179149264142396), (54.03849893058526, 26.105578174277742), (54.10849698619483, 26.04512826441144), (54.178495041804396, 26.001288714808215), (54.24849309741398, 25.974086478405514), (54.31849115302355, 25.96138982287867), (54.38848920863313, 25.959976647070288), (54.45848726144877, 25.966367570451624), (54.528485317054745, 25.974255545498703), (54.59848337266071, 25.990284061580038), (54.668481428266695, 26.004071525730435), (54.73847948387265, 26.016092912791432), (54.80847753947863, 26.02965608326665), (54.8784755950846, 26.04143809808608), (54.94847365069058, 26.048364814525275), (55.018471706296545, 26.05344252175988), (55.08846976190252, 26.066383701371176), (55.15846781750851, 26.09144050908346), (55.22846587311449, 26.11901920702584), (55.29846392872046, 26.129958706947768), (55.36846198432644, 26.106328708580925), (55.43846003993242, 26.066851136929515), (55.5084580983862, 26.047141190198378), (55.57845615399576, 26.034574541614095), (55.648454209605326, 26.032127153209657), (55.718452265214886, 26.03980262327932), (55.78845032082445, 26.053909358939187), (55.85844837643401, 26.06651322416689), (55.92844643204357, 26.06506566465783), (55.998444487653124, 26.032207309497796), (56.06844254326265, 25.945747049652102)
Day of Week: Tuesday

MMSI: 405000381
Record time: 2023-08-08T04:40:44Z
Event time: 2023-08-08T14:38:08Z
Status: Underway
Travel distance: 122.50107991360692
Num waypoints: 30
Waypoints: (54.03849893058528, 26.251977825997137), (54.10849698619484, 26.19046446025451), (54.178495041804396, 26.110750408131533), (54.24849309741396, 26.039675860513157), (54.31849115302353, 25.990023072348436), (54.388489208633096, 25.964731952851555), (54.45848726424267, 25.96050987429774), (54.528485319852244, 25.9708356994141), (54.59848337546181, 25.98835802736541), (54.668481428266695, 26.00668765700053), (54.73847948387265, 26.021675752000384), (54.80847753947863, 26.030328964292174), (54.8784755950846, 26.03964374868469), (54.94847365069058, 26.048364814525275), (55.018471706296545, 26.05344252175988), (55.08846976190252, 26.066383701371176), (55.15846781750851, 26.09144050908346), (55.22846587311449, 26.11901920702584), (55.29846392872046, 26.129958706947768), (55.36846198432644, 26.106328708580925), (55.43846003993242, 26.066851136929515), (55.5084580983862, 26.047141190198378), (55.57845615399576, 26.034574541614095), (55.648454209605326, 26.032127153209657), (55.718452265214886, 26.03980262327932), (55.78845032082445, 26.053909358939187), (55.85844837643401, 26.06651322416689), (55.92844643204357, 26.06506566465783), (55.998444487653124, 26.032207309497796), (56.06844254326265, 25.945747049652102)
Day of Week: Tuesday

MMSI: 405000381
Record time: 2023-08-08T05:17:43Z
Event time: 2023-08-08T14:17:53.750Z
Status: Underway
Travel distance: 113.80723542116631
Num waypoints: 28
Waypoints: (54.178495041804375, 26.25315347440369), (54.248493097413956, 26.18745989597531), (54.318491153023515, 26.11403889496212), (54.388489208633075, 26.052476072664017), (54.45848726424264, 26.0112544934592), (54.52848531985221, 25.99127421068382), (54.598483375461775, 25.98883612644024), (54.66848143107135, 25.99809018533401), (54.73847948668093, 26.012947902139487), (54.80847753947863, 26.028459222058792), (54.8784755950846, 26.04161150159966), (54.94847365069058, 26.04968607390592), (55.018471706296545, 26.055909752186793), (55.08846976190252, 26.064589351969783), (55.15846781750851, 26.09144050908346), (55.22846587311449, 26.11901920702584), (55.29846392872046, 26.129958706947768), (55.36846198432644, 26.106328708580925), (55.43846003993242, 26.066851136929515), (55.5084580983862, 26.047141190198378), (55.57845615399576, 26.034574541614095), (55.648454209605326, 26.032127153209657), (55.718452265214886, 26.03980262327932), (55.78845032082445, 26.053909358939187), (55.85844837643401, 26.06651322416689), (55.92844643204357, 26.06506566465783), (55.998444487653124, 26.032207309497796), (56.06844254326265, 25.945747049652102)
Day of Week: Tuesday

MMSI: 405000381
Record time: 2023-08-08T05:50:55Z
Event time: 2023-08-08T14:01:14.500Z
Status: Underway
Travel distance: 102.47516198704103
Num waypoints: 26
Waypoints: (54.318491153023565, 26.194615155504202), (54.38848920863315, 26.164112769228257), (54.45848726424272, 26.17709337015282), (54.52848531985227, 26.197272958448846), (54.59848337546183, 26.205855844078936), (54.6684814310714, 26.196644290749997), (54.738479486680966, 26.171776559120552), (54.80847754229054, 26.13809334926274), (54.87847559790011, 26.10413264237898), (54.94847365069058, 26.07775294043545), (55.018471706296545, 26.05658828767471), (55.08846976190252, 26.058050908615346), (55.15846781750851, 26.083305622511606), (55.22846587311449, 26.11600160892539), (55.29846392872046, 26.130780488816473), (55.36846198432644, 26.111911547789873), (55.43846003993242, 26.067524017955037), (55.5084580983862, 26.046722508671362), (55.57845615399576, 26.033553665553093), (55.648454209605326, 26.03125852497666), (55.718452265214886, 26.039657172229347), (55.78845032082445, 26.054522039930692), (55.85844837643401, 26.067293300091745), (55.92844643204357, 26.0651363511494), (55.998444487653124, 26.03134139997603), (56.06844254326265, 25.946065138864192)
Day of Week: Tuesday

MMSI: 405000381
Record time: 2023-08-08T06:41:20Z
Event time: 2023-08-08T13:41:36Z
Status: Underway
Travel distance: 90.65010799136068
Num waypoints: 23
Waypoints: (54.52848531985224, 26.11056153766423), (54.59848337546183, 26.037864947534953), (54.6684814310714, 26.016259509438555), (54.73847948668096, 26.017390064935366), (54.80847754229052, 26.026360018507233), (54.878475597900085, 26.037072437504385), (54.94847365350965, 26.048399907798007), (55.018471709119225, 26.061183145138518), (55.088469764728806, 26.076058362219545), (55.15846781750851, 26.092113390108977), (55.22846587311449, 26.11722485762445), (55.29846392872046, 26.129958706947768), (55.36846198432644, 26.106328708580925), (55.43846003993242, 26.066851136929515), (55.5084580983862, 26.047141190198378), (55.57845615399576, 26.034574541614095), (55.648454209605326, 26.032127153209657), (55.718452265214886, 26.03980262327932), (55.78845032082445, 26.053909358939187), (55.85844837643401, 26.06651322416689), (55.92844643204357, 26.06506566465783), (55.998444487653124, 26.032207309497796), (56.06844254326265, 25.945747049652102)
Day of Week: Tuesday

MMSI: 405000381
Record time: 2023-08-08T09:43:33Z
Event time: 2023-08-08T13:32:10.750Z
Status: Underway
Travel distance: 50.182505399568036
Num waypoints: 12
Waypoints: (55.29846393155743, 26.047191877379255), (55.368461987167024, 26.030076313966745), (55.43846004277659, 25.998690581160183), (55.50845809838616, 25.96501528535297), (55.578456153995724, 25.956870776968227), (55.6484542096468, 25.98924721378441), (55.71845226525644, 26.044743916957724), (55.788450320824374, 26.09870848487086), (55.85844837643393, 26.114283273182274), (55.92844643204349, 26.060278385901256), (55.998444487653074, 25.963160595324773), (56.06844254326263, 25.97674821574884)
Day of Week: Tuesday

MMSI: 405000381
Record time: 2023-08-08T11:30:25Z
Event time: 2023-08-08T13:11:15.500Z
Status: Underway
Travel distance: 22.639308855291578
Num waypoints: 6
Waypoints: (55.718452265214864, 25.97432905484247), (55.78845032082444, 26.044340723453907), (55.858448376433984, 26.044340723453907), (55.92844643204356, 26.044340723453907), (55.99844448765313, 25.97432905484247), (56.06844254326268, 25.97432905484247)
Day of Week: Tuesday

MMSI: 405000381
Record time: 2023-08-08T11:57:35Z
Event time: 2023-08-08T12:48:32.250Z
Status: Underway
Travel distance: 11.338012958963283
Num waypoints: 4
Waypoints: (55.858448376433984, 25.97432905484247), (55.92844643204356, 25.97432905484247), (55.99844448765313, 25.97432905484247), (56.06844254326268, 25.97432905484247)
Day of Week: Tuesday

MMSI: 405000381
Record time: 2023-08-08T16:00:36Z
Event time: 2023-08-08T16:00:36Z
Status: Arrived
Travel distance: N/A
Num waypoints: 0
Waypoints: 
Day of Week: Tuesday

Number of Journeys: 1
