Record time: 2024-01-10T11:44:18Z
Event time: 2024-01-11T14:21:36.500Z
Status: Underway
Travel distance: 337.0199784017279
Waypoints: (50.39860003888777, 26.742429445195995), (50.46859809449735, 26.807662396267208), (50.53859615010692, 26.835303281874246), (50.608594205716486, 26.825827933595416), (50.678592261326045, 26.78705638725573), (50.74859031693561, 26.730356099907663), (50.81858837254518, 26.667575723353885), (50.888586428154746, 26.60870943421207), (50.95858448376431, 26.56029182052172), (51.028582536755984, 26.524523323532204), (51.09858059236195, 26.50467993015212), (51.16857864796792, 26.48660261386142), (51.2385767035739, 26.460315018166877), (51.308574759179876, 26.410491665145482), (51.37857281478584, 26.346379485640952), (51.448570870391826, 26.261779304042808), (51.5185689259978, 26.17017135871108), (51.58856698160376, 26.091787316110615), (51.658565037209755, 26.03757233062573), (51.728563092815726, 26.003146078717737), (51.79856114842171, 25.987313583999587), (51.86855920402767, 25.990253904447243), (51.93855725963364, 26.005439905631075), (52.00855531523963, 26.024885601822408), (52.0785533708456, 26.05009696484027), (52.14855142645157, 26.067209252881476), (52.21854948205756, 26.07545345905972), (52.288547537663526, 26.082118185407744), (52.358545593269504, 26.097066699170803), (52.428543648875475, 26.109417929871764), (52.49854170448145, 26.128995563519084), (52.568539760087425, 26.145791201665926), (52.6385378156934, 26.163894905447815), (52.708535871299375, 26.17781430705419), (52.778533926905354, 26.186827520118744), (52.848531982511325, 26.1820513842121), (52.91853003811731, 26.15781258872692), (52.98852809372327, 26.138189719380406), (53.058526149329246, 26.12642089830658), (53.12852420493523, 26.121567484747143), (53.198522260541196, 26.117714911032394), (53.268520316147175, 26.101235922779914), (53.33851837175316, 26.078199642965), (53.40851642735913, 26.047456330899777), (53.47851448296509, 26.012449554185455), (53.54851253857108, 25.98066582103876), (53.618510594177046, 25.96649573826601), (53.688508649783024, 25.96307855815601), (53.758506705388996, 25.968844224982536), (53.828504760994974, 25.976945184779996), (53.89850281660096, 25.97991189271885), (53.96850087220693, 25.97500193453542), (54.038498927812924, 25.972534704108508), (54.10849698341888, 25.972534704108508), (54.17849503902486, 25.976796283936814), (54.24849309463083, 25.977444662291937), (54.31849115023681, 25.973829575997957), (54.38848920584279, 25.96934370249448), (54.45848726144877, 25.968063909171427), (54.528485317054745, 25.970966533203086), (54.59848337266071, 25.986495571772476), (54.668481428266695, 26.003398644704912), (54.73847948387265, 26.017887262192822), (54.80847753947863, 26.02965608326665), (54.8784755950846, 26.04143809808608), (54.94847365069058, 26.048364814525275), (55.018471706296545, 26.05344252175988), (55.08846976190252, 26.066383701371176), (55.15846781750851, 26.09144050908346), (55.22846587311449, 26.11901920702584), (55.29846392872046, 26.129958706947768), (55.36846198432644, 26.106328708580925), (55.43846003993242, 26.066851136929515), (55.5084580983862, 26.047141190198378), (55.57845615399576, 26.034574541614095), (55.648454209605326, 26.032127153209657), (55.718452265214886, 26.03980262327932), (55.78845032082445, 26.053909358939187), (55.85844837643401, 26.06651322416689), (55.92844643204357, 26.06506566465783), (55.998444487653124, 26.032207309497796), (56.06844254326265, 25.945747049652102)
Associated file(s): api_response_2024-01-10_16-21-05.json, api_response_2024-01-10_16-01-02.json

Record time: 2024-01-10T12:33:00Z
Event time: 2024-01-11T13:37:12.166Z
Status: Underway
Travel distance: 329.3871490280778
Waypoints: (50.5385961501069, 26.801606855424517), (50.6085942057165, 26.847489185233798), (50.67859226132608, 26.80559403961404), (50.74859031693565, 26.730920660853), (50.818588372545214, 26.65590133180151), (50.88858642815478, 26.59605169166735), (50.958584483764355, 26.55494967864018), (51.02858253937392, 26.52854309934762), (51.098580594983495, 26.508785825142333), (51.16857864796792, 26.48660261386142), (51.2385767035739, 26.460315018166877), (51.308574759179876, 26.410491665145482), (51.37857281478584, 26.346379485640952), (51.448570870391826, 26.261779304042808), (51.5185689259978, 26.17017135871108), (51.58856698160376, 26.091787316110615), (51.658565037209755, 26.03757233062573), (51.728563092815726, 26.003146078717737), (51.79856114842171, 25.987313583999587), (51.86855920402767, 25.990253904447243), (51.93855725963364, 26.005439905631075), (52.00855531523963, 26.024885601822408), (52.0785533708456, 26.05009696484027), (52.14855142645157, 26.067209252881476), (52.21854948205756, 26.07545345905972), (52.288547537663526, 26.082118185407744), (52.358545593269504, 26.097066699170803), (52.428543648875475, 26.109417929871764), (52.49854170448145, 26.128995563519084), (52.568539760087425, 26.145791201665926), (52.6385378156934, 26.163894905447815), (52.708535871299375, 26.17781430705419), (52.778533926905354, 26.186827520118744), (52.848531982511325, 26.1820513842121), (52.91853003811731, 26.15781258872692), (52.98852809372327, 26.138189719380406), (53.058526149329246, 26.12642089830658), (53.12852420493523, 26.121567484747143), (53.198522260541196, 26.117714911032394), (53.268520316147175, 26.101235922779914), (53.33851837175316, 26.078199642965), (53.40851642735913, 26.047456330899777), (53.47851448296509, 26.012449554185455), (53.54851253857108, 25.98066582103876), (53.618510594177046, 25.96649573826601), (53.688508649783024, 25.96307855815601), (53.758506705388996, 25.968844224982536), (53.828504760994974, 25.976945184779996), (53.89850281660096, 25.97991189271885), (53.96850087220693, 25.97500193453542), (54.038498927812924, 25.972534704108508), (54.10849698341888, 25.972534704108508), (54.17849503902486, 25.976796283936814), (54.24849309463083, 25.977444662291937), (54.31849115023681, 25.973829575997957), (54.38848920584279, 25.96934370249448), (54.45848726144877, 25.968063909171427), (54.528485317054745, 25.970966533203086), (54.59848337266071, 25.986495571772476), (54.668481428266695, 26.003398644704912), (54.73847948387265, 26.017887262192822), (54.80847753947863, 26.02965608326665), (54.8784755950846, 26.04143809808608), (54.94847365069058, 26.048364814525275), (55.018471706296545, 26.05344252175988), (55.08846976190252, 26.066383701371176), (55.15846781750851, 26.09144050908346), (55.22846587311449, 26.11901920702584), (55.29846392872046, 26.129958706947768), (55.36846198432644, 26.106328708580925), (55.43846003993242, 26.066851136929515), (55.5084580983862, 26.047141190198378), (55.57845615399576, 26.034574541614095), (55.648454209605326, 26.032127153209657), (55.718452265214886, 26.03980262327932), (55.78845032082445, 26.053909358939187), (55.85844837643401, 26.06651322416689), (55.92844643204357, 26.06506566465783), (55.998444487653124, 26.032207309497796), (56.06844254326265, 25.945747049652102)
Associated file(s): api_response_2024-01-10_17-41-17.json, api_response_2024-01-10_16-41-08.json, api_response_2024-01-10_18-01-20.json, api_response_2024-01-10_17-01-11.json, api_response_2024-01-10_17-21-14.json, api_response_2024-01-10_18-21-23.json

Record time: 2024-01-10T14:19:47Z
Event time: 2024-01-11T14:34:00.500Z
Status: Underway
Travel distance: 308.7575593952484
Waypoints: (50.95858448376434, 26.955681463171544), (51.02858253937392, 26.94836288677611), (51.098580594983495, 26.89192091126287), (51.16857865059306, 26.817258972792928), (51.23857670620263, 26.740811680657146), (51.308574761812196, 26.668999402754544), (51.37857281742176, 26.60201637843592), (51.44857087303133, 26.536952358712586), (51.518568928640896, 26.470247773830305), (51.58856698160376, 26.39948242685396), (51.658565037209755, 26.32089670842792), (51.728563092815726, 26.24888147530991), (51.79856114842171, 26.177950014151776), (51.86855920402767, 26.11402254708562), (51.93855725963364, 26.065478987387277), (52.00855531523963, 26.03645086224986), (52.0785533708456, 26.035710127675546), (52.14855142645157, 26.049194135677176), (52.21854948205756, 26.068098888298977), (52.288547537663526, 26.08670206959281), (52.358545593269504, 26.103970797760397), (52.428543648875475, 26.1125580413242), (52.49854170448145, 26.125406864716304), (52.568539760087425, 26.145791201665926), (52.6385378156934, 26.163894905447815), (52.708535871299375, 26.17781430705419), (52.778533926905354, 26.186827520118744), (52.848531982511325, 26.1820513842121), (52.91853003811731, 26.15781258872692), (52.98852809372327, 26.138189719380406), (53.058526149329246, 26.12642089830658), (53.12852420493523, 26.121567484747143), (53.198522260541196, 26.117714911032394), (53.268520316147175, 26.101235922779914), (53.33851837175316, 26.078199642965), (53.40851642735913, 26.047456330899777), (53.47851448296509, 26.012449554185455), (53.54851253857108, 25.98066582103876), (53.618510594177046, 25.96649573826601), (53.688508649783024, 25.96307855815601), (53.758506705388996, 25.968844224982536), (53.828504760994974, 25.976945184779996), (53.89850281660096, 25.97991189271885), (53.96850087220693, 25.97500193453542), (54.038498927812924, 25.972534704108508), (54.10849698341888, 25.972534704108508), (54.17849503902486, 25.976796283936814), (54.24849309463083, 25.977444662291937), (54.31849115023681, 25.973829575997957), (54.38848920584279, 25.96934370249448), (54.45848726144877, 25.968063909171427), (54.528485317054745, 25.970966533203086), (54.59848337266071, 25.986495571772476), (54.668481428266695, 26.003398644704912), (54.73847948387265, 26.017887262192822), (54.80847753947863, 26.02965608326665), (54.8784755950846, 26.04143809808608), (54.94847365069058, 26.048364814525275), (55.018471706296545, 26.05344252175988), (55.08846976190252, 26.066383701371176), (55.15846781750851, 26.09144050908346), (55.22846587311449, 26.11901920702584), (55.29846392872046, 26.129958706947768), (55.36846198432644, 26.106328708580925), (55.43846003993242, 26.066851136929515), (55.5084580983862, 26.047141190198378), (55.57845615399576, 26.034574541614095), (55.648454209605326, 26.032127153209657), (55.718452265214886, 26.03980262327932), (55.78845032082445, 26.053909358939187), (55.85844837643401, 26.06651322416689), (55.92844643204357, 26.06506566465783), (55.998444487653124, 26.032207309497796), (56.06844254326265, 25.945747049652102)
Associated file(s): api_response_2024-01-10_18-41-26.json, api_response_2024-01-10_19-41-35.json, api_response_2024-01-10_20-01-38.json, api_response_2024-01-10_19-21-32.json, api_response_2024-01-10_21-01-47.json, api_response_2024-01-10_20-21-41.json, api_response_2024-01-10_19-01-29.json, api_response_2024-01-10_20-41-44.json, api_response_2024-01-10_21-21-50.json

Record time: 2024-01-10T17:06:06Z
Event time: 2024-01-11T13:51:28.166Z
Status: Underway
Travel distance: 268.05399568034557
Waypoints: (51.58856698425041, 27.024999277842348), (51.658565039860015, 26.936820792509195), (51.72856309546958, 26.926001349960075), (51.798561151079134, 26.951183698162062), (51.868559206688694, 26.986287057665226), (51.938557262298254, 27.016690359482883), (52.00855531790783, 27.03591024843182), (52.07855337351741, 27.042773851932473), (52.14855142912699, 27.039086314269085), (52.21854948205756, 27.02779309492317), (52.288547537663526, 27.013519347006433), (52.358545593269504, 26.99884790190094), (52.428543648875475, 26.97798482046817), (52.49854170448145, 26.942823488448276), (52.568539760087425, 26.909096505057004), (52.6385378156934, 26.8696208182264), (52.708535871299375, 26.825140932172378), (52.778533926905354, 26.787193835010395), (52.848531982511325, 26.74739961346463), (52.91853003811731, 26.703564336124142), (52.98852809372327, 26.655708736017722), (53.058526149329246, 26.62055494328101), (53.12852420493523, 26.577833595033187), (53.198522260541196, 26.53953969084405), (53.268520316147175, 26.493254146463844), (53.33851837175316, 26.444039590560777), (53.40851642735913, 26.38330500992945), (53.47851448296509, 26.32572561931696), (53.54851253857108, 26.275743941348384), (53.618510594177046, 26.231109499988786), (53.688508649783024, 26.20308221469605), (53.758506705388996, 26.182986255328792), (53.828504760994974, 26.1786323192813), (53.89850281660096, 26.18318227669197), (53.96850087220693, 26.18316719812557), (54.038498927812924, 26.18453746284701), (54.10849698341888, 26.18568531871408), (54.17849503902486, 26.186831289760345), (54.24849309463083, 26.184364059333433), (54.31849115023681, 26.18369117830791), (54.38848920584279, 26.178781220124485), (54.45848726144877, 26.181747928063334), (54.528485317054745, 26.1880545384594), (54.59848337266071, 26.19808178511423), (54.668481428266695, 26.195312983359354), (54.73847948387265, 26.175733464891234), (54.80847753947863, 26.143725438069364), (54.8784755950846, 26.109881595788508), (54.94847365069058, 26.07775294043545), (55.018471706296545, 26.05658828767471), (55.08846976190252, 26.058050908615346), (55.15846781750851, 26.083305622511606), (55.22846587311449, 26.11600160892539), (55.29846392872046, 26.130780488816473), (55.36846198432644, 26.111911547789873), (55.43846003993242, 26.067524017955037), (55.5084580983862, 26.046722508671362), (55.57845615399576, 26.033553665553093), (55.648454209605326, 26.03125852497666), (55.718452265214886, 26.039657172229347), (55.78845032082445, 26.054522039930692), (55.85844837643401, 26.067293300091745), (55.92844643204357, 26.0651363511494), (55.998444487653124, 26.03134139997603), (56.06844254326265, 25.946065138864192)
Associated file(s): api_response_2024-01-10_21-41-53.json

Record time: 2024-01-10T17:53:05Z
Event time: 2024-01-11T13:13:42.333Z
Status: Underway
Travel distance: 256.9071274298056
Waypoints: (51.79856115107914, 27.09134126889536), (51.86855920668872, 27.101884625178354), (51.938557262298296, 27.097698278257635), (52.00855531790786, 27.086023452625327), (52.07855337351744, 27.07100743943055), (52.148551429127004, 27.05454686530528), (52.21854948473658, 27.03701862587056), (52.288547540346144, 27.017898483923), (52.35854559595571, 26.99626733230163), (52.428543648875475, 26.971205120051362), (52.49854170448145, 26.942324010936332), (52.568539760087425, 26.91221211383904), (52.6385378156934, 26.87208804865331), (52.708535871299375, 26.823346582770984), (52.778533926905354, 26.787193835010395), (52.848531982511325, 26.74739961346463), (52.91853003811731, 26.703564336124142), (52.98852809372327, 26.655708736017722), (53.058526149329246, 26.62055494328101), (53.12852420493523, 26.57962794443458), (53.198522260541196, 26.53886680981853), (53.268520316147175, 26.48946565665629), (53.33851837175316, 26.438956228863766), (53.40851642735913, 26.385674229674773), (53.47851448296509, 26.337475592182788), (53.54851253857108, 26.288562607607687), (53.618510594177046, 26.229243527397), (53.688508649783024, 26.16899711535282), (53.758506705388996, 26.103275298885276), (53.828504760994974, 26.04830826990128), (53.89850281660096, 26.007232370211664), (53.96850087220693, 25.974998164893822), (54.038498927812924, 25.961683790764173), (54.10849698341888, 25.962105990623325), (54.17849503902486, 25.976894294618404), (54.24849309463083, 25.980733674587555), (54.31849115023681, 25.97761806580552), (54.38848920584279, 25.970016583520003), (54.45848726144877, 25.966269559770033), (54.528485317054745, 25.970966533203086), (54.59848337266071, 25.986495571772476), (54.668481428266695, 26.003398644704912), (54.73847948387265, 26.017887262192822), (54.80847753947863, 26.02965608326665), (54.8784755950846, 26.04143809808608), (54.94847365069058, 26.048364814525275), (55.018471706296545, 26.05344252175988), (55.08846976190252, 26.066383701371176), (55.15846781750851, 26.09144050908346), (55.22846587311449, 26.11901920702584), (55.29846392872046, 26.129958706947768), (55.36846198432644, 26.106328708580925), (55.43846003993242, 26.066851136929515), (55.5084580983862, 26.047141190198378), (55.57845615399576, 26.034574541614095), (55.648454209605326, 26.032127153209657), (55.718452265214886, 26.03980262327932), (55.78845032082445, 26.053909358939187), (55.85844837643401, 26.06651322416689), (55.92844643204357, 26.06506566465783), (55.998444487653124, 26.032207309497796), (56.06844254326265, 25.945747049652102)
Associated file(s): api_response_2024-01-10_22-01-56.json, api_response_2024-01-10_22-42-02.json, api_response_2024-01-10_22-21-59.json

Record time: 2024-01-10T18:48:58Z
Event time: 2024-01-11T12:43:16.750Z
Status: Underway
Travel distance: 242.45788336933046
Waypoints: (52.07855337351741, 27.08848895244417), (52.148551429126975, 27.03969099905113), (52.21854948473655, 27.023201444378167), (52.288547540346116, 27.01517816204356), (52.35854559595569, 27.002678001940886), (52.428543651565256, 26.980498772988806), (52.49854170717482, 26.94847735251446), (52.56853976278439, 26.9092439222704), (52.63853781839396, 26.866432331085115), (52.708535871299375, 26.823346582770984), (52.778533926905354, 26.787193835010395), (52.848531982511325, 26.74739961346463), (52.91853003811731, 26.703564336124142), (52.98852809372327, 26.655708736017722), (53.058526149329246, 26.62055494328101), (53.12852420493523, 26.57962794443458), (53.198522260541196, 26.53886680981853), (53.268520316147175, 26.48946565665629), (53.33851837175316, 26.438956228863766), (53.40851642735913, 26.385674229674773), (53.47851448296509, 26.337475592182788), (53.54851253857108, 26.288562607607687), (53.618510594177046, 26.229243527397), (53.688508649783024, 26.16899711535282), (53.758506705388996, 26.103275298885276), (53.828504760994974, 26.04830826990128), (53.89850281660096, 26.007232370211664), (53.96850087220693, 25.974998164893822), (54.038498927812924, 25.961683790764173), (54.10849698341888, 25.962105990623325), (54.17849503902486, 25.976894294618404), (54.24849309463083, 25.980733674587555), (54.31849115023681, 25.97761806580552), (54.38848920584279, 25.970016583520003), (54.45848726144877, 25.966269559770033), (54.528485317054745, 25.970966533203086), (54.59848337266071, 25.986495571772476), (54.668481428266695, 26.003398644704912), (54.73847948387265, 26.017887262192822), (54.80847753947863, 26.02965608326665), (54.8784755950846, 26.04143809808608), (54.94847365069058, 26.048364814525275), (55.018471706296545, 26.05344252175988), (55.08846976190252, 26.066383701371176), (55.15846781750851, 26.09144050908346), (55.22846587311449, 26.11901920702584), (55.29846392872046, 26.129958706947768), (55.36846198432644, 26.106328708580925), (55.43846003993242, 26.066851136929515), (55.5084580983862, 26.047141190198378), (55.57845615399576, 26.034574541614095), (55.648454209605326, 26.032127153209657), (55.718452265214886, 26.03980262327932), (55.78845032082445, 26.053909358939187), (55.85844837643401, 26.06651322416689), (55.92844643204357, 26.06506566465783), (55.998444487653124, 26.032207309497796), (56.06844254326265, 25.945747049652102)
Associated file(s): api_response_2024-01-11_00-22-17.json, api_response_2024-01-10_23-22-08.json, api_response_2024-01-11_01-42-29.json, api_response_2024-01-11_00-42-20.json, api_response_2024-01-11_00-02-14.json, api_response_2024-01-10_23-42-11.json, api_response_2024-01-10_23-02-05.json, api_response_2024-01-11_01-22-26.json, api_response_2024-01-11_01-02-23.json

Record time: 2024-01-10T22:01:38Z
Event time: 2024-01-11T12:57:38.200Z
Status: Underway
Travel distance: 199.0988120950324
Waypoints: (52.77853392961306, 26.75125263405491), (52.848531985222635, 26.722594893337924), (52.918530040832195, 26.695388293289486), (52.988528096441755, 26.66371098397741), (53.058526152051314, 26.62575756409644), (53.12852420766089, 26.58221078427922), (53.19852226327046, 26.534920664679778), (53.268520318880036, 26.485891026829396), (53.33851837448962, 26.436573439764995), (53.40851642735913, 26.38746857907616), (53.47851448296509, 26.337475592182788), (53.54851253857108, 26.288562607607687), (53.618510594177046, 26.229243527397), (53.688508649783024, 26.16899711535282), (53.758506705388996, 26.103275298885276), (53.828504760994974, 26.04830826990128), (53.89850281660096, 26.007232370211664), (53.96850087220693, 25.974998164893822), (54.038498927812924, 25.961683790764173), (54.10849698341888, 25.962105990623325), (54.17849503902486, 25.976894294618404), (54.24849309463083, 25.980733674587555), (54.31849115023681, 25.97761806580552), (54.38848920584279, 25.970016583520003), (54.45848726144877, 25.966269559770033), (54.528485317054745, 25.970966533203086), (54.59848337266071, 25.986495571772476), (54.668481428266695, 26.003398644704912), (54.73847948387265, 26.017887262192822), (54.80847753947863, 26.02965608326665), (54.8784755950846, 26.04143809808608), (54.94847365069058, 26.048364814525275), (55.018471706296545, 26.05344252175988), (55.08846976190252, 26.066383701371176), (55.15846781750851, 26.09144050908346), (55.22846587311449, 26.11901920702584), (55.29846392872046, 26.129958706947768), (55.36846198432644, 26.106328708580925), (55.43846003993242, 26.066851136929515), (55.5084580983862, 26.047141190198378), (55.57845615399576, 26.034574541614095), (55.648454209605326, 26.032127153209657), (55.718452265214886, 26.03980262327932), (55.78845032082445, 26.053909358939187), (55.85844837643401, 26.06651322416689), (55.92844643204357, 26.06506566465783), (55.998444487653124, 26.032207309497796), (56.06844254326265, 25.945747049652102)
Associated file(s): api_response_2024-01-11_02-42-40.json, api_response_2024-01-11_04-42-59.json, api_response_2024-01-11_02-02-33.json, api_response_2024-01-11_02-22-36.json, api_response_2024-01-11_05-03-02.json, api_response_2024-01-11_03-22-46.json, api_response_2024-01-11_03-02-43.json, api_response_2024-01-11_04-22-56.json, api_response_2024-01-11_04-02-53.json, api_response_2024-01-11_03-42-50.json

Record time: 2024-01-11T01:02:17Z
Event time: 2024-01-11T13:29:45.666Z
Status: Underway
Travel distance: 158.45680345572353
Waypoints: (53.40851643009917, 26.386498103334816), (53.47851448570876, 26.333203401593224), (53.548512541318324, 26.281568712934273), (53.618510596927884, 26.22607134106699), (53.68850865253745, 26.16699478017442), (53.75850670814701, 26.107975997606736), (53.828504763756584, 26.05398660232251), (53.898502819366165, 26.009747899078086), (53.96850087497574, 25.9785798283651), (54.038498927812924, 25.961683790764173), (54.10849698341888, 25.962105990623325), (54.17849503902486, 25.976894294618404), (54.24849309463083, 25.980733674587555), (54.31849115023681, 25.97761806580552), (54.38848920584279, 25.970016583520003), (54.45848726144877, 25.966269559770033), (54.528485317054745, 25.970966533203086), (54.59848337266071, 25.986495571772476), (54.668481428266695, 26.003398644704912), (54.73847948387265, 26.017887262192822), (54.80847753947863, 26.02965608326665), (54.8784755950846, 26.04143809808608), (54.94847365069058, 26.048364814525275), (55.018471706296545, 26.05344252175988), (55.08846976190252, 26.066383701371176), (55.15846781750851, 26.09144050908346), (55.22846587311449, 26.11901920702584), (55.29846392872046, 26.129958706947768), (55.36846198432644, 26.106328708580925), (55.43846003993242, 26.066851136929515), (55.5084580983862, 26.047141190198378), (55.57845615399576, 26.034574541614095), (55.648454209605326, 26.032127153209657), (55.718452265214886, 26.03980262327932), (55.78845032082445, 26.053909358939187), (55.85844837643401, 26.06651322416689), (55.92844643204357, 26.06506566465783), (55.998444487653124, 26.032207309497796), (56.06844254326265, 25.945747049652102)
Associated file(s): api_response_2024-01-11_06-23-14.json, api_response_2024-01-11_06-03-11.json, api_response_2024-01-11_05-23-05.json, api_response_2024-01-11_06-43-17.json, api_response_2024-01-11_05-43-08.json, api_response_2024-01-11_07-03-20.json

Record time: 2024-01-11T03:09:49Z
Event time: 2024-01-11T12:59:58.250Z
Status: Underway
Travel distance: 130.09071274298057
Waypoints: (53.89850281936617, 26.261651000497878), (53.9685008749757, 26.17335289187129), (54.03849893058526, 26.102925111943023), (54.10849698619483, 26.047515412800827), (54.178495041804396, 26.00580390584276), (54.24849309741398, 25.977166578306186), (54.31849115302355, 25.96102766884094), (54.38848920863313, 25.95640090212666), (54.458487264242706, 25.961619582534205), (54.528485317054745, 25.974255545498703), (54.59848337266071, 25.990284061580038), (54.668481428266695, 26.004071525730435), (54.73847948387265, 26.016092912791432), (54.80847753947863, 26.02965608326665), (54.8784755950846, 26.04143809808608), (54.94847365069058, 26.048364814525275), (55.018471706296545, 26.05344252175988), (55.08846976190252, 26.066383701371176), (55.15846781750851, 26.09144050908346), (55.22846587311449, 26.11901920702584), (55.29846392872046, 26.129958706947768), (55.36846198432644, 26.106328708580925), (55.43846003993242, 26.066851136929515), (55.5084580983862, 26.047141190198378), (55.57845615399576, 26.034574541614095), (55.648454209605326, 26.032127153209657), (55.718452265214886, 26.03980262327932), (55.78845032082445, 26.053909358939187), (55.85844837643401, 26.06651322416689), (55.92844643204357, 26.06506566465783), (55.998444487653124, 26.032207309497796), (56.06844254326265, 25.945747049652102)
Associated file(s): api_response_2024-01-11_07-43-27.json, api_response_2024-01-11_09-43-44.json, api_response_2024-01-11_08-43-35.json, api_response_2024-01-11_08-23-33.json, api_response_2024-01-11_07-23-23.json, api_response_2024-01-11_09-23-41.json, api_response_2024-01-11_08-03-30.json, api_response_2024-01-11_09-03-39.json

Record time: 2024-01-11T05:50:18Z
Event time: 2024-01-11T13:21:20.250Z
Status: Underway
Travel distance: 105.24352051835854
Waypoints: (54.24849309741396, 25.909698104111584), (54.318491153023565, 25.963028149098964), (54.38848920863313, 25.975900686964334), (54.45848726424269, 25.975455937794504), (54.528485319852244, 25.97595325632992), (54.598483375461804, 25.982793151069533), (54.66848143107137, 25.99590204546321), (54.738479486680944, 26.01247978119172), (54.80847754229052, 26.029109863534256), (54.8784755950846, 26.043232447487473), (54.94847365069058, 26.048364814525275), (55.018471706296545, 26.05344252175988), (55.08846976190252, 26.066383701371176), (55.15846781750851, 26.09144050908346), (55.22846587311449, 26.11901920702584), (55.29846392872046, 26.129958706947768), (55.36846198432644, 26.106328708580925), (55.43846003993242, 26.066851136929515), (55.5084580983862, 26.047141190198378), (55.57845615399576, 26.034574541614095), (55.648454209605326, 26.032127153209657), (55.718452265214886, 26.03980262327932), (55.78845032082445, 26.053909358939187), (55.85844837643401, 26.06651322416689), (55.92844643204357, 26.06506566465783), (55.998444487653124, 26.032207309497796), (56.06844254326265, 25.945747049652102)
Associated file(s): api_response_2024-01-11_10-03-47.json

Record time: 2024-01-11T06:14:56Z
Event time: 2024-01-11T13:44:47.666Z
Status: Underway
Travel distance: 103.20302375809935
Waypoints: (54.318491153023565, 25.836597591173312), (54.38848920863315, 25.908723446141245), (54.45848726424272, 25.951489618856826), (54.52848531985227, 25.977002998707054), (54.59848337546183, 25.993189000134404), (54.6684814310714, 26.004944319038017), (54.738479486680966, 26.01509385629381), (54.80847754229054, 26.025151808393463), (54.87847559790011, 26.03588692520231), (54.94847365069058, 26.047691933499753), (55.018471706296545, 26.05523687116127), (55.08846976190252, 26.066383701371176), (55.15846781750851, 26.09144050908346), (55.22846587311449, 26.11901920702584), (55.29846392872046, 26.129958706947768), (55.36846198432644, 26.106328708580925), (55.43846003993242, 26.066851136929515), (55.5084580983862, 26.047141190198378), (55.57845615399576, 26.034574541614095), (55.648454209605326, 26.032127153209657), (55.718452265214886, 26.03980262327932), (55.78845032082445, 26.053909358939187), (55.85844837643401, 26.06651322416689), (55.92844643204357, 26.06506566465783), (55.998444487653124, 26.032207309497796), (56.06844254326265, 25.945747049652102)
Associated file(s): api_response_2024-01-11_10-23-51.json

Record time: 2024-01-11T06:30:05Z
Event time: 2024-01-11T14:03:26.333Z
Status: Underway
Travel distance: 103.20302375809935
Waypoints: (54.318491153023565, 25.836597591173312), (54.38848920863315, 25.908723446141245), (54.45848726424272, 25.951489618856826), (54.52848531985227, 25.977002998707054), (54.59848337546183, 25.993189000134404), (54.6684814310714, 26.004944319038017), (54.738479486680966, 26.01509385629381), (54.80847754229054, 26.025151808393463), (54.87847559790011, 26.03588692520231), (54.94847365069058, 26.047691933499753), (55.018471706296545, 26.05523687116127), (55.08846976190252, 26.066383701371176), (55.15846781750851, 26.09144050908346), (55.22846587311449, 26.11901920702584), (55.29846392872046, 26.129958706947768), (55.36846198432644, 26.106328708580925), (55.43846003993242, 26.066851136929515), (55.5084580983862, 26.047141190198378), (55.57845615399576, 26.034574541614095), (55.648454209605326, 26.032127153209657), (55.718452265214886, 26.03980262327932), (55.78845032082445, 26.053909358939187), (55.85844837643401, 26.06651322416689), (55.92844643204357, 26.06506566465783), (55.998444487653124, 26.032207309497796), (56.06844254326265, 25.945747049652102)
Associated file(s): api_response_2024-01-11_10-43-54.json, api_response_2024-01-11_11-03-57.json

Record time: 2024-01-11T07:04:38Z
Event time: 2024-01-11T14:18:39.333Z
Status: Underway
Travel distance: 97.1182505399568
Waypoints: (54.45848726424268, 25.830317368268116), (54.528485319852216, 25.841264453166445), (54.598483375461775, 25.907452037414895), (54.668481431071335, 25.9761915833527), (54.73847948668091, 26.024026239104387), (54.80847754229048, 26.04680650314008), (54.87847559790006, 26.05138985043704), (54.94847365350963, 26.048964320242312), (55.018471709119204, 26.0499960654366), (55.08846976190252, 26.060800862162225), (55.15846781750851, 26.090767628057936), (55.22846587311449, 26.12081355642723), (55.29846392872046, 26.129958706947768), (55.36846198432644, 26.106328708580925), (55.43846003993242, 26.066851136929515), (55.5084580983862, 26.047141190198378), (55.57845615399576, 26.034574541614095), (55.648454209605326, 26.032127153209657), (55.718452265214886, 26.03980262327932), (55.78845032082445, 26.053909358939187), (55.85844837643401, 26.06651322416689), (55.92844643204357, 26.06506566465783), (55.998444487653124, 26.032207309497796), (56.06844254326265, 25.945747049652102)
Associated file(s): api_response_2024-01-11_11-44-02.json, api_response_2024-01-11_12-04-05.json, api_response_2024-01-11_12-44-12.json, api_response_2024-01-11_12-24-09.json, api_response_2024-01-11_11-23-59.json

Record time: 2024-01-11T08:52:07Z
Event time: 2024-01-11T14:34:56Z
Status: Underway
Travel distance: 75.2732181425486
Waypoints: (54.87847559790008, 25.762396662736272), (54.94847365350959, 25.703832139116088), (55.018471709119154, 25.682375024993487), (55.08846976472873, 25.6883279173531), (55.1584678203383, 25.712661074701362), (55.22846587594787, 25.747849712460305), (55.29846393155743, 25.78836731856536), (55.36846198716699, 25.83083498926721), (55.438460042987366, 25.87382678523601), (55.508458098597195, 25.912831701827457), (55.57845615399566, 25.966146636955916), (55.64845420960522, 26.018856617199248), (55.71845226521479, 26.06219577587735), (55.78845032082438, 26.086290551723167), (55.85844837643397, 26.08328740391537), (55.92844643204356, 26.05166325226145), (55.998444487653146, 26.001718642432717), (56.06844254326271, 25.96225363625133)
Associated file(s): api_response_2024-01-11_14-24-29.json, api_response_2024-01-11_13-24-18.json, api_response_2024-01-11_13-44-22.json, api_response_2024-01-11_15-44-41.json, api_response_2024-01-11_15-04-34.json, api_response_2024-01-11_14-44-32.json, api_response_2024-01-11_14-04-25.json, api_response_2024-01-11_13-04-15.json, api_response_2024-01-11_16-04-44.json, api_response_2024-01-11_15-24-38.json

Record time: 2024-01-11T12:06:39Z
Event time: 2024-01-11T14:10:00.666Z
Status: Underway
Travel distance: 28.293736501079913
Waypoints: (55.64845420960529, 25.904317386231043), (55.718452265214864, 25.97432905484247), (55.78845032082444, 26.044340723453907), (55.858448376433984, 26.044340723453907), (55.92844643204356, 26.044340723453907), (55.99844448765313, 25.97432905484247), (56.06844254326268, 25.97432905484247)
Associated file(s): api_response_2024-01-11_17-04-53.json, api_response_2024-01-11_16-24-47.json, api_response_2024-01-11_16-44-50.json

Record time: 2024-01-11T13:07:21Z
Event time: 2024-01-11T13:51:00.250Z
Status: Underway
Travel distance: 13.208963282937365
Waypoints: (55.858448376433984, 26.044340723453907), (55.92844643204356, 26.044340723453907), (55.99844448765313, 25.97432905484247), (56.06844254326268, 25.97432905484247)
Associated file(s): api_response_2024-01-11_17-24-56.json, api_response_2024-01-11_17-44-59.json

Record time: 2024-01-11T13:52:43Z
Event time: 2024-01-11T14:14:08Z
Status: Underway
Travel distance: 9.431965442764579
Waypoints: (55.92844643204356, 26.044340723453907), (55.99844448765313, 25.97432905484247), (56.06844254326268, 25.97432905484247)
Associated file(s): api_response_2024-01-11_18-05-02.json

Record time: 2024-01-11T22:07:07Z
Event time: N/A
Status: UnableToPredict
Travel distance: N/A
Waypoints: 
Associated file(s): api_response_2024-01-12_04-46-41.json, api_response_2024-01-12_06-06-53.json, api_response_2024-01-12_12-27-56.json, api_response_2024-01-12_03-46-31.json, api_response_2024-01-12_09-27-26.json, api_response_2024-01-12_08-27-15.json, api_response_2024-01-12_06-26-56.json, api_response_2024-01-12_07-27-05.json, api_response_2024-01-12_12-07-53.json, api_response_2024-01-12_09-07-22.json, api_response_2024-01-12_10-47-40.json, api_response_2024-01-12_02-46-23.json, api_response_2024-01-12_11-47-49.json, api_response_2024-01-12_04-06-35.json, api_response_2024-01-12_13-08-02.json, api_response_2024-01-12_02-26-19.json, api_response_2024-01-12_08-47-19.json, api_response_2024-01-12_07-47-09.json, api_response_2024-01-12_13-28-05.json, api_response_2024-01-12_12-47-59.json, api_response_2024-01-12_06-46-59.json, api_response_2024-01-12_10-27-35.json, api_response_2024-01-12_05-26-47.json, api_response_2024-01-12_11-07-43.json, api_response_2024-01-12_04-26-38.json, api_response_2024-01-12_11-27-46.json, api_response_2024-01-12_09-47-28.json, api_response_2024-01-12_03-26-29.json, api_response_2024-01-12_10-07-31.json, api_response_2024-01-12_13-48-08.json, api_response_2024-01-12_07-07-02.json, api_response_2024-01-12_05-46-50.json, api_response_2024-01-12_08-07-12.json, api_response_2024-01-12_05-06-44.json, api_response_2024-01-12_03-06-26.json

Record time: 2024-01-12T22:32:42Z
Event time: 2024-01-12T22:32:42Z
Status: Arrived
Travel distance: N/A
Waypoints: 
Associated file(s): api_response_2024-01-13_04-12-54.json, api_response_2024-01-13_12-34-08.json, api_response_2024-01-13_10-33-51.json, api_response_2024-01-13_14-14-23.json, api_response_2024-01-13_03-52-51.json, api_response_2024-01-13_07-13-21.json, api_response_2024-01-13_13-34-17.json, api_response_2024-01-13_03-12-45.json, api_response_2024-01-13_07-33-24.json, api_response_2024-01-13_11-33-59.json, api_response_2024-01-13_04-53-01.json, api_response_2024-01-13_09-13-39.json, api_response_2024-01-13_06-13-13.json, api_response_2024-01-13_08-13-30.json, api_response_2024-01-13_13-14-14.json, api_response_2024-01-13_13-54-20.json, api_response_2024-01-13_09-33-41.json, api_response_2024-01-13_11-13-56.json, api_response_2024-01-13_08-33-33.json, api_response_2024-01-13_06-53-18.json, api_response_2024-01-13_12-54-11.json, api_response_2024-01-13_03-32-48.json, api_response_2024-01-13_07-53-27.json, api_response_2024-01-13_09-53-45.json, api_response_2024-01-13_12-14-05.json, api_response_2024-01-13_04-32-58.json, api_response_2024-01-13_10-53-53.json, api_response_2024-01-13_08-53-36.json, api_response_2024-01-13_05-33-07.json, api_response_2024-01-13_10-13-47.json, api_response_2024-01-13_11-54-02.json, api_response_2024-01-13_06-33-15.json, api_response_2024-01-13_05-53-10.json, api_response_2024-01-13_05-13-04.json, api_response_2024-01-13_02-52-41.json

Record time: 2024-01-22T18:15:15Z
Event time: 2024-01-24T05:40:10.166Z
Status: Underway
Travel distance: 411.17656587473004
Waypoints: (61.73828504763758, 23.803967327887968), (61.668286992028015, 23.873978996499414), (61.59828893641845, 23.943990665110853), (61.52829088080888, 24.014002333722285), (61.45829282519932, 24.084014002333717), (61.38829476958976, 24.154025670945153), (61.3182967139802, 24.22403733955659), (61.248298658370636, 24.29404900816803), (61.17830060276108, 24.36406067677947), (61.1083025440164, 24.43407234413735), (61.03830448841043, 24.50408401274519), (60.968306432804454, 24.57409568135304), (60.898308377198454, 24.64410734996088), (60.82831032159251, 24.715913367970117), (60.758312265986525, 24.78345780615105), (60.68831421038055, 24.850353865976857), (60.618316154774575, 24.92265936149803), (60.548318099168604, 24.993394801292993), (60.47832004356263, 25.06902323588418), (60.408321987956654, 25.144218161691416), (60.338323932350676, 25.209016415967064), (60.268325876744704, 25.25435389548498), (60.198327821138726, 25.275610904464898), (60.12832976553274, 25.274042733559483), (60.05833170992677, 25.25621986807676), (59.9883336543208, 25.2318510199564), (59.918335598714826, 25.208816624962285), (59.848337543108855, 25.201311268537562), (59.778339487502876, 25.20037828224167), (59.7083414318969, 25.200510219697655), (59.638343376290926, 25.198715870296265), (59.56834532068494, 25.201051163267195), (59.49834726507898, 25.20509975834512), (59.428349209473, 25.212105637257903), (59.35835115386701, 25.22836033183521), (59.288353098261055, 25.250725615445404), (59.21835504265506, 25.267628688377833), (59.14835698704909, 25.275281060824938), (59.07835893144311, 25.27549216075451), (59.008360875837134, 25.271138224707016), (58.938362820231184, 25.275610904464894), (58.868364764625184, 25.283911655267136), (58.79836670901922, 25.295405292504192), (58.728368653413256, 25.317546282439217), (58.65837059780727, 25.33137521264721), (58.5883725422013, 25.341930209125977), (58.51837448659532, 25.355875998223553), (58.44837643098934, 25.37448106433818), (58.37837837538336, 25.3898291601108), (58.3083803197774, 25.407429616739147), (58.23838226417141, 25.423778552356442), (58.168384208565456, 25.459665540384258), (58.09838615295947, 25.488812409232064), (58.02838809735349, 25.52333855664244), (57.958390041747506, 25.55739349885288), (57.88839198614154, 25.592096819418437), (57.81839393053556, 25.617219595858707), (57.74839587492958, 25.61759090555627), (57.678397819323614, 25.603554645060296), (57.60839976371764, 25.58137972835088), (57.53840170811167, 25.558594129702335), (57.468403652505685, 25.55317526990296), (57.398405596899714, 25.57383856033095), (57.32840754129375, 25.62183929163897), (57.25661548517795, 25.68886728892076), (57.189084180272964, 25.766435204114927), (57.122201127653035, 25.839296721772037), (57.053497692162864, 25.90373686009573), (56.97425450367756, 25.940669923667425), (56.89913827014654, 25.975001934535417), (56.82871998122786, 26.009982323758546), (56.76978932582578, 26.05179895802248), (56.727519131040545, 26.104524935075535), (56.70185851660558, 26.16735732125701), (56.687159772932766, 26.24926597875307), (56.67404397088626, 26.33299725796251), (56.652510311405585, 26.413175649964376), (56.615294223098616, 26.47100572174324), (56.56047921592493, 26.50926946879958), (56.488779498070684, 26.527529612707852), (56.422753872165, 26.521262583548584), (56.35474014695487, 26.496588394458662), (56.27798934063656, 26.462974250363594), (56.2005028233302, 26.420168776278537), (56.12594603288787, 26.370432816112334), (56.058937938154855, 26.315022602928096), (56.005132073396574, 26.254370703099408), (55.97127062213742, 26.18854666651377), (55.96521155330295, 26.117997384182836), (55.99592880966533, 26.044567153259294), (56.07348554859199, 25.972797449460426)
Associated file(s): api_response_2024-01-22_23-27-52.json, api_response_2024-01-22_23-47-55.json, api_response_2024-01-23_00-07-58.json

Record time: 2024-01-22T20:06:19Z
Event time: 2024-01-24T05:02:36.444Z
Status: Underway
Travel distance: 383.76187904967605
Waypoints: (61.38829476958975, 23.943172721422624), (61.318296713980196, 24.020394412174575), (61.24829865837062, 24.079911809805925), (61.17830060276105, 24.1309259240723), (61.108302547151474, 24.180288335602274), (61.03830449154191, 24.232652735489683), (60.96830643593235, 24.29067056969265), (60.89830838032278, 24.355230788239343), (60.82831032471322, 24.425743699240407), (60.758312265986525, 24.50046892645121), (60.68831421038055, 24.577710767647016), (60.618316154774575, 24.651559931403213), (60.548318099168604, 24.720384162907195), (60.47832004356263, 24.785025977056463), (60.408321987956654, 24.840654578141187), (60.338323932350676, 24.894911029683662), (60.268325876744704, 24.951804345525034), (60.198327821138726, 25.011826463894042), (60.12832976553274, 25.072138844666217), (60.05833170992677, 25.127754252005335), (59.9883336543208, 25.173091731523254), (59.918335598714826, 25.201737238038316), (59.848337543108855, 25.219313191996264), (59.778339487502876, 25.217745021090845), (59.7083414318969, 25.203603210630096), (59.638343376290926, 25.19592633551259), (59.56834532068494, 25.194147064677598), (59.49834726507898, 25.20195964689269), (59.428349209473, 25.215694336060686), (59.35835115386701, 25.22836033183521), (59.288353098261055, 25.250725615445404), (59.21835504265506, 25.267628688377833), (59.14835698704909, 25.275281060824938), (59.07835893144311, 25.27549216075451), (59.008360875837134, 25.271138224707016), (58.938362820231184, 25.275610904464894), (58.868364764625184, 25.283911655267136), (58.79836670901922, 25.295405292504192), (58.728368653413256, 25.317546282439217), (58.65837059780727, 25.33137521264721), (58.5883725422013, 25.341930209125977), (58.51837448659532, 25.355875998223553), (58.44837643098934, 25.37448106433818), (58.37837837538336, 25.3898291601108), (58.3083803197774, 25.407429616739147), (58.23838226417141, 25.423778552356442), (58.168384208565456, 25.459665540384258), (58.09838615295947, 25.488812409232064), (58.02838809735349, 25.52333855664244), (57.958390041747506, 25.55739349885288), (57.88839198614154, 25.592096819418437), (57.81839393053556, 25.617219595858707), (57.74839587492958, 25.61759090555627), (57.678397819323614, 25.603554645060296), (57.60839976371764, 25.58137972835088), (57.53840170811167, 25.558594129702335), (57.468403652505685, 25.55317526990296), (57.398405596899714, 25.57383856033095), (57.32840754129375, 25.62183929163897), (57.25661548517795, 25.68886728892076), (57.189084180272964, 25.766435204114927), (57.122201127653035, 25.839296721772037), (57.053497692162864, 25.90373686009573), (56.97425450367756, 25.940669923667425), (56.89913827014654, 25.975001934535417), (56.82871998122786, 26.009982323758546), (56.76978932582578, 26.05179895802248), (56.727519131040545, 26.104524935075535), (56.70185851660558, 26.16735732125701), (56.687159772932766, 26.24926597875307), (56.67404397088626, 26.33299725796251), (56.652510311405585, 26.413175649964376), (56.615294223098616, 26.47100572174324), (56.56047921592493, 26.50926946879958), (56.488779498070684, 26.527529612707852), (56.422753872165, 26.521262583548584), (56.35474014695487, 26.496588394458662), (56.27798934063656, 26.462974250363594), (56.2005028233302, 26.420168776278537), (56.12594603288787, 26.370432816112334), (56.058937938154855, 26.315022602928096), (56.005132073396574, 26.254370703099408), (55.97127062213742, 26.18854666651377), (55.96521155330295, 26.117997384182836), (55.99592880966533, 26.044567153259294), (56.07348554859199, 25.972797449460426)
Associated file(s): api_response_2024-01-23_00-48-04.json, api_response_2024-01-23_01-08-07.json, api_response_2024-01-23_00-28-01.json

Record time: 2024-01-22T21:09:00Z
Event time: 2024-01-24T04:27:41.444Z
Status: Underway
Travel distance: 372.62365010799135
Waypoints: (61.17830060276101, 24.012199828187153), (61.1083025471515, 24.08730092419189), (61.038304491541936, 24.155245012924798), (60.968306435932355, 24.222393878627503), (60.898308380322774, 24.291360396970674), (60.8283103247132, 24.36239274744945), (60.75831226910364, 24.43450869854081), (60.68831421349409, 24.506379965622877), (60.61831615788453, 24.576966641656153), (60.548318099168604, 24.645901699362266), (60.47832004356263, 24.7134461375432), (60.408321987956654, 24.780342197369013), (60.338323932350676, 24.850853343488797), (60.268325876744704, 24.92585036311206), (60.198327821138726, 25.002127176058373), (60.12832976553274, 25.07370701557163), (60.05833170992677, 25.134019396343806), (59.9883336543208, 25.17807708253867), (59.918335598714826, 25.202236715550256), (59.848337543108855, 25.216197583214228), (59.778339487502876, 25.215277790663933), (59.7083414318969, 25.205397560031486), (59.638343376290926, 25.19592633551259), (59.56834532068494, 25.194147064677598), (59.49834726507898, 25.20195964689269), (59.428349209473, 25.215694336060686), (59.35835115386701, 25.22836033183521), (59.288353098261055, 25.250725615445404), (59.21835504265506, 25.267628688377833), (59.14835698704909, 25.275281060824938), (59.07835893144311, 25.27549216075451), (59.008360875837134, 25.271138224707016), (58.938362820231184, 25.275610904464894), (58.868364764625184, 25.283911655267136), (58.79836670901922, 25.295405292504192), (58.728368653413256, 25.317546282439217), (58.65837059780727, 25.33137521264721), (58.5883725422013, 25.341930209125977), (58.51837448659532, 25.355875998223553), (58.44837643098934, 25.37448106433818), (58.37837837538336, 25.3898291601108), (58.3083803197774, 25.407429616739147), (58.23838226417141, 25.423778552356442), (58.168384208565456, 25.459665540384258), (58.09838615295947, 25.488812409232064), (58.02838809735349, 25.52333855664244), (57.958390041747506, 25.55739349885288), (57.88839198614154, 25.592096819418437), (57.81839393053556, 25.617219595858707), (57.74839587492958, 25.61759090555627), (57.678397819323614, 25.603554645060296), (57.60839976371764, 25.58137972835088), (57.53840170811167, 25.558594129702335), (57.468403652505685, 25.55317526990296), (57.398405596899714, 25.57383856033095), (57.32840754129375, 25.62183929163897), (57.25661548517795, 25.68886728892076), (57.189084180272964, 25.766435204114927), (57.122201127653035, 25.839296721772037), (57.053497692162864, 25.90373686009573), (56.97425450367756, 25.940669923667425), (56.89913827014654, 25.975001934535417), (56.82871998122786, 26.009982323758546), (56.76978932582578, 26.05179895802248), (56.727519131040545, 26.104524935075535), (56.70185851660558, 26.16735732125701), (56.687159772932766, 26.24926597875307), (56.67404397088626, 26.33299725796251), (56.652510311405585, 26.413175649964376), (56.615294223098616, 26.47100572174324), (56.56047921592493, 26.50926946879958), (56.488779498070684, 26.527529612707852), (56.422753872165, 26.521262583548584), (56.35474014695487, 26.496588394458662), (56.27798934063656, 26.462974250363594), (56.2005028233302, 26.420168776278537), (56.12594603288787, 26.370432816112334), (56.058937938154855, 26.315022602928096), (56.005132073396574, 26.254370703099408), (55.97127062213742, 26.18854666651377), (55.96521155330295, 26.117997384182836), (55.99592880966533, 26.044567153259294), (56.07348554859199, 25.972797449460426)
Associated file(s): api_response_2024-01-23_02-48-23.json, api_response_2024-01-23_02-08-16.json, api_response_2024-01-23_01-28-10.json, api_response_2024-01-23_02-28-20.json, api_response_2024-01-23_01-48-13.json, api_response_2024-01-23_03-08-26.json

Record time: 2024-01-22T23:23:01Z
Event time: 2024-01-24T03:53:51.500Z
Status: Underway
Travel distance: 339.0448164146868
Waypoints: (60.688314213494095, 24.227080159986453), (60.618316157884514, 24.27874324661211), (60.54831810227495, 24.307161866396957), (60.47832004666538, 24.32209407931665), (60.40832199105582, 24.332229251953315), (60.33832393544626, 24.34475021362373), (60.2683258798367, 24.365035266210878), (60.19832782422714, 24.396500047698822), (60.12832976861758, 24.440579249410963), (60.05833170992677, 24.496848185694837), (59.9883336543208, 24.56301858951273), (59.918335598714826, 24.63994378081416), (59.848337543108855, 24.72099672966712), (59.778339487502876, 24.787246295958607), (59.7083414318969, 24.851026747002376), (59.638343376290926, 24.91907066269525), (59.56834532068494, 24.995862031719906), (59.49834726507898, 25.07213884466622), (59.428349209473, 25.143718684179476), (59.35835115386701, 25.202236715550253), (59.288353098261055, 25.250555981573427), (59.21835504265506, 25.277158342341522), (59.14835698704909, 25.28324254388321), (59.07835893144311, 25.277188499474313), (59.008360875837134, 25.2678492124114), (58.938362820231184, 25.271822414657336), (58.868364764625184, 25.283238774241614), (58.79836670901922, 25.297199641905586), (58.728368653413256, 25.317546282439217), (58.65837059780727, 25.33137521264721), (58.5883725422013, 25.341930209125977), (58.51837448659532, 25.355875998223553), (58.44837643098934, 25.37448106433818), (58.37837837538336, 25.3898291601108), (58.3083803197774, 25.407429616739147), (58.23838226417141, 25.423778552356442), (58.168384208565456, 25.459665540384258), (58.09838615295947, 25.488812409232064), (58.02838809735349, 25.52333855664244), (57.958390041747506, 25.55739349885288), (57.88839198614154, 25.592096819418437), (57.81839393053556, 25.617219595858707), (57.74839587492958, 25.61759090555627), (57.678397819323614, 25.603554645060296), (57.60839976371764, 25.58137972835088), (57.53840170811167, 25.558594129702335), (57.468403652505685, 25.55317526990296), (57.398405596899714, 25.57383856033095), (57.32840754129375, 25.62183929163897), (57.25661548517795, 25.68886728892076), (57.189084180272964, 25.766435204114927), (57.122201127653035, 25.839296721772037), (57.053497692162864, 25.90373686009573), (56.97425450367756, 25.940669923667425), (56.89913827014654, 25.975001934535417), (56.82871998122786, 26.009982323758546), (56.76978932582578, 26.05179895802248), (56.727519131040545, 26.104524935075535), (56.70185851660558, 26.16735732125701), (56.687159772932766, 26.24926597875307), (56.67404397088626, 26.33299725796251), (56.652510311405585, 26.413175649964376), (56.615294223098616, 26.47100572174324), (56.56047921592493, 26.50926946879958), (56.488779498070684, 26.527529612707852), (56.422753872165, 26.521262583548584), (56.35474014695487, 26.496588394458662), (56.27798934063656, 26.462974250363594), (56.2005028233302, 26.420168776278537), (56.12594603288787, 26.370432816112334), (56.058937938154855, 26.315022602928096), (56.005132073396574, 26.254370703099408), (55.97127062213742, 26.18854666651377), (55.96521155330295, 26.117997384182836), (55.99592880966533, 26.044567153259294), (56.07348554859199, 25.972797449460426)
Associated file(s): api_response_2024-01-23_04-08-35.json, api_response_2024-01-23_03-28-29.json, api_response_2024-01-23_03-48-32.json

Record time: 2024-01-23T00:24:19Z
Event time: 2024-01-24T03:21:56.666Z
Status: Underway
Travel distance: 327.0610151187905
Waypoints: (60.47832004666535, 24.299494392536754), (60.40832199105579, 24.35282404913682), (60.338323935446226, 24.361867613528286), (60.268325879836645, 24.366514062340986), (60.19832782422708, 24.38678541856365), (60.12832976861751, 24.428911152017747), (60.05833171300795, 24.490486179958435), (59.98833365739839, 24.564712467802586), (59.91833560178883, 24.643724229983953), (59.848337543108855, 24.72099672966712), (59.778339487502876, 24.787246295958607), (59.7083414318969, 24.851026747002376), (59.638343376290926, 24.91907066269525), (59.56834532068494, 24.995862031719906), (59.49834726507898, 25.07213884466622), (59.428349209473, 25.143718684179476), (59.35835115386701, 25.202236715550253), (59.288353098261055, 25.250555981573427), (59.21835504265506, 25.277158342341522), (59.14835698704909, 25.28324254388321), (59.07835893144311, 25.277188499474313), (59.008360875837134, 25.2678492124114), (58.938362820231184, 25.271822414657336), (58.868364764625184, 25.283238774241614), (58.79836670901922, 25.297199641905586), (58.728368653413256, 25.317546282439217), (58.65837059780727, 25.33137521264721), (58.5883725422013, 25.341930209125977), (58.51837448659532, 25.355875998223553), (58.44837643098934, 25.37448106433818), (58.37837837538336, 25.3898291601108), (58.3083803197774, 25.407429616739147), (58.23838226417141, 25.423778552356442), (58.168384208565456, 25.459665540384258), (58.09838615295947, 25.488812409232064), (58.02838809735349, 25.52333855664244), (57.958390041747506, 25.55739349885288), (57.88839198614154, 25.592096819418437), (57.81839393053556, 25.617219595858707), (57.74839587492958, 25.61759090555627), (57.678397819323614, 25.603554645060296), (57.60839976371764, 25.58137972835088), (57.53840170811167, 25.558594129702335), (57.468403652505685, 25.55317526990296), (57.398405596899714, 25.57383856033095), (57.32840754129375, 25.62183929163897), (57.25661548517795, 25.68886728892076), (57.189084180272964, 25.766435204114927), (57.122201127653035, 25.839296721772037), (57.053497692162864, 25.90373686009573), (56.97425450367756, 25.940669923667425), (56.89913827014654, 25.975001934535417), (56.82871998122786, 26.009982323758546), (56.76978932582578, 26.05179895802248), (56.727519131040545, 26.104524935075535), (56.70185851660558, 26.16735732125701), (56.687159772932766, 26.24926597875307), (56.67404397088626, 26.33299725796251), (56.652510311405585, 26.413175649964376), (56.615294223098616, 26.47100572174324), (56.56047921592493, 26.50926946879958), (56.488779498070684, 26.527529612707852), (56.422753872165, 26.521262583548584), (56.35474014695487, 26.496588394458662), (56.27798934063656, 26.462974250363594), (56.2005028233302, 26.420168776278537), (56.12594603288787, 26.370432816112334), (56.058937938154855, 26.315022602928096), (56.005132073396574, 26.254370703099408), (55.97127062213742, 26.18854666651377), (55.96521155330295, 26.117997384182836), (55.99592880966533, 26.044567153259294), (56.07348554859199, 25.972797449460426)
Associated file(s): api_response_2024-01-23_05-48-49.json, api_response_2024-01-23_07-29-04.json, api_response_2024-01-23_04-48-40.json, api_response_2024-01-23_07-09-01.json, api_response_2024-01-23_06-08-53.json, api_response_2024-01-23_04-28-37.json, api_response_2024-01-23_05-28-46.json, api_response_2024-01-23_05-08-43.json, api_response_2024-01-23_06-48-59.json, api_response_2024-01-23_06-28-55.json

Record time: 2024-01-23T03:40:10Z
Event time: 2024-01-24T02:55:13.833Z
Status: Underway
Travel distance: 282.6889848812095
Waypoints: (59.7783394905697, 24.56813296633969), (59.70834143496014, 24.656271641972925), (59.63834337935058, 24.7174128298581), (59.56834532374101, 24.776206130742345), (59.49834726813145, 24.843193261685688), (59.42834921252189, 24.919413615685595), (59.35835115691232, 25.000304898322288), (59.28835310130276, 25.078898841424948), (59.2183550456932, 25.14831199375875), (59.14835698704909, 25.203531587439702), (59.07835893144311, 25.24310340013109), (59.008360875837134, 25.26598323981962), (58.938362820231184, 25.284641080916646), (58.868364764625184, 25.294988747107443), (58.79836670901922, 25.29956886165091), (58.728368653413256, 25.312462920742206), (58.65837059780727, 25.327586722839648), (58.5883725422013, 25.341257328100454), (58.51837448659532, 25.357670347624946), (58.44837643098934, 25.37448106433818), (58.37837837538336, 25.3898291601108), (58.3083803197774, 25.407429616739147), (58.23838226417141, 25.423778552356442), (58.168384208565456, 25.459665540384258), (58.09838615295947, 25.488812409232064), (58.02838809735349, 25.52333855664244), (57.958390041747506, 25.55739349885288), (57.88839198614154, 25.592096819418437), (57.81839393053556, 25.617219595858707), (57.74839587492958, 25.61759090555627), (57.678397819323614, 25.603554645060296), (57.60839976371764, 25.58137972835088), (57.53840170811167, 25.558594129702335), (57.468403652505685, 25.55317526990296), (57.398405596899714, 25.57383856033095), (57.32840754129375, 25.62183929163897), (57.25661548517795, 25.68886728892076), (57.189084180272964, 25.766435204114927), (57.122201127653035, 25.839296721772037), (57.053497692162864, 25.90373686009573), (56.97425450367756, 25.940669923667425), (56.89913827014654, 25.975001934535417), (56.82871998122786, 26.009982323758546), (56.76978932582578, 26.05179895802248), (56.727519131040545, 26.104524935075535), (56.70185851660558, 26.16735732125701), (56.687159772932766, 26.24926597875307), (56.67404397088626, 26.33299725796251), (56.652510311405585, 26.413175649964376), (56.615294223098616, 26.47100572174324), (56.56047921592493, 26.50926946879958), (56.488779498070684, 26.527529612707852), (56.422753872165, 26.521262583548584), (56.35474014695487, 26.496588394458662), (56.27798934063656, 26.462974250363594), (56.2005028233302, 26.420168776278537), (56.12594603288787, 26.370432816112334), (56.058937938154855, 26.315022602928096), (56.005132073396574, 26.254370703099408), (55.97127062213742, 26.18854666651377), (55.96521155330295, 26.117997384182836), (55.99592880966533, 26.044567153259294), (56.07348554859199, 25.972797449460426)
Associated file(s): api_response_2024-01-23_10-29-31.json, api_response_2024-01-23_08-09-10.json, api_response_2024-01-23_10-49-36.json, api_response_2024-01-23_09-49-26.json, api_response_2024-01-23_10-09-29.json, api_response_2024-01-23_08-29-13.json, api_response_2024-01-23_09-29-23.json, api_response_2024-01-23_08-49-17.json, api_response_2024-01-23_07-49-07.json, api_response_2024-01-23_09-09-20.json

Record time: 2024-01-23T06:58:58Z
Event time: 2024-01-24T03:08:04.250Z
Status: Underway
Travel distance: 238.48056155507558
Waypoints: (59.078358934474004, 24.856057300722714), (59.00836087886446, 24.920124895651256), (58.9383628232549, 24.992102226740148), (58.86836476764534, 25.067384077059586), (58.79836671203577, 25.141161669033377), (58.728368656426206, 25.209127210453936), (58.658370600816646, 25.268003717609123), (58.588372545207086, 25.315900115520957), (58.51837448959752, 25.35249161529614), (58.44837643098934, 25.379025367286456), (58.37837837538336, 25.39729116565713), (58.3083803197774, 25.41224156424099), (58.23838226417141, 25.422956770487733), (58.168384208565456, 25.45408270117531), (58.09838615295947, 25.488139528206545), (58.02838809735349, 25.525132906043833), (57.958390041747506, 25.55739349885288), (57.88839198614154, 25.592096819418437), (57.81839393053556, 25.617219595858707), (57.74839587492958, 25.61759090555627), (57.678397819323614, 25.603554645060296), (57.60839976371764, 25.58137972835088), (57.53840170811167, 25.558594129702335), (57.468403652505685, 25.55317526990296), (57.398405596899714, 25.57383856033095), (57.32840754129375, 25.62183929163897), (57.25661548517795, 25.68886728892076), (57.189084180272964, 25.766435204114927), (57.122201127653035, 25.839296721772037), (57.053497692162864, 25.90373686009573), (56.97425450367756, 25.940669923667425), (56.89913827014654, 25.975001934535417), (56.82871998122786, 26.009982323758546), (56.76978932582578, 26.05179895802248), (56.727519131040545, 26.104524935075535), (56.70185851660558, 26.16735732125701), (56.687159772932766, 26.24926597875307), (56.67404397088626, 26.33299725796251), (56.652510311405585, 26.413175649964376), (56.615294223098616, 26.47100572174324), (56.56047921592493, 26.50926946879958), (56.488779498070684, 26.527529612707852), (56.422753872165, 26.521262583548584), (56.35474014695487, 26.496588394458662), (56.27798934063656, 26.462974250363594), (56.2005028233302, 26.420168776278537), (56.12594603288787, 26.370432816112334), (56.058937938154855, 26.315022602928096), (56.005132073396574, 26.254370703099408), (55.97127062213742, 26.18854666651377), (55.96521155330295, 26.117997384182836), (55.99592880966533, 26.044567153259294), (56.07348554859199, 25.972797449460426)
Associated file(s): api_response_2024-01-23_13-10-00.json, api_response_2024-01-23_11-49-48.json, api_response_2024-01-23_11-29-44.json, api_response_2024-01-23_13-30-03.json, api_response_2024-01-23_11-09-40.json, api_response_2024-01-23_12-49-57.json, api_response_2024-01-23_12-29-54.json, api_response_2024-01-23_12-09-51.json

Record time: 2024-01-23T09:29:41Z
Event time: 2024-01-24T03:46:07.600Z
Status: Underway
Travel distance: 208.22948164146868
Waypoints: (58.58837254520708, 25.06482577551846), (58.51837448959751, 25.129887253589505), (58.44837643398794, 25.206914430834885), (58.378378378378365, 25.28185279826564), (58.3083803227688, 25.348343570218695), (58.23838226715924, 25.404945835462016), (58.16838421154968, 25.45285856277587), (58.09838615594012, 25.494142461010235), (58.02838810033056, 25.530441693618304), (57.958390041747506, 25.562205446354714), (57.88839198614154, 25.59127503754973), (57.81839393053556, 25.61163675664976), (57.74839587492958, 25.616918024530747), (57.678397819323614, 25.60534899446169), (57.60839976371764, 25.58137972835088), (57.53840170811167, 25.558594129702335), (57.468403652505685, 25.55317526990296), (57.398405596899714, 25.57383856033095), (57.32840754129375, 25.62183929163897), (57.25661548517795, 25.68886728892076), (57.189084180272964, 25.766435204114927), (57.122201127653035, 25.839296721772037), (57.053497692162864, 25.90373686009573), (56.97425450367756, 25.940669923667425), (56.89913827014654, 25.975001934535417), (56.82871998122786, 26.009982323758546), (56.76978932582578, 26.05179895802248), (56.727519131040545, 26.104524935075535), (56.70185851660558, 26.16735732125701), (56.687159772932766, 26.24926597875307), (56.67404397088626, 26.33299725796251), (56.652510311405585, 26.413175649964376), (56.615294223098616, 26.47100572174324), (56.56047921592493, 26.50926946879958), (56.488779498070684, 26.527529612707852), (56.422753872165, 26.521262583548584), (56.35474014695487, 26.496588394458662), (56.27798934063656, 26.462974250363594), (56.2005028233302, 26.420168776278537), (56.12594603288787, 26.370432816112334), (56.058937938154855, 26.315022602928096), (56.005132073396574, 26.254370703099408), (55.97127062213742, 26.18854666651377), (55.96521155330295, 26.117997384182836), (55.99592880966533, 26.044567153259294), (56.07348554859199, 25.972797449460426)
Associated file(s): api_response_2024-01-23_20-51-07.json, api_response_2024-01-23_19-30-55.json, api_response_2024-01-23_21-31-13.json, api_response_2024-01-23_22-11-19.json, api_response_2024-01-23_15-10-18.json, api_response_2024-01-23_16-30-29.json, api_response_2024-01-23_18-30-47.json, api_response_2024-01-23_14-50-15.json, api_response_2024-01-23_19-50-58.json, api_response_2024-01-23_14-30-12.json, api_response_2024-01-23_21-11-10.json, api_response_2024-01-23_17-50-41.json, api_response_2024-01-23_16-10-26.json, api_response_2024-01-23_17-10-35.json, api_response_2024-01-23_15-30-20.json, api_response_2024-01-23_18-10-44.json, api_response_2024-01-23_16-50-32.json, api_response_2024-01-23_20-11-01.json, api_response_2024-01-23_18-50-49.json, api_response_2024-01-23_20-31-04.json, api_response_2024-01-23_22-31-22.json, api_response_2024-01-23_23-31-31.json, api_response_2024-01-23_22-51-25.json, api_response_2024-01-23_13-50-06.json, api_response_2024-01-23_23-11-28.json, api_response_2024-01-23_21-51-16.json, api_response_2024-01-23_14-10-09.json, api_response_2024-01-23_19-10-52.json, api_response_2024-01-23_17-30-38.json, api_response_2024-01-23_15-50-23.json

Record time: 2024-01-23T12:37:47Z
Event time: 2024-01-24T03:18:53.333Z
Status: Underway
Travel distance: 168.52537796976242
Waypoints: (57.95839004472096, 25.276137216267905), (57.888391989111405, 25.332433375190167), (57.81839393350184, 25.42456923027474), (57.74839587789227, 25.503927028420225), (57.678397822282705, 25.552100809126433), (57.608399766673145, 25.570416046918787), (57.53840171106358, 25.571139224101813), (57.46840365545402, 25.570377333841886), (57.39840559984446, 25.582667313579073), (57.32840754129375, 25.617255407453904), (57.25661548517795, 25.681963190331164), (57.189084180272964, 25.763295092662496), (57.122201127653035, 25.84288542057482), (57.053497692162864, 25.90373686009573), (56.97425450367756, 25.940669923667425), (56.89913827014654, 25.975001934535417), (56.82871998122786, 26.009982323758546), (56.76978932582578, 26.05179895802248), (56.727519131040545, 26.104524935075535), (56.70185851660558, 26.16735732125701), (56.687159772932766, 26.24926597875307), (56.67404397088626, 26.33299725796251), (56.652510311405585, 26.413175649964376), (56.615294223098616, 26.47100572174324), (56.56047921592493, 26.50926946879958), (56.488779498070684, 26.527529612707852), (56.422753872165, 26.521262583548584), (56.35474014695487, 26.496588394458662), (56.27798934063656, 26.462974250363594), (56.2005028233302, 26.420168776278537), (56.12594603288787, 26.370432816112334), (56.058937938154855, 26.315022602928096), (56.005132073396574, 26.254370703099408), (55.97127062213742, 26.18854666651377), (55.96521155330295, 26.117997384182836), (55.99592880966533, 26.044567153259294), (56.07348554859199, 25.972797449460426)
Associated file(s): api_response_2024-01-23_23-51-34.json

Record time: 2024-01-23T13:53:06Z
Event time: 2024-01-24T02:46:36.200Z
Status: Underway
Travel distance: 152.4708423326134
Waypoints: (57.74601067266888, 25.400854403547523), (57.68246150525593, 25.44901598432276), (57.61036034152379, 25.467865346060325), (57.536712212111304, 25.486724817291265), (57.464856884010516, 25.519533761588427), (57.395593879793985, 25.569540650465665), (57.32816050940535, 25.633321124359025), (57.26106291451322, 25.704122041689892), (57.19276012542828, 25.774531516010093), (57.122201127653035, 25.83847493990333), (57.053497692162864, 25.898154020886782), (56.97425450367756, 25.939997042641902), (56.89913827014654, 25.97679628393681), (56.82871998122786, 26.009982323758546), (56.76978932582578, 26.05179895802248), (56.727519131040545, 26.104524935075535), (56.70185851660558, 26.16735732125701), (56.687159772932766, 26.24926597875307), (56.67404397088626, 26.33299725796251), (56.652510311405585, 26.413175649964376), (56.615294223098616, 26.47100572174324), (56.56047921592493, 26.50926946879958), (56.488779498070684, 26.527529612707852), (56.422753872165, 26.521262583548584), (56.35474014695487, 26.496588394458662), (56.27798934063656, 26.462974250363594), (56.2005028233302, 26.420168776278537), (56.12594603288787, 26.370432816112334), (56.058937938154855, 26.315022602928096), (56.005132073396574, 26.254370703099408), (55.97127062213742, 26.18854666651377), (55.96521155330295, 26.117997384182836), (55.99592880966533, 26.044567153259294), (56.07348554859199, 25.972797449460426)
Associated file(s): api_response_2024-01-24_00-11-37.json

Record time: 2024-01-23T18:08:17Z
Event time: 2024-01-24T01:32:23.250Z
Status: Underway
Travel distance: 90.16684665226782
Waypoints: (56.98034814660602, 26.05071940254378), (56.90628640802327, 26.10431335671262), (56.83370567921973, 26.176698802908895), (56.766937635414386, 26.257590531048685), (56.70687482269743, 26.33770511330322), (56.65209379280332, 26.409251145988897), (56.599843499400095, 26.466272663917053), (56.546898955895045, 26.504845727203353), (56.49028015475667, 26.52312818053694), (56.427836245458025, 26.521262583548584), (56.35852790013209, 26.496588394458662), (56.28233803304905, 26.462974250363594), (56.203156249218075, 26.420168776278537), (56.12569899805831, 26.370432816112334), (56.056126218104374, 26.315022602928096), (56.001585301953064, 26.254370703099408), (55.96958112318512, 26.18854666651377), (55.967172128153585, 26.117997384182836), (55.999992492638576, 26.044567153259294), (56.07110034336872, 25.972797449460426)
Associated file(s): api_response_2024-01-24_00-31-40.json

Record time: 2024-01-23T18:39:07Z
Event time: 2024-01-24T01:17:04.250Z
Status: Underway
Travel distance: 85.27861771058315
Waypoints: (56.915159275518384, 26.120053974984963), (56.82430816251122, 26.172795973017507), (56.76250120166673, 26.24972022191249), (56.71049340327129, 26.333180086931055), (56.65874652931978, 26.409828137085757), (56.60381021643654, 26.470503418358113), (56.54544745825169, 26.509967941252153), (56.48450444723262, 26.526492382683998), (56.42152477618536, 26.521291002308256), (56.3555203141476, 26.492540960730334), (56.280603832770055, 26.454482079194204), (56.20164833742573, 26.412390285155126), (56.12529338925306, 26.367983786288182), (56.057065150323, 26.319396972366434), (56.00324827578314, 26.262640910139375), (55.970669201397286, 26.194185547728164), (55.9664794312989, 26.11474820443336), (55.997938825744704, 26.034288345854616), (56.07219888886817, 25.978208644322265)
Associated file(s): api_response_2024-01-24_00-51-43.json, api_response_2024-01-24_01-11-46.json

Record time: 2024-01-23T21:18:33Z
Event time: 2024-01-24T01:42:21.666Z
Status: Underway
Travel distance: 56.165766738660906
Waypoints: (56.559033605161424, 26.60260530189833), (56.48581062884913, 26.544044328243643), (56.4216577420132, 26.51484448011318), (56.349298583746304, 26.484305453623854), (56.27521178938867, 26.449129702064013), (56.2068261941724, 26.413147563555075), (56.145293555407385, 26.381900068514575), (56.06058179909167, 26.324790591403683), (55.99437302526587, 26.257238403027387), (55.95779321043807, 26.184588697046628), (55.965412085598224, 26.113105372217156), (56.01422068455495, 26.044775596426334), (56.065577546745445, 25.974300255307842)
Associated file(s): api_response_2024-01-24_01-51-52.json, api_response_2024-01-24_02-11-55.json, api_response_2024-01-24_01-31-49.json

Record time: 2024-01-23T22:22:32Z
Event time: 2024-01-24T01:57:56.500Z
Status: Underway
Travel distance: 49.375269978401725
Waypoints: (56.348434765700944, 26.60443407234539), (56.2784367100914, 26.534422403733956), (56.208438654481824, 26.46441073512252), (56.13844059887225, 26.394399066511085), (56.06844254326268, 26.32438739789965), (55.99844448765313, 26.254375729288213), (55.92844643204356, 26.184364060676778), (55.99844448765313, 26.114352392065342), (55.99844448765313, 26.044340723453907), (56.06844254326268, 25.97432905484247)
Associated file(s): api_response_2024-01-24_03-32-06.json, api_response_2024-01-24_04-12-13.json, api_response_2024-01-24_03-12-04.json, api_response_2024-01-24_03-52-09.json, api_response_2024-01-24_02-52-01.json, api_response_2024-01-24_02-31-57.json

Record time: 2024-01-24T00:13:58Z
Event time: 2024-01-24T01:29:53Z
Status: Underway
Travel distance: 21.156047516198704
Waypoints: (56.13844059887225, 26.254375729288213), (56.06844254326268, 26.184364060676778), (55.99844448765313, 26.114352392065342), (55.99844448765313, 26.044340723453907), (56.06844254326268, 25.97432905484247)
Associated file(s): api_response_2024-01-24_05-32-24.json, api_response_2024-01-24_04-32-16.json, api_response_2024-01-24_04-52-19.json, api_response_2024-01-24_05-12-22.json

Record time: 2024-01-24T03:52:20Z
Event time: 2024-01-24T03:52:20Z
Status: Arrived
Travel distance: N/A
Waypoints: 
Associated file(s): api_response_2024-01-24_14-33-45.json, api_response_2024-01-24_08-32-52.json, api_response_2024-01-24_08-52-55.json, api_response_2024-01-24_09-33-01.json, api_response_2024-01-24_11-53-22.json, api_response_2024-01-24_11-13-16.json, api_response_2024-01-24_15-53-56.json, api_response_2024-01-24_17-34-12.json, api_response_2024-01-24_16-54-06.json, api_response_2024-01-24_17-54-15.json, api_response_2024-01-24_13-53-39.json, api_response_2024-01-24_14-53-48.json, api_response_2024-01-24_12-13-25.json, api_response_2024-01-24_11-33-19.json, api_response_2024-01-24_18-54-24.json, api_response_2024-01-24_12-53-31.json, api_response_2024-01-24_09-12-58.json, api_response_2024-01-24_19-34-30.json, api_response_2024-01-24_16-34-03.json, api_response_2024-01-24_16-13-59.json, api_response_2024-01-24_10-33-09.json, api_response_2024-01-24_18-34-21.json, api_response_2024-01-24_08-12-49.json, api_response_2024-01-24_13-13-33.json, api_response_2024-01-24_10-13-06.json, api_response_2024-01-24_17-14-09.json, api_response_2024-01-24_13-33-36.json, api_response_2024-01-24_15-33-54.json, api_response_2024-01-24_10-53-13.json, api_response_2024-01-24_09-53-04.json, api_response_2024-01-24_12-33-28.json, api_response_2024-01-24_19-14-27.json, api_response_2024-01-24_18-14-18.json, api_response_2024-01-24_15-13-51.json, api_response_2024-01-24_14-13-42.json
