Record time: 2024-01-01T01:57:00Z
Event time: 2024-01-02T06:43:51Z
Status: Underway
Travel distance: 339.28347732181425
Num waypoints: 82
Waypoints: (50.39860003888777, 26.66443525207189), (50.46859809449735, 26.763314973132115), (50.53859615010692, 26.81501625879265), (50.608594205716486, 26.820632476464773), (50.678592261326045, 26.78953041446082), (50.74859031693561, 26.73509209484311), (50.81858837254518, 26.67127045189423), (50.888586428154746, 26.60995887620875), (50.95858448376431, 26.559174624406293), (51.028582536755984, 26.52205609310529), (51.09858059236195, 26.506474279553508), (51.16857864796792, 26.48660261386142), (51.2385767035739, 26.460315018166877), (51.308574759179876, 26.410491665145482), (51.37857281478584, 26.346379485640952), (51.448570870391826, 26.261779304042808), (51.5185689259978, 26.17017135871108), (51.58856698160376, 26.091787316110615), (51.658565037209755, 26.03757233062573), (51.728563092815726, 26.003146078717737), (51.79856114842171, 25.987313583999587), (51.86855920402767, 25.990253904447243), (51.93855725963364, 26.005439905631075), (52.00855531523963, 26.024885601822408), (52.0785533708456, 26.05009696484027), (52.14855142645157, 26.067209252881476), (52.21854948205756, 26.07545345905972), (52.288547537663526, 26.082118185407744), (52.358545593269504, 26.097066699170803), (52.428543648875475, 26.109417929871764), (52.49854170448145, 26.128995563519084), (52.568539760087425, 26.145791201665926), (52.6385378156934, 26.163894905447815), (52.708535871299375, 26.17781430705419), (52.778533926905354, 26.186827520118744), (52.848531982511325, 26.1820513842121), (52.91853003811731, 26.15781258872692), (52.98852809372327, 26.138189719380406), (53.058526149329246, 26.12642089830658), (53.12852420493523, 26.121567484747143), (53.198522260541196, 26.117714911032394), (53.268520316147175, 26.101235922779914), (53.33851837175316, 26.078199642965), (53.40851642735913, 26.047456330899777), (53.47851448296509, 26.012449554185455), (53.54851253857108, 25.98066582103876), (53.618510594177046, 25.96649573826601), (53.688508649783024, 25.96307855815601), (53.758506705388996, 25.968844224982536), (53.828504760994974, 25.976945184779996), (53.89850281660096, 25.97991189271885), (53.96850087220693, 25.97500193453542), (54.038498927812924, 25.972534704108508), (54.10849698341888, 25.972534704108508), (54.17849503902486, 25.976796283936814), (54.24849309463083, 25.977444662291937), (54.31849115023681, 25.973829575997957), (54.38848920584279, 25.96934370249448), (54.45848726144877, 25.968063909171427), (54.528485317054745, 25.970966533203086), (54.59848337266071, 25.986495571772476), (54.668481428266695, 26.003398644704912), (54.73847948387265, 26.017887262192822), (54.80847753947863, 26.02965608326665), (54.8784755950846, 26.04143809808608), (54.94847365069058, 26.048364814525275), (55.018471706296545, 26.05344252175988), (55.08846976190252, 26.066383701371176), (55.15846781750851, 26.09144050908346), (55.22846587311449, 26.11901920702584), (55.29846392872046, 26.129958706947768), (55.36846198432644, 26.106328708580925), (55.43846003993242, 26.066851136929515), (55.5084580983862, 26.047141190198378), (55.57845615399576, 26.034574541614095), (55.648454209605326, 26.032127153209657), (55.718452265214886, 26.03980262327932), (55.78845032082445, 26.053909358939187), (55.85844837643401, 26.06651322416689), (55.92844643204357, 26.06506566465783), (55.998444487653124, 26.032207309497796), (56.06844254326265, 25.945747049652102)

Record time: 2024-01-01T02:30:40Z
Event time: 2024-01-02T06:04:55Z
Status: Underway
Travel distance: 332.3417926565875
Num waypoints: 81
Waypoints: (50.46859809449738, 26.797824739738022), (50.53859615010696, 26.845448792467426), (50.60859420571653, 26.831508600715747), (50.67859226132609, 26.783932068316812), (50.74859031693565, 26.722919333824933), (50.818588372545214, 26.661898374660478), (50.88858642815479, 26.60850322910498), (50.95858448376436, 26.565574836145892), (51.028582539373936, 26.532184493170906), (51.09858059236195, 26.50467993015212), (51.16857864796792, 26.48660261386142), (51.2385767035739, 26.460315018166877), (51.308574759179876, 26.410491665145482), (51.37857281478584, 26.346379485640952), (51.448570870391826, 26.261779304042808), (51.5185689259978, 26.17017135871108), (51.58856698160376, 26.091787316110615), (51.658565037209755, 26.03757233062573), (51.728563092815726, 26.003146078717737), (51.79856114842171, 25.987313583999587), (51.86855920402767, 25.990253904447243), (51.93855725963364, 26.005439905631075), (52.00855531523963, 26.024885601822408), (52.0785533708456, 26.05009696484027), (52.14855142645157, 26.067209252881476), (52.21854948205756, 26.07545345905972), (52.288547537663526, 26.082118185407744), (52.358545593269504, 26.097066699170803), (52.428543648875475, 26.109417929871764), (52.49854170448145, 26.128995563519084), (52.568539760087425, 26.145791201665926), (52.6385378156934, 26.163894905447815), (52.708535871299375, 26.17781430705419), (52.778533926905354, 26.186827520118744), (52.848531982511325, 26.1820513842121), (52.91853003811731, 26.15781258872692), (52.98852809372327, 26.138189719380406), (53.058526149329246, 26.12642089830658), (53.12852420493523, 26.121567484747143), (53.198522260541196, 26.117714911032394), (53.268520316147175, 26.101235922779914), (53.33851837175316, 26.078199642965), (53.40851642735913, 26.047456330899777), (53.47851448296509, 26.012449554185455), (53.54851253857108, 25.98066582103876), (53.618510594177046, 25.96649573826601), (53.688508649783024, 25.96307855815601), (53.758506705388996, 25.968844224982536), (53.828504760994974, 25.976945184779996), (53.89850281660096, 25.97991189271885), (53.96850087220693, 25.97500193453542), (54.038498927812924, 25.972534704108508), (54.10849698341888, 25.972534704108508), (54.17849503902486, 25.976796283936814), (54.24849309463083, 25.977444662291937), (54.31849115023681, 25.973829575997957), (54.38848920584279, 25.96934370249448), (54.45848726144877, 25.968063909171427), (54.528485317054745, 25.970966533203086), (54.59848337266071, 25.986495571772476), (54.668481428266695, 26.003398644704912), (54.73847948387265, 26.017887262192822), (54.80847753947863, 26.02965608326665), (54.8784755950846, 26.04143809808608), (54.94847365069058, 26.048364814525275), (55.018471706296545, 26.05344252175988), (55.08846976190252, 26.066383701371176), (55.15846781750851, 26.09144050908346), (55.22846587311449, 26.11901920702584), (55.29846392872046, 26.129958706947768), (55.36846198432644, 26.106328708580925), (55.43846003993242, 26.066851136929515), (55.5084580983862, 26.047141190198378), (55.57845615399576, 26.034574541614095), (55.648454209605326, 26.032127153209657), (55.718452265214886, 26.03980262327932), (55.78845032082445, 26.053909358939187), (55.85844837643401, 26.06651322416689), (55.92844643204357, 26.06506566465783), (55.998444487653124, 26.032207309497796), (56.06844254326265, 25.945747049652102)

Record time: 2024-01-01T02:42:13Z
Event time: 2024-01-02T04:54:31.285Z
Status: Underway
Travel distance: 329.3871490280778
Num waypoints: 80
Waypoints: (50.5385961501069, 26.801606855424517), (50.6085942057165, 26.847489185233798), (50.67859226132608, 26.80559403961404), (50.74859031693565, 26.730920660853), (50.818588372545214, 26.65590133180151), (50.88858642815478, 26.59605169166735), (50.958584483764355, 26.55494967864018), (51.02858253937392, 26.52854309934762), (51.098580594983495, 26.508785825142333), (51.16857864796792, 26.48660261386142), (51.2385767035739, 26.460315018166877), (51.308574759179876, 26.410491665145482), (51.37857281478584, 26.346379485640952), (51.448570870391826, 26.261779304042808), (51.5185689259978, 26.17017135871108), (51.58856698160376, 26.091787316110615), (51.658565037209755, 26.03757233062573), (51.728563092815726, 26.003146078717737), (51.79856114842171, 25.987313583999587), (51.86855920402767, 25.990253904447243), (51.93855725963364, 26.005439905631075), (52.00855531523963, 26.024885601822408), (52.0785533708456, 26.05009696484027), (52.14855142645157, 26.067209252881476), (52.21854948205756, 26.07545345905972), (52.288547537663526, 26.082118185407744), (52.358545593269504, 26.097066699170803), (52.428543648875475, 26.109417929871764), (52.49854170448145, 26.128995563519084), (52.568539760087425, 26.145791201665926), (52.6385378156934, 26.163894905447815), (52.708535871299375, 26.17781430705419), (52.778533926905354, 26.186827520118744), (52.848531982511325, 26.1820513842121), (52.91853003811731, 26.15781258872692), (52.98852809372327, 26.138189719380406), (53.058526149329246, 26.12642089830658), (53.12852420493523, 26.121567484747143), (53.198522260541196, 26.117714911032394), (53.268520316147175, 26.101235922779914), (53.33851837175316, 26.078199642965), (53.40851642735913, 26.047456330899777), (53.47851448296509, 26.012449554185455), (53.54851253857108, 25.98066582103876), (53.618510594177046, 25.96649573826601), (53.688508649783024, 25.96307855815601), (53.758506705388996, 25.968844224982536), (53.828504760994974, 25.976945184779996), (53.89850281660096, 25.97991189271885), (53.96850087220693, 25.97500193453542), (54.038498927812924, 25.972534704108508), (54.10849698341888, 25.972534704108508), (54.17849503902486, 25.976796283936814), (54.24849309463083, 25.977444662291937), (54.31849115023681, 25.973829575997957), (54.38848920584279, 25.96934370249448), (54.45848726144877, 25.968063909171427), (54.528485317054745, 25.970966533203086), (54.59848337266071, 25.986495571772476), (54.668481428266695, 26.003398644704912), (54.73847948387265, 26.017887262192822), (54.80847753947863, 26.02965608326665), (54.8784755950846, 26.04143809808608), (54.94847365069058, 26.048364814525275), (55.018471706296545, 26.05344252175988), (55.08846976190252, 26.066383701371176), (55.15846781750851, 26.09144050908346), (55.22846587311449, 26.11901920702584), (55.29846392872046, 26.129958706947768), (55.36846198432644, 26.106328708580925), (55.43846003993242, 26.066851136929515), (55.5084580983862, 26.047141190198378), (55.57845615399576, 26.034574541614095), (55.648454209605326, 26.032127153209657), (55.718452265214886, 26.03980262327932), (55.78845032082445, 26.053909358939187), (55.85844837643401, 26.06651322416689), (55.92844643204357, 26.06506566465783), (55.998444487653124, 26.032207309497796), (56.06844254326265, 25.945747049652102)

Record time: 2024-01-01T07:17:21Z
Event time: 2024-01-02T04:55:33.500Z
Status: Underway
Travel distance: 266.6447084233261
Num waypoints: 66
Waypoints: (51.51856892864086, 27.019871400104726), (51.58856698425043, 27.04380848718529), (51.658565039859994, 27.071544858956365), (51.72856309546957, 27.092921159959268), (51.79856115107914, 27.103881084485327), (51.868559206688715, 27.104374890400162), (51.93855726229829, 27.09660538490732), (52.00855531790786, 27.083616382251257), (52.07855337351743, 27.068223633359644), (52.14855142645157, 27.052288226037117), (52.21854948205756, 27.041229982404808), (52.288547537663526, 27.01932836471136), (52.358545593269504, 26.993255638587993), (52.428543648875475, 26.971205120051362), (52.49854170448145, 26.942324010936332), (52.568539760087425, 26.91221211383904), (52.6385378156934, 26.87208804865331), (52.708535871299375, 26.823346582770984), (52.778533926905354, 26.785399485609002), (52.848531982511325, 26.748072494490152), (52.91853003811731, 26.7073528259317), (52.98852809372327, 26.660792097714722), (53.058526149329246, 26.618185723535685), (53.12852420493523, 26.56608362216736), (53.198522260541196, 26.528515373986135), (53.268520316147175, 26.49265288862872), (53.33851837175316, 26.475009081121975), (53.40851642735913, 26.465309793286302), (53.47851448296509, 26.4567734398841), (53.54851253857108, 26.457310613812037), (53.618510594177046, 26.444461790419936), (53.688508649783024, 26.420722472446695), (53.758506705388996, 26.381891394329617), (53.828504760994974, 26.34160900419671), (53.89850281660096, 26.310971242096276), (53.96850087220693, 26.298963048780884), (54.038498927812924, 26.305003899444177), (54.10849698341888, 26.317513455092325), (54.17849503902486, 26.32292100596689), (54.24849309463083, 26.31467491496785), (54.31849115023681, 26.291808269024916), (54.38848920584279, 26.25148441283441), (54.45848726144877, 26.22101628460596), (54.528485317054745, 26.19553727703453), (54.59848337266071, 26.185986890042038), (54.668481428266695, 26.185856837406856), (54.73847948387265, 26.170248636363873), (54.80847753947863, 26.14634156933946), (54.8784755950846, 26.115464434997456), (54.94847365069058, 26.07842582146097), (55.018471706296545, 26.05479393827332), (55.08846976190252, 26.058050908615346), (55.15846781750851, 26.083305622511606), (55.22846587311449, 26.11600160892539), (55.29846392872046, 26.130780488816473), (55.36846198432644, 26.111911547789873), (55.43846003993242, 26.067524017955037), (55.5084580983862, 26.046722508671362), (55.57845615399576, 26.033553665553093), (55.648454209605326, 26.03125852497666), (55.718452265214886, 26.039657172229347), (55.78845032082445, 26.054522039930692), (55.85844837643401, 26.067293300091745), (55.92844643204357, 26.0651363511494), (55.998444487653124, 26.03134139997603), (56.06844254326265, 25.946065138864192)

Record time: 2024-01-01T10:22:39Z
Event time: 2024-01-02T04:46:25.666Z
Status: Underway
Travel distance: 233.9708423326134
Num waypoints: 56
Waypoints: (52.21854948473652, 27.025324358026108), (52.28854754034612, 27.027362226274942), (52.3585455959557, 27.007419314355605), (52.42854365156525, 26.97644925834658), (52.498541707174816, 26.94081238603706), (52.56853976278438, 26.903635992098206), (52.63853781839396, 26.86596389028898), (52.70853587400354, 26.8276952426966), (52.77853392961311, 26.78831266601149), (52.848531982511325, 26.74739961346463), (52.91853003811731, 26.703564336124142), (52.98852809372327, 26.655708736017722), (53.058526149329246, 26.62055494328101), (53.12852420493523, 26.57962794443458), (53.198522260541196, 26.53886680981853), (53.268520316147175, 26.48946565665629), (53.33851837175316, 26.438956228863766), (53.40851642735913, 26.385674229674773), (53.47851448296509, 26.337475592182788), (53.54851253857108, 26.288562607607687), (53.618510594177046, 26.229243527397), (53.688508649783024, 26.16899711535282), (53.758506705388996, 26.103275298885276), (53.828504760994974, 26.04830826990128), (53.89850281660096, 26.007232370211664), (53.96850087220693, 25.974998164893822), (54.038498927812924, 25.961683790764173), (54.10849698341888, 25.962105990623325), (54.17849503902486, 25.976894294618404), (54.24849309463083, 25.980733674587555), (54.31849115023681, 25.97761806580552), (54.38848920584279, 25.970016583520003), (54.45848726144877, 25.966269559770033), (54.528485317054745, 25.970966533203086), (54.59848337266071, 25.986495571772476), (54.668481428266695, 26.003398644704912), (54.73847948387265, 26.017887262192822), (54.80847753947863, 26.02965608326665), (54.8784755950846, 26.04143809808608), (54.94847365069058, 26.048364814525275), (55.018471706296545, 26.05344252175988), (55.08846976190252, 26.066383701371176), (55.15846781750851, 26.09144050908346), (55.22846587311449, 26.11901920702584), (55.29846392872046, 26.129958706947768), (55.36846198432644, 26.106328708580925), (55.43846003993242, 26.066851136929515), (55.5084580983862, 26.047141190198378), (55.57845615399576, 26.034574541614095), (55.648454209605326, 26.032127153209657), (55.718452265214886, 26.03980262327932), (55.78845032082445, 26.053909358939187), (55.85844837643401, 26.06651322416689), (55.92844643204357, 26.06506566465783), (55.998444487653124, 26.032207309497796), (56.06844254326265, 25.945747049652102)

Record time: 2024-01-01T19:02:01Z
Event time: 2024-01-02T03:56:01Z
Status: Underway
Travel distance: 119.30669546436285
Num waypoints: 29
Waypoints: (54.1084969861948, 26.318741023094734), (54.1784950418044, 26.265919182910764), (54.24849309741397, 26.18588104441861), (54.31849115302352, 26.108115742790098), (54.38848920863309, 26.04784055010037), (54.45848726424265, 26.01014597323101), (54.52848531985222, 25.993548452595686), (54.598483375461804, 25.992950661688482), (54.668481431071385, 26.00200940745476), (54.73847948387265, 26.01491113014997), (54.80847753947863, 26.028459222058792), (54.8784755950846, 26.04161150159966), (54.94847365069058, 26.04968607390592), (55.018471706296545, 26.055909752186793), (55.08846976190252, 26.064589351969783), (55.15846781750851, 26.09144050908346), (55.22846587311449, 26.11901920702584), (55.29846392872046, 26.129958706947768), (55.36846198432644, 26.106328708580925), (55.43846003993242, 26.066851136929515), (55.5084580983862, 26.047141190198378), (55.57845615399576, 26.034574541614095), (55.648454209605326, 26.032127153209657), (55.718452265214886, 26.03980262327932), (55.78845032082445, 26.053909358939187), (55.85844837643401, 26.06651322416689), (55.92844643204357, 26.06506566465783), (55.998444487653124, 26.032207309497796), (56.06844254326265, 25.945747049652102)

Record time: 2024-01-01T20:48:28Z
Event time: 2024-01-02T03:37:19.666Z
Status: Underway
Travel distance: 90.68952483801296
Num waypoints: 23
Waypoints: (54.52848531985224, 26.171537957942018), (54.59848337546183, 26.205145500812097), (54.6684814310714, 26.201839513705956), (54.73847948668096, 26.175148212241044), (54.80847754229052, 26.138484837966026), (54.878475597900085, 26.10333653405415), (54.94847365350965, 26.07798304412353), (55.018471709119225, 26.06674523418421), (55.088469764728806, 26.069763437712105), (55.15846781750851, 26.083305622511606), (55.22846587311449, 26.11600160892539), (55.29846392872046, 26.130780488816473), (55.36846198432644, 26.111911547789873), (55.43846003993242, 26.067524017955037), (55.5084580983862, 26.046722508671362), (55.57845615399576, 26.033553665553093), (55.648454209605326, 26.03125852497666), (55.718452265214886, 26.039657172229347), (55.78845032082445, 26.054522039930692), (55.85844837643401, 26.067293300091745), (55.92844643204357, 26.0651363511494), (55.998444487653124, 26.03134139997603), (56.06844254326265, 25.946065138864192)

Record time: 2024-01-01T22:10:49Z
Event time: 2024-01-02T03:55:33.333Z
Status: Underway
Travel distance: 77.76403887688984
Num waypoints: 19
Waypoints: (54.808477542290504, 26.184747307572714), (54.87847559790004, 26.110713117237573), (54.94847365350961, 26.053373727137316), (55.01847170911918, 26.03607264287844), (55.08846976472875, 26.054588590800304), (55.158467820338316, 26.09079793151548), (55.228465875947876, 26.123396753002275), (55.298463931557436, 26.135682643249478), (55.368461987377536, 26.12039614255256), (55.438460042987366, 26.07302479640285), (55.508458098597195, 26.026226870734952), (55.57845615399566, 26.014859588885034), (55.64845420960522, 26.025440682883126), (55.71845226521479, 26.050259423231054), (55.78845032082438, 26.074456535180563), (55.85844837643397, 26.08084027824355), (55.92844643204356, 26.05726588208909), (55.998444487653146, 26.006578338728417), (56.06844254326271, 25.959118550987526)

Record time: 2024-01-02T00:02:23Z
Event time: 2024-01-02T04:12:42.250Z
Status: Underway
Travel distance: 56.836933045356375
Num waypoints: 13
Waypoints: (55.22846587594787, 26.11664195506602), (55.29846393155744, 26.102962176131232), (55.368461987167, 26.133907276058405), (55.438460042776576, 26.105453335874078), (55.50845809838614, 26.03506727331285), (55.578456154037184, 25.979973763643358), (55.6484542096468, 25.976143425541615), (55.71845226525644, 26.04434072347333), (55.788450320824374, 26.10407095821329), (55.85844837643393, 26.11435239206531), (55.92844643204349, 26.05535654543819), (55.998444487653074, 25.966495581431367), (56.06844254326263, 25.976042627151074)

Record time: 2024-01-02T01:37:55Z
Event time: 2024-01-02T03:54:15Z
Status: Underway
Travel distance: 30.161447084233263
Num waypoints: 7
Waypoints: (55.64845420960529, 26.114352392065342), (55.718452265214864, 26.044340723453907), (55.78845032082444, 26.114352392065342), (55.858448376433984, 26.114352392065342), (55.92844643204356, 26.044340723453907), (55.99844448765313, 25.97432905484247), (56.06844254326268, 25.97432905484247)

Record time: 2024-01-02T02:41:41Z
Event time: 2024-01-02T03:35:36.750Z
Status: Underway
Travel distance: 15.083693304535638
Num waypoints: 4
Waypoints: (55.858448376433984, 26.114352392065342), (55.92844643204356, 26.044340723453907), (55.99844448765313, 25.97432905484247), (56.06844254326268, 25.97432905484247)

Record time: 2024-01-02T03:23:36Z
Event time: 2024-01-02T03:55:20Z
Status: Underway
Travel distance: 9.431965442764579
Num waypoints: 3
Waypoints: (55.92844643204356, 26.044340723453907), (55.99844448765313, 25.97432905484247), (56.06844254326268, 25.97432905484247)

Record time: 2024-01-04T01:46:18Z
Event time: 2024-01-04T01:46:18Z
Status: Arrived
Travel distance: N/A
Num waypoints: 0
Waypoints: 

