Record time: 2024-02-03T14:07:57Z
Event time: 2024-02-06T12:58:15.200Z
Status: Underway
Travel distance: 888.6241900647948
Waypoints: (70.11463424173081, 22.798292240482624), (69.92154932390264, 22.68527056376119), (69.74686507177033, 22.639095079479695), (69.57422533804866, 22.62025407065678), (69.39691241938839, 22.60527081829197), (69.21428824630746, 22.582892805834646), (69.02887813605159, 22.550719959862477), (68.84409710838361, 22.51227192696927), (68.66261876430205, 22.474494386862318), (68.48538672417524, 22.445704400517588), (68.31634324592304, 22.42193054131838), (68.13801022668329, 22.444764300908002), (67.94871583983073, 22.479610982828415), (67.75718265906251, 22.55620487163859), (67.57389231043818, 22.67048997056933), (67.40596822914378, 22.810317672810108), (67.25493686557635, 22.943467760298226), (67.11672768534385, 23.11144999208393), (66.98327230777633, 23.27224579231797), (66.84506312754381, 23.42846224136097), (66.6940317639764, 23.57411953035606), (66.526107682682, 23.711403148601804), (66.34281733405767, 23.840284020852565), (66.15128415328947, 23.972111184663273), (65.96198976643689, 24.08501036355101), (65.78365674719713, 24.157107281032836), (65.61461326894494, 24.1954090713122), (65.42999999664319, 24.220748147902633), (65.24999999665243, 24.25962659722087), (65.06999999666169, 24.34725454175804), (64.8899999966709, 24.456281867099065), (64.70999999668014, 24.570634808269666), (64.52999999668937, 24.668099877587593), (64.34999999669861, 24.746525506874185), (64.16999999670784, 24.77142360890548), (63.98999999671708, 24.770914792106474), (63.80999999672631, 24.757758243446496), (63.62999999673554, 24.747887197545808), (63.449999996744786, 24.735646519124032), (63.269999996754, 24.748270021613628), (63.089999996763254, 24.754613271041222), (62.909999996772484, 24.749999998730246), (62.72999999678173, 24.749999998730246), (62.54999999679096, 24.749999998730246), (62.3699999968002, 24.749999998730246), (62.189999996809426, 24.749999998730246), (62.009999996818664, 24.74538672641927), (61.829999996827894, 24.75172997584686), (61.64999999683714, 24.759740206025473), (61.469999996846376, 24.763069321653244), (61.289999996855585, 24.743908734765014), (61.10999999686484, 24.71979081849219), (60.92999999687408, 24.71704320777756), (60.7499999968833, 24.754797414263713), (60.569999996892555, 24.83763278914168), (60.389999996901764, 24.95493686774651), (60.209999996911016, 25.08506312968626), (60.029999996920246, 25.20236720829109), (59.84999999692947, 25.285202583169056), (59.66999999693871, 25.322956789655205), (59.489999996947944, 25.32020917894058), (59.30999999695718, 25.291477990356775), (59.12999999696641, 25.283273925207112), (58.94999999697565, 25.28365674927494), (58.769999996984886, 25.288715842019325), (58.589999996994116, 25.291536140848095), (58.409999997003354, 25.282348363220347), (58.22999999701258, 25.281606944456083), (58.049999997021835, 25.294467894785218), (57.86999999703106, 25.336840219456626), (57.689999997040296, 25.40659173378876), (57.509999997049526, 25.500756762724567), (57.32077345243681, 25.636271636859497), (57.15253729977119, 25.822021429532953), (56.98470555439985, 26.028796147774734), (56.80977416267944, 26.23070538797591), (56.62172190555441, 26.396683351485006), (56.420458914083625, 26.495375910131088), (56.21756030788431, 26.50168205190961), (56.04328495943412, 26.40494970814621), (55.95487938423123, 26.21882596213852), (56.04616675681281, 25.992761639275923)
Associated file(s): api_response_2024-02-03_18-29-21.json

Record time: 2024-02-03T14:29:54Z
Event time: 2024-02-06T12:21:11.666Z
Status: Underway
Travel distance: 888.6241900647948
Waypoints: (70.11463424173081, 22.798292240482624), (69.92154932390264, 22.68527056376119), (69.74686507177033, 22.639095079479695), (69.57422533804866, 22.62025407065678), (69.39691241938839, 22.60527081829197), (69.21428824630746, 22.582892805834646), (69.02887813605159, 22.550719959862477), (68.84409710838361, 22.51227192696927), (68.66261876430205, 22.474494386862318), (68.48538672417524, 22.445704400517588), (68.31634324592304, 22.42193054131838), (68.13801022668329, 22.444764300908002), (67.94871583983073, 22.479610982828415), (67.75718265906251, 22.55620487163859), (67.57389231043818, 22.67048997056933), (67.40596822914378, 22.810317672810108), (67.25493686557635, 22.943467760298226), (67.11672768534385, 23.11144999208393), (66.98327230777633, 23.27224579231797), (66.84506312754381, 23.42846224136097), (66.6940317639764, 23.57411953035606), (66.526107682682, 23.711403148601804), (66.34281733405767, 23.840284020852565), (66.15128415328947, 23.972111184663273), (65.96198976643689, 24.08501036355101), (65.78365674719713, 24.157107281032836), (65.61461326894494, 24.1954090713122), (65.42999999664319, 24.220748147902633), (65.24999999665243, 24.25962659722087), (65.06999999666169, 24.34725454175804), (64.8899999966709, 24.456281867099065), (64.70999999668014, 24.570634808269666), (64.52999999668937, 24.668099877587593), (64.34999999669861, 24.746525506874185), (64.16999999670784, 24.77142360890548), (63.98999999671708, 24.770914792106474), (63.80999999672631, 24.757758243446496), (63.62999999673554, 24.747887197545808), (63.449999996744786, 24.735646519124032), (63.269999996754, 24.748270021613628), (63.089999996763254, 24.754613271041222), (62.909999996772484, 24.749999998730246), (62.72999999678173, 24.749999998730246), (62.54999999679096, 24.749999998730246), (62.3699999968002, 24.749999998730246), (62.189999996809426, 24.749999998730246), (62.009999996818664, 24.74538672641927), (61.829999996827894, 24.75172997584686), (61.64999999683714, 24.759740206025473), (61.469999996846376, 24.763069321653244), (61.289999996855585, 24.743908734765014), (61.10999999686484, 24.71979081849219), (60.92999999687408, 24.71704320777756), (60.7499999968833, 24.754797414263713), (60.569999996892555, 24.83763278914168), (60.389999996901764, 24.95493686774651), (60.209999996911016, 25.08506312968626), (60.029999996920246, 25.20236720829109), (59.84999999692947, 25.285202583169056), (59.66999999693871, 25.322956789655205), (59.489999996947944, 25.32020917894058), (59.30999999695718, 25.291477990356775), (59.12999999696641, 25.283273925207112), (58.94999999697565, 25.28365674927494), (58.769999996984886, 25.288715842019325), (58.589999996994116, 25.291536140848095), (58.409999997003354, 25.282348363220347), (58.22999999701258, 25.281606944456083), (58.049999997021835, 25.294467894785218), (57.86999999703106, 25.336840219456626), (57.689999997040296, 25.40659173378876), (57.509999997049526, 25.500756762724567), (57.32077345243681, 25.636271636859497), (57.15253729977119, 25.822021429532953), (56.98470555439985, 26.028796147774734), (56.80977416267944, 26.23070538797591), (56.62172190555441, 26.396683351485006), (56.420458914083625, 26.495375910131088), (56.21756030788431, 26.50168205190961), (56.04328495943412, 26.40494970814621), (55.95487938423123, 26.21882596213852), (56.04616675681281, 25.992761639275923)
Associated file(s): api_response_2024-02-03_18-49-23.json

Record time: 2024-02-03T14:57:39Z
Event time: 2024-02-06T11:39:00.250Z
Status: Underway
Travel distance: 879.1555075593952
Waypoints: (69.92618356563344, 22.756783274391506), (69.75622442271687, 22.617420511753714), (69.5733166631995, 22.585469195658316), (69.38778023715415, 22.5889253612991), (69.20466278344082, 22.588596458595923), (69.02533779904307, 22.569099656138718), (68.8488886207614, 22.531061437364627), (68.6732782192636, 22.4845184889683), (68.49630480549202, 22.443519881545303), (68.31634324592304, 22.42193054131838), (68.13801022668329, 22.444764300908002), (67.94871583983073, 22.479610982828415), (67.75718265906251, 22.55620487163859), (67.57389231043818, 22.67048997056933), (67.40596822914378, 22.810317672810108), (67.25493686557635, 22.943467760298226), (67.11672768534385, 23.11144999208393), (66.98327230777633, 23.27224579231797), (66.84506312754381, 23.42846224136097), (66.6940317639764, 23.57411953035606), (66.526107682682, 23.711403148601804), (66.34281733405767, 23.840284020852565), (66.15128415328947, 23.972111184663273), (65.96198976643689, 24.08501036355101), (65.78365674719713, 24.157107281032836), (65.61461326894494, 24.1954090713122), (65.42999999664319, 24.220748147902633), (65.24999999665243, 24.25962659722087), (65.06999999666169, 24.34725454175804), (64.8899999966709, 24.456281867099065), (64.70999999668014, 24.570634808269666), (64.52999999668937, 24.668099877587593), (64.34999999669861, 24.746525506874185), (64.16999999670784, 24.77142360890548), (63.98999999671708, 24.770914792106474), (63.80999999672631, 24.757758243446496), (63.62999999673554, 24.747887197545808), (63.449999996744786, 24.735646519124032), (63.269999996754, 24.748270021613628), (63.089999996763254, 24.754613271041222), (62.909999996772484, 24.749999998730246), (62.72999999678173, 24.749999998730246), (62.54999999679096, 24.749999998730246), (62.3699999968002, 24.749999998730246), (62.189999996809426, 24.749999998730246), (62.009999996818664, 24.74538672641927), (61.829999996827894, 24.75172997584686), (61.64999999683714, 24.759740206025473), (61.469999996846376, 24.763069321653244), (61.289999996855585, 24.743908734765014), (61.10999999686484, 24.71979081849219), (60.92999999687408, 24.71704320777756), (60.7499999968833, 24.754797414263713), (60.569999996892555, 24.83763278914168), (60.389999996901764, 24.95493686774651), (60.209999996911016, 25.08506312968626), (60.029999996920246, 25.20236720829109), (59.84999999692947, 25.285202583169056), (59.66999999693871, 25.322956789655205), (59.489999996947944, 25.32020917894058), (59.30999999695718, 25.291477990356775), (59.12999999696641, 25.283273925207112), (58.94999999697565, 25.28365674927494), (58.769999996984886, 25.288715842019325), (58.589999996994116, 25.291536140848095), (58.409999997003354, 25.282348363220347), (58.22999999701258, 25.281606944456083), (58.049999997021835, 25.294467894785218), (57.86999999703106, 25.336840219456626), (57.689999997040296, 25.40659173378876), (57.509999997049526, 25.500756762724567), (57.32077345243681, 25.636271636859497), (57.15253729977119, 25.822021429532953), (56.98470555439985, 26.028796147774734), (56.80977416267944, 26.23070538797591), (56.62172190555441, 26.396683351485006), (56.420458914083625, 26.495375910131088), (56.21756030788431, 26.50168205190961), (56.04328495943412, 26.40494970814621), (55.95487938423123, 26.21882596213852), (56.04616675681281, 25.992761639275923)
Associated file(s): api_response_2024-02-03_19-09-26.json, api_response_2024-02-03_19-29-29.json

Record time: 2024-02-03T15:42:48Z
Event time: 2024-02-06T09:54:19.555Z
Status: Underway
Travel distance: 865.7127429805615
Waypoints: (69.74304863740379, 22.575271978364864), (69.58267601414606, 22.611534595381727), (69.3948598832585, 22.61108839315213), (69.2036498782413, 22.588262181377626), (69.01930427440374, 22.553396615230213), (68.84314361653959, 22.514386637134542), (68.67159799312276, 22.477857085867395), (68.49944795702345, 22.449971472974436), (68.32225909274464, 22.43687392650422), (68.13801022668329, 22.444764300908002), (67.94871583983073, 22.479610982828415), (67.75718265906251, 22.55620487163859), (67.57389231043818, 22.67048997056933), (67.40596822914378, 22.810317672810108), (67.25493686557635, 22.943467760298226), (67.11672768534385, 23.11144999208393), (66.98327230777633, 23.27224579231797), (66.84506312754381, 23.42846224136097), (66.6940317639764, 23.57411953035606), (66.526107682682, 23.711403148601804), (66.34281733405767, 23.840284020852565), (66.15128415328947, 23.972111184663273), (65.96198976643689, 24.08501036355101), (65.78365674719713, 24.157107281032836), (65.61461326894494, 24.1954090713122), (65.42999999664319, 24.220748147902633), (65.24999999665243, 24.25962659722087), (65.06999999666169, 24.34725454175804), (64.8899999966709, 24.456281867099065), (64.70999999668014, 24.570634808269666), (64.52999999668937, 24.668099877587593), (64.34999999669861, 24.746525506874185), (64.16999999670784, 24.77142360890548), (63.98999999671708, 24.770914792106474), (63.80999999672631, 24.757758243446496), (63.62999999673554, 24.747887197545808), (63.449999996744786, 24.735646519124032), (63.269999996754, 24.748270021613628), (63.089999996763254, 24.754613271041222), (62.909999996772484, 24.749999998730246), (62.72999999678173, 24.749999998730246), (62.54999999679096, 24.749999998730246), (62.3699999968002, 24.749999998730246), (62.189999996809426, 24.749999998730246), (62.009999996818664, 24.74538672641927), (61.829999996827894, 24.75172997584686), (61.64999999683714, 24.759740206025473), (61.469999996846376, 24.763069321653244), (61.289999996855585, 24.743908734765014), (61.10999999686484, 24.71979081849219), (60.92999999687408, 24.71704320777756), (60.7499999968833, 24.754797414263713), (60.569999996892555, 24.83763278914168), (60.389999996901764, 24.95493686774651), (60.209999996911016, 25.08506312968626), (60.029999996920246, 25.20236720829109), (59.84999999692947, 25.285202583169056), (59.66999999693871, 25.322956789655205), (59.489999996947944, 25.32020917894058), (59.30999999695718, 25.291477990356775), (59.12999999696641, 25.283273925207112), (58.94999999697565, 25.28365674927494), (58.769999996984886, 25.288715842019325), (58.589999996994116, 25.291536140848095), (58.409999997003354, 25.282348363220347), (58.22999999701258, 25.281606944456083), (58.049999997021835, 25.294467894785218), (57.86999999703106, 25.336840219456626), (57.689999997040296, 25.40659173378876), (57.509999997049526, 25.500756762724567), (57.32077345243681, 25.636271636859497), (57.15253729977119, 25.822021429532953), (56.98470555439985, 26.028796147774734), (56.80977416267944, 26.23070538797591), (56.62172190555441, 26.396683351485006), (56.420458914083625, 26.495375910131088), (56.21756030788431, 26.50168205190961), (56.04328495943412, 26.40494970814621), (55.95487938423123, 26.21882596213852), (56.04616675681281, 25.992761639275923)
Associated file(s): api_response_2024-02-03_21-49-50.json, api_response_2024-02-03_21-09-44.json, api_response_2024-02-03_20-29-38.json, api_response_2024-02-03_21-29-47.json, api_response_2024-02-03_19-49-32.json, api_response_2024-02-03_20-09-35.json, api_response_2024-02-03_20-49-41.json

Record time: 2024-02-03T17:56:23Z
Event time: 2024-02-06T09:11:55.100Z
Status: Underway
Travel distance: 837.1560475161987
Waypoints: (69.2184746411483, 22.60464114832538), (69.01503083003952, 22.576070314125253), (68.84317683280509, 22.52866885302073), (68.67691519475274, 22.477320207051), (68.50369818524455, 22.43612036368532), (68.32038973066238, 22.416911978854376), (68.1297880150271, 22.428230399295163), (67.93770874827153, 22.474661584209326), (67.75062910216721, 22.55661192623505), (67.57389231043818, 22.67048997056933), (67.40596822914378, 22.810317672810108), (67.25493686557635, 22.943467760298226), (67.11672768534385, 23.11144999208393), (66.98327230777633, 23.27224579231797), (66.84506312754381, 23.42846224136097), (66.6940317639764, 23.57411953035606), (66.526107682682, 23.711403148601804), (66.34281733405767, 23.840284020852565), (66.15128415328947, 23.972111184663273), (65.96198976643689, 24.08501036355101), (65.78365674719713, 24.157107281032836), (65.61461326894494, 24.1954090713122), (65.42999999664319, 24.220748147902633), (65.24999999665243, 24.25962659722087), (65.06999999666169, 24.34725454175804), (64.8899999966709, 24.456281867099065), (64.70999999668014, 24.570634808269666), (64.52999999668937, 24.668099877587593), (64.34999999669861, 24.746525506874185), (64.16999999670784, 24.77142360890548), (63.98999999671708, 24.770914792106474), (63.80999999672631, 24.757758243446496), (63.62999999673554, 24.747887197545808), (63.449999996744786, 24.735646519124032), (63.269999996754, 24.748270021613628), (63.089999996763254, 24.754613271041222), (62.909999996772484, 24.749999998730246), (62.72999999678173, 24.749999998730246), (62.54999999679096, 24.749999998730246), (62.3699999968002, 24.749999998730246), (62.189999996809426, 24.749999998730246), (62.009999996818664, 24.74538672641927), (61.829999996827894, 24.75172997584686), (61.64999999683714, 24.759740206025473), (61.469999996846376, 24.763069321653244), (61.289999996855585, 24.743908734765014), (61.10999999686484, 24.71979081849219), (60.92999999687408, 24.71704320777756), (60.7499999968833, 24.754797414263713), (60.569999996892555, 24.83763278914168), (60.389999996901764, 24.95493686774651), (60.209999996911016, 25.08506312968626), (60.029999996920246, 25.20236720829109), (59.84999999692947, 25.285202583169056), (59.66999999693871, 25.322956789655205), (59.489999996947944, 25.32020917894058), (59.30999999695718, 25.291477990356775), (59.12999999696641, 25.283273925207112), (58.94999999697565, 25.28365674927494), (58.769999996984886, 25.288715842019325), (58.589999996994116, 25.291536140848095), (58.409999997003354, 25.282348363220347), (58.22999999701258, 25.281606944456083), (58.049999997021835, 25.294467894785218), (57.86999999703106, 25.336840219456626), (57.689999997040296, 25.40659173378876), (57.509999997049526, 25.500756762724567), (57.32077345243681, 25.636271636859497), (57.15253729977119, 25.822021429532953), (56.98470555439985, 26.028796147774734), (56.80977416267944, 26.23070538797591), (56.62172190555441, 26.396683351485006), (56.420458914083625, 26.495375910131088), (56.21756030788431, 26.50168205190961), (56.04328495943412, 26.40494970814621), (55.95487938423123, 26.21882596213852), (56.04616675681281, 25.992761639275923)
Associated file(s): api_response_2024-02-03_22-09-52.json

Record time: 2024-02-03T18:10:29Z
Event time: 2024-02-06T08:36:54Z
Status: Underway
Travel distance: 837.1560475161987
Waypoints: (69.2184746411483, 22.60464114832538), (69.01503083003952, 22.576070314125253), (68.84317683280509, 22.52866885302073), (68.67691519475274, 22.477320207051), (68.50369818524455, 22.43612036368532), (68.32038973066238, 22.416911978854376), (68.1297880150271, 22.428230399295163), (67.93770874827153, 22.474661584209326), (67.75062910216721, 22.55661192623505), (67.57389231043818, 22.67048997056933), (67.40596822914378, 22.810317672810108), (67.25493686557635, 22.943467760298226), (67.11672768534385, 23.11144999208393), (66.98327230777633, 23.27224579231797), (66.84506312754381, 23.42846224136097), (66.6940317639764, 23.57411953035606), (66.526107682682, 23.711403148601804), (66.34281733405767, 23.840284020852565), (66.15128415328947, 23.972111184663273), (65.96198976643689, 24.08501036355101), (65.78365674719713, 24.157107281032836), (65.61461326894494, 24.1954090713122), (65.42999999664319, 24.220748147902633), (65.24999999665243, 24.25962659722087), (65.06999999666169, 24.34725454175804), (64.8899999966709, 24.456281867099065), (64.70999999668014, 24.570634808269666), (64.52999999668937, 24.668099877587593), (64.34999999669861, 24.746525506874185), (64.16999999670784, 24.77142360890548), (63.98999999671708, 24.770914792106474), (63.80999999672631, 24.757758243446496), (63.62999999673554, 24.747887197545808), (63.449999996744786, 24.735646519124032), (63.269999996754, 24.748270021613628), (63.089999996763254, 24.754613271041222), (62.909999996772484, 24.749999998730246), (62.72999999678173, 24.749999998730246), (62.54999999679096, 24.749999998730246), (62.3699999968002, 24.749999998730246), (62.189999996809426, 24.749999998730246), (62.009999996818664, 24.74538672641927), (61.829999996827894, 24.75172997584686), (61.64999999683714, 24.759740206025473), (61.469999996846376, 24.763069321653244), (61.289999996855585, 24.743908734765014), (61.10999999686484, 24.71979081849219), (60.92999999687408, 24.71704320777756), (60.7499999968833, 24.754797414263713), (60.569999996892555, 24.83763278914168), (60.389999996901764, 24.95493686774651), (60.209999996911016, 25.08506312968626), (60.029999996920246, 25.20236720829109), (59.84999999692947, 25.285202583169056), (59.66999999693871, 25.322956789655205), (59.489999996947944, 25.32020917894058), (59.30999999695718, 25.291477990356775), (59.12999999696641, 25.283273925207112), (58.94999999697565, 25.28365674927494), (58.769999996984886, 25.288715842019325), (58.589999996994116, 25.291536140848095), (58.409999997003354, 25.282348363220347), (58.22999999701258, 25.281606944456083), (58.049999997021835, 25.294467894785218), (57.86999999703106, 25.336840219456626), (57.689999997040296, 25.40659173378876), (57.509999997049526, 25.500756762724567), (57.32077345243681, 25.636271636859497), (57.15253729977119, 25.822021429532953), (56.98470555439985, 26.028796147774734), (56.80977416267944, 26.23070538797591), (56.62172190555441, 26.396683351485006), (56.420458914083625, 26.495375910131088), (56.21756030788431, 26.50168205190961), (56.04328495943412, 26.40494970814621), (55.95487938423123, 26.21882596213852), (56.04616675681281, 25.992761639275923)
Associated file(s): api_response_2024-02-03_22-29-55.json, api_response_2024-02-03_22-49-59.json

Record time: 2024-02-03T18:57:00Z
Event time: 2024-02-06T07:53:57.100Z
Status: Underway
Travel distance: 821.7737580993521
Waypoints: (69.02999999999994, 22.781760848762218), (68.84999999999997, 22.754643395048888), (68.66999999999997, 22.745414706494206), (68.48999999999997, 22.771140410430867), (68.30999999999996, 22.83937368298682), (68.12999999999997, 22.950359152706227), (67.94999999999999, 23.09902261652737), (67.77, 23.27674656811758), (67.59, 23.472931538565092), (67.40999999654161, 23.676343248213247), (67.22999999655086, 23.872111723098882), (67.0499999965601, 24.05091479214342), (66.86999999656932, 24.217070129326974), (66.68999999657856, 24.373456183969644), (66.5099999965878, 24.498804413873025), (66.32999999659702, 24.594500739080125), (66.14999999660627, 24.66122842786389), (65.96999999661551, 24.703741282889297), (65.78999999662473, 24.72942441655335), (65.60999999663396, 24.74557571551604), (65.42999999664319, 24.756367477529217), (65.24999999665243, 24.761087359074274), (65.06999999666169, 24.75589742772442), (64.8899999966709, 24.741989768551626), (64.70999999668014, 24.74365674930265), (64.52999999668937, 24.754613271041222), (64.34999999669861, 24.749999998730246), (64.16999999670784, 24.749999998730246), (63.98999999671708, 24.749999998730246), (63.80999999672631, 24.749999998730246), (63.62999999673554, 24.749999998730246), (63.449999996744786, 24.749999998730246), (63.269999996754, 24.749999998730246), (63.089999996763254, 24.749999998730246), (62.909999996772484, 24.749999998730246), (62.72999999678173, 24.749999998730246), (62.54999999679096, 24.749999998730246), (62.3699999968002, 24.749999998730246), (62.189999996809426, 24.749999998730246), (62.009999996818664, 24.74538672641927), (61.829999996827894, 24.75172997584686), (61.64999999683714, 24.759740206025473), (61.469999996846376, 24.763069321653244), (61.289999996855585, 24.743908734765014), (61.10999999686484, 24.71979081849219), (60.92999999687408, 24.71704320777756), (60.7499999968833, 24.754797414263713), (60.569999996892555, 24.83763278914168), (60.389999996901764, 24.95493686774651), (60.209999996911016, 25.08506312968626), (60.029999996920246, 25.20236720829109), (59.84999999692947, 25.285202583169056), (59.66999999693871, 25.322956789655205), (59.489999996947944, 25.32020917894058), (59.30999999695718, 25.291477990356775), (59.12999999696641, 25.283273925207112), (58.94999999697565, 25.28365674927494), (58.769999996984886, 25.288715842019325), (58.589999996994116, 25.291536140848095), (58.409999997003354, 25.282348363220347), (58.22999999701258, 25.281606944456083), (58.049999997021835, 25.294467894785218), (57.86999999703106, 25.336840219456626), (57.689999997040296, 25.40659173378876), (57.509999997049526, 25.500756762724567), (57.32077345243681, 25.636271636859497), (57.15253729977119, 25.822021429532953), (56.98470555439985, 26.028796147774734), (56.80977416267944, 26.23070538797591), (56.62172190555441, 26.396683351485006), (56.420458914083625, 26.495375910131088), (56.21756030788431, 26.50168205190961), (56.04328495943412, 26.40494970814621), (55.95487938423123, 26.21882596213852), (56.04616675681281, 25.992761639275923)
Associated file(s): api_response_2024-02-03_23-10-02.json, api_response_2024-02-04_00-50-17.json, api_response_2024-02-03_23-50-08.json, api_response_2024-02-04_00-30-14.json, api_response_2024-02-04_00-10-11.json, api_response_2024-02-03_23-30-05.json

Record time: 2024-02-03T20:57:14Z
Event time: 2024-02-06T08:35:47.200Z
Status: Underway
Travel distance: 785.2068034557235
Waypoints: (68.48999999999992, 22.98407830247558), (68.30999999999997, 23.011281630954876), (68.13, 23.059481692140153), (67.94999999999999, 23.149223230827605), (67.77, 23.28428184387965), (67.59, 23.457272110525107), (67.41, 23.654423686046105), (67.23, 23.8595253588517), (67.05000000000001, 24.057037070938243), (66.86999999656932, 24.23436990049313), (66.68999999657856, 24.36422963934769), (66.5099999965878, 24.498804413873025), (66.32999999659702, 24.594500739080125), (66.14999999660627, 24.66122842786389), (65.96999999661551, 24.703741282889297), (65.78999999662473, 24.72942441655335), (65.60999999663396, 24.74557571551604), (65.42999999664319, 24.756367477529217), (65.24999999665243, 24.761087359074274), (65.06999999666169, 24.75589742772442), (64.8899999966709, 24.741989768551626), (64.70999999668014, 24.74365674930265), (64.52999999668937, 24.754613271041222), (64.34999999669861, 24.749999998730246), (64.16999999670784, 24.749999998730246), (63.98999999671708, 24.749999998730246), (63.80999999672631, 24.749999998730246), (63.62999999673554, 24.749999998730246), (63.449999996744786, 24.749999998730246), (63.269999996754, 24.749999998730246), (63.089999996763254, 24.749999998730246), (62.909999996772484, 24.749999998730246), (62.72999999678173, 24.749999998730246), (62.54999999679096, 24.749999998730246), (62.3699999968002, 24.749999998730246), (62.189999996809426, 24.749999998730246), (62.009999996818664, 24.74538672641927), (61.829999996827894, 24.75172997584686), (61.64999999683714, 24.759740206025473), (61.469999996846376, 24.763069321653244), (61.289999996855585, 24.743908734765014), (61.10999999686484, 24.71979081849219), (60.92999999687408, 24.71704320777756), (60.7499999968833, 24.754797414263713), (60.569999996892555, 24.83763278914168), (60.389999996901764, 24.95493686774651), (60.209999996911016, 25.08506312968626), (60.029999996920246, 25.20236720829109), (59.84999999692947, 25.285202583169056), (59.66999999693871, 25.322956789655205), (59.489999996947944, 25.32020917894058), (59.30999999695718, 25.291477990356775), (59.12999999696641, 25.283273925207112), (58.94999999697565, 25.28365674927494), (58.769999996984886, 25.288715842019325), (58.589999996994116, 25.291536140848095), (58.409999997003354, 25.282348363220347), (58.22999999701258, 25.281606944456083), (58.049999997021835, 25.294467894785218), (57.86999999703106, 25.336840219456626), (57.689999997040296, 25.40659173378876), (57.509999997049526, 25.500756762724567), (57.32077345243681, 25.636271636859497), (57.15253729977119, 25.822021429532953), (56.98470555439985, 26.028796147774734), (56.80977416267944, 26.23070538797591), (56.62172190555441, 26.396683351485006), (56.420458914083625, 26.495375910131088), (56.21756030788431, 26.50168205190961), (56.04328495943412, 26.40494970814621), (55.95487938423123, 26.21882596213852), (56.04616675681281, 25.992761639275923)
Associated file(s): api_response_2024-02-04_01-30-23.json, api_response_2024-02-04_01-10-20.json

Record time: 2024-02-03T21:30:07Z
Event time: 2024-02-06T09:09:06Z
Status: Underway
Travel distance: 785.2068034557235
Waypoints: (68.48999999999992, 22.98407830247558), (68.30999999999997, 23.011281630954876), (68.13, 23.059481692140153), (67.94999999999999, 23.149223230827605), (67.77, 23.28428184387965), (67.59, 23.457272110525107), (67.41, 23.654423686046105), (67.23, 23.8595253588517), (67.05000000000001, 24.057037070938243), (66.86999999656932, 24.23436990049313), (66.68999999657856, 24.36422963934769), (66.5099999965878, 24.498804413873025), (66.32999999659702, 24.594500739080125), (66.14999999660627, 24.66122842786389), (65.96999999661551, 24.703741282889297), (65.78999999662473, 24.72942441655335), (65.60999999663396, 24.74557571551604), (65.42999999664319, 24.756367477529217), (65.24999999665243, 24.761087359074274), (65.06999999666169, 24.75589742772442), (64.8899999966709, 24.741989768551626), (64.70999999668014, 24.74365674930265), (64.52999999668937, 24.754613271041222), (64.34999999669861, 24.749999998730246), (64.16999999670784, 24.749999998730246), (63.98999999671708, 24.749999998730246), (63.80999999672631, 24.749999998730246), (63.62999999673554, 24.749999998730246), (63.449999996744786, 24.749999998730246), (63.269999996754, 24.749999998730246), (63.089999996763254, 24.749999998730246), (62.909999996772484, 24.749999998730246), (62.72999999678173, 24.749999998730246), (62.54999999679096, 24.749999998730246), (62.3699999968002, 24.749999998730246), (62.189999996809426, 24.749999998730246), (62.009999996818664, 24.74538672641927), (61.829999996827894, 24.75172997584686), (61.64999999683714, 24.759740206025473), (61.469999996846376, 24.763069321653244), (61.289999996855585, 24.743908734765014), (61.10999999686484, 24.71979081849219), (60.92999999687408, 24.71704320777756), (60.7499999968833, 24.754797414263713), (60.569999996892555, 24.83763278914168), (60.389999996901764, 24.95493686774651), (60.209999996911016, 25.08506312968626), (60.029999996920246, 25.20236720829109), (59.84999999692947, 25.285202583169056), (59.66999999693871, 25.322956789655205), (59.489999996947944, 25.32020917894058), (59.30999999695718, 25.291477990356775), (59.12999999696641, 25.283273925207112), (58.94999999697565, 25.28365674927494), (58.769999996984886, 25.288715842019325), (58.589999996994116, 25.291536140848095), (58.409999997003354, 25.282348363220347), (58.22999999701258, 25.281606944456083), (58.049999997021835, 25.294467894785218), (57.86999999703106, 25.336840219456626), (57.689999997040296, 25.40659173378876), (57.509999997049526, 25.500756762724567), (57.32077345243681, 25.636271636859497), (57.15253729977119, 25.822021429532953), (56.98470555439985, 26.028796147774734), (56.80977416267944, 26.23070538797591), (56.62172190555441, 26.396683351485006), (56.420458914083625, 26.495375910131088), (56.21756030788431, 26.50168205190961), (56.04328495943412, 26.40494970814621), (55.95487938423123, 26.21882596213852), (56.04616675681281, 25.992761639275923)
Associated file(s): api_response_2024-02-04_01-50-26.json

Record time: 2024-02-03T21:58:04Z
Event time: 2024-02-06T09:48:02.500Z
Status: Underway
Travel distance: 777.6695464362851
Waypoints: (68.31, 22.93395390056169), (68.13000000000002, 22.992514000416072), (67.95000000000002, 23.117558173741735), (67.77000000000001, 23.285023791284775), (67.59, 23.475800707301858), (67.41000000000001, 23.67497433399822), (67.23000000000002, 23.87115254959068), (67.05000000000004, 24.055876439995608), (66.87000000000005, 24.22311487414189), (66.68999999657856, 24.368842911658668), (66.5099999965878, 24.498804413873025), (66.32999999659702, 24.594500739080125), (66.14999999660627, 24.66122842786389), (65.96999999661551, 24.703741282889297), (65.78999999662473, 24.72942441655335), (65.60999999663396, 24.74557571551604), (65.42999999664319, 24.756367477529217), (65.24999999665243, 24.761087359074274), (65.06999999666169, 24.75589742772442), (64.8899999966709, 24.741989768551626), (64.70999999668014, 24.74365674930265), (64.52999999668937, 24.754613271041222), (64.34999999669861, 24.749999998730246), (64.16999999670784, 24.749999998730246), (63.98999999671708, 24.749999998730246), (63.80999999672631, 24.749999998730246), (63.62999999673554, 24.749999998730246), (63.449999996744786, 24.749999998730246), (63.269999996754, 24.749999998730246), (63.089999996763254, 24.749999998730246), (62.909999996772484, 24.749999998730246), (62.72999999678173, 24.749999998730246), (62.54999999679096, 24.749999998730246), (62.3699999968002, 24.749999998730246), (62.189999996809426, 24.749999998730246), (62.009999996818664, 24.74538672641927), (61.829999996827894, 24.75172997584686), (61.64999999683714, 24.759740206025473), (61.469999996846376, 24.763069321653244), (61.289999996855585, 24.743908734765014), (61.10999999686484, 24.71979081849219), (60.92999999687408, 24.71704320777756), (60.7499999968833, 24.754797414263713), (60.569999996892555, 24.83763278914168), (60.389999996901764, 24.95493686774651), (60.209999996911016, 25.08506312968626), (60.029999996920246, 25.20236720829109), (59.84999999692947, 25.285202583169056), (59.66999999693871, 25.322956789655205), (59.489999996947944, 25.32020917894058), (59.30999999695718, 25.291477990356775), (59.12999999696641, 25.283273925207112), (58.94999999697565, 25.28365674927494), (58.769999996984886, 25.288715842019325), (58.589999996994116, 25.291536140848095), (58.409999997003354, 25.282348363220347), (58.22999999701258, 25.281606944456083), (58.049999997021835, 25.294467894785218), (57.86999999703106, 25.336840219456626), (57.689999997040296, 25.40659173378876), (57.509999997049526, 25.500756762724567), (57.32077345243681, 25.636271636859497), (57.15253729977119, 25.822021429532953), (56.98470555439985, 26.028796147774734), (56.80977416267944, 26.23070538797591), (56.62172190555441, 26.396683351485006), (56.420458914083625, 26.495375910131088), (56.21756030788431, 26.50168205190961), (56.04328495943412, 26.40494970814621), (55.95487938423123, 26.21882596213852), (56.04616675681281, 25.992761639275923)
Associated file(s): api_response_2024-02-04_02-50-36.json, api_response_2024-02-04_02-30-32.json, api_response_2024-02-04_02-10-30.json

Record time: 2024-02-03T23:03:44Z
Event time: 2024-02-06T10:32:40.100Z
Status: Underway
Travel distance: 768.7089632829374
Waypoints: (68.12999999999998, 22.950680008321218), (67.95, 23.132176326190976), (67.77, 23.305614836207006), (67.58999999999997, 23.483908471714052), (67.40999999999998, 23.669837442944736), (67.22999999999999, 23.8595484428346), (67.05000000000001, 24.0455285600656), (66.87000000000002, 24.21905389933798), (66.69000000000004, 24.37211290887064), (66.5099999965878, 24.498804413873025), (66.32999999659702, 24.594500739080125), (66.14999999660627, 24.66122842786389), (65.96999999661551, 24.703741282889297), (65.78999999662473, 24.72942441655335), (65.60999999663396, 24.74557571551604), (65.42999999664319, 24.756367477529217), (65.24999999665243, 24.761087359074274), (65.06999999666169, 24.75589742772442), (64.8899999966709, 24.741989768551626), (64.70999999668014, 24.74365674930265), (64.52999999668937, 24.754613271041222), (64.34999999669861, 24.749999998730246), (64.16999999670784, 24.749999998730246), (63.98999999671708, 24.749999998730246), (63.80999999672631, 24.749999998730246), (63.62999999673554, 24.749999998730246), (63.449999996744786, 24.749999998730246), (63.269999996754, 24.749999998730246), (63.089999996763254, 24.749999998730246), (62.909999996772484, 24.749999998730246), (62.72999999678173, 24.749999998730246), (62.54999999679096, 24.749999998730246), (62.3699999968002, 24.749999998730246), (62.189999996809426, 24.749999998730246), (62.009999996818664, 24.74538672641927), (61.829999996827894, 24.75172997584686), (61.64999999683714, 24.759740206025473), (61.469999996846376, 24.763069321653244), (61.289999996855585, 24.743908734765014), (61.10999999686484, 24.71979081849219), (60.92999999687408, 24.71704320777756), (60.7499999968833, 24.754797414263713), (60.569999996892555, 24.83763278914168), (60.389999996901764, 24.95493686774651), (60.209999996911016, 25.08506312968626), (60.029999996920246, 25.20236720829109), (59.84999999692947, 25.285202583169056), (59.66999999693871, 25.322956789655205), (59.489999996947944, 25.32020917894058), (59.30999999695718, 25.291477990356775), (59.12999999696641, 25.283273925207112), (58.94999999697565, 25.28365674927494), (58.769999996984886, 25.288715842019325), (58.589999996994116, 25.291536140848095), (58.409999997003354, 25.282348363220347), (58.22999999701258, 25.281606944456083), (58.049999997021835, 25.294467894785218), (57.86999999703106, 25.336840219456626), (57.689999997040296, 25.40659173378876), (57.509999997049526, 25.500756762724567), (57.32077345243681, 25.636271636859497), (57.15253729977119, 25.822021429532953), (56.98470555439985, 26.028796147774734), (56.80977416267944, 26.23070538797591), (56.62172190555441, 26.396683351485006), (56.420458914083625, 26.495375910131088), (56.21756030788431, 26.50168205190961), (56.04328495943412, 26.40494970814621), (55.95487938423123, 26.21882596213852), (56.04616675681281, 25.992761639275923)
Associated file(s): api_response_2024-02-04_03-50-44.json, api_response_2024-02-04_03-30-41.json, api_response_2024-02-04_03-10-38.json

Record time: 2024-02-03T23:47:04Z
Event time: 2024-02-06T11:09:28.222Z
Status: Underway
Travel distance: 762.3266738660907
Waypoints: (67.94807680465986, 22.950680008321218), (67.77990355731224, 23.132176326190976), (67.58437138486765, 23.305614836207006), (67.39398751330779, 23.483908471714052), (67.22261951320989, 23.669837442944736), (67.07152065982207, 23.8595484428346), (66.93444136125014, 24.0455285600656), (66.80182665475594, 24.21905389933798), (66.66409977116705, 24.37211290887064), (66.51403176398563, 24.498804413873025), (66.34610768269124, 24.594500739080125), (66.1628173340669, 24.66122842786389), (65.97128415329871, 24.703741282889297), (65.7819897664461, 24.72942441655335), (65.60365674720637, 24.74557571551604), (65.43461326895417, 24.756367477529217), (65.24999999665243, 24.761087359074274), (65.06999999666169, 24.75589742772442), (64.8899999966709, 24.741989768551626), (64.70999999668014, 24.74365674930265), (64.52999999668937, 24.754613271041222), (64.34999999669861, 24.749999998730246), (64.16999999670784, 24.749999998730246), (63.98999999671708, 24.749999998730246), (63.80999999672631, 24.749999998730246), (63.62999999673554, 24.749999998730246), (63.449999996744786, 24.749999998730246), (63.269999996754, 24.749999998730246), (63.089999996763254, 24.749999998730246), (62.909999996772484, 24.749999998730246), (62.72999999678173, 24.749999998730246), (62.54999999679096, 24.749999998730246), (62.3699999968002, 24.749999998730246), (62.189999996809426, 24.749999998730246), (62.009999996818664, 24.74538672641927), (61.829999996827894, 24.75172997584686), (61.64999999683714, 24.759740206025473), (61.469999996846376, 24.763069321653244), (61.289999996855585, 24.743908734765014), (61.10999999686484, 24.71979081849219), (60.92999999687408, 24.71704320777756), (60.7499999968833, 24.754797414263713), (60.569999996892555, 24.83763278914168), (60.389999996901764, 24.95493686774651), (60.209999996911016, 25.08506312968626), (60.029999996920246, 25.20236720829109), (59.84999999692947, 25.285202583169056), (59.66999999693871, 25.322956789655205), (59.489999996947944, 25.32020917894058), (59.30999999695718, 25.291477990356775), (59.12999999696641, 25.283273925207112), (58.94999999697565, 25.28365674927494), (58.769999996984886, 25.288715842019325), (58.589999996994116, 25.291536140848095), (58.409999997003354, 25.282348363220347), (58.22999999701258, 25.281606944456083), (58.049999997021835, 25.294467894785218), (57.86999999703106, 25.336840219456626), (57.689999997040296, 25.40659173378876), (57.509999997049526, 25.500756762724567), (57.32077345243681, 25.636271636859497), (57.15253729977119, 25.822021429532953), (56.98470555439985, 26.028796147774734), (56.80977416267944, 26.23070538797591), (56.62172190555441, 26.396683351485006), (56.420458914083625, 26.495375910131088), (56.21756030788431, 26.50168205190961), (56.04328495943412, 26.40494970814621), (55.95487938423123, 26.21882596213852), (56.04616675681281, 25.992761639275923)
Associated file(s): api_response_2024-02-04_04-50-53.json, api_response_2024-02-04_04-10-47.json, api_response_2024-02-04_04-30-50.json, api_response_2024-02-04_05-10-56.json

Record time: 2024-02-04T01:09:24Z
Event time: 2024-02-06T11:45:21.625Z
Status: Underway
Travel distance: 743.1841252699784
Waypoints: (67.60701818181819, 23.135321739130422), (67.37140728104846, 23.30249244851257), (67.22006260967461, 23.482107363036732), (67.11213388807988, 23.67074529546371), (67.01866503505917, 23.861813433840343), (66.92060154431651, 24.04729040247677), (66.80693015333034, 24.219160156144824), (66.67295080458648, 24.37053670749763), (66.51868089917893, 24.49647968771031), (66.34739183937444, 24.594500739080125), (66.15480710388829, 24.66122842786389), (65.96494090387111, 24.703741282889297), (65.78660303875708, 24.72942441655335), (65.60365674720637, 24.74557571551604), (65.43461326895417, 24.756367477529217), (65.24999999665243, 24.761087359074274), (65.06999999666169, 24.75589742772442), (64.8899999966709, 24.741989768551626), (64.70999999668014, 24.74365674930265), (64.52999999668937, 24.754613271041222), (64.34999999669861, 24.749999998730246), (64.16999999670784, 24.749999998730246), (63.98999999671708, 24.749999998730246), (63.80999999672631, 24.749999998730246), (63.62999999673554, 24.749999998730246), (63.449999996744786, 24.749999998730246), (63.269999996754, 24.749999998730246), (63.089999996763254, 24.749999998730246), (62.909999996772484, 24.749999998730246), (62.72999999678173, 24.749999998730246), (62.54999999679096, 24.749999998730246), (62.3699999968002, 24.749999998730246), (62.189999996809426, 24.749999998730246), (62.009999996818664, 24.74538672641927), (61.829999996827894, 24.75172997584686), (61.64999999683714, 24.759740206025473), (61.469999996846376, 24.763069321653244), (61.289999996855585, 24.743908734765014), (61.10999999686484, 24.71979081849219), (60.92999999687408, 24.71704320777756), (60.7499999968833, 24.754797414263713), (60.569999996892555, 24.83763278914168), (60.389999996901764, 24.95493686774651), (60.209999996911016, 25.08506312968626), (60.029999996920246, 25.20236720829109), (59.84999999692947, 25.285202583169056), (59.66999999693871, 25.322956789655205), (59.489999996947944, 25.32020917894058), (59.30999999695718, 25.291477990356775), (59.12999999696641, 25.283273925207112), (58.94999999697565, 25.28365674927494), (58.769999996984886, 25.288715842019325), (58.589999996994116, 25.291536140848095), (58.409999997003354, 25.282348363220347), (58.22999999701258, 25.281606944456083), (58.049999997021835, 25.294467894785218), (57.86999999703106, 25.336840219456626), (57.689999997040296, 25.40659173378876), (57.509999997049526, 25.500756762724567), (57.32077345243681, 25.636271636859497), (57.15253729977119, 25.822021429532953), (56.98470555439985, 26.028796147774734), (56.80977416267944, 26.23070538797591), (56.62172190555441, 26.396683351485006), (56.420458914083625, 26.495375910131088), (56.21756030788431, 26.50168205190961), (56.04328495943412, 26.40494970814621), (55.95487938423123, 26.21882596213852), (56.04616675681281, 25.992761639275923)
Associated file(s): api_response_2024-02-04_06-31-08.json, api_response_2024-02-04_05-51-01.json, api_response_2024-02-04_07-11-14.json, api_response_2024-02-04_06-51-11.json, api_response_2024-02-04_05-30-59.json, api_response_2024-02-04_06-11-05.json

Record time: 2024-02-04T03:00:53Z
Event time: 2024-02-06T11:14:51.222Z
Status: Underway
Travel distance: 706.4719222462203
Waypoints: (67.23, 23.151773746619508), (67.05000000000003, 23.28315265238193), (66.87000000000003, 23.42242240360258), (66.69000000000003, 23.56835435088535), (66.51000000000003, 23.71389025807952), (66.33000000000004, 23.850025301337514), (66.15000000000005, 23.96880572694233), (65.97000000000006, 24.065441167904645), (65.79000000000006, 24.139531619329645), (65.60999999663396, 24.1954090713122), (65.42999999664319, 24.220748147902633), (65.24999999665243, 24.25962659722087), (65.06999999666169, 24.34725454175804), (64.8899999966709, 24.456281867099065), (64.70999999668014, 24.570634808269666), (64.52999999668937, 24.668099877587593), (64.34999999669861, 24.746525506874185), (64.16999999670784, 24.77142360890548), (63.98999999671708, 24.770914792106474), (63.80999999672631, 24.757758243446496), (63.62999999673554, 24.747887197545808), (63.449999996744786, 24.735646519124032), (63.269999996754, 24.748270021613628), (63.089999996763254, 24.754613271041222), (62.909999996772484, 24.749999998730246), (62.72999999678173, 24.749999998730246), (62.54999999679096, 24.749999998730246), (62.3699999968002, 24.749999998730246), (62.189999996809426, 24.749999998730246), (62.009999996818664, 24.74538672641927), (61.829999996827894, 24.75172997584686), (61.64999999683714, 24.759740206025473), (61.469999996846376, 24.763069321653244), (61.289999996855585, 24.743908734765014), (61.10999999686484, 24.71979081849219), (60.92999999687408, 24.71704320777756), (60.7499999968833, 24.754797414263713), (60.569999996892555, 24.83763278914168), (60.389999996901764, 24.95493686774651), (60.209999996911016, 25.08506312968626), (60.029999996920246, 25.20236720829109), (59.84999999692947, 25.285202583169056), (59.66999999693871, 25.322956789655205), (59.489999996947944, 25.32020917894058), (59.30999999695718, 25.291477990356775), (59.12999999696641, 25.283273925207112), (58.94999999697565, 25.28365674927494), (58.769999996984886, 25.288715842019325), (58.589999996994116, 25.291536140848095), (58.409999997003354, 25.282348363220347), (58.22999999701258, 25.281606944456083), (58.049999997021835, 25.294467894785218), (57.86999999703106, 25.336840219456626), (57.689999997040296, 25.40659173378876), (57.509999997049526, 25.500756762724567), (57.32077345243681, 25.636271636859497), (57.15253729977119, 25.822021429532953), (56.98470555439985, 26.028796147774734), (56.80977416267944, 26.23070538797591), (56.62172190555441, 26.396683351485006), (56.420458914083625, 26.495375910131088), (56.21756030788431, 26.50168205190961), (56.04328495943412, 26.40494970814621), (55.95487938423123, 26.21882596213852), (56.04616675681281, 25.992761639275923)
Associated file(s): api_response_2024-02-04_07-31-17.json, api_response_2024-02-04_08-11-22.json, api_response_2024-02-04_07-51-19.json, api_response_2024-02-04_08-31-25.json

Record time: 2024-02-04T04:38:28Z
Event time: 2024-02-06T10:32:41.428Z
Status: Underway
Travel distance: 693.1290496760259
Waypoints: (66.86999999999998, 23.313871853546907), (66.68999999999998, 23.488270022883285), (66.50999999999998, 23.660051420110364), (66.32999999999996, 23.843535603715154), (66.14999999999995, 24.037450531700078), (65.96999999999996, 24.23140907255349), (65.78999999999996, 24.411266119262333), (65.60999999999999, 24.563356306366924), (65.43, 24.67761233005787), (65.24999999665243, 24.749563870045385), (65.06999999666169, 24.774500739070895), (64.8899999966709, 24.77046897167306), (64.70999999668014, 24.75436128557886), (64.52999999668937, 24.741543948118213), (64.34999999669861, 24.740259791435008), (64.16999999670784, 24.748270021613628), (63.98999999671708, 24.754613271041222), (63.80999999672631, 24.749999998730246), (63.62999999673554, 24.749999998730246), (63.449999996744786, 24.749999998730246), (63.269999996754, 24.749999998730246), (63.089999996763254, 24.749999998730246), (62.909999996772484, 24.749999998730246), (62.72999999678173, 24.749999998730246), (62.54999999679096, 24.749999998730246), (62.3699999968002, 24.749999998730246), (62.189999996809426, 24.749999998730246), (62.009999996818664, 24.74538672641927), (61.829999996827894, 24.75172997584686), (61.64999999683714, 24.759740206025473), (61.469999996846376, 24.763069321653244), (61.289999996855585, 24.743908734765014), (61.10999999686484, 24.71979081849219), (60.92999999687408, 24.71704320777756), (60.7499999968833, 24.754797414263713), (60.569999996892555, 24.83763278914168), (60.389999996901764, 24.95493686774651), (60.209999996911016, 25.08506312968626), (60.029999996920246, 25.20236720829109), (59.84999999692947, 25.285202583169056), (59.66999999693871, 25.322956789655205), (59.489999996947944, 25.32020917894058), (59.30999999695718, 25.291477990356775), (59.12999999696641, 25.283273925207112), (58.94999999697565, 25.28365674927494), (58.769999996984886, 25.288715842019325), (58.589999996994116, 25.291536140848095), (58.409999997003354, 25.282348363220347), (58.22999999701258, 25.281606944456083), (58.049999997021835, 25.294467894785218), (57.86999999703106, 25.336840219456626), (57.689999997040296, 25.40659173378876), (57.509999997049526, 25.500756762724567), (57.32077345243681, 25.636271636859497), (57.15253729977119, 25.822021429532953), (56.98470555439985, 26.028796147774734), (56.80977416267944, 26.23070538797591), (56.62172190555441, 26.396683351485006), (56.420458914083625, 26.495375910131088), (56.21756030788431, 26.50168205190961), (56.04328495943412, 26.40494970814621), (55.95487938423123, 26.21882596213852), (56.04616675681281, 25.992761639275923)
Associated file(s): api_response_2024-02-04_10-51-45.json, api_response_2024-02-04_09-11-31.json, api_response_2024-02-04_11-31-51.json, api_response_2024-02-04_10-31-42.json, api_response_2024-02-04_11-11-48.json, api_response_2024-02-04_09-31-33.json, api_response_2024-02-04_08-51-28.json, api_response_2024-02-04_10-11-39.json, api_response_2024-02-04_09-51-36.json, api_response_2024-02-04_11-51-54.json

Record time: 2024-02-04T07:35:24Z
Event time: 2024-02-06T11:07:01.600Z
Status: Underway
Travel distance: 653.8585313174946
Waypoints: (66.14999999999998, 23.313871853546907), (65.96999999999997, 23.488270022883285), (65.78999999999996, 23.660051420110364), (65.60999999999996, 23.843535603715154), (65.42999999999996, 24.037450531700078), (65.24999999999997, 24.23140907255349), (65.06999999999998, 24.411266119262333), (64.89, 24.563356306366924), (64.71000000000001, 24.67761233005787), (64.52999999668937, 24.749563870045385), (64.34999999669861, 24.774500739070895), (64.16999999670784, 24.77046897167306), (63.98999999671708, 24.75436128557886), (63.80999999672631, 24.741543948118213), (63.62999999673554, 24.740259791435008), (63.449999996744786, 24.748270021613628), (63.269999996754, 24.754613271041222), (63.089999996763254, 24.749999998730246), (62.909999996772484, 24.749999998730246), (62.72999999678173, 24.749999998730246), (62.54999999679096, 24.749999998730246), (62.3699999968002, 24.749999998730246), (62.189999996809426, 24.749999998730246), (62.009999996818664, 24.74538672641927), (61.829999996827894, 24.75172997584686), (61.64999999683714, 24.759740206025473), (61.469999996846376, 24.763069321653244), (61.289999996855585, 24.743908734765014), (61.10999999686484, 24.71979081849219), (60.92999999687408, 24.71704320777756), (60.7499999968833, 24.754797414263713), (60.569999996892555, 24.83763278914168), (60.389999996901764, 24.95493686774651), (60.209999996911016, 25.08506312968626), (60.029999996920246, 25.20236720829109), (59.84999999692947, 25.285202583169056), (59.66999999693871, 25.322956789655205), (59.489999996947944, 25.32020917894058), (59.30999999695718, 25.291477990356775), (59.12999999696641, 25.283273925207112), (58.94999999697565, 25.28365674927494), (58.769999996984886, 25.288715842019325), (58.589999996994116, 25.291536140848095), (58.409999997003354, 25.282348363220347), (58.22999999701258, 25.281606944456083), (58.049999997021835, 25.294467894785218), (57.86999999703106, 25.336840219456626), (57.689999997040296, 25.40659173378876), (57.509999997049526, 25.500756762724567), (57.32077345243681, 25.636271636859497), (57.15253729977119, 25.822021429532953), (56.98470555439985, 26.028796147774734), (56.80977416267944, 26.23070538797591), (56.62172190555441, 26.396683351485006), (56.420458914083625, 26.495375910131088), (56.21756030788431, 26.50168205190961), (56.04328495943412, 26.40494970814621), (55.95487938423123, 26.21882596213852), (56.04616675681281, 25.992761639275923)
Associated file(s): api_response_2024-02-04_13-32-10.json, api_response_2024-02-04_12-52-04.json, api_response_2024-02-04_12-11-57.json, api_response_2024-02-04_13-12-07.json, api_response_2024-02-04_13-52-13.json, api_response_2024-02-04_14-52-22.json, api_response_2024-02-04_14-12-16.json, api_response_2024-02-04_14-32-19.json, api_response_2024-02-04_12-32-00.json

Record time: 2024-02-04T10:49:41Z
Event time: 2024-02-06T10:15:36Z
Status: Underway
Travel distance: 609.3763498920086
Waypoints: (65.42999999999999, 23.49193368004993), (65.25000000000003, 23.473591928437695), (65.07000000000004, 23.528529047100434), (64.89000000000003, 23.65142250394646), (64.71000000000002, 23.825263941066353), (64.53000000000003, 24.027105897037426), (64.35000000000004, 24.23279767985415), (64.17000000000003, 24.42071039048448), (63.990000000000045, 24.574451097052105), (63.80999999672631, 24.68456615837824), (63.62999999673554, 24.74495059773441), (63.449999996744786, 24.774500739070895), (63.269999996754, 24.77046897167306), (63.089999996763254, 24.75436128557886), (62.909999996772484, 24.741543948118213), (62.72999999678173, 24.740259791435008), (62.54999999679096, 24.748270021613628), (62.3699999968002, 24.754613271041222), (62.189999996809426, 24.749999998730246), (62.009999996818664, 24.74538672641927), (61.829999996827894, 24.75172997584686), (61.64999999683714, 24.759740206025473), (61.469999996846376, 24.763069321653244), (61.289999996855585, 24.743908734765014), (61.10999999686484, 24.71979081849219), (60.92999999687408, 24.71704320777756), (60.7499999968833, 24.754797414263713), (60.569999996892555, 24.83763278914168), (60.389999996901764, 24.95493686774651), (60.209999996911016, 25.08506312968626), (60.029999996920246, 25.20236720829109), (59.84999999692947, 25.285202583169056), (59.66999999693871, 25.322956789655205), (59.489999996947944, 25.32020917894058), (59.30999999695718, 25.291477990356775), (59.12999999696641, 25.283273925207112), (58.94999999697565, 25.28365674927494), (58.769999996984886, 25.288715842019325), (58.589999996994116, 25.291536140848095), (58.409999997003354, 25.282348363220347), (58.22999999701258, 25.281606944456083), (58.049999997021835, 25.294467894785218), (57.86999999703106, 25.336840219456626), (57.689999997040296, 25.40659173378876), (57.509999997049526, 25.500756762724567), (57.32077345243681, 25.636271636859497), (57.15253729977119, 25.822021429532953), (56.98470555439985, 26.028796147774734), (56.80977416267944, 26.23070538797591), (56.62172190555441, 26.396683351485006), (56.420458914083625, 26.495375910131088), (56.21756030788431, 26.50168205190961), (56.04328495943412, 26.40494970814621), (55.95487938423123, 26.21882596213852), (56.04616675681281, 25.992761639275923)
Associated file(s): api_response_2024-02-04_15-32-28.json, api_response_2024-02-04_15-12-25.json, api_response_2024-02-04_15-52-31.json

Record time: 2024-02-04T11:53:21Z
Event time: 2024-02-06T09:43:07Z
Status: Underway
Travel distance: 595.4071274298057
Waypoints: (65.25, 23.68247830247556), (65.07000000000001, 23.63472693987936), (64.89, 23.69885183617031), (64.71, 23.840673277940276), (64.53, 24.026319264797674), (64.35, 24.225093782351728), (64.17000000000002, 24.41165405352489), (63.99000000000002, 24.56749676819345), (63.810000000000045, 24.681753291156284), (63.62999999673554, 24.751293847162003), (63.449999996744786, 24.76988746675992), (63.269999996754, 24.77046897167306), (63.089999996763254, 24.75436128557886), (62.909999996772484, 24.741543948118213), (62.72999999678173, 24.740259791435008), (62.54999999679096, 24.748270021613628), (62.3699999968002, 24.754613271041222), (62.189999996809426, 24.749999998730246), (62.009999996818664, 24.74538672641927), (61.829999996827894, 24.75172997584686), (61.64999999683714, 24.759740206025473), (61.469999996846376, 24.763069321653244), (61.289999996855585, 24.743908734765014), (61.10999999686484, 24.71979081849219), (60.92999999687408, 24.71704320777756), (60.7499999968833, 24.754797414263713), (60.569999996892555, 24.83763278914168), (60.389999996901764, 24.95493686774651), (60.209999996911016, 25.08506312968626), (60.029999996920246, 25.20236720829109), (59.84999999692947, 25.285202583169056), (59.66999999693871, 25.322956789655205), (59.489999996947944, 25.32020917894058), (59.30999999695718, 25.291477990356775), (59.12999999696641, 25.283273925207112), (58.94999999697565, 25.28365674927494), (58.769999996984886, 25.288715842019325), (58.589999996994116, 25.291536140848095), (58.409999997003354, 25.282348363220347), (58.22999999701258, 25.281606944456083), (58.049999997021835, 25.294467894785218), (57.86999999703106, 25.336840219456626), (57.689999997040296, 25.40659173378876), (57.509999997049526, 25.500756762724567), (57.32077345243681, 25.636271636859497), (57.15253729977119, 25.822021429532953), (56.98470555439985, 26.028796147774734), (56.80977416267944, 26.23070538797591), (56.62172190555441, 26.396683351485006), (56.420458914083625, 26.495375910131088), (56.21756030788431, 26.50168205190961), (56.04328495943412, 26.40494970814621), (55.95487938423123, 26.21882596213852), (56.04616675681281, 25.992761639275923)
Associated file(s): api_response_2024-02-04_16-12-34.json, api_response_2024-02-04_18-52-59.json, api_response_2024-02-04_16-52-40.json, api_response_2024-02-04_16-32-37.json, api_response_2024-02-04_17-32-47.json, api_response_2024-02-04_18-32-56.json, api_response_2024-02-04_18-12-53.json, api_response_2024-02-04_17-12-43.json, api_response_2024-02-04_17-52-50.json

Record time: 2024-02-04T14:54:23Z
Event time: 2024-02-06T09:46:08.800Z
Status: Underway
Travel distance: 551.2078833693305
Waypoints: (64.53000000000002, 23.857107135427505), (64.35000000000002, 24.00738048679012), (64.17000000000002, 24.216584074695007), (63.99, 24.419473708684645), (63.809999999999995, 24.5816734174427), (63.63, 24.691076444890417), (63.45000000000002, 24.750411679046493), (63.270000000000024, 24.77097551365045), (63.09000000000004, 24.76752914254949), (62.909999996772484, 24.75436128557886), (62.72999999678173, 24.741543948118213), (62.54999999679096, 24.740259791435008), (62.3699999968002, 24.748270021613628), (62.189999996809426, 24.754613271041222), (62.009999996818664, 24.74538672641927), (61.829999996827894, 24.75172997584686), (61.64999999683714, 24.759740206025473), (61.469999996846376, 24.763069321653244), (61.289999996855585, 24.743908734765014), (61.10999999686484, 24.71979081849219), (60.92999999687408, 24.71704320777756), (60.7499999968833, 24.754797414263713), (60.569999996892555, 24.83763278914168), (60.389999996901764, 24.95493686774651), (60.209999996911016, 25.08506312968626), (60.029999996920246, 25.20236720829109), (59.84999999692947, 25.285202583169056), (59.66999999693871, 25.322956789655205), (59.489999996947944, 25.32020917894058), (59.30999999695718, 25.291477990356775), (59.12999999696641, 25.283273925207112), (58.94999999697565, 25.28365674927494), (58.769999996984886, 25.288715842019325), (58.589999996994116, 25.291536140848095), (58.409999997003354, 25.282348363220347), (58.22999999701258, 25.281606944456083), (58.049999997021835, 25.294467894785218), (57.86999999703106, 25.336840219456626), (57.689999997040296, 25.40659173378876), (57.509999997049526, 25.500756762724567), (57.32077345243681, 25.636271636859497), (57.15253729977119, 25.822021429532953), (56.98470555439985, 26.028796147774734), (56.80977416267944, 26.23070538797591), (56.62172190555441, 26.396683351485006), (56.420458914083625, 26.495375910131088), (56.21756030788431, 26.50168205190961), (56.04328495943412, 26.40494970814621), (55.95487938423123, 26.21882596213852), (56.04616675681281, 25.992761639275923)
Associated file(s): api_response_2024-02-04_20-13-11.json, api_response_2024-02-04_19-13-02.json, api_response_2024-02-04_19-33-05.json, api_response_2024-02-04_19-53-08.json

Record time: 2024-02-04T16:15:54Z
Event time: 2024-02-06T09:12:56.777Z
Status: Underway
Travel distance: 531.5523758099353
Waypoints: (64.16999999999999, 23.857107135427505), (63.99000000000001, 24.00738048679012), (63.81000000000001, 24.216584074695007), (63.63000000000001, 24.419473708684645), (63.45000000000001, 24.5816734174427), (63.27000000000002, 24.691076444890417), (63.09000000000002, 24.750411679046493), (62.910000000000025, 24.77097551365045), (62.73000000000003, 24.76752914254949), (62.54999999679096, 24.75436128557886), (62.3699999968002, 24.741543948118213), (62.189999996809426, 24.740259791435008), (62.009999996818664, 24.74365674930265), (61.829999996827894, 24.756343248157837), (61.64999999683714, 24.759740206025473), (61.469999996846376, 24.763069321653244), (61.289999996855585, 24.743908734765014), (61.10999999686484, 24.71979081849219), (60.92999999687408, 24.71704320777756), (60.7499999968833, 24.754797414263713), (60.569999996892555, 24.83763278914168), (60.389999996901764, 24.95493686774651), (60.209999996911016, 25.08506312968626), (60.029999996920246, 25.20236720829109), (59.84999999692947, 25.285202583169056), (59.66999999693871, 25.322956789655205), (59.489999996947944, 25.32020917894058), (59.30999999695718, 25.291477990356775), (59.12999999696641, 25.283273925207112), (58.94999999697565, 25.28365674927494), (58.769999996984886, 25.288715842019325), (58.589999996994116, 25.291536140848095), (58.409999997003354, 25.282348363220347), (58.22999999701258, 25.281606944456083), (58.049999997021835, 25.294467894785218), (57.86999999703106, 25.336840219456626), (57.689999997040296, 25.40659173378876), (57.509999997049526, 25.500756762724567), (57.32077345243681, 25.636271636859497), (57.15253729977119, 25.822021429532953), (56.98470555439985, 26.028796147774734), (56.80977416267944, 26.23070538797591), (56.62172190555441, 26.396683351485006), (56.420458914083625, 26.495375910131088), (56.21756030788431, 26.50168205190961), (56.04328495943412, 26.40494970814621), (55.95487938423123, 26.21882596213852), (56.04616675681281, 25.992761639275923)
Associated file(s): api_response_2024-02-04_22-33-32.json, api_response_2024-02-04_20-33-14.json, api_response_2024-02-04_21-53-26.json, api_response_2024-02-04_21-33-22.json, api_response_2024-02-04_22-13-29.json, api_response_2024-02-04_20-53-17.json, api_response_2024-02-04_21-13-20.json

Record time: 2024-02-04T18:33:44Z
Event time: 2024-02-06T10:02:26.200Z
Status: Underway
Travel distance: 507.6128509719222
Waypoints: (63.62823254909584, 23.939414491556082), (63.55823449348632, 24.019365962560922), (63.48823643787676, 24.092300759769838), (63.41823838226718, 24.155879991917544), (63.3482403266576, 24.21205273505846), (63.27824227104803, 24.26481403822528), (63.20824421543847, 24.31841622848986), (63.13824615982891, 24.37603351542655), (63.06824810421935, 24.438879894977802), (62.99825004537775, 24.50578035146499), (62.92825198977176, 24.578639984301304), (62.85825393416579, 24.643438238576955), (62.78825587855981, 24.6911110110658), (62.71825782295384, 24.716416615123656), (62.64825976734785, 24.72185432313102), (62.578261711741874, 24.722080501626994), (62.5082636561359, 24.714021007887133), (62.43826560052994, 24.713297236700015), (62.36826754492397, 24.7134461375432), (62.29826948931799, 24.712946660031257), (62.22827143371201, 24.710928016954696), (62.15827337810604, 24.707853874230253), (62.08827532250007, 24.71255084766331), (62.018277266894074, 24.72381830640439), (61.94827921128813, 24.73827865158031), (61.878281155682146, 24.75884958578911), (61.80828310007616, 24.780014238549843), (61.738285044470175, 24.78831498935207), (61.668286988864196, 24.783116653586276), (61.598288933258225, 24.780332773265002), (61.52829087765227, 24.77811810882526), (61.45829282204629, 24.789319598838354), (61.38829476644031, 24.817914215191827), (61.318296710834325, 24.854082041518815), (61.24829865522835, 24.880774873685304), (61.17830059962238, 24.910683210136224), (61.1083025440164, 24.945024645108223), (61.03830448841043, 24.989962542616585), (60.968306432804454, 25.037354476806268), (60.898308377198454, 25.075948067502576), (60.82831032159251, 25.09555774310349), (60.758312265986525, 25.098752514359113), (60.68831421038055, 25.067720824711525), (60.618316154774575, 25.011500389895676), (60.548318099168604, 24.956271370820506), (60.47832004356263, 24.918933070776855), (60.408321987956654, 24.904184348018575), (60.338323932350676, 24.921430458336566), (60.268325876744704, 24.947738787059905), (60.198327821138726, 24.97576230271104), (60.12832976553274, 24.991370503754023), (60.05833170992677, 24.9959072674191), (59.9883336543208, 24.993651136921763), (59.918335598714826, 24.991091550275662), (59.848337543108855, 24.99376988063215), (59.778339487502876, 25.004537861861294), (59.7083414318969, 25.022735806683173), (59.638343376290926, 25.03764850885103), (59.56834532068494, 25.042728100906437), (59.49834726507898, 25.05292686625405), (59.428349209473, 25.072308478538194), (59.35835115386701, 25.101453462565196), (59.288353098261055, 25.14685502599031), (59.21835504265506, 25.194501410987957), (59.14835698704909, 25.237160560149384), (59.07835893144311, 25.269155393225653), (59.008360875837134, 25.278971539950906), (58.938362820231184, 25.286861399818786), (58.868364764625184, 25.289396483794494), (58.79836670901922, 25.292789161234097), (58.728368653413256, 25.31196344323027), (58.65837059780727, 25.330702331621687), (58.5883725422013, 25.34372455852737), (58.51837448659532, 25.355875998223553), (58.44837643098934, 25.37448106433818), (58.37837837538336, 25.3898291601108), (58.3083803197774, 25.407429616739147), (58.23838226417141, 25.423778552356442), (58.168384208565456, 25.459665540384258), (58.09838615295947, 25.488812409232064), (58.02838809735349, 25.52333855664244), (57.958390041747506, 25.55739349885288), (57.88839198614154, 25.592096819418437), (57.81839393053556, 25.617219595858707), (57.74839587492958, 25.61759090555627), (57.678397819323614, 25.603554645060296), (57.60839976371764, 25.58137972835088), (57.53840170811167, 25.558594129702335), (57.468403652505685, 25.55317526990296), (57.398405596899714, 25.57383856033095), (57.32840754129375, 25.62183929163897), (57.25661548517795, 25.68886728892076), (57.189084180272964, 25.766435204114927), (57.122201127653035, 25.839296721772037), (57.053497692162864, 25.90373686009573), (56.97425450367756, 25.940669923667425), (56.89913827014654, 25.975001934535417), (56.82871998122786, 26.009982323758546), (56.76978932582578, 26.05179895802248), (56.727519131040545, 26.104524935075535), (56.70185851660558, 26.16735732125701), (56.687159772932766, 26.24926597875307), (56.67404397088626, 26.33299725796251), (56.652510311405585, 26.413175649964376), (56.615294223098616, 26.47100572174324), (56.56047921592493, 26.50926946879958), (56.488779498070684, 26.527529612707852), (56.422753872165, 26.521262583548584), (56.35474014695487, 26.496588394458662), (56.27798934063656, 26.462974250363594), (56.2005028233302, 26.420168776278537), (56.12594603288787, 26.370432816112334), (56.058937938154855, 26.315022602928096), (56.005132073396574, 26.254370703099408), (55.97127062213742, 26.18854666651377), (55.96521155330295, 26.117997384182836), (55.99592880966533, 26.044567153259294), (56.07348554859199, 25.972797449460426)
Associated file(s): api_response_2024-02-04_23-33-41.json, api_response_2024-02-04_22-53-35.json, api_response_2024-02-05_00-13-47.json, api_response_2024-02-05_00-53-54.json, api_response_2024-02-04_23-13-38.json, api_response_2024-02-05_01-54-03.json, api_response_2024-02-05_00-33-50.json, api_response_2024-02-05_02-34-09.json, api_response_2024-02-05_01-13-57.json, api_response_2024-02-04_23-53-44.json, api_response_2024-02-05_01-34-00.json, api_response_2024-02-05_02-14-06.json

Record time: 2024-02-04T22:33:33Z
Event time: 2024-02-06T10:04:33Z
Status: Underway
Travel distance: 452.6328293736501
Waypoints: (62.71825782617148, 24.15839153276812), (62.64825977056193, 24.21754622233863), (62.57826171495236, 24.288579395284657), (62.50826365934278, 24.36528947713257), (62.43826560373321, 24.442198664595892), (62.36826754812364, 24.51479437111976), (62.29826949251408, 24.579690756023478), (62.22827143690453, 24.634710337241145), (62.15827338129497, 24.678885687660394), (62.08827532250007, 24.712381213791325), (62.018277266894074, 24.733347960368086), (61.94827921128813, 24.746240134638576), (61.878281155682146, 24.760545924508914), (61.80828310007616, 24.776725226254225), (61.738285044470175, 24.784526499544512), (61.668286988864196, 24.782443772560754), (61.598288933258225, 24.78212712266639), (61.52829087765227, 24.77811810882526), (61.45829282204629, 24.789319598838354), (61.38829476644031, 24.817914215191827), (61.318296710834325, 24.854082041518815), (61.24829865522835, 24.880774873685304), (61.17830059962238, 24.910683210136224), (61.1083025440164, 24.945024645108223), (61.03830448841043, 24.989962542616585), (60.968306432804454, 25.037354476806268), (60.898308377198454, 25.075948067502576), (60.82831032159251, 25.09555774310349), (60.758312265986525, 25.098752514359113), (60.68831421038055, 25.067720824711525), (60.618316154774575, 25.011500389895676), (60.548318099168604, 24.956271370820506), (60.47832004356263, 24.918933070776855), (60.408321987956654, 24.904184348018575), (60.338323932350676, 24.921430458336566), (60.268325876744704, 24.947738787059905), (60.198327821138726, 24.97576230271104), (60.12832976553274, 24.991370503754023), (60.05833170992677, 24.9959072674191), (59.9883336543208, 24.993651136921763), (59.918335598714826, 24.991091550275662), (59.848337543108855, 24.99376988063215), (59.778339487502876, 25.004537861861294), (59.7083414318969, 25.022735806683173), (59.638343376290926, 25.03764850885103), (59.56834532068494, 25.042728100906437), (59.49834726507898, 25.05292686625405), (59.428349209473, 25.072308478538194), (59.35835115386701, 25.101453462565196), (59.288353098261055, 25.14685502599031), (59.21835504265506, 25.194501410987957), (59.14835698704909, 25.237160560149384), (59.07835893144311, 25.269155393225653), (59.008360875837134, 25.278971539950906), (58.938362820231184, 25.286861399818786), (58.868364764625184, 25.289396483794494), (58.79836670901922, 25.292789161234097), (58.728368653413256, 25.31196344323027), (58.65837059780727, 25.330702331621687), (58.5883725422013, 25.34372455852737), (58.51837448659532, 25.355875998223553), (58.44837643098934, 25.37448106433818), (58.37837837538336, 25.3898291601108), (58.3083803197774, 25.407429616739147), (58.23838226417141, 25.423778552356442), (58.168384208565456, 25.459665540384258), (58.09838615295947, 25.488812409232064), (58.02838809735349, 25.52333855664244), (57.958390041747506, 25.55739349885288), (57.88839198614154, 25.592096819418437), (57.81839393053556, 25.617219595858707), (57.74839587492958, 25.61759090555627), (57.678397819323614, 25.603554645060296), (57.60839976371764, 25.58137972835088), (57.53840170811167, 25.558594129702335), (57.468403652505685, 25.55317526990296), (57.398405596899714, 25.57383856033095), (57.32840754129375, 25.62183929163897), (57.25661548517795, 25.68886728892076), (57.189084180272964, 25.766435204114927), (57.122201127653035, 25.839296721772037), (57.053497692162864, 25.90373686009573), (56.97425450367756, 25.940669923667425), (56.89913827014654, 25.975001934535417), (56.82871998122786, 26.009982323758546), (56.76978932582578, 26.05179895802248), (56.727519131040545, 26.104524935075535), (56.70185851660558, 26.16735732125701), (56.687159772932766, 26.24926597875307), (56.67404397088626, 26.33299725796251), (56.652510311405585, 26.413175649964376), (56.615294223098616, 26.47100572174324), (56.56047921592493, 26.50926946879958), (56.488779498070684, 26.527529612707852), (56.422753872165, 26.521262583548584), (56.35474014695487, 26.496588394458662), (56.27798934063656, 26.462974250363594), (56.2005028233302, 26.420168776278537), (56.12594603288787, 26.370432816112334), (56.058937938154855, 26.315022602928096), (56.005132073396574, 26.254370703099408), (55.97127062213742, 26.18854666651377), (55.96521155330295, 26.117997384182836), (55.99592880966533, 26.044567153259294), (56.07348554859199, 25.972797449460426)
Associated file(s): api_response_2024-02-05_05-54-40.json, api_response_2024-02-05_05-34-36.json, api_response_2024-02-05_03-34-18.json, api_response_2024-02-05_05-14-33.json, api_response_2024-02-05_04-34-27.json, api_response_2024-02-05_02-54-13.json, api_response_2024-02-05_04-14-24.json, api_response_2024-02-05_03-14-15.json, api_response_2024-02-05_03-54-21.json, api_response_2024-02-05_04-54-30.json

Record time: 2024-02-05T01:51:24Z
Event time: 2024-02-06T09:45:05Z
Status: Underway
Travel distance: 406.920626349892
Waypoints: (61.948279214466275, 24.361243897767704), (61.87828115885672, 24.4368182437174), (61.80828310324716, 24.508186869073185), (61.7382850476376, 24.577323266886204), (61.66828699202804, 24.643194641031798), (61.59828893641847, 24.703469553854195), (61.52829088080891, 24.755845782420018), (61.458292825199344, 24.79899838338062), (61.38829476958978, 24.83314796644327), (61.318296710834325, 24.860249175175696), (61.24829865522835, 24.882471212405108), (61.17830059962238, 24.907394197840606), (61.1083025440164, 24.941236155300665), (61.03830448841043, 24.989289661591062), (60.968306432804454, 25.039148826207658), (60.898308377198454, 25.075948067502576), (60.82831032159251, 25.09555774310349), (60.758312265986525, 25.098752514359113), (60.68831421038055, 25.067720824711525), (60.618316154774575, 25.011500389895676), (60.548318099168604, 24.956271370820506), (60.47832004356263, 24.918933070776855), (60.408321987956654, 24.904184348018575), (60.338323932350676, 24.921430458336566), (60.268325876744704, 24.947738787059905), (60.198327821138726, 24.97576230271104), (60.12832976553274, 24.991370503754023), (60.05833170992677, 24.9959072674191), (59.9883336543208, 24.993651136921763), (59.918335598714826, 24.991091550275662), (59.848337543108855, 24.99376988063215), (59.778339487502876, 25.004537861861294), (59.7083414318969, 25.022735806683173), (59.638343376290926, 25.03764850885103), (59.56834532068494, 25.042728100906437), (59.49834726507898, 25.05292686625405), (59.428349209473, 25.072308478538194), (59.35835115386701, 25.101453462565196), (59.288353098261055, 25.14685502599031), (59.21835504265506, 25.194501410987957), (59.14835698704909, 25.237160560149384), (59.07835893144311, 25.269155393225653), (59.008360875837134, 25.278971539950906), (58.938362820231184, 25.286861399818786), (58.868364764625184, 25.289396483794494), (58.79836670901922, 25.292789161234097), (58.728368653413256, 25.31196344323027), (58.65837059780727, 25.330702331621687), (58.5883725422013, 25.34372455852737), (58.51837448659532, 25.355875998223553), (58.44837643098934, 25.37448106433818), (58.37837837538336, 25.3898291601108), (58.3083803197774, 25.407429616739147), (58.23838226417141, 25.423778552356442), (58.168384208565456, 25.459665540384258), (58.09838615295947, 25.488812409232064), (58.02838809735349, 25.52333855664244), (57.958390041747506, 25.55739349885288), (57.88839198614154, 25.592096819418437), (57.81839393053556, 25.617219595858707), (57.74839587492958, 25.61759090555627), (57.678397819323614, 25.603554645060296), (57.60839976371764, 25.58137972835088), (57.53840170811167, 25.558594129702335), (57.468403652505685, 25.55317526990296), (57.398405596899714, 25.57383856033095), (57.32840754129375, 25.62183929163897), (57.25661548517795, 25.68886728892076), (57.189084180272964, 25.766435204114927), (57.122201127653035, 25.839296721772037), (57.053497692162864, 25.90373686009573), (56.97425450367756, 25.940669923667425), (56.89913827014654, 25.975001934535417), (56.82871998122786, 26.009982323758546), (56.76978932582578, 26.05179895802248), (56.727519131040545, 26.104524935075535), (56.70185851660558, 26.16735732125701), (56.687159772932766, 26.24926597875307), (56.67404397088626, 26.33299725796251), (56.652510311405585, 26.413175649964376), (56.615294223098616, 26.47100572174324), (56.56047921592493, 26.50926946879958), (56.488779498070684, 26.527529612707852), (56.422753872165, 26.521262583548584), (56.35474014695487, 26.496588394458662), (56.27798934063656, 26.462974250363594), (56.2005028233302, 26.420168776278537), (56.12594603288787, 26.370432816112334), (56.058937938154855, 26.315022602928096), (56.005132073396574, 26.254370703099408), (55.97127062213742, 26.18854666651377), (55.96521155330295, 26.117997384182836), (55.99592880966533, 26.044567153259294), (56.07348554859199, 25.972797449460426)
Associated file(s): api_response_2024-02-05_07-14-52.json, api_response_2024-02-05_08-55-07.json, api_response_2024-02-05_06-54-49.json, api_response_2024-02-05_07-54-58.json, api_response_2024-02-05_08-35-04.json, api_response_2024-02-05_08-15-01.json, api_response_2024-02-05_06-14-43.json, api_response_2024-02-05_06-34-46.json, api_response_2024-02-05_07-34-55.json

Record time: 2024-02-05T05:03:14Z
Event time: 2024-02-06T09:57:31.444Z
Status: Underway
Travel distance: 360.37365010799135
Waypoints: (61.17830060276101, 24.50396225457867), (61.1083025471515, 24.575593109911928), (61.038304491541936, 24.643173485346242), (60.968306435932355, 24.7115765850597), (60.898308380322774, 24.78253927141939), (60.8283103247132, 24.85561088377207), (60.75831226910364, 24.92896804647593), (60.68831421349409, 25.000095466173534), (60.61831615788453, 25.06633271830586), (60.548318099168604, 25.125287021578426), (60.47832004356263, 25.17339330285122), (60.408321987956654, 25.214229830299256), (60.338323932350676, 25.244669686215705), (60.268325876744704, 25.26248501241523), (60.198327821138726, 25.267777589221012), (60.12832976553274, 25.262792238205595), (60.05833170992677, 25.2507350395494), (59.9883336543208, 25.234467151226497), (59.918335598714826, 25.214399464171237), (59.848337543108855, 25.20198414956308), (59.778339487502876, 25.19858393284028), (59.7083414318969, 25.200510219697655), (59.638343376290926, 25.198715870296265), (59.56834532068494, 25.201051163267195), (59.49834726507898, 25.20509975834512), (59.428349209473, 25.212105637257903), (59.35835115386701, 25.22836033183521), (59.288353098261055, 25.250725615445404), (59.21835504265506, 25.267628688377833), (59.14835698704909, 25.275281060824938), (59.07835893144311, 25.27549216075451), (59.008360875837134, 25.271138224707016), (58.938362820231184, 25.275610904464894), (58.868364764625184, 25.283911655267136), (58.79836670901922, 25.295405292504192), (58.728368653413256, 25.317546282439217), (58.65837059780727, 25.33137521264721), (58.5883725422013, 25.341930209125977), (58.51837448659532, 25.355875998223553), (58.44837643098934, 25.37448106433818), (58.37837837538336, 25.3898291601108), (58.3083803197774, 25.407429616739147), (58.23838226417141, 25.423778552356442), (58.168384208565456, 25.459665540384258), (58.09838615295947, 25.488812409232064), (58.02838809735349, 25.52333855664244), (57.958390041747506, 25.55739349885288), (57.88839198614154, 25.592096819418437), (57.81839393053556, 25.617219595858707), (57.74839587492958, 25.61759090555627), (57.678397819323614, 25.603554645060296), (57.60839976371764, 25.58137972835088), (57.53840170811167, 25.558594129702335), (57.468403652505685, 25.55317526990296), (57.398405596899714, 25.57383856033095), (57.32840754129375, 25.62183929163897), (57.25661548517795, 25.68886728892076), (57.189084180272964, 25.766435204114927), (57.122201127653035, 25.839296721772037), (57.053497692162864, 25.90373686009573), (56.97425450367756, 25.940669923667425), (56.89913827014654, 25.975001934535417), (56.82871998122786, 26.009982323758546), (56.76978932582578, 26.05179895802248), (56.727519131040545, 26.104524935075535), (56.70185851660558, 26.16735732125701), (56.687159772932766, 26.24926597875307), (56.67404397088626, 26.33299725796251), (56.652510311405585, 26.413175649964376), (56.615294223098616, 26.47100572174324), (56.56047921592493, 26.50926946879958), (56.488779498070684, 26.527529612707852), (56.422753872165, 26.521262583548584), (56.35474014695487, 26.496588394458662), (56.27798934063656, 26.462974250363594), (56.2005028233302, 26.420168776278537), (56.12594603288787, 26.370432816112334), (56.058937938154855, 26.315022602928096), (56.005132073396574, 26.254370703099408), (55.97127062213742, 26.18854666651377), (55.96521155330295, 26.117997384182836), (55.99592880966533, 26.044567153259294), (56.07348554859199, 25.972797449460426)
Associated file(s): api_response_2024-02-05_09-15-10.json, api_response_2024-02-05_10-55-25.json, api_response_2024-02-05_10-35-22.json, api_response_2024-02-05_15-36-08.json, api_response_2024-02-05_16-56-20.json, api_response_2024-02-05_16-16-14.json, api_response_2024-02-05_12-55-44.json, api_response_2024-02-05_13-35-50.json, api_response_2024-02-05_11-15-28.json, api_response_2024-02-05_09-35-13.json, api_response_2024-02-05_16-36-17.json, api_response_2024-02-05_14-35-59.json, api_response_2024-02-05_12-35-41.json, api_response_2024-02-05_09-55-16.json, api_response_2024-02-05_10-15-19.json, api_response_2024-02-05_14-56-02.json, api_response_2024-02-05_15-56-11.json, api_response_2024-02-05_15-16-05.json, api_response_2024-02-05_13-15-47.json, api_response_2024-02-05_14-15-56.json, api_response_2024-02-05_13-55-53.json, api_response_2024-02-05_11-55-35.json, api_response_2024-02-05_11-35-32.json, api_response_2024-02-05_12-15-38.json

Record time: 2024-02-05T12:51:45Z
Event time: 2024-02-06T09:07:45Z
Status: Underway
Travel distance: 246.8050755939525
Waypoints: (59.288353101302704, 24.92390293327092), (59.2183550456932, 24.992437176531006), (59.14835699008364, 25.067810577737117), (59.07835893447407, 25.139525027728624), (59.00836087886449, 25.201222426231844), (58.93836282325493, 25.249913036224537), (58.86836476764537, 25.285246435250542), (58.79836671203582, 25.30882506368444), (58.72836865642627, 25.323560369946332), (58.65837059780727, 25.333071551367006), (58.5883725422013, 25.33864119683036), (58.51837448659532, 25.352087508416), (58.44837643098934, 25.373808183312665), (58.37837837538336, 25.39162350951219), (58.3083803197774, 25.407429616739147), (58.23838226417141, 25.423778552356442), (58.168384208565456, 25.459665540384258), (58.09838615295947, 25.488812409232064), (58.02838809735349, 25.52333855664244), (57.958390041747506, 25.55739349885288), (57.88839198614154, 25.592096819418437), (57.81839393053556, 25.617219595858707), (57.74839587492958, 25.61759090555627), (57.678397819323614, 25.603554645060296), (57.60839976371764, 25.58137972835088), (57.53840170811167, 25.558594129702335), (57.468403652505685, 25.55317526990296), (57.398405596899714, 25.57383856033095), (57.32840754129375, 25.62183929163897), (57.25661548517795, 25.68886728892076), (57.189084180272964, 25.766435204114927), (57.122201127653035, 25.839296721772037), (57.053497692162864, 25.90373686009573), (56.97425450367756, 25.940669923667425), (56.89913827014654, 25.975001934535417), (56.82871998122786, 26.009982323758546), (56.76978932582578, 26.05179895802248), (56.727519131040545, 26.104524935075535), (56.70185851660558, 26.16735732125701), (56.687159772932766, 26.24926597875307), (56.67404397088626, 26.33299725796251), (56.652510311405585, 26.413175649964376), (56.615294223098616, 26.47100572174324), (56.56047921592493, 26.50926946879958), (56.488779498070684, 26.527529612707852), (56.422753872165, 26.521262583548584), (56.35474014695487, 26.496588394458662), (56.27798934063656, 26.462974250363594), (56.2005028233302, 26.420168776278537), (56.12594603288787, 26.370432816112334), (56.058937938154855, 26.315022602928096), (56.005132073396574, 26.254370703099408), (55.97127062213742, 26.18854666651377), (55.96521155330295, 26.117997384182836), (55.99592880966533, 26.044567153259294), (56.07348554859199, 25.972797449460426)
Associated file(s): api_response_2024-02-05_21-16-58.json, api_response_2024-02-05_18-56-38.json, api_response_2024-02-05_19-56-47.json, api_response_2024-02-05_17-56-29.json, api_response_2024-02-05_20-16-50.json, api_response_2024-02-05_20-36-52.json, api_response_2024-02-05_22-17-07.json, api_response_2024-02-05_21-37-01.json, api_response_2024-02-05_20-56-55.json, api_response_2024-02-05_18-36-35.json, api_response_2024-02-05_22-57-13.json, api_response_2024-02-05_19-36-45.json, api_response_2024-02-05_23-17-16.json, api_response_2024-02-05_21-57-04.json, api_response_2024-02-05_18-16-32.json, api_response_2024-02-05_17-36-26.json, api_response_2024-02-05_19-16-41.json, api_response_2024-02-05_17-16-23.json, api_response_2024-02-05_22-37-10.json

Record time: 2024-02-05T19:09:57Z
Event time: 2024-02-06T08:07:57Z
Status: Underway
Travel distance: 163.2024838012959
Waypoints: (57.890194144169094, 25.27180223123658), (57.815107650749646, 25.350811668805623), (57.74717677300034, 25.402501142922485), (57.68004096365883, 25.437134616600243), (57.61108785509951, 25.4645152141664), (57.54006931608301, 25.492927271347927), (57.46796738714821, 25.52838975775241), (57.39611009464657, 25.574221071745384), (57.325537143419076, 25.630915207723756), (57.25661548517795, 25.69632929446709), (57.189084180272964, 25.771247151616762), (57.122201127653035, 25.83847493990333), (57.053497692162864, 25.898154020886782), (56.97425450367756, 25.939997042641902), (56.89913827014654, 25.97679628393681), (56.82871998122786, 26.009982323758546), (56.76978932582578, 26.05179895802248), (56.727519131040545, 26.104524935075535), (56.70185851660558, 26.16735732125701), (56.687159772932766, 26.24926597875307), (56.67404397088626, 26.33299725796251), (56.652510311405585, 26.413175649964376), (56.615294223098616, 26.47100572174324), (56.56047921592493, 26.50926946879958), (56.488779498070684, 26.527529612707852), (56.422753872165, 26.521262583548584), (56.35474014695487, 26.496588394458662), (56.27798934063656, 26.462974250363594), (56.2005028233302, 26.420168776278537), (56.12594603288787, 26.370432816112334), (56.058937938154855, 26.315022602928096), (56.005132073396574, 26.254370703099408), (55.97127062213742, 26.18854666651377), (55.96521155330295, 26.117997384182836), (55.99592880966533, 26.044567153259294), (56.07348554859199, 25.972797449460426)
Associated file(s): api_response_2024-02-06_00-17-25.json, api_response_2024-02-06_00-57-31.json, api_response_2024-02-05_23-57-22.json, api_response_2024-02-06_01-37-37.json, api_response_2024-02-06_00-37-28.json, api_response_2024-02-05_23-37-19.json, api_response_2024-02-06_01-57-41.json, api_response_2024-02-06_01-17-34.json

Record time: 2024-02-05T21:58:49Z
Event time: 2024-02-06T07:32:48.666Z
Status: Underway
Travel distance: 122.32235421166307
Waypoints: (57.255861774914194, 25.626103511531102), (57.190755088876706, 25.68906167809052), (57.123437766611204, 25.766836420957766), (57.05032771743188, 25.84009042113651), (56.97354992055232, 25.901979894302393), (56.89814724425078, 25.953678895331663), (56.829824377161664, 26.000621551072445), (56.773224871693394, 26.049462221358706), (56.73074129957262, 26.10575358826688), (56.70185851660558, 26.172342672272425), (56.687159772932766, 26.249765456265006), (56.67404397088626, 26.32988164918048), (56.652510311405585, 26.410708419537464), (56.615294223098616, 26.472800071144633), (56.56047921592493, 26.50926946879958), (56.488779498070684, 26.527529612707852), (56.422753872165, 26.521262583548584), (56.35474014695487, 26.496588394458662), (56.27798934063656, 26.462974250363594), (56.2005028233302, 26.420168776278537), (56.12594603288787, 26.370432816112334), (56.058937938154855, 26.315022602928096), (56.005132073396574, 26.254370703099408), (55.97127062213742, 26.18854666651377), (55.96521155330295, 26.117997384182836), (55.99592880966533, 26.044567153259294), (56.07348554859199, 25.972797449460426)
Associated file(s): api_response_2024-02-06_02-37-47.json, api_response_2024-02-06_02-57-50.json, api_response_2024-02-06_02-17-44.json

Record time: 2024-02-05T22:50:28Z
Event time: 2024-02-06T07:16:14Z
Status: Underway
Travel distance: 111.40388768898488
Waypoints: (57.1105215225657, 25.76183847020063), (57.06531581621057, 25.84245893835784), (56.98262677166157, 25.90274133334765), (56.8950521079814, 25.95190371398655), (56.82037490661867, 25.99839136256308), (56.76544068771997, 26.048852384733102), (56.729554704372795, 26.107431844130232), (56.70739945477929, 26.17538443169148), (56.69147241236089, 26.251005669698046), (56.67404397088626, 26.32988164918048), (56.652510311405585, 26.410708419537464), (56.615294223098616, 26.472800071144633), (56.56047921592493, 26.50926946879958), (56.488779498070684, 26.527529612707852), (56.422753872165, 26.521262583548584), (56.35474014695487, 26.496588394458662), (56.27798934063656, 26.462974250363594), (56.2005028233302, 26.420168776278537), (56.12594603288787, 26.370432816112334), (56.058937938154855, 26.315022602928096), (56.005132073396574, 26.254370703099408), (55.97127062213742, 26.18854666651377), (55.96521155330295, 26.117997384182836), (55.99592880966533, 26.044567153259294), (56.07348554859199, 25.972797449460426)
Associated file(s): api_response_2024-02-06_03-57-59.json, api_response_2024-02-06_03-17-54.json, api_response_2024-02-06_03-37-57.json

Record time: 2024-02-06T00:10:01Z
Event time: 2024-02-06T06:54:08.500Z
Status: Underway
Travel distance: 90.16684665226782
Waypoints: (56.98034814660602, 26.05071940254378), (56.90628640802327, 26.10431335671262), (56.83370567921973, 26.176698802908895), (56.766937635414386, 26.257590531048685), (56.70687482269743, 26.33770511330322), (56.65209379280332, 26.409251145988897), (56.599843499400095, 26.466272663917053), (56.546898955895045, 26.504845727203353), (56.49028015475667, 26.52312818053694), (56.427836245458025, 26.521262583548584), (56.35852790013209, 26.496588394458662), (56.28233803304905, 26.462974250363594), (56.203156249218075, 26.420168776278537), (56.12569899805831, 26.370432816112334), (56.056126218104374, 26.315022602928096), (56.001585301953064, 26.254370703099408), (55.96958112318512, 26.18854666651377), (55.967172128153585, 26.117997384182836), (55.999992492638576, 26.044567153259294), (56.07110034336872, 25.972797449460426)
Associated file(s): api_response_2024-02-06_04-18-03.json, api_response_2024-02-06_04-38-06.json, api_response_2024-02-06_05-38-14.json, api_response_2024-02-06_05-18-12.json, api_response_2024-02-06_06-38-23.json, api_response_2024-02-06_04-58-09.json, api_response_2024-02-06_06-18-20.json, api_response_2024-02-06_05-58-17.json

Record time: 2024-02-06T02:44:11Z
Event time: 2024-02-06T07:09:37Z
Status: Underway
Travel distance: 59.75053995680346
Waypoints: (56.62603481834167, 26.601424520979734), (56.566072206760936, 26.54471823735328), (56.4846384126069, 26.529670480525013), (56.41148969433711, 26.515227513923346), (56.34841809552815, 26.48916393511078), (56.2859382878538, 26.453351713836284), (56.215206744931706, 26.41314756367207), (56.13708273781427, 26.377082967528384), (56.05990286837563, 26.324484406858293), (55.994434553358346, 26.25889422469038), (55.95844668121216, 26.1855637886576), (55.965723969376796, 26.112395539477564), (56.013522658955516, 26.044290703209604), (56.06580032087287, 25.974570819356572)
Associated file(s): api_response_2024-02-06_06-58-26.json, api_response_2024-02-06_07-18-29.json

Record time: 2024-02-06T03:29:12Z
Event time: 2024-02-06T07:25:52Z
Status: Underway
Travel distance: 53.225161987041034
Waypoints: (56.486717637796744, 26.604894864898963), (56.42562842562838, 26.530891580792037), (56.340309117287475, 26.476039987193786), (56.27481443308777, 26.443191238029577), (56.21666220227368, 26.417139179030855), (56.145293555407385, 26.381093681545785), (56.06058179909167, 26.324790591403683), (55.99437302526587, 26.257238403027387), (55.95779321043807, 26.184588697046628), (55.965412085598224, 26.113105372217156), (56.01422068455495, 26.044775596426334), (56.065577546745445, 25.974300255307842)
Associated file(s): api_response_2024-02-06_07-38-32.json, api_response_2024-02-06_07-58-36.json, api_response_2024-02-06_08-18-39.json

Record time: 2024-02-06T04:29:31Z
Event time: 2024-02-06T07:40:57Z
Status: Underway
Travel distance: 43.734341252699785
Waypoints: (56.2784367100914, 26.534422403733956), (56.208438654481824, 26.46441073512252), (56.13844059887225, 26.394399066511085), (56.06844254326268, 26.32438739789965), (55.99844448765313, 26.254375729288213), (55.92844643204356, 26.184364060676778), (55.99844448765313, 26.114352392065342), (55.99844448765313, 26.044340723453907), (56.06844254326268, 25.97432905484247)
Associated file(s): api_response_2024-02-06_09-18-48.json, api_response_2024-02-06_08-38-43.json, api_response_2024-02-06_08-58-46.json

Record time: 2024-02-06T05:34:41Z
Event time: 2024-02-06T07:20:55.666Z
Status: Underway
Travel distance: 25.359071274298056
Waypoints: (56.13844059887225, 26.32438739789965), (56.06844254326268, 26.254375729288213), (56.06844254326268, 26.184364060676778), (55.99844448765313, 26.114352392065342), (55.99844448765313, 26.044340723453907), (56.06844254326268, 25.97432905484247)
Associated file(s): api_response_2024-02-06_11-39-09.json, api_response_2024-02-06_10-39-00.json, api_response_2024-02-06_09-38-51.json, api_response_2024-02-06_11-19-06.json, api_response_2024-02-06_10-59-03.json, api_response_2024-02-06_09-58-54.json, api_response_2024-02-06_10-18-57.json

Record time: 2024-02-06T20:26:24Z
Event time: N/A
Status: UnableToPredict
Travel distance: N/A
Waypoints: 
Associated file(s): api_response_2024-02-07_07-42-17.json, api_response_2024-02-07_06-22-03.json, api_response_2024-02-07_11-02-48.json, api_response_2024-02-07_03-41-38.json, api_response_2024-02-07_09-22-32.json, api_response_2024-02-07_05-41-57.json, api_response_2024-02-07_08-42-26.json, api_response_2024-02-07_09-42-35.json, api_response_2024-02-07_04-01-41.json, api_response_2024-02-07_04-21-44.json, api_response_2024-02-07_06-02-00.json, api_response_2024-02-07_03-21-35.json, api_response_2024-02-07_02-21-26.json, api_response_2024-02-07_00-41-11.json, api_response_2024-02-07_12-02-57.json, api_response_2024-02-07_02-01-23.json, api_response_2024-02-07_10-42-45.json, api_response_2024-02-07_11-22-51.json, api_response_2024-02-07_10-22-42.json, api_response_2024-02-07_05-01-50.json, api_response_2024-02-07_05-21-54.json, api_response_2024-02-07_09-02-29.json, api_response_2024-02-07_07-02-10.json, api_response_2024-02-07_01-01-14.json, api_response_2024-02-07_01-41-20.json, api_response_2024-02-07_11-42-54.json, api_response_2024-02-07_08-02-20.json, api_response_2024-02-07_03-01-32.json, api_response_2024-02-07_04-41-47.json, api_response_2024-02-07_10-02-39.json, api_response_2024-02-07_01-21-16.json, api_response_2024-02-07_06-42-06.json, api_response_2024-02-07_02-41-29.json, api_response_2024-02-07_07-22-13.json, api_response_2024-02-07_12-23-00.json, api_response_2024-02-07_08-22-23.json

Record time: 2024-02-08T23:58:17Z
Event time: 2024-02-08T23:58:17Z
Status: Arrived
Travel distance: N/A
Waypoints: 
Associated file(s): api_response_2024-02-09_08-09-52.json, api_response_2024-02-09_07-09-42.json, api_response_2024-02-09_15-51-03.json, api_response_2024-02-09_14-10-48.json, api_response_2024-02-09_11-50-26.json, api_response_2024-02-09_15-10-57.json, api_response_2024-02-09_04-49-18.json, api_response_2024-02-09_06-09-31.json, api_response_2024-02-09_09-10-01.json, api_response_2024-02-09_13-10-39.json, api_response_2024-02-09_10-30-13.json, api_response_2024-02-09_09-30-04.json, api_response_2024-02-09_06-29-34.json, api_response_2024-02-09_06-49-38.json, api_response_2024-02-09_12-30-32.json, api_response_2024-02-09_04-29-15.json, api_response_2024-02-09_14-30-51.json, api_response_2024-02-09_10-10-10.json, api_response_2024-02-09_13-30-42.json, api_response_2024-02-09_04-09-12.json, api_response_2024-02-09_13-50-45.json, api_response_2024-02-09_08-49-58.json, api_response_2024-02-09_05-09-21.json, api_response_2024-02-09_11-10-20.json, api_response_2024-02-09_15-31-00.json, api_response_2024-02-09_14-50-54.json, api_response_2024-02-09_07-49-49.json, api_response_2024-02-09_12-50-36.json, api_response_2024-02-09_09-50-07.json, api_response_2024-02-09_05-29-25.json, api_response_2024-02-09_12-10-29.json, api_response_2024-02-09_07-29-45.json, api_response_2024-02-09_11-30-23.json, api_response_2024-02-09_08-29-55.json, api_response_2024-02-09_05-49-28.json, api_response_2024-02-09_10-50-16.json
