Record time: 2023-06-09T11:37:12Z
Event time: 2023-06-10T09:05:12Z
Status: Underway
Travel distance: 292.34935205183587
Waypoints: (51.23857670620259, 27.02415570059124), (51.308574761812146, 26.957292105372392), (51.378572817421706, 26.880648346370318), (51.44857087303127, 26.809547759667012), (51.518568928640846, 26.74887083170274), (51.58856698425041, 26.696909280847628), (51.65856503985999, 26.648585519809952), (51.72856309546956, 26.598037498881073), (51.79856115107913, 26.540568930017084), (51.86855920402767, 26.47396489039889), (51.93855725963364, 26.397688077452575), (52.00855531523963, 26.315131041601393), (52.0785533708456, 26.244197695622454), (52.14855142645157, 26.18518207156053), (52.21854948205756, 26.14177087889999), (52.288547537663526, 26.10953667358215), (52.358545593269504, 26.10035194182482), (52.428543648875475, 26.102355506334987), (52.49854170448145, 26.11923973105942), (52.568539760087425, 26.144094862946123), (52.6385378156934, 26.167183917743433), (52.708535871299375, 26.18160279686175), (52.778533926905354, 26.187500401144266), (52.848531982511325, 26.180257034810708), (52.91853003811731, 26.15781258872692), (52.98852809372327, 26.138189719380406), (53.058526149329246, 26.12642089830658), (53.12852420493523, 26.121567484747143), (53.198522260541196, 26.117714911032394), (53.268520316147175, 26.101235922779914), (53.33851837175316, 26.078199642965), (53.40851642735913, 26.047456330899777), (53.47851448296509, 26.012449554185455), (53.54851253857108, 25.98066582103876), (53.618510594177046, 25.96649573826601), (53.688508649783024, 25.96307855815601), (53.758506705388996, 25.968844224982536), (53.828504760994974, 25.976945184779996), (53.89850281660096, 25.97991189271885), (53.96850087220693, 25.97500193453542), (54.038498927812924, 25.972534704108508), (54.10849698341888, 25.972534704108508), (54.17849503902486, 25.976796283936814), (54.24849309463083, 25.977444662291937), (54.31849115023681, 25.973829575997957), (54.38848920584279, 25.96934370249448), (54.45848726144877, 25.968063909171427), (54.528485317054745, 25.970966533203086), (54.59848337266071, 25.986495571772476), (54.668481428266695, 26.003398644704912), (54.73847948387265, 26.017887262192822), (54.80847753947863, 26.02965608326665), (54.8784755950846, 26.04143809808608), (54.94847365069058, 26.048364814525275), (55.018471706296545, 26.05344252175988), (55.08846976190252, 26.066383701371176), (55.15846781750851, 26.09144050908346), (55.22846587311449, 26.11901920702584), (55.29846392872046, 26.129958706947768), (55.36846198432644, 26.106328708580925), (55.43846003993242, 26.066851136929515), (55.5084580983862, 26.047141190198378), (55.57845615399576, 26.034574541614095), (55.648454209605326, 26.032127153209657), (55.718452265214886, 26.03980262327932), (55.78845032082445, 26.053909358939187), (55.85844837643401, 26.06651322416689), (55.92844643204357, 26.06506566465783), (55.998444487653124, 26.032207309497796), (56.06844254326265, 25.945747049652102)
Associated file(s): api_response_2023-06-09_15-50-35.json, api_response_2023-06-09_15-40-33.json, api_response_2023-06-09_16-00-37.json

Record time: 2023-06-09T12:02:23Z
Event time: 2023-06-10T08:18:09.666Z
Status: Underway
Travel distance: 289.5253779697624
Waypoints: (51.30857476181214, 27.022686431373515), (51.378572817421734, 26.958639420972762), (51.44857087303131, 26.884924993342082), (51.518568928640875, 26.811327510274662), (51.588566984250434, 26.741199382584107), (51.65856503986, 26.67400934782587), (51.72856309546957, 26.60743744861632), (51.79856115107914, 26.539016711549436), (51.86855920668871, 26.46732152671113), (51.93855725963364, 26.392702726437154), (52.00855531523963, 26.314631564089453), (52.0785533708456, 26.247313304404493), (52.14855142645157, 26.18764930198744), (52.21854948205756, 26.1399765294986), (52.288547537663526, 26.10953667358215), (52.358545593269504, 26.10035194182482), (52.428543648875475, 26.102355506334987), (52.49854170448145, 26.11923973105942), (52.568539760087425, 26.144094862946123), (52.6385378156934, 26.167183917743433), (52.708535871299375, 26.18160279686175), (52.778533926905354, 26.187500401144266), (52.848531982511325, 26.180257034810708), (52.91853003811731, 26.15781258872692), (52.98852809372327, 26.138189719380406), (53.058526149329246, 26.12642089830658), (53.12852420493523, 26.121567484747143), (53.198522260541196, 26.117714911032394), (53.268520316147175, 26.101235922779914), (53.33851837175316, 26.078199642965), (53.40851642735913, 26.047456330899777), (53.47851448296509, 26.012449554185455), (53.54851253857108, 25.98066582103876), (53.618510594177046, 25.96649573826601), (53.688508649783024, 25.96307855815601), (53.758506705388996, 25.968844224982536), (53.828504760994974, 25.976945184779996), (53.89850281660096, 25.97991189271885), (53.96850087220693, 25.97500193453542), (54.038498927812924, 25.972534704108508), (54.10849698341888, 25.972534704108508), (54.17849503902486, 25.976796283936814), (54.24849309463083, 25.977444662291937), (54.31849115023681, 25.973829575997957), (54.38848920584279, 25.96934370249448), (54.45848726144877, 25.968063909171427), (54.528485317054745, 25.970966533203086), (54.59848337266071, 25.986495571772476), (54.668481428266695, 26.003398644704912), (54.73847948387265, 26.017887262192822), (54.80847753947863, 26.02965608326665), (54.8784755950846, 26.04143809808608), (54.94847365069058, 26.048364814525275), (55.018471706296545, 26.05344252175988), (55.08846976190252, 26.066383701371176), (55.15846781750851, 26.09144050908346), (55.22846587311449, 26.11901920702584), (55.29846392872046, 26.129958706947768), (55.36846198432644, 26.106328708580925), (55.43846003993242, 26.066851136929515), (55.5084580983862, 26.047141190198378), (55.57845615399576, 26.034574541614095), (55.648454209605326, 26.032127153209657), (55.718452265214886, 26.03980262327932), (55.78845032082445, 26.053909358939187), (55.85844837643401, 26.06651322416689), (55.92844643204357, 26.06506566465783), (55.998444487653124, 26.032207309497796), (56.06844254326265, 25.945747049652102)
Associated file(s): api_response_2023-06-09_18-00-57.json, api_response_2023-06-09_17-00-47.json, api_response_2023-06-09_17-40-53.json, api_response_2023-06-09_16-10-38.json, api_response_2023-06-09_17-50-55.json, api_response_2023-06-09_17-30-52.json, api_response_2023-06-09_16-20-40.json, api_response_2023-06-09_17-20-50.json, api_response_2023-06-09_16-50-45.json, api_response_2023-06-09_16-30-42.json, api_response_2023-06-09_16-40-43.json, api_response_2023-06-09_17-10-48.json

Record time: 2023-06-09T14:08:48Z
Event time: 2023-06-10T08:51:31.571Z
Status: Underway
Travel distance: 252.67008639308855
Waypoints: (51.8685592066887, 27.028475538517206), (51.938557262298296, 27.016781390615936), (52.00855531790787, 27.0213792910141), (52.07855337351743, 27.029406794204977), (52.14855142912699, 27.033452356435095), (52.218549484736556, 27.030030138712963), (52.28854754034613, 27.01827966893923), (52.358545595955704, 26.998890363158285), (52.42854365156528, 26.973250905931273), (52.49854170448145, 26.942823488448276), (52.568539760087425, 26.909096505057004), (52.6385378156934, 26.8696208182264), (52.708535871299375, 26.825140932172378), (52.778533926905354, 26.787193835010395), (52.848531982511325, 26.74739961346463), (52.91853003811731, 26.703564336124142), (52.98852809372327, 26.655708736017722), (53.058526149329246, 26.62055494328101), (53.12852420493523, 26.57962794443458), (53.198522260541196, 26.53886680981853), (53.268520316147175, 26.48946565665629), (53.33851837175316, 26.438956228863766), (53.40851642735913, 26.385674229674773), (53.47851448296509, 26.337475592182788), (53.54851253857108, 26.288562607607687), (53.618510594177046, 26.229243527397), (53.688508649783024, 26.16899711535282), (53.758506705388996, 26.103275298885276), (53.828504760994974, 26.04830826990128), (53.89850281660096, 26.007232370211664), (53.96850087220693, 25.974998164893822), (54.038498927812924, 25.961683790764173), (54.10849698341888, 25.962105990623325), (54.17849503902486, 25.976894294618404), (54.24849309463083, 25.980733674587555), (54.31849115023681, 25.97761806580552), (54.38848920584279, 25.970016583520003), (54.45848726144877, 25.966269559770033), (54.528485317054745, 25.970966533203086), (54.59848337266071, 25.986495571772476), (54.668481428266695, 26.003398644704912), (54.73847948387265, 26.017887262192822), (54.80847753947863, 26.02965608326665), (54.8784755950846, 26.04143809808608), (54.94847365069058, 26.048364814525275), (55.018471706296545, 26.05344252175988), (55.08846976190252, 26.066383701371176), (55.15846781750851, 26.09144050908346), (55.22846587311449, 26.11901920702584), (55.29846392872046, 26.129958706947768), (55.36846198432644, 26.106328708580925), (55.43846003993242, 26.066851136929515), (55.5084580983862, 26.047141190198378), (55.57845615399576, 26.034574541614095), (55.648454209605326, 26.032127153209657), (55.718452265214886, 26.03980262327932), (55.78845032082445, 26.053909358939187), (55.85844837643401, 26.06651322416689), (55.92844643204357, 26.06506566465783), (55.998444487653124, 26.032207309497796), (56.06844254326265, 25.945747049652102)
Associated file(s): api_response_2023-06-09_18-41-03.json, api_response_2023-06-09_19-11-08.json, api_response_2023-06-09_18-51-05.json, api_response_2023-06-09_18-31-02.json, api_response_2023-06-09_19-21-10.json, api_response_2023-06-09_18-21-00.json, api_response_2023-06-09_18-10-58.json, api_response_2023-06-09_19-01-07.json

Record time: 2023-06-09T15:22:09Z
Event time: 2023-06-10T09:25:31.714Z
Status: Underway
Travel distance: 237.71814254859612
Waypoints: (52.148551429126975, 27.0219011122199), (52.218549484736535, 27.03248000594235), (52.288547540346094, 27.024317269714867), (52.35854559595565, 27.003829176234948), (52.428543651565214, 26.975470842157794), (52.49854170717479, 26.942196689817752), (52.56853976278436, 26.90586021771995), (52.638537818393935, 26.867553079802207), (52.70853587400351, 26.82788347346717), (52.778533926905354, 26.787193835010395), (52.848531982511325, 26.74739961346463), (52.91853003811731, 26.703564336124142), (52.98852809372327, 26.655708736017722), (53.058526149329246, 26.62055494328101), (53.12852420493523, 26.57962794443458), (53.198522260541196, 26.53886680981853), (53.268520316147175, 26.48946565665629), (53.33851837175316, 26.438956228863766), (53.40851642735913, 26.385674229674773), (53.47851448296509, 26.337475592182788), (53.54851253857108, 26.288562607607687), (53.618510594177046, 26.229243527397), (53.688508649783024, 26.16899711535282), (53.758506705388996, 26.103275298885276), (53.828504760994974, 26.04830826990128), (53.89850281660096, 26.007232370211664), (53.96850087220693, 25.974998164893822), (54.038498927812924, 25.961683790764173), (54.10849698341888, 25.962105990623325), (54.17849503902486, 25.976894294618404), (54.24849309463083, 25.980733674587555), (54.31849115023681, 25.97761806580552), (54.38848920584279, 25.970016583520003), (54.45848726144877, 25.966269559770033), (54.528485317054745, 25.970966533203086), (54.59848337266071, 25.986495571772476), (54.668481428266695, 26.003398644704912), (54.73847948387265, 26.017887262192822), (54.80847753947863, 26.02965608326665), (54.8784755950846, 26.04143809808608), (54.94847365069058, 26.048364814525275), (55.018471706296545, 26.05344252175988), (55.08846976190252, 26.066383701371176), (55.15846781750851, 26.09144050908346), (55.22846587311449, 26.11901920702584), (55.29846392872046, 26.129958706947768), (55.36846198432644, 26.106328708580925), (55.43846003993242, 26.066851136929515), (55.5084580983862, 26.047141190198378), (55.57845615399576, 26.034574541614095), (55.648454209605326, 26.032127153209657), (55.718452265214886, 26.03980262327932), (55.78845032082445, 26.053909358939187), (55.85844837643401, 26.06651322416689), (55.92844643204357, 26.06506566465783), (55.998444487653124, 26.032207309497796), (56.06844254326265, 25.945747049652102)
Associated file(s): api_response_2023-06-09_20-31-22.json, api_response_2023-06-09_20-01-17.json, api_response_2023-06-09_20-41-23.json, api_response_2023-06-09_20-11-18.json, api_response_2023-06-09_19-51-15.json, api_response_2023-06-09_19-31-12.json, api_response_2023-06-09_20-21-20.json, api_response_2023-06-09_19-41-13.json

Record time: 2023-06-09T16:50:58Z
Event time: 2023-06-10T09:59:15.857Z
Status: Underway
Travel distance: 217.91630669546436
Waypoints: (52.4985417071748, 26.94533832055013), (52.56853976278436, 26.90912431040012), (52.63853781839393, 26.86827055683019), (52.708535874003495, 26.826290280137638), (52.77853392961306, 26.784848633825487), (52.84853198522264, 26.744335313161482), (52.918530040832216, 26.704351969836935), (52.98852809644179, 26.664114432725427), (53.058526152051364, 26.622769734741333), (53.12852420493523, 26.57962794443458), (53.198522260541196, 26.53886680981853), (53.268520316147175, 26.48946565665629), (53.33851837175316, 26.438956228863766), (53.40851642735913, 26.385674229674773), (53.47851448296509, 26.337475592182788), (53.54851253857108, 26.288562607607687), (53.618510594177046, 26.229243527397), (53.688508649783024, 26.16899711535282), (53.758506705388996, 26.103275298885276), (53.828504760994974, 26.04830826990128), (53.89850281660096, 26.007232370211664), (53.96850087220693, 25.974998164893822), (54.038498927812924, 25.961683790764173), (54.10849698341888, 25.962105990623325), (54.17849503902486, 25.976894294618404), (54.24849309463083, 25.980733674587555), (54.31849115023681, 25.97761806580552), (54.38848920584279, 25.970016583520003), (54.45848726144877, 25.966269559770033), (54.528485317054745, 25.970966533203086), (54.59848337266071, 25.986495571772476), (54.668481428266695, 26.003398644704912), (54.73847948387265, 26.017887262192822), (54.80847753947863, 26.02965608326665), (54.8784755950846, 26.04143809808608), (54.94847365069058, 26.048364814525275), (55.018471706296545, 26.05344252175988), (55.08846976190252, 26.066383701371176), (55.15846781750851, 26.09144050908346), (55.22846587311449, 26.11901920702584), (55.29846392872046, 26.129958706947768), (55.36846198432644, 26.106328708580925), (55.43846003993242, 26.066851136929515), (55.5084580983862, 26.047141190198378), (55.57845615399576, 26.034574541614095), (55.648454209605326, 26.032127153209657), (55.718452265214886, 26.03980262327932), (55.78845032082445, 26.053909358939187), (55.85844837643401, 26.06651322416689), (55.92844643204357, 26.06506566465783), (55.998444487653124, 26.032207309497796), (56.06844254326265, 25.945747049652102)
Associated file(s): api_response_2023-06-09_20-51-25.json, api_response_2023-06-09_22-01-37.json, api_response_2023-06-09_21-21-30.json, api_response_2023-06-09_21-11-28.json, api_response_2023-06-09_21-41-33.json, api_response_2023-06-09_21-01-27.json, api_response_2023-06-09_21-51-35.json, api_response_2023-06-09_21-31-32.json

Record time: 2023-06-09T18:08:39Z
Event time: 2023-06-10T10:35:58.500Z
Status: Underway
Travel distance: 204.57721382289418
Waypoints: (52.70853587400349, 26.826720756073605), (52.77853392961309, 26.78506912930118), (52.84853198522266, 26.74567843075189), (52.918530040832216, 26.705656745603008), (52.98852809644177, 26.663940435207692), (53.058526152051336, 26.62054869046863), (53.12852420766091, 26.575983216413288), (53.19852226327049, 26.530773047970712), (53.268520318880064, 26.48516449694998), (53.33851837175316, 26.438956228863766), (53.40851642735913, 26.385674229674773), (53.47851448296509, 26.337475592182788), (53.54851253857108, 26.288562607607687), (53.618510594177046, 26.229243527397), (53.688508649783024, 26.16899711535282), (53.758506705388996, 26.103275298885276), (53.828504760994974, 26.04830826990128), (53.89850281660096, 26.007232370211664), (53.96850087220693, 25.974998164893822), (54.038498927812924, 25.961683790764173), (54.10849698341888, 25.962105990623325), (54.17849503902486, 25.976894294618404), (54.24849309463083, 25.980733674587555), (54.31849115023681, 25.97761806580552), (54.38848920584279, 25.970016583520003), (54.45848726144877, 25.966269559770033), (54.528485317054745, 25.970966533203086), (54.59848337266071, 25.986495571772476), (54.668481428266695, 26.003398644704912), (54.73847948387265, 26.017887262192822), (54.80847753947863, 26.02965608326665), (54.8784755950846, 26.04143809808608), (54.94847365069058, 26.048364814525275), (55.018471706296545, 26.05344252175988), (55.08846976190252, 26.066383701371176), (55.15846781750851, 26.09144050908346), (55.22846587311449, 26.11901920702584), (55.29846392872046, 26.129958706947768), (55.36846198432644, 26.106328708580925), (55.43846003993242, 26.066851136929515), (55.5084580983862, 26.047141190198378), (55.57845615399576, 26.034574541614095), (55.648454209605326, 26.032127153209657), (55.718452265214886, 26.03980262327932), (55.78845032082445, 26.053909358939187), (55.85844837643401, 26.06651322416689), (55.92844643204357, 26.06506566465783), (55.998444487653124, 26.032207309497796), (56.06844254326265, 25.945747049652102)
Associated file(s): api_response_2023-06-10_00-11-59.json, api_response_2023-06-09_23-11-48.json, api_response_2023-06-10_00-22-00.json, api_response_2023-06-09_22-41-43.json, api_response_2023-06-10_01-02-07.json, api_response_2023-06-09_23-21-50.json, api_response_2023-06-09_22-31-42.json, api_response_2023-06-09_22-51-45.json, api_response_2023-06-09_23-31-52.json, api_response_2023-06-09_23-51-55.json, api_response_2023-06-10_01-12-09.json, api_response_2023-06-09_22-21-40.json, api_response_2023-06-10_00-42-04.json, api_response_2023-06-09_23-41-53.json, api_response_2023-06-09_23-01-47.json, api_response_2023-06-10_00-01-57.json, api_response_2023-06-09_22-11-38.json, api_response_2023-06-10_00-32-02.json, api_response_2023-06-10_00-52-05.json

Record time: 2023-06-09T21:15:19Z
Event time: 2023-06-10T10:47:59.500Z
Status: Underway
Travel distance: 167.4362850971922
Waypoints: (53.33851837448962, 26.53291643191485), (53.40851643009915, 26.46508361614808), (53.4785144857087, 26.398268603613232), (53.548512541318274, 26.32690174884668), (53.61851059692785, 26.2514778173084), (53.68850865253743, 26.176036922382917), (53.758506708147, 26.10608085598508), (53.82850476375657, 26.046924812770538), (53.898502819366136, 26.00248450795104), (53.96850087220693, 25.974498687381878), (54.038498927812924, 25.96479939954621), (54.10849698341888, 25.964573221050234), (54.17849503902486, 25.97509994521701), (54.24849309463083, 25.980733674587555), (54.31849115023681, 25.97761806580552), (54.38848920584279, 25.970016583520003), (54.45848726144877, 25.966269559770033), (54.528485317054745, 25.970966533203086), (54.59848337266071, 25.986495571772476), (54.668481428266695, 26.003398644704912), (54.73847948387265, 26.017887262192822), (54.80847753947863, 26.02965608326665), (54.8784755950846, 26.04143809808608), (54.94847365069058, 26.048364814525275), (55.018471706296545, 26.05344252175988), (55.08846976190252, 26.066383701371176), (55.15846781750851, 26.09144050908346), (55.22846587311449, 26.11901920702584), (55.29846392872046, 26.129958706947768), (55.36846198432644, 26.106328708580925), (55.43846003993242, 26.066851136929515), (55.5084580983862, 26.047141190198378), (55.57845615399576, 26.034574541614095), (55.648454209605326, 26.032127153209657), (55.718452265214886, 26.03980262327932), (55.78845032082445, 26.053909358939187), (55.85844837643401, 26.06651322416689), (55.92844643204357, 26.06506566465783), (55.998444487653124, 26.032207309497796), (56.06844254326265, 25.945747049652102)
Associated file(s): api_response_2023-06-10_01-32-12.json, api_response_2023-06-10_01-52-15.json, api_response_2023-06-10_03-02-27.json, api_response_2023-06-10_02-12-19.json, api_response_2023-06-10_01-42-14.json, api_response_2023-06-10_02-22-20.json, api_response_2023-06-10_02-42-24.json, api_response_2023-06-10_03-22-30.json, api_response_2023-06-10_02-32-22.json, api_response_2023-06-10_02-52-25.json, api_response_2023-06-10_03-12-29.json, api_response_2023-06-10_01-22-10.json, api_response_2023-06-10_02-02-17.json

Record time: 2023-06-09T23:31:48Z
Event time: 2023-06-10T10:10:06Z
Status: Underway
Travel distance: 137.4951403887689
Waypoints: (53.758506708146975, 26.258616918782618), (53.82850476375656, 26.180117045372636), (53.898502819366115, 26.103944068913755), (53.96850087497567, 26.04250610742627), (54.03849893058522, 26.00013010975099), (54.10849698619479, 25.97584573587068), (54.17849504180436, 25.96571593782909), (54.24849309741394, 25.964714241247627), (54.31849115302352, 25.9681487274397), (54.38848920584279, 25.972632714790098), (54.45848726144877, 25.97185239897899), (54.528485317054745, 25.97163941422861), (54.59848337266071, 25.98470122237109), (54.668481428266695, 26.003398644704912), (54.73847948387265, 26.017887262192822), (54.80847753947863, 26.02965608326665), (54.8784755950846, 26.04143809808608), (54.94847365069058, 26.048364814525275), (55.018471706296545, 26.05344252175988), (55.08846976190252, 26.066383701371176), (55.15846781750851, 26.09144050908346), (55.22846587311449, 26.11901920702584), (55.29846392872046, 26.129958706947768), (55.36846198432644, 26.106328708580925), (55.43846003993242, 26.066851136929515), (55.5084580983862, 26.047141190198378), (55.57845615399576, 26.034574541614095), (55.648454209605326, 26.032127153209657), (55.718452265214886, 26.03980262327932), (55.78845032082445, 26.053909358939187), (55.85844837643401, 26.06651322416689), (55.92844643204357, 26.06506566465783), (55.998444487653124, 26.032207309497796), (56.06844254326265, 25.945747049652102)
Associated file(s): api_response_2023-06-10_06-33-03.json, api_response_2023-06-10_05-12-49.json, api_response_2023-06-10_04-02-37.json, api_response_2023-06-10_03-32-32.json, api_response_2023-06-10_05-52-56.json, api_response_2023-06-10_04-32-42.json, api_response_2023-06-10_03-52-35.json, api_response_2023-06-10_05-22-51.json, api_response_2023-06-10_03-42-34.json, api_response_2023-06-10_04-42-44.json, api_response_2023-06-10_06-12-59.json, api_response_2023-06-10_05-32-53.json, api_response_2023-06-10_04-22-40.json, api_response_2023-06-10_05-42-54.json, api_response_2023-06-10_04-52-46.json, api_response_2023-06-10_06-02-58.json, api_response_2023-06-10_04-12-39.json, api_response_2023-06-10_05-02-47.json, api_response_2023-06-10_06-23-01.json

Record time: 2023-06-10T02:34:47Z
Event time: 2023-06-10T10:12:30.800Z
Status: Underway
Travel distance: 94.4681425485961
Waypoints: (54.45848726424268, 26.185274052158977), (54.528485319852216, 26.176635541468986), (54.598483375461775, 26.192352685155), (54.668481431071335, 26.197953995608074), (54.73847948668091, 26.182418925611326), (54.80847754229048, 26.149335797003566), (54.87847559790006, 26.10959076927864), (54.94847365350963, 26.07558784812054), (55.018471709119204, 26.05699993387424), (55.08846976190252, 26.058050908615346), (55.15846781750851, 26.083305622511606), (55.22846587311449, 26.11600160892539), (55.29846392872046, 26.130780488816473), (55.36846198432644, 26.111911547789873), (55.43846003993242, 26.067524017955037), (55.5084580983862, 26.046722508671362), (55.57845615399576, 26.033553665553093), (55.648454209605326, 26.03125852497666), (55.718452265214886, 26.039657172229347), (55.78845032082445, 26.054522039930692), (55.85844837643401, 26.067293300091745), (55.92844643204357, 26.0651363511494), (55.998444487653124, 26.03134139997603), (56.06844254326265, 25.946065138864192)
Associated file(s): api_response_2023-06-10_08-53-26.json, api_response_2023-06-10_08-23-21.json, api_response_2023-06-10_07-53-16.json, api_response_2023-06-10_07-23-11.json, api_response_2023-06-10_06-43-04.json, api_response_2023-06-10_09-33-33.json, api_response_2023-06-10_08-03-18.json, api_response_2023-06-10_07-03-08.json, api_response_2023-06-10_07-13-09.json, api_response_2023-06-10_09-13-30.json, api_response_2023-06-10_08-13-19.json, api_response_2023-06-10_09-03-28.json, api_response_2023-06-10_08-33-23.json, api_response_2023-06-10_07-33-13.json, api_response_2023-06-10_07-43-14.json, api_response_2023-06-10_06-53-06.json, api_response_2023-06-10_08-43-25.json, api_response_2023-06-10_09-23-31.json

Record time: 2023-06-10T05:37:19Z
Event time: 2023-06-10T10:10:18.500Z
Status: Underway
Travel distance: 61.442764578833696
Waypoints: (55.15846782033835, 26.12072997321414), (55.22846587594792, 26.090726163338854), (55.298463931557464, 26.133260044412385), (55.368461987167024, 26.136703104562006), (55.43846004277659, 26.089208882594953), (55.50845809838617, 26.02526633695912), (55.57845615428335, 25.98623387312141), (55.64845420989328, 25.986562794121838), (55.71845226521487, 26.0350642417829), (55.78845032082444, 26.097916952398883), (55.858448376434005, 26.12035785291183), (55.92844643204356, 26.06327187015818), (55.998444487653096, 25.95768898690394), (56.06844254326259, 25.97835568450907)
Associated file(s): api_response_2023-06-10_09-43-35.json, api_response_2023-06-10_11-03-48.json, api_response_2023-06-10_10-13-40.json, api_response_2023-06-10_10-43-45.json, api_response_2023-06-10_10-33-43.json, api_response_2023-06-10_10-53-47.json, api_response_2023-06-10_11-33-53.json, api_response_2023-06-10_10-23-41.json, api_response_2023-06-10_11-23-52.json, api_response_2023-06-10_11-43-55.json, api_response_2023-06-10_10-03-38.json, api_response_2023-06-10_11-13-50.json, api_response_2023-06-10_09-53-36.json

Record time: 2023-06-10T07:50:19Z
Event time: 2023-06-10T09:47:45.500Z
Status: Underway
Travel distance: 30.161447084233263
Waypoints: (55.64845420960529, 26.114352392065342), (55.718452265214864, 26.044340723453907), (55.78845032082444, 26.114352392065342), (55.858448376433984, 26.114352392065342), (55.92844643204356, 26.044340723453907), (55.99844448765313, 25.97432905484247), (56.06844254326268, 25.97432905484247)
Associated file(s): api_response_2023-06-10_11-53-57.json, api_response_2023-06-10_12-03-58.json, api_response_2023-06-10_12-24-02.json, api_response_2023-06-10_12-14-00.json

Record time: 2023-06-10T08:32:48Z
Event time: 2023-06-10T10:04:41.250Z
Status: Underway
Travel distance: 22.63768898488121
Waypoints: (55.718452265214864, 26.114352392065342), (55.78845032082444, 26.044340723453907), (55.858448376433984, 26.044340723453907), (55.92844643204356, 26.044340723453907), (55.99844448765313, 25.97432905484247), (56.06844254326268, 25.97432905484247)
Associated file(s): api_response_2023-06-10_12-34-04.json

Record time: 2023-06-10T08:43:21Z
Event time: 2023-06-10T10:20:26.750Z
Status: Underway
Travel distance: 24.509719222462202
Waypoints: (55.718452265214864, 26.044340723453907), (55.78845032082444, 26.114352392065342), (55.858448376433984, 26.114352392065342), (55.92844643204356, 26.044340723453907), (55.99844448765313, 25.97432905484247), (56.06844254326268, 25.97432905484247)
Associated file(s): api_response_2023-06-10_12-54-07.json, api_response_2023-06-10_12-44-05.json
