Record time: 2024-01-04T21:20:19Z
Event time: 2024-01-09T11:55:04Z
Status: Underway
Travel distance: 1398.7294816414687
Waypoints: (74.60999999999997, 12.870000000000001), (74.42999999999999, 13.050000000000002), (74.25, 13.230000000000002), (74.07000000000001, 13.410000000000002), (73.89000000000001, 13.590000000000003), (73.71000000000002, 13.770000000000003), (73.53000000000002, 13.950000000000003), (73.35000000000002, 14.130000000000003), (73.17000000000002, 14.310000000000002), (72.98999999625534, 14.489999999256618), (72.8099999962646, 14.669999999247382), (72.62999999627382, 14.849999999238152), (72.44999999628305, 15.029999999228911), (72.2699999962923, 15.209999999219677), (72.08999999630151, 15.389999999210444), (71.90999999631076, 15.569999999201206), (71.72999999631998, 15.749999999191976), (71.54999999632925, 15.929999999182742), (71.36999999633846, 16.109999999173503), (71.1899999963477, 16.289999999164273), (71.00999999635691, 16.469999999155043), (70.82999999636615, 16.64999999914581), (70.64999999637539, 16.829999999136575), (70.46999999638462, 17.009999999127338), (70.28999999639387, 17.189999999118104), (70.1099999964031, 17.36999999910887), (69.92999999641236, 17.549999999099633), (69.74999999642156, 17.729999999090396), (69.56999999643081, 17.90999999908116), (69.38999999644003, 18.089999999071928), (69.20999999644928, 18.269999999062694), (69.02999999645851, 18.449999999053457), (68.84999999646773, 18.62999999904422), (68.66999999647699, 18.809999999034986), (68.48999999648622, 18.989999999025752), (68.30999999649545, 19.169999999016515), (68.12999999650467, 19.349999999007277), (67.94999999651392, 19.52999999899805), (67.76999999652315, 19.71461327129979), (67.58999999653238, 19.88365674955199), (67.40999999654161, 20.061989768791726), (67.22999999655086, 20.25128415564431), (67.0499999965601, 20.442817336412514), (66.86999999656932, 20.626107685036846), (66.68999999657856, 20.794031766331234), (66.5099999965878, 20.94506312989866), (66.32999999659702, 21.08327231013117), (66.14999999660627, 21.2167276876987), (65.96999999661551, 21.35955014024219), (65.78999999662473, 21.504238254382027), (65.60999999663396, 21.65953883318682), (65.42999999664319, 21.850456587921947), (65.24999999665243, 22.06281733632941), (65.06999999666169, 22.266935252593), (64.8899999966709, 22.436482701769922), (64.70999999668014, 22.564481624902403), (64.52999999668937, 22.67833544102255), (64.34999999669861, 22.76999999883182), (64.16999999670784, 22.866277828952068), (63.98999999671708, 22.969175123333653), (63.80999999672631, 23.100120338026088), (63.62999999673554, 23.272618924637243), (63.449999996744786, 23.480259791499655), (63.269999996754, 23.692581772912913), (63.089999996763254, 23.890584195839885), (62.909999996772484, 24.04103405449417), (62.72999999678173, 24.151292231901355), (62.54999999679096, 24.20347260610785), (62.3699999968002, 24.204291558860536), (62.189999996809426, 24.197512180748085), (62.009999996818664, 24.21454542882905), (61.829999996827894, 24.290906715673966), (61.64999999683714, 24.41493686777422), (61.469999996846376, 24.55640247552036), (61.289999996855585, 24.66088921666455), (61.10999999686484, 24.714993402958715), (60.92999999687408, 24.74999999873024), (60.7499999968833, 24.785006594501763), (60.569999996892555, 24.84372405310691), (60.389999996901764, 24.941867544823506), (60.209999996911016, 25.075322922391024), (60.029999996920246, 25.200637231174472), (59.84999999692947, 25.289815855480033), (59.66999999693871, 25.322956789655205), (59.489999996947944, 25.32020917894058), (59.30999999695718, 25.291477990356775), (59.12999999696641, 25.283273925207112), (58.94999999697565, 25.28365674927494), (58.769999996984886, 25.288715842019325), (58.589999996994116, 25.291536140848095), (58.409999997003354, 25.282348363220347), (58.22999999701258, 25.281606944456083), (58.049999997021835, 25.294467894785218), (57.86999999703106, 25.336840219456626), (57.689999997040296, 25.40659173378876), (57.509999997049526, 25.500756762724567), (57.32077345243681, 25.636271636859497), (57.15253729977119, 25.822021429532953), (56.98470555439985, 26.028796147774734), (56.80977416267944, 26.23070538797591), (56.62172190555441, 26.396683351485006), (56.420458914083625, 26.495375910131088), (56.21756030788431, 26.50168205190961), (56.04328495943412, 26.40494970814621), (55.95487938423123, 26.21882596213852), (56.04616675681281, 25.992761639275923)
Associated file(s): api_response_2024-01-05_01-40-35.json, api_response_2024-01-05_01-20-30.json, api_response_2024-01-05_01-40-35.json, api_response_2024-01-05_01-20-30.json

Record time: 2024-01-04T21:45:19Z
Event time: 2024-01-09T11:17:42.333Z
Status: Underway
Travel distance: 1398.7294816414687
Waypoints: (74.60999999999997, 12.870000000000001), (74.42999999999999, 13.050000000000002), (74.25, 13.230000000000002), (74.07000000000001, 13.410000000000002), (73.89000000000001, 13.590000000000003), (73.71000000000002, 13.770000000000003), (73.53000000000002, 13.950000000000003), (73.35000000000002, 14.130000000000003), (73.17000000000002, 14.310000000000002), (72.98999999625534, 14.489999999256618), (72.8099999962646, 14.669999999247382), (72.62999999627382, 14.849999999238152), (72.44999999628305, 15.029999999228911), (72.2699999962923, 15.209999999219677), (72.08999999630151, 15.389999999210444), (71.90999999631076, 15.569999999201206), (71.72999999631998, 15.749999999191976), (71.54999999632925, 15.929999999182742), (71.36999999633846, 16.109999999173503), (71.1899999963477, 16.289999999164273), (71.00999999635691, 16.469999999155043), (70.82999999636615, 16.64999999914581), (70.64999999637539, 16.829999999136575), (70.46999999638462, 17.009999999127338), (70.28999999639387, 17.189999999118104), (70.1099999964031, 17.36999999910887), (69.92999999641236, 17.549999999099633), (69.74999999642156, 17.729999999090396), (69.56999999643081, 17.90999999908116), (69.38999999644003, 18.089999999071928), (69.20999999644928, 18.269999999062694), (69.02999999645851, 18.449999999053457), (68.84999999646773, 18.62999999904422), (68.66999999647699, 18.809999999034986), (68.48999999648622, 18.989999999025752), (68.30999999649545, 19.169999999016515), (68.12999999650467, 19.349999999007277), (67.94999999651392, 19.52999999899805), (67.76999999652315, 19.71461327129979), (67.58999999653238, 19.88365674955199), (67.40999999654161, 20.061989768791726), (67.22999999655086, 20.25128415564431), (67.0499999965601, 20.442817336412514), (66.86999999656932, 20.626107685036846), (66.68999999657856, 20.794031766331234), (66.5099999965878, 20.94506312989866), (66.32999999659702, 21.08327231013117), (66.14999999660627, 21.2167276876987), (65.96999999661551, 21.35955014024219), (65.78999999662473, 21.504238254382027), (65.60999999663396, 21.65953883318682), (65.42999999664319, 21.850456587921947), (65.24999999665243, 22.06281733632941), (65.06999999666169, 22.266935252593), (64.8899999966709, 22.436482701769922), (64.70999999668014, 22.564481624902403), (64.52999999668937, 22.67833544102255), (64.34999999669861, 22.76999999883182), (64.16999999670784, 22.866277828952068), (63.98999999671708, 22.969175123333653), (63.80999999672631, 23.100120338026088), (63.62999999673554, 23.272618924637243), (63.449999996744786, 23.480259791499655), (63.269999996754, 23.692581772912913), (63.089999996763254, 23.890584195839885), (62.909999996772484, 24.04103405449417), (62.72999999678173, 24.151292231901355), (62.54999999679096, 24.20347260610785), (62.3699999968002, 24.204291558860536), (62.189999996809426, 24.197512180748085), (62.009999996818664, 24.21454542882905), (61.829999996827894, 24.290906715673966), (61.64999999683714, 24.41493686777422), (61.469999996846376, 24.55640247552036), (61.289999996855585, 24.66088921666455), (61.10999999686484, 24.714993402958715), (60.92999999687408, 24.74999999873024), (60.7499999968833, 24.785006594501763), (60.569999996892555, 24.84372405310691), (60.389999996901764, 24.941867544823506), (60.209999996911016, 25.075322922391024), (60.029999996920246, 25.200637231174472), (59.84999999692947, 25.289815855480033), (59.66999999693871, 25.322956789655205), (59.489999996947944, 25.32020917894058), (59.30999999695718, 25.291477990356775), (59.12999999696641, 25.283273925207112), (58.94999999697565, 25.28365674927494), (58.769999996984886, 25.288715842019325), (58.589999996994116, 25.291536140848095), (58.409999997003354, 25.282348363220347), (58.22999999701258, 25.281606944456083), (58.049999997021835, 25.294467894785218), (57.86999999703106, 25.336840219456626), (57.689999997040296, 25.40659173378876), (57.509999997049526, 25.500756762724567), (57.32077345243681, 25.636271636859497), (57.15253729977119, 25.822021429532953), (56.98470555439985, 26.028796147774734), (56.80977416267944, 26.23070538797591), (56.62172190555441, 26.396683351485006), (56.420458914083625, 26.495375910131088), (56.21756030788431, 26.50168205190961), (56.04328495943412, 26.40494970814621), (55.95487938423123, 26.21882596213852), (56.04616675681281, 25.992761639275923)
Associated file(s): api_response_2024-01-05_02-00-37.json, api_response_2024-01-05_02-00-37.json

Record time: 2024-01-04T22:19:18Z
Event time: 2024-01-09T11:59:17.625Z
Status: Underway
Travel distance: 1400.914686825054
Waypoints: (74.41853122529648, 12.690000000000007), (74.28687272727275, 12.870000000000008), (74.20352891738766, 13.050000000000008), (74.12238205068591, 13.230000000000008), (74.01953513870706, 13.410000000000007), (73.88688244349542, 13.590000000000009), (73.72658711927463, 13.770000000000012), (73.54646600178664, 13.950000000000014), (73.3562815452955, 14.130000000000015), (73.16494090350173, 14.309999999265854), (72.9866030383877, 14.489999999256618), (72.80365674683699, 14.669999999247382), (72.63461326858479, 14.849999999238152), (72.44999999628305, 15.029999999228911), (72.2699999962923, 15.209999999219677), (72.08999999630151, 15.389999999210444), (71.90999999631076, 15.569999999201206), (71.72999999631998, 15.749999999191976), (71.54999999632925, 15.929999999182742), (71.36999999633846, 16.109999999173503), (71.1899999963477, 16.289999999164273), (71.00999999635691, 16.469999999155043), (70.82999999636615, 16.64999999914581), (70.64999999637539, 16.829999999136575), (70.46999999638462, 17.009999999127338), (70.28999999639387, 17.189999999118104), (70.1099999964031, 17.36999999910887), (69.92999999641236, 17.549999999099633), (69.74999999642156, 17.729999999090396), (69.56999999643081, 17.90999999908116), (69.38999999644003, 18.089999999071928), (69.20999999644928, 18.269999999062694), (69.02999999645851, 18.449999999053457), (68.84999999646773, 18.62999999904422), (68.66999999647699, 18.809999999034986), (68.48999999648622, 18.989999999025752), (68.30999999649545, 19.169999999016515), (68.12999999650467, 19.349999999007277), (67.94999999651392, 19.52999999899805), (67.76999999652315, 19.71461327129979), (67.58999999653238, 19.88365674955199), (67.40999999654161, 20.061989768791726), (67.22999999655086, 20.25128415564431), (67.0499999965601, 20.442817336412514), (66.86999999656932, 20.626107685036846), (66.68999999657856, 20.794031766331234), (66.5099999965878, 20.94506312989866), (66.32999999659702, 21.08327231013117), (66.14999999660627, 21.2167276876987), (65.96999999661551, 21.35955014024219), (65.78999999662473, 21.504238254382027), (65.60999999663396, 21.65953883318682), (65.42999999664319, 21.850456587921947), (65.24999999665243, 22.06281733632941), (65.06999999666169, 22.266935252593), (64.8899999966709, 22.436482701769922), (64.70999999668014, 22.564481624902403), (64.52999999668937, 22.67833544102255), (64.34999999669861, 22.76999999883182), (64.16999999670784, 22.866277828952068), (63.98999999671708, 22.969175123333653), (63.80999999672631, 23.100120338026088), (63.62999999673554, 23.272618924637243), (63.449999996744786, 23.480259791499655), (63.269999996754, 23.692581772912913), (63.089999996763254, 23.890584195839885), (62.909999996772484, 24.04103405449417), (62.72999999678173, 24.151292231901355), (62.54999999679096, 24.20347260610785), (62.3699999968002, 24.204291558860536), (62.189999996809426, 24.197512180748085), (62.009999996818664, 24.21454542882905), (61.829999996827894, 24.290906715673966), (61.64999999683714, 24.41493686777422), (61.469999996846376, 24.55640247552036), (61.289999996855585, 24.66088921666455), (61.10999999686484, 24.714993402958715), (60.92999999687408, 24.74999999873024), (60.7499999968833, 24.785006594501763), (60.569999996892555, 24.84372405310691), (60.389999996901764, 24.941867544823506), (60.209999996911016, 25.075322922391024), (60.029999996920246, 25.200637231174472), (59.84999999692947, 25.289815855480033), (59.66999999693871, 25.322956789655205), (59.489999996947944, 25.32020917894058), (59.30999999695718, 25.291477990356775), (59.12999999696641, 25.283273925207112), (58.94999999697565, 25.28365674927494), (58.769999996984886, 25.288715842019325), (58.589999996994116, 25.291536140848095), (58.409999997003354, 25.282348363220347), (58.22999999701258, 25.281606944456083), (58.049999997021835, 25.294467894785218), (57.86999999703106, 25.336840219456626), (57.689999997040296, 25.40659173378876), (57.509999997049526, 25.500756762724567), (57.32077345243681, 25.636271636859497), (57.15253729977119, 25.822021429532953), (56.98470555439985, 26.028796147774734), (56.80977416267944, 26.23070538797591), (56.62172190555441, 26.396683351485006), (56.420458914083625, 26.495375910131088), (56.21756030788431, 26.50168205190961), (56.04328495943412, 26.40494970814621), (55.95487938423123, 26.21882596213852), (56.04616675681281, 25.992761639275923)
Associated file(s): api_response_2024-01-05_02-20-40.json, api_response_2024-01-05_02-40-43.json, api_response_2024-01-05_02-20-40.json, api_response_2024-01-05_02-40-43.json

Record time: 2024-01-04T22:46:50Z
Event time: 2024-01-09T12:30:34.555Z
Status: Underway
Travel distance: 1400.914686825054
Waypoints: (74.41853122529648, 12.690000000000007), (74.28687272727275, 12.870000000000008), (74.20352891738766, 13.050000000000008), (74.12238205068591, 13.230000000000008), (74.01953513870706, 13.410000000000007), (73.88688244349542, 13.590000000000009), (73.72658711927463, 13.770000000000012), (73.54646600178664, 13.950000000000014), (73.3562815452955, 14.130000000000015), (73.16494090350173, 14.309999999265854), (72.9866030383877, 14.489999999256618), (72.80365674683699, 14.669999999247382), (72.63461326858479, 14.849999999238152), (72.44999999628305, 15.029999999228911), (72.2699999962923, 15.209999999219677), (72.08999999630151, 15.389999999210444), (71.90999999631076, 15.569999999201206), (71.72999999631998, 15.749999999191976), (71.54999999632925, 15.929999999182742), (71.36999999633846, 16.109999999173503), (71.1899999963477, 16.289999999164273), (71.00999999635691, 16.469999999155043), (70.82999999636615, 16.64999999914581), (70.64999999637539, 16.829999999136575), (70.46999999638462, 17.009999999127338), (70.28999999639387, 17.189999999118104), (70.1099999964031, 17.36999999910887), (69.92999999641236, 17.549999999099633), (69.74999999642156, 17.729999999090396), (69.56999999643081, 17.90999999908116), (69.38999999644003, 18.089999999071928), (69.20999999644928, 18.269999999062694), (69.02999999645851, 18.449999999053457), (68.84999999646773, 18.62999999904422), (68.66999999647699, 18.809999999034986), (68.48999999648622, 18.989999999025752), (68.30999999649545, 19.169999999016515), (68.12999999650467, 19.349999999007277), (67.94999999651392, 19.52999999899805), (67.76999999652315, 19.71461327129979), (67.58999999653238, 19.88365674955199), (67.40999999654161, 20.061989768791726), (67.22999999655086, 20.25128415564431), (67.0499999965601, 20.442817336412514), (66.86999999656932, 20.626107685036846), (66.68999999657856, 20.794031766331234), (66.5099999965878, 20.94506312989866), (66.32999999659702, 21.08327231013117), (66.14999999660627, 21.2167276876987), (65.96999999661551, 21.35955014024219), (65.78999999662473, 21.504238254382027), (65.60999999663396, 21.65953883318682), (65.42999999664319, 21.850456587921947), (65.24999999665243, 22.06281733632941), (65.06999999666169, 22.266935252593), (64.8899999966709, 22.436482701769922), (64.70999999668014, 22.564481624902403), (64.52999999668937, 22.67833544102255), (64.34999999669861, 22.76999999883182), (64.16999999670784, 22.866277828952068), (63.98999999671708, 22.969175123333653), (63.80999999672631, 23.100120338026088), (63.62999999673554, 23.272618924637243), (63.449999996744786, 23.480259791499655), (63.269999996754, 23.692581772912913), (63.089999996763254, 23.890584195839885), (62.909999996772484, 24.04103405449417), (62.72999999678173, 24.151292231901355), (62.54999999679096, 24.20347260610785), (62.3699999968002, 24.204291558860536), (62.189999996809426, 24.197512180748085), (62.009999996818664, 24.21454542882905), (61.829999996827894, 24.290906715673966), (61.64999999683714, 24.41493686777422), (61.469999996846376, 24.55640247552036), (61.289999996855585, 24.66088921666455), (61.10999999686484, 24.714993402958715), (60.92999999687408, 24.74999999873024), (60.7499999968833, 24.785006594501763), (60.569999996892555, 24.84372405310691), (60.389999996901764, 24.941867544823506), (60.209999996911016, 25.075322922391024), (60.029999996920246, 25.200637231174472), (59.84999999692947, 25.289815855480033), (59.66999999693871, 25.322956789655205), (59.489999996947944, 25.32020917894058), (59.30999999695718, 25.291477990356775), (59.12999999696641, 25.283273925207112), (58.94999999697565, 25.28365674927494), (58.769999996984886, 25.288715842019325), (58.589999996994116, 25.291536140848095), (58.409999997003354, 25.282348363220347), (58.22999999701258, 25.281606944456083), (58.049999997021835, 25.294467894785218), (57.86999999703106, 25.336840219456626), (57.689999997040296, 25.40659173378876), (57.509999997049526, 25.500756762724567), (57.32077345243681, 25.636271636859497), (57.15253729977119, 25.822021429532953), (56.98470555439985, 26.028796147774734), (56.80977416267944, 26.23070538797591), (56.62172190555441, 26.396683351485006), (56.420458914083625, 26.495375910131088), (56.21756030788431, 26.50168205190961), (56.04328495943412, 26.40494970814621), (55.95487938423123, 26.21882596213852), (56.04616675681281, 25.992761639275923)
Associated file(s): api_response_2024-01-05_03-00-46.json, api_response_2024-01-05_03-20-50.json, api_response_2024-01-05_03-00-46.json, api_response_2024-01-05_03-20-50.json
