Record time: 2023-08-04T08:18:27Z
Event time: 2023-08-05T01:08:49.200Z
Status: Underway
Travel distance: 212.0291576673866
Waypoints: (52.9838939834363, 24.300949679811076), (53.00114318184549, 24.347402744781714), (53.05333170512039, 24.43285189536509), (53.12221666495904, 24.519352261912758), (53.196667103652274, 24.58968257947094), (53.27079951498239, 24.640659728403328), (53.34236324376425, 24.67747673270828), (53.411375764028776, 24.709064216030292), (53.47900783584899, 24.744475315365875), (53.54671853806128, 24.790294051191854), (53.618510594177046, 24.848178782773907), (53.688508649783024, 24.91966815088878), (53.758506705388996, 24.995234386393577), (53.828504760994974, 25.06335934938084), (53.89850281660096, 25.115386057917178), (53.96850087220693, 25.15111660581861), (54.038498927812924, 25.187946004246324), (54.10849698341888, 25.227913629305665), (54.17849503902486, 25.27206367171972), (54.24849309463083, 25.336848732249763), (54.31849115023681, 25.414077379699968), (54.38848920584279, 25.487372406141034), (54.45848726144877, 25.557655488944047), (54.528485317054745, 25.619656669152825), (54.59848337266071, 25.67224882392909), (54.668481428266695, 25.710750058406205), (54.73847948387265, 25.73265544574125), (54.80847753947863, 25.736775664009578), (54.8784755950846, 25.730934604351056), (54.94847365069058, 25.713072157631537), (55.018471706296545, 25.70187255243924), (55.08846976190252, 25.696796730025426), (55.15846781750851, 25.708605132336057), (55.22846587311449, 25.73896771059972), (55.29846392872046, 25.785426658493517), (55.36846198432644, 25.833057964924766), (55.43846003993242, 25.870262442691626), (55.5084580983862, 25.923258955686766), (55.57845615399576, 25.97513117174754), (55.648454209605326, 26.021199082155096), (55.718452265214886, 26.056503723384953), (55.78845032082445, 26.076317964871023), (55.85844837643401, 26.076809777445074), (55.92844643204357, 26.055857983778925), (55.998444487653124, 26.014020490829342), (56.06844254326265, 25.955655004285642)
Associated file(s): api_response_2023-08-04_12-27-49.json, api_response_2023-08-04_12-27-49.json

Record time: 2023-08-04T08:32:37Z
Event time: 2023-08-04T23:33:34.600Z
Status: Underway
Travel distance: 208.60097192224623
Waypoints: (52.98852809644176, 24.362786572188224), (53.058526152051364, 24.431319261899045), (53.12852420766093, 24.51226058367218), (53.19852226327049, 24.583818839135166), (53.26852031888005, 24.638980267396963), (53.33851837448962, 24.6800547506173), (53.40851643009919, 24.714145458732055), (53.478514485708764, 24.749542433334803), (53.54851254131834, 24.7930401107144), (53.618510594177046, 24.848178782773907), (53.688508649783024, 24.91966815088878), (53.758506705388996, 24.995234386393577), (53.828504760994974, 25.06335934938084), (53.89850281660096, 25.115386057917178), (53.96850087220693, 25.15111660581861), (54.038498927812924, 25.187946004246324), (54.10849698341888, 25.227913629305665), (54.17849503902486, 25.27206367171972), (54.24849309463083, 25.336848732249763), (54.31849115023681, 25.414077379699968), (54.38848920584279, 25.487372406141034), (54.45848726144877, 25.557655488944047), (54.528485317054745, 25.619656669152825), (54.59848337266071, 25.67224882392909), (54.668481428266695, 25.710750058406205), (54.73847948387265, 25.73265544574125), (54.80847753947863, 25.736775664009578), (54.8784755950846, 25.730934604351056), (54.94847365069058, 25.713072157631537), (55.018471706296545, 25.70187255243924), (55.08846976190252, 25.696796730025426), (55.15846781750851, 25.708605132336057), (55.22846587311449, 25.73896771059972), (55.29846392872046, 25.785426658493517), (55.36846198432644, 25.833057964924766), (55.43846003993242, 25.870262442691626), (55.5084580983862, 25.923258955686766), (55.57845615399576, 25.97513117174754), (55.648454209605326, 26.021199082155096), (55.718452265214886, 26.056503723384953), (55.78845032082445, 26.076317964871023), (55.85844837643401, 26.076809777445074), (55.92844643204357, 26.055857983778925), (55.998444487653124, 26.014020490829342), (56.06844254326265, 25.955655004285642)
Associated file(s): api_response_2023-08-04_12-37-51.json, api_response_2023-08-04_12-37-51.json

Record time: 2023-08-04T08:45:16Z
Event time: 2023-08-04T21:57:04.800Z
Status: Underway
Travel distance: 224.25809935205183
Waypoints: (53.012367916854046, 24.4286951229962), (52.9966455604373, 24.514787968440626), (53.004485564231715, 24.580142644666036), (53.03059295423424, 24.634855365634326), (53.07012314102361, 24.686020768183575), (53.11891672276827, 24.738251180158425), (53.1736525029169, 24.79415913453486), (53.231918722571656, 24.854803129539345), (53.292202507543934, 24.920096634762437), (53.35379752735561, 24.989180341984678), (53.4045063085725, 25.063677884096), (53.468489185998514, 25.137304638997822), (53.54719153609484, 25.206667929250543), (53.62230776962586, 25.272418018030077), (53.69506089744333, 25.344224036039307), (53.758039360718385, 25.416030054048544), (53.807314072200015, 25.483574492229472), (53.85102022117482, 25.550470552055284), (53.88381914856267, 25.62098169817507), (53.91318648463923, 25.695978717798333), (53.94598541202709, 25.772255530744648), (53.987897560492094, 25.843835370257906), (54.041433023184524, 25.904147751030077), (54.10505973874462, 25.946411087823552), (54.17419848318203, 25.976626650064837), (54.24482971543853, 25.986974316255626), (54.320458520543795, 25.98179105905623), (54.38981020831902, 25.971040041214284), (54.460954012149756, 25.96477489687581), (54.52669131654494, 25.96717804339553), (54.59848337266071, 25.98582269074696), (54.668481428266695, 26.005192994106302), (54.73847948387265, 26.017887262192822), (54.80847753947863, 26.02965608326665), (54.8784755950846, 26.04143809808608), (54.94847365069058, 26.048364814525275), (55.018471706296545, 26.05344252175988), (55.08846976190252, 26.066383701371176), (55.15846781750851, 26.09144050908346), (55.22846587311449, 26.11901920702584), (55.29846392872046, 26.129958706947768), (55.36846198432644, 26.106328708580925), (55.43846003993242, 26.066851136929515), (55.5084580983862, 26.047141190198378), (55.57845615399576, 26.034574541614095), (55.648454209605326, 26.032127153209657), (55.718452265214886, 26.03980262327932), (55.78845032082445, 26.053909358939187), (55.85844837643401, 26.06651322416689), (55.92844643204357, 26.06506566465783), (55.998444487653124, 26.032207309497796), (56.06844254326265, 25.945747049652102)
Associated file(s): api_response_2023-08-04_13-07-56.json, api_response_2023-08-04_13-17-58.json, api_response_2023-08-04_12-47-53.json, api_response_2023-08-04_12-57-55.json, api_response_2023-08-04_13-07-56.json, api_response_2023-08-04_13-17-58.json, api_response_2023-08-04_12-47-53.json, api_response_2023-08-04_12-57-55.json

Record time: 2023-08-04T09:21:54Z
Event time: 2023-08-05T00:37:16.600Z
Status: Underway
Travel distance: 221.76997840172785
Waypoints: (52.92815997928352, 24.500562312011436), (52.95737442330138, 24.585418143853328), (53.01032922280631, 24.64189542834288), (53.070773785994625, 24.688549369518167), (53.13039201596488, 24.73622154229375), (53.18641696844326, 24.79007926856617), (53.239581319268254, 24.85138546394501), (53.29240364163469, 24.918998955109622), (53.34781049309708, 24.990605267791423), (53.40809430959212, 25.063677884096), (53.468489185998514, 25.137304638997822), (53.54719153609484, 25.206667929250543), (53.62230776962586, 25.272418018030077), (53.69506089744333, 25.344224036039307), (53.758039360718385, 25.416030054048544), (53.807314072200015, 25.483574492229472), (53.85102022117482, 25.550470552055284), (53.88381914856267, 25.62098169817507), (53.91318648463923, 25.695978717798333), (53.94598541202709, 25.772255530744648), (53.987897560492094, 25.843835370257906), (54.041433023184524, 25.904147751030077), (54.10505973874462, 25.946411087823552), (54.17419848318203, 25.976626650064837), (54.24482971543853, 25.986974316255626), (54.320458520543795, 25.98179105905623), (54.38981020831902, 25.971040041214284), (54.460954012149756, 25.96477489687581), (54.52669131654494, 25.96717804339553), (54.59848337266071, 25.98582269074696), (54.668481428266695, 26.005192994106302), (54.73847948387265, 26.017887262192822), (54.80847753947863, 26.02965608326665), (54.8784755950846, 26.04143809808608), (54.94847365069058, 26.048364814525275), (55.018471706296545, 26.05344252175988), (55.08846976190252, 26.066383701371176), (55.15846781750851, 26.09144050908346), (55.22846587311449, 26.11901920702584), (55.29846392872046, 26.129958706947768), (55.36846198432644, 26.106328708580925), (55.43846003993242, 26.066851136929515), (55.5084580983862, 26.047141190198378), (55.57845615399576, 26.034574541614095), (55.648454209605326, 26.032127153209657), (55.718452265214886, 26.03980262327932), (55.78845032082445, 26.053909358939187), (55.85844837643401, 26.06651322416689), (55.92844643204357, 26.06506566465783), (55.998444487653124, 26.032207309497796), (56.06844254326265, 25.945747049652102)
Associated file(s): api_response_2023-08-04_13-28-00.json, api_response_2023-08-04_13-38-02.json, api_response_2023-08-04_13-28-00.json, api_response_2023-08-04_13-38-02.json

Record time: 2023-08-04T09:45:58Z
Event time: 2023-08-05T01:48:19.250Z
Status: Underway
Travel distance: 218.4562634989201
Waypoints: (52.91797727898677, 24.576882749995807), (52.98737209221708, 24.643925585961163), (53.06302860451513, 24.692631514406543), (53.13261828745324, 24.738590059515083), (53.19263845439796, 24.7899155461776), (53.24506245451597, 24.849436507833737), (53.294560667992606, 24.916571460131994), (53.346292302463105, 24.988891040408674), (53.40426799065637, 25.063366512985723), (53.47028318650832, 25.137304638997822), (53.54719153609484, 25.206667929250543), (53.62230776962586, 25.272418018030077), (53.69506089744333, 25.344224036039307), (53.758039360718385, 25.416030054048544), (53.807314072200015, 25.483574492229472), (53.85102022117482, 25.550470552055284), (53.88381914856267, 25.62098169817507), (53.91318648463923, 25.695978717798333), (53.94598541202709, 25.772255530744648), (53.987897560492094, 25.843835370257906), (54.041433023184524, 25.904147751030077), (54.10505973874462, 25.946411087823552), (54.17419848318203, 25.976626650064837), (54.24482971543853, 25.986974316255626), (54.320458520543795, 25.98179105905623), (54.38981020831902, 25.971040041214284), (54.460954012149756, 25.96477489687581), (54.52669131654494, 25.96717804339553), (54.59848337266071, 25.98582269074696), (54.668481428266695, 26.005192994106302), (54.73847948387265, 26.017887262192822), (54.80847753947863, 26.02965608326665), (54.8784755950846, 26.04143809808608), (54.94847365069058, 26.048364814525275), (55.018471706296545, 26.05344252175988), (55.08846976190252, 26.066383701371176), (55.15846781750851, 26.09144050908346), (55.22846587311449, 26.11901920702584), (55.29846392872046, 26.129958706947768), (55.36846198432644, 26.106328708580925), (55.43846003993242, 26.066851136929515), (55.5084580983862, 26.047141190198378), (55.57845615399576, 26.034574541614095), (55.648454209605326, 26.032127153209657), (55.718452265214886, 26.03980262327932), (55.78845032082445, 26.053909358939187), (55.85844837643401, 26.06651322416689), (55.92844643204357, 26.06506566465783), (55.998444487653124, 26.032207309497796), (56.06844254326265, 25.945747049652102)
Associated file(s): api_response_2023-08-04_13-58-06.json, api_response_2023-08-04_13-48-04.json, api_response_2023-08-04_13-58-06.json, api_response_2023-08-04_13-48-04.json

Record time: 2023-08-04T09:58:13Z
Event time: 2023-08-05T02:32:48.500Z
Status: Underway
Travel distance: 217.32613390928725
Waypoints: (52.93539306315759, 24.646924712817928), (52.93556644437571, 24.706769955036894), (52.95842540060544, 24.78525624631398), (52.99974327212752, 24.86187553691512), (53.05505030461575, 24.92662953788635), (53.12005275177717, 24.97700722241913), (53.190949086786446, 25.015371144847165), (53.26464332251456, 25.04675257727471), (53.33885544055183, 25.07705546383636), (53.41212892628487, 25.111669191300006), (53.472959111638495, 25.153589490707926), (53.55217591776338, 25.20713536480889), (53.62280715001987, 25.270774454292674), (53.69194589445728, 25.339926644615808), (53.755572610017396, 25.412365962413773), (53.80910807270982, 25.485542245144444), (53.85102022117482, 25.55179181143593), (53.88381914856267, 25.623448928601984), (53.91318648463923, 25.69418436839694), (53.94598541202709, 25.772255530744648), (53.987897560492094, 25.843835370257906), (54.041433023184524, 25.904147751030077), (54.10505973874462, 25.946411087823552), (54.17419848318203, 25.976626650064837), (54.24482971543853, 25.986974316255626), (54.320458520543795, 25.98179105905623), (54.38981020831902, 25.971040041214284), (54.460954012149756, 25.96477489687581), (54.52669131654494, 25.96717804339553), (54.59848337266071, 25.98582269074696), (54.668481428266695, 26.005192994106302), (54.73847948387265, 26.017887262192822), (54.80847753947863, 26.02965608326665), (54.8784755950846, 26.04143809808608), (54.94847365069058, 26.048364814525275), (55.018471706296545, 26.05344252175988), (55.08846976190252, 26.066383701371176), (55.15846781750851, 26.09144050908346), (55.22846587311449, 26.11901920702584), (55.29846392872046, 26.129958706947768), (55.36846198432644, 26.106328708580925), (55.43846003993242, 26.066851136929515), (55.5084580983862, 26.047141190198378), (55.57845615399576, 26.034574541614095), (55.648454209605326, 26.032127153209657), (55.718452265214886, 26.03980262327932), (55.78845032082445, 26.053909358939187), (55.85844837643401, 26.06651322416689), (55.92844643204357, 26.06506566465783), (55.998444487653124, 26.032207309497796), (56.06844254326265, 25.945747049652102)
Associated file(s): api_response_2023-08-04_14-18-09.json, api_response_2023-08-04_14-08-08.json, api_response_2023-08-04_14-18-09.json, api_response_2023-08-04_14-08-08.json

Record time: 2023-08-04T10:24:01Z
Event time: 2023-08-05T04:54:31.500Z
Status: Underway
Travel distance: 217.32613390928725
Waypoints: (52.93539306315759, 24.646924712817928), (52.93556644437571, 24.706769955036894), (52.95842540060544, 24.78525624631398), (52.99974327212752, 24.86187553691512), (53.05505030461575, 24.92662953788635), (53.12005275177717, 24.97700722241913), (53.190949086786446, 25.015371144847165), (53.26464332251456, 25.04675257727471), (53.33885544055183, 25.07705546383636), (53.41212892628487, 25.111669191300006), (53.472959111638495, 25.153589490707926), (53.55217591776338, 25.20713536480889), (53.62280715001987, 25.270774454292674), (53.69194589445728, 25.339926644615808), (53.755572610017396, 25.412365962413773), (53.80910807270982, 25.485542245144444), (53.85102022117482, 25.55179181143593), (53.88381914856267, 25.623448928601984), (53.91318648463923, 25.69418436839694), (53.94598541202709, 25.772255530744648), (53.987897560492094, 25.843835370257906), (54.041433023184524, 25.904147751030077), (54.10505973874462, 25.946411087823552), (54.17419848318203, 25.976626650064837), (54.24482971543853, 25.986974316255626), (54.320458520543795, 25.98179105905623), (54.38981020831902, 25.971040041214284), (54.460954012149756, 25.96477489687581), (54.52669131654494, 25.96717804339553), (54.59848337266071, 25.98582269074696), (54.668481428266695, 26.005192994106302), (54.73847948387265, 26.017887262192822), (54.80847753947863, 26.02965608326665), (54.8784755950846, 26.04143809808608), (54.94847365069058, 26.048364814525275), (55.018471706296545, 26.05344252175988), (55.08846976190252, 26.066383701371176), (55.15846781750851, 26.09144050908346), (55.22846587311449, 26.11901920702584), (55.29846392872046, 26.129958706947768), (55.36846198432644, 26.106328708580925), (55.43846003993242, 26.066851136929515), (55.5084580983862, 26.047141190198378), (55.57845615399576, 26.034574541614095), (55.648454209605326, 26.032127153209657), (55.718452265214886, 26.03980262327932), (55.78845032082445, 26.053909358939187), (55.85844837643401, 26.06651322416689), (55.92844643204357, 26.06506566465783), (55.998444487653124, 26.032207309497796), (56.06844254326265, 25.945747049652102)
Associated file(s): api_response_2023-08-04_14-28-11.json, api_response_2023-08-04_14-28-11.json

Record time: 2023-09-13T18:52:55Z
Event time: 2023-09-14T13:29:52.600Z
Status: Underway
Travel distance: 157.5232181425486
Waypoints: (54.30701187963094, 24.364060676779452), (54.364085171177365, 24.4340723453909), (54.34195090755239, 24.504084014002334), (54.300736629623536, 24.574095682613766), (54.274309065122054, 24.6441073512252), (54.27738474011771, 24.714119019836634), (54.31168762194542, 24.784130688448077), (54.37115379358371, 24.854142357059516), (54.44618315948504, 24.92415402567096), (54.52693818006047, 24.994165693000095), (54.60914749964077, 25.064177361607943), (54.6729419316351, 25.134189030215786), (54.73735823355402, 25.204200698823634), (54.80668353896882, 25.27421236743147), (54.8784755950846, 25.346018385440697), (54.94847365069058, 25.411768474220242), (55.018471706296545, 25.48292611387435), (55.08846976190252, 25.552291288947867), (55.15846781750851, 25.62614045270407), (55.22846587311449, 25.702841350330335), (55.29846392872046, 25.77196903798308), (55.36846198432644, 25.82641020196394), (55.43846003993242, 25.87105972188993), (55.5084580983862, 25.92497376565051), (55.57845615399576, 25.976074713039978), (55.648454209605326, 26.021304443637828), (55.718452265214886, 26.056370278072336), (55.78845032082445, 26.076423514835827), (55.85844837643401, 26.077071579054177), (55.92844643204357, 26.055723784537967), (55.998444487653124, 26.013270709115133), (56.06844254326265, 25.95609718324526)
Associated file(s): api_response_2023-09-13_22-58-36.json, api_response_2023-09-13_22-58-36.json

Record time: 2023-09-13T19:15:56Z
Event time: 2023-09-14T08:28:09.500Z
Status: Underway
Travel distance: 151.47732181425485
Waypoints: (54.24591101810865, 24.434072345390906), (54.272064982685144, 24.50408401400234), (54.26811855845421, 24.574095682613777), (54.265553439237735, 24.644107351225212), (54.280303628514154, 24.714119019836648), (54.31730790415779, 24.784130688448087), (54.37441553845652, 24.854142357059523), (54.44564527340776, 24.924154025670962), (54.523797551292965, 24.9941656942824), (54.60241999772898, 25.064177361607943), (54.676529932654724, 25.134189030215786), (54.73735823355402, 25.204200698823634), (54.80668353896882, 25.27421236743147), (54.8784755950846, 25.346018385440697), (54.94847365069058, 25.411768474220242), (55.018471706296545, 25.48292611387435), (55.08846976190252, 25.552291288947867), (55.15846781750851, 25.62614045270407), (55.22846587311449, 25.702841350330335), (55.29846392872046, 25.77196903798308), (55.36846198432644, 25.82641020196394), (55.43846003993242, 25.87105972188993), (55.5084580983862, 25.92497376565051), (55.57845615399576, 25.976074713039978), (55.648454209605326, 26.021304443637828), (55.718452265214886, 26.056370278072336), (55.78845032082445, 26.076423514835827), (55.85844837643401, 26.077071579054177), (55.92844643204357, 26.055723784537967), (55.998444487653124, 26.013270709115133), (56.06844254326265, 25.95609718324526)
Associated file(s): api_response_2023-09-13_23-58-41.json, api_response_2023-09-13_23-18-38.json, api_response_2023-09-13_23-38-40.json, api_response_2023-09-13_23-58-41.json, api_response_2023-09-13_23-18-38.json, api_response_2023-09-13_23-38-40.json

Record time: 2023-09-13T20:13:06Z
Event time: 2023-09-14T07:47:00.200Z
Status: Underway
Travel distance: 143.51781857451405
Waypoints: (54.25183995680676, 24.574095682613777), (54.235448927472696, 24.644107351225223), (54.26358172897528, 24.71411901983666), (54.317378057252625, 24.784130688448087), (54.38416050285733, 24.854142357059523), (54.456031386271924, 24.924154025670955), (54.528636178986034, 24.994165694282394), (54.60009351033504, 25.064177362893833), (54.67009176010051, 25.13418903150527), (54.73915223406384, 25.204200698823634), (54.80668353896882, 25.27421236743147), (54.8784755950846, 25.346018385440697), (54.94847365069058, 25.411768474220242), (55.018471706296545, 25.48292611387435), (55.08846976190252, 25.552291288947867), (55.15846781750851, 25.62614045270407), (55.22846587311449, 25.702841350330335), (55.29846392872046, 25.77196903798308), (55.36846198432644, 25.82641020196394), (55.43846003993242, 25.87105972188993), (55.5084580983862, 25.92497376565051), (55.57845615399576, 25.976074713039978), (55.648454209605326, 26.021304443637828), (55.718452265214886, 26.056370278072336), (55.78845032082445, 26.076423514835827), (55.85844837643401, 26.077071579054177), (55.92844643204357, 26.055723784537967), (55.998444487653124, 26.013270709115133), (56.06844254326265, 25.95609718324526)
Associated file(s): api_response_2023-09-14_00-18-43.json, api_response_2023-09-14_00-18-43.json

Record time: 2023-09-13T20:36:36Z
Event time: 2023-09-14T05:39:40Z
Status: Underway
Travel distance: 138.707343412527
Waypoints: (54.178495041804375, 24.70948400560347), (54.248493097413956, 24.726736558582537), (54.318491153023515, 24.778935231317433), (54.388489208633075, 24.847833587686583), (54.45848726424264, 24.922298505267158), (54.52848531985221, 24.99644533363565), (54.598483375461775, 25.068022979906562), (54.66848143107135, 25.137048921509134), (54.73847948668093, 25.20469414620212), (54.80847753947863, 25.272418018030077), (54.8784755950846, 25.346018385440697), (54.94847365069058, 25.411768474220242), (55.018471706296545, 25.48292611387435), (55.08846976190252, 25.552291288947867), (55.15846781750851, 25.62614045270407), (55.22846587311449, 25.702841350330335), (55.29846392872046, 25.77196903798308), (55.36846198432644, 25.82641020196394), (55.43846003993242, 25.87105972188993), (55.5084580983862, 25.92497376565051), (55.57845615399576, 25.976074713039978), (55.648454209605326, 26.021304443637828), (55.718452265214886, 26.056370278072336), (55.78845032082445, 26.076423514835827), (55.85844837643401, 26.077071579054177), (55.92844643204357, 26.055723784537967), (55.998444487653124, 26.013270709115133), (56.06844254326265, 25.95609718324526)
Associated file(s): api_response_2023-09-14_00-58-46.json, api_response_2023-09-14_00-38-45.json, api_response_2023-09-14_00-58-46.json, api_response_2023-09-14_00-38-45.json

Record time: 2023-09-13T21:13:36Z
Event time: 2023-09-14T05:55:25.750Z
Status: Underway
Travel distance: 146.36501079913606
Waypoints: (54.03849893058528, 24.72025359749821), (54.10849698619484, 24.700890547842175), (54.178495041804396, 24.70772308035751), (54.24849309741396, 24.737476747272808), (54.31849115302353, 24.785585998568727), (54.388489208633096, 24.846980152251565), (54.45848726424267, 24.916722348604402), (54.528485319852244, 24.990501488415884), (54.59848337546181, 25.064977155186593), (54.668481428266695, 25.137977520023345), (54.73847948387265, 25.204873579849156), (54.80847753947863, 25.272418018030077), (54.8784755950846, 25.346018385440697), (54.94847365069058, 25.411768474220242), (55.018471706296545, 25.48292611387435), (55.08846976190252, 25.552291288947867), (55.15846781750851, 25.62614045270407), (55.22846587311449, 25.702841350330335), (55.29846392872046, 25.77196903798308), (55.36846198432644, 25.82641020196394), (55.43846003993242, 25.87105972188993), (55.5084580983862, 25.92497376565051), (55.57845615399576, 25.976074713039978), (55.648454209605326, 26.021304443637828), (55.718452265214886, 26.056370278072336), (55.78845032082445, 26.076423514835827), (55.85844837643401, 26.077071579054177), (55.92844643204357, 26.055723784537967), (55.998444487653124, 26.013270709115133), (56.06844254326265, 25.95609718324526)
Associated file(s): api_response_2023-09-14_01-18-48.json, api_response_2023-09-14_01-18-48.json

Record time: 2023-09-13T21:34:23Z
Event time: 2023-09-14T06:36:15Z
Status: Underway
Travel distance: 154.6171706263499
Waypoints: (53.89850281936617, 24.706159215981955), (53.9685008749757, 24.74839944373228), (54.03849893058526, 24.739795259627147), (54.10849698619483, 24.721930693911204), (54.178495041804396, 24.717837485695895), (54.24849309741398, 24.73706770117818), (54.31849115302355, 24.780082727355133), (54.38848920863313, 24.841958641234417), (54.458487264242706, 24.915407954540655), (54.528485317054745, 24.99311773263542), (54.59848337266071, 25.071727953731862), (54.668481428266695, 25.13618317062195), (54.73847948387265, 25.204873579849156), (54.80847753947863, 25.272418018030077), (54.8784755950846, 25.346018385440697), (54.94847365069058, 25.411768474220242), (55.018471706296545, 25.48292611387435), (55.08846976190252, 25.552291288947867), (55.15846781750851, 25.62614045270407), (55.22846587311449, 25.702841350330335), (55.29846392872046, 25.77196903798308), (55.36846198432644, 25.82641020196394), (55.43846003993242, 25.87105972188993), (55.5084580983862, 25.92497376565051), (55.57845615399576, 25.976074713039978), (55.648454209605326, 26.021304443637828), (55.718452265214886, 26.056370278072336), (55.78845032082445, 26.076423514835827), (55.85844837643401, 26.077071579054177), (55.92844643204357, 26.055723784537967), (55.998444487653124, 26.013270709115133), (56.06844254326265, 25.95609718324526)
Associated file(s): api_response_2023-09-14_01-38-50.json, api_response_2023-09-14_01-38-50.json

Record time: 2023-09-13T21:48:42Z
Event time: 2023-09-14T07:06:23.750Z
Status: Underway
Travel distance: 157.908747300216
Waypoints: (53.82850476375657, 24.701948320698218), (53.89850281936614, 24.73810951017321), (53.9685008749757, 24.736910809837113), (54.03849893058526, 24.724028533730937), (54.10849698619483, 24.715981594039505), (54.178495041804396, 24.722061746072576), (54.24849309741398, 24.746072712416918), (54.31849115302355, 24.787878186259224), (54.38848920863313, 24.84475871387997), (54.45848726144877, 24.912577455040008), (54.528485317054745, 24.99311773263542), (54.59848337266071, 25.071727953731862), (54.668481428266695, 25.13618317062195), (54.73847948387265, 25.204873579849156), (54.80847753947863, 25.272418018030077), (54.8784755950846, 25.346018385440697), (54.94847365069058, 25.411768474220242), (55.018471706296545, 25.48292611387435), (55.08846976190252, 25.552291288947867), (55.15846781750851, 25.62614045270407), (55.22846587311449, 25.702841350330335), (55.29846392872046, 25.77196903798308), (55.36846198432644, 25.82641020196394), (55.43846003993242, 25.87105972188993), (55.5084580983862, 25.92497376565051), (55.57845615399576, 25.976074713039978), (55.648454209605326, 26.021304443637828), (55.718452265214886, 26.056370278072336), (55.78845032082445, 26.076423514835827), (55.85844837643401, 26.077071579054177), (55.92844643204357, 26.055723784537967), (55.998444487653124, 26.013270709115133), (56.06844254326265, 25.95609718324526)
Associated file(s): api_response_2023-09-14_01-58-52.json, api_response_2023-09-14_01-58-52.json

Record time: 2023-09-13T22:14:41Z
Event time: 2023-09-14T08:12:53.750Z
Status: Underway
Travel distance: 165.71544276457882
Waypoints: (53.74923848213607, 24.7059226881063), (53.71373882334484, 24.796928244715076), (53.748117814285074, 24.864092703026213), (53.81588967835281, 24.921223317809204), (53.89479250012971, 24.97623445160274), (53.97305926718038, 25.032838070490094), (54.046188669134516, 25.09198431263648), (54.11421565405399, 25.15305212958834), (54.179481742084846, 25.214790000334556), (54.24490509361121, 25.27600671683286), (54.31849115023681, 25.34192832430518), (54.38848920584279, 25.39778121906507), (54.45848726144877, 25.45500437854641), (54.528485317054745, 25.51486440232663), (54.59848337266071, 25.573316464969416), (54.668481428266695, 25.640964568294336), (54.73847948387265, 25.690737031154136), (54.80847753947863, 25.723659196063906), (54.8784755950846, 25.738268442082997), (54.94847365069058, 25.72743826176746), (55.018471706296545, 25.709824611393515), (55.08846976190252, 25.69238624935394), (55.15846781750851, 25.70302229312711), (55.22846587311449, 25.7382948295742), (55.29846392872046, 25.787221007894903), (55.36846198432644, 25.833057964924766), (55.43846003993242, 25.870262442691626), (55.5084580983862, 25.923258955686766), (55.57845615399576, 25.97513117174754), (55.648454209605326, 26.021199082155096), (55.718452265214886, 26.056503723384953), (55.78845032082445, 26.076317964871023), (55.85844837643401, 26.076809777445074), (55.92844643204357, 26.055857983778925), (55.998444487653124, 26.014020490829342), (56.06844254326265, 25.955655004285642)
Associated file(s): api_response_2023-09-14_02-18-53.json, api_response_2023-09-14_02-18-53.json

Record time: 2023-09-13T22:35:29Z
Event time: 2023-09-14T08:59:05.750Z
Status: Underway
Travel distance: 170.08585313174947
Waypoints: (53.626491569326156, 24.643227071372728), (53.66284939719249, 24.71260799898243), (53.70879173102972, 24.788120420001476), (53.76370115507797, 24.85999316638229), (53.826031217598995, 24.92478147109207), (53.89376774529305, 24.98306484798785), (53.964806864834884, 25.03753720289995), (54.03724973152895, 25.09148917592394), (54.10961396508378, 25.147682714921018), (54.18096178972585, 25.207617878933632), (54.24669909412101, 25.27600671683286), (54.31849115023681, 25.34192832430518), (54.38848920584279, 25.39778121906507), (54.45848726144877, 25.45500437854641), (54.528485317054745, 25.51486440232663), (54.59848337266071, 25.573316464969416), (54.668481428266695, 25.640964568294336), (54.73847948387265, 25.690737031154136), (54.80847753947863, 25.723659196063906), (54.8784755950846, 25.738268442082997), (54.94847365069058, 25.72743826176746), (55.018471706296545, 25.709824611393515), (55.08846976190252, 25.69238624935394), (55.15846781750851, 25.70302229312711), (55.22846587311449, 25.7382948295742), (55.29846392872046, 25.787221007894903), (55.36846198432644, 25.833057964924766), (55.43846003993242, 25.870262442691626), (55.5084580983862, 25.923258955686766), (55.57845615399576, 25.97513117174754), (55.648454209605326, 26.021199082155096), (55.718452265214886, 26.056503723384953), (55.78845032082445, 26.076317964871023), (55.85844837643401, 26.076809777445074), (55.92844643204357, 26.055857983778925), (55.998444487653124, 26.014020490829342), (56.06844254326265, 25.955655004285642)
Associated file(s): api_response_2023-09-14_02-58-57.json, api_response_2023-09-14_02-38-55.json, api_response_2023-09-14_02-58-57.json, api_response_2023-09-14_02-38-55.json

Record time: 2023-09-13T23:12:23Z
Event time: 2023-09-14T09:48:09.500Z
Status: Underway
Travel distance: 177.62958963282938
Waypoints: (53.47499346847419, 24.64821979032425), (53.5598328010293, 24.706368556745467), (53.61629910412968, 24.78039848053174), (53.662943973957276, 24.858829632233068), (53.71060687740119, 24.933855598138397), (53.76445413162884, 25.000969531828947), (53.8257484066897, 25.058531022358373), (53.89334875115177, 25.107273779059867), (53.96494114077064, 25.149754132980096), (54.037999547418906, 25.189740353647714), (54.11161198640493, 25.227913629305665), (54.18096178972585, 25.27206367171972), (54.24669909412101, 25.336848732249763), (54.31849115023681, 25.414077379699968), (54.38848920584279, 25.487372406141034), (54.45848726144877, 25.557655488944047), (54.528485317054745, 25.619656669152825), (54.59848337266071, 25.67224882392909), (54.668481428266695, 25.710750058406205), (54.73847948387265, 25.73265544574125), (54.80847753947863, 25.736775664009578), (54.8784755950846, 25.730934604351056), (54.94847365069058, 25.713072157631537), (55.018471706296545, 25.70187255243924), (55.08846976190252, 25.696796730025426), (55.15846781750851, 25.708605132336057), (55.22846587311449, 25.73896771059972), (55.29846392872046, 25.785426658493517), (55.36846198432644, 25.833057964924766), (55.43846003993242, 25.870262442691626), (55.5084580983862, 25.923258955686766), (55.57845615399576, 25.97513117174754), (55.648454209605326, 26.021199082155096), (55.718452265214886, 26.056503723384953), (55.78845032082445, 26.076317964871023), (55.85844837643401, 26.076809777445074), (55.92844643204357, 26.055857983778925), (55.998444487653124, 26.014020490829342), (56.06844254326265, 25.955655004285642)
Associated file(s): api_response_2023-09-14_03-39-01.json, api_response_2023-09-14_03-18-59.json, api_response_2023-09-14_03-39-01.json, api_response_2023-09-14_03-18-59.json

Record time: 2023-09-13T23:44:15Z
Event time: 2023-09-14T11:01:25.666Z
Status: Underway
Travel distance: 181.92278617710582
Waypoints: (53.33851837448962, 24.72100396179337), (53.40851643009915, 24.695981914744625), (53.4785144857087, 24.724646932012224), (53.548512541318274, 24.783811262726708), (53.61851059692785, 24.856305388832613), (53.68850865253743, 24.93029609692309), (53.758506708147, 24.99858042436827), (53.82850476375657, 25.057855479737384), (53.898502819366136, 25.107964137514656), (53.96850087220693, 25.15111660581861), (54.038498927812924, 25.187946004246324), (54.10849698341888, 25.227913629305665), (54.17849503902486, 25.27206367171972), (54.24849309463083, 25.336848732249763), (54.31849115023681, 25.414077379699968), (54.38848920584279, 25.487372406141034), (54.45848726144877, 25.557655488944047), (54.528485317054745, 25.619656669152825), (54.59848337266071, 25.67224882392909), (54.668481428266695, 25.710750058406205), (54.73847948387265, 25.73265544574125), (54.80847753947863, 25.736775664009578), (54.8784755950846, 25.730934604351056), (54.94847365069058, 25.713072157631537), (55.018471706296545, 25.70187255243924), (55.08846976190252, 25.696796730025426), (55.15846781750851, 25.708605132336057), (55.22846587311449, 25.73896771059972), (55.29846392872046, 25.785426658493517), (55.36846198432644, 25.833057964924766), (55.43846003993242, 25.870262442691626), (55.5084580983862, 25.923258955686766), (55.57845615399576, 25.97513117174754), (55.648454209605326, 26.021199082155096), (55.718452265214886, 26.056503723384953), (55.78845032082445, 26.076317964871023), (55.85844837643401, 26.076809777445074), (55.92844643204357, 26.055857983778925), (55.998444487653124, 26.014020490829342), (56.06844254326265, 25.955655004285642)
Associated file(s): api_response_2023-09-14_03-59-03.json, api_response_2023-09-14_03-59-03.json

Record time: 2023-09-14T00:00:54Z
Event time: 2023-09-14T12:12:36Z
Status: Underway
Travel distance: 208.47786177105831
Waypoints: (53.21190970084174, 24.71462936077034), (53.160334516052856, 24.779857651193744), (53.143541903793334, 24.85838352370763), (53.15752088870618, 24.931904168913775), (53.19673220298323, 24.992937533626048), (53.25489335003363, 25.041302229544556), (53.325633829249945, 25.081130657734096), (53.4030205218717, 25.118415348906854), (53.481953237946634, 25.159088519509424), (53.55843042164159, 25.20763484232083), (53.621685899701234, 25.267658845510635), (53.69015189394747, 25.337459414188896), (53.755572610017396, 25.414160311815163), (53.80910807270982, 25.485542245144444), (53.85102022117482, 25.55179181143593), (53.88381914856267, 25.623448928601984), (53.91318648463923, 25.69418436839694), (53.94598541202709, 25.772255530744648), (53.987897560492094, 25.843835370257906), (54.041433023184524, 25.904147751030077), (54.10505973874462, 25.946411087823552), (54.17419848318203, 25.976626650064837), (54.24482971543853, 25.986974316255626), (54.320458520543795, 25.98179105905623), (54.38981020831902, 25.971040041214284), (54.460954012149756, 25.96477489687581), (54.52669131654494, 25.96717804339553), (54.59848337266071, 25.98582269074696), (54.668481428266695, 26.005192994106302), (54.73847948387265, 26.017887262192822), (54.80847753947863, 26.02965608326665), (54.8784755950846, 26.04143809808608), (54.94847365069058, 26.048364814525275), (55.018471706296545, 26.05344252175988), (55.08846976190252, 26.066383701371176), (55.15846781750851, 26.09144050908346), (55.22846587311449, 26.11901920702584), (55.29846392872046, 26.129958706947768), (55.36846198432644, 26.106328708580925), (55.43846003993242, 26.066851136929515), (55.5084580983862, 26.047141190198378), (55.57845615399576, 26.034574541614095), (55.648454209605326, 26.032127153209657), (55.718452265214886, 26.03980262327932), (55.78845032082445, 26.053909358939187), (55.85844837643401, 26.06651322416689), (55.92844643204357, 26.06506566465783), (55.998444487653124, 26.032207309497796), (56.06844254326265, 25.945747049652102)
Associated file(s): api_response_2023-09-14_04-19-04.json, api_response_2023-09-14_04-19-04.json

Record time: 2023-09-14T00:27:52Z
Event time: 2023-09-14T13:22:24.250Z
Status: Underway
Travel distance: 204.4708423326134
Waypoints: (53.12952663456915, 24.714119019836637), (53.20156876348703, 24.784130688448087), (53.24854696473099, 24.854142357059523), (53.291336366656026, 24.92415402567096), (53.34099126394341, 24.99416569428239), (53.40136526288326, 25.064177362893826), (53.47141276543202, 25.13418903150526), (53.54717179204494, 25.204200700116697), (53.62342814328356, 25.274212368728133), (53.69506089744333, 25.344224036039307), (53.758039360718385, 25.416030054048544), (53.807314072200015, 25.483574492229472), (53.85102022117482, 25.550470552055284), (53.88381914856267, 25.62098169817507), (53.91318648463923, 25.695978717798333), (53.94598541202709, 25.772255530744648), (53.987897560492094, 25.843835370257906), (54.041433023184524, 25.904147751030077), (54.10505973874462, 25.946411087823552), (54.17419848318203, 25.976626650064837), (54.24482971543853, 25.986974316255626), (54.320458520543795, 25.98179105905623), (54.38981020831902, 25.971040041214284), (54.460954012149756, 25.96477489687581), (54.52669131654494, 25.96717804339553), (54.59848337266071, 25.98582269074696), (54.668481428266695, 26.005192994106302), (54.73847948387265, 26.017887262192822), (54.80847753947863, 26.02965608326665), (54.8784755950846, 26.04143809808608), (54.94847365069058, 26.048364814525275), (55.018471706296545, 26.05344252175988), (55.08846976190252, 26.066383701371176), (55.15846781750851, 26.09144050908346), (55.22846587311449, 26.11901920702584), (55.29846392872046, 26.129958706947768), (55.36846198432644, 26.106328708580925), (55.43846003993242, 26.066851136929515), (55.5084580983862, 26.047141190198378), (55.57845615399576, 26.034574541614095), (55.648454209605326, 26.032127153209657), (55.718452265214886, 26.03980262327932), (55.78845032082445, 26.053909358939187), (55.85844837643401, 26.06651322416689), (55.92844643204357, 26.06506566465783), (55.998444487653124, 26.032207309497796), (56.06844254326265, 25.945747049652102)
Associated file(s): api_response_2023-09-14_04-39-06.json, api_response_2023-09-14_04-39-06.json

Record time: 2023-09-14T00:41:59Z
Event time: 2023-09-14T14:05:05.250Z
Status: Underway
Travel distance: 208.33747300215984
Waypoints: (53.054253751486364, 24.70948400560347), (53.14082204232514, 24.726736558582537), (53.19739067700542, 24.778935231317433), (53.24295838132441, 24.847833587686583), (53.28932055445208, 24.922298505267158), (53.34259285024663, 24.99644533363565), (53.404600020086136, 25.068022979906562), (53.47413001721661, 25.137048921509134), (53.54805336261642, 25.20469414620212), (53.62230776962586, 25.272418018030077), (53.69506089744333, 25.344224036039307), (53.758039360718385, 25.416030054048544), (53.807314072200015, 25.483574492229472), (53.85102022117482, 25.550470552055284), (53.88381914856267, 25.62098169817507), (53.91318648463923, 25.695978717798333), (53.94598541202709, 25.772255530744648), (53.987897560492094, 25.843835370257906), (54.041433023184524, 25.904147751030077), (54.10505973874462, 25.946411087823552), (54.17419848318203, 25.976626650064837), (54.24482971543853, 25.986974316255626), (54.320458520543795, 25.98179105905623), (54.38981020831902, 25.971040041214284), (54.460954012149756, 25.96477489687581), (54.52669131654494, 25.96717804339553), (54.59848337266071, 25.98582269074696), (54.668481428266695, 26.005192994106302), (54.73847948387265, 26.017887262192822), (54.80847753947863, 26.02965608326665), (54.8784755950846, 26.04143809808608), (54.94847365069058, 26.048364814525275), (55.018471706296545, 26.05344252175988), (55.08846976190252, 26.066383701371176), (55.15846781750851, 26.09144050908346), (55.22846587311449, 26.11901920702584), (55.29846392872046, 26.129958706947768), (55.36846198432644, 26.106328708580925), (55.43846003993242, 26.066851136929515), (55.5084580983862, 26.047141190198378), (55.57845615399576, 26.034574541614095), (55.648454209605326, 26.032127153209657), (55.718452265214886, 26.03980262327932), (55.78845032082445, 26.053909358939187), (55.85844837643401, 26.06651322416689), (55.92844643204357, 26.06506566465783), (55.998444487653124, 26.032207309497796), (56.06844254326265, 25.945747049652102)
Associated file(s): api_response_2023-09-14_04-59-08.json, api_response_2023-09-14_04-59-08.json

Record time: 2023-09-14T01:10:54Z
Event time: 2023-09-14T14:48:01.600Z
Status: Underway
Travel distance: 212.95302375809936
Waypoints: (52.9824249999019, 24.65208987573789), (53.0699254332134, 24.688454774360316), (53.135699307446636, 24.734406042918256), (53.18972112495918, 24.789326145578734), (53.23965598934295, 24.851668329854437), (53.29091670439005, 24.919418030735518), (53.34678456761446, 24.990470965742055), (53.40859385832972, 25.06292792089716), (53.47598002028249, 25.135306227620703), (53.54719153609484, 25.206667929250543), (53.62230776962586, 25.272418018030077), (53.69506089744333, 25.344224036039307), (53.758039360718385, 25.416030054048544), (53.807314072200015, 25.483574492229472), (53.85102022117482, 25.550470552055284), (53.88381914856267, 25.62098169817507), (53.91318648463923, 25.695978717798333), (53.94598541202709, 25.772255530744648), (53.987897560492094, 25.843835370257906), (54.041433023184524, 25.904147751030077), (54.10505973874462, 25.946411087823552), (54.17419848318203, 25.976626650064837), (54.24482971543853, 25.986974316255626), (54.320458520543795, 25.98179105905623), (54.38981020831902, 25.971040041214284), (54.460954012149756, 25.96477489687581), (54.52669131654494, 25.96717804339553), (54.59848337266071, 25.98582269074696), (54.668481428266695, 26.005192994106302), (54.73847948387265, 26.017887262192822), (54.80847753947863, 26.02965608326665), (54.8784755950846, 26.04143809808608), (54.94847365069058, 26.048364814525275), (55.018471706296545, 26.05344252175988), (55.08846976190252, 26.066383701371176), (55.15846781750851, 26.09144050908346), (55.22846587311449, 26.11901920702584), (55.29846392872046, 26.129958706947768), (55.36846198432644, 26.106328708580925), (55.43846003993242, 26.066851136929515), (55.5084580983862, 26.047141190198378), (55.57845615399576, 26.034574541614095), (55.648454209605326, 26.032127153209657), (55.718452265214886, 26.03980262327932), (55.78845032082445, 26.053909358939187), (55.85844837643401, 26.06651322416689), (55.92844643204357, 26.06506566465783), (55.998444487653124, 26.032207309497796), (56.06844254326265, 25.945747049652102)
Associated file(s): api_response_2023-09-14_05-19-09.json, api_response_2023-09-14_05-19-09.json

Record time: 2023-09-14T01:34:56Z
Event time: 2023-09-14T15:43:54Z
Status: Underway
Travel distance: 221.3574514038877
Waypoints: (52.993523921887665, 24.500562312011436), (52.9699895087051, 24.585418143853328), (53.005134775875355, 24.64189542834288), (53.064466243292756, 24.688549369518167), (53.12853685634669, 24.73622154229375), (53.18869616454562, 24.79007926856617), (53.24342618854289, 24.85138546394501), (53.295262975564285, 24.918998955109622), (53.3483038432373, 24.990605267791423), (53.40630030908231, 25.063677884096), (53.468489185998514, 25.137304638997822), (53.54719153609484, 25.206667929250543), (53.62230776962586, 25.272418018030077), (53.69506089744333, 25.344224036039307), (53.758039360718385, 25.416030054048544), (53.807314072200015, 25.483574492229472), (53.85102022117482, 25.550470552055284), (53.88381914856267, 25.62098169817507), (53.91318648463923, 25.695978717798333), (53.94598541202709, 25.772255530744648), (53.987897560492094, 25.843835370257906), (54.041433023184524, 25.904147751030077), (54.10505973874462, 25.946411087823552), (54.17419848318203, 25.976626650064837), (54.24482971543853, 25.986974316255626), (54.320458520543795, 25.98179105905623), (54.38981020831902, 25.971040041214284), (54.460954012149756, 25.96477489687581), (54.52669131654494, 25.96717804339553), (54.59848337266071, 25.98582269074696), (54.668481428266695, 26.005192994106302), (54.73847948387265, 26.017887262192822), (54.80847753947863, 26.02965608326665), (54.8784755950846, 26.04143809808608), (54.94847365069058, 26.048364814525275), (55.018471706296545, 26.05344252175988), (55.08846976190252, 26.066383701371176), (55.15846781750851, 26.09144050908346), (55.22846587311449, 26.11901920702584), (55.29846392872046, 26.129958706947768), (55.36846198432644, 26.106328708580925), (55.43846003993242, 26.066851136929515), (55.5084580983862, 26.047141190198378), (55.57845615399576, 26.034574541614095), (55.648454209605326, 26.032127153209657), (55.718452265214886, 26.03980262327932), (55.78845032082445, 26.053909358939187), (55.85844837643401, 26.06651322416689), (55.92844643204357, 26.06506566465783), (55.998444487653124, 26.032207309497796), (56.06844254326265, 25.945747049652102)
Associated file(s): api_response_2023-09-14_05-39-11.json, api_response_2023-09-14_05-39-11.json

Record time: 2023-09-14T01:57:27Z
Event time: 2023-09-14T19:32:15.800Z
Status: Underway
Travel distance: 221.76997840172785
Waypoints: (52.92815997928352, 24.500562312011436), (52.95737442330138, 24.585418143853328), (53.01032922280631, 24.64189542834288), (53.070773785994625, 24.688549369518167), (53.13039201596488, 24.73622154229375), (53.18641696844326, 24.79007926856617), (53.239581319268254, 24.85138546394501), (53.29240364163469, 24.918998955109622), (53.34781049309708, 24.990605267791423), (53.40809430959212, 25.063677884096), (53.468489185998514, 25.137304638997822), (53.54719153609484, 25.206667929250543), (53.62230776962586, 25.272418018030077), (53.69506089744333, 25.344224036039307), (53.758039360718385, 25.416030054048544), (53.807314072200015, 25.483574492229472), (53.85102022117482, 25.550470552055284), (53.88381914856267, 25.62098169817507), (53.91318648463923, 25.695978717798333), (53.94598541202709, 25.772255530744648), (53.987897560492094, 25.843835370257906), (54.041433023184524, 25.904147751030077), (54.10505973874462, 25.946411087823552), (54.17419848318203, 25.976626650064837), (54.24482971543853, 25.986974316255626), (54.320458520543795, 25.98179105905623), (54.38981020831902, 25.971040041214284), (54.460954012149756, 25.96477489687581), (54.52669131654494, 25.96717804339553), (54.59848337266071, 25.98582269074696), (54.668481428266695, 26.005192994106302), (54.73847948387265, 26.017887262192822), (54.80847753947863, 26.02965608326665), (54.8784755950846, 26.04143809808608), (54.94847365069058, 26.048364814525275), (55.018471706296545, 26.05344252175988), (55.08846976190252, 26.066383701371176), (55.15846781750851, 26.09144050908346), (55.22846587311449, 26.11901920702584), (55.29846392872046, 26.129958706947768), (55.36846198432644, 26.106328708580925), (55.43846003993242, 26.066851136929515), (55.5084580983862, 26.047141190198378), (55.57845615399576, 26.034574541614095), (55.648454209605326, 26.032127153209657), (55.718452265214886, 26.03980262327932), (55.78845032082445, 26.053909358939187), (55.85844837643401, 26.06651322416689), (55.92844643204357, 26.06506566465783), (55.998444487653124, 26.032207309497796), (56.06844254326265, 25.945747049652102)
Associated file(s): api_response_2023-09-14_05-59-13.json, api_response_2023-09-14_05-59-13.json

Record time: 2023-11-29T05:37:38Z
Event time: 2023-11-29T17:00:06.666Z
Status: Underway
Travel distance: 208.60097192224623
Waypoints: (52.98852809644176, 24.362786572188224), (53.058526152051364, 24.431319261899045), (53.12852420766093, 24.51226058367218), (53.19852226327049, 24.583818839135166), (53.26852031888005, 24.638980267396963), (53.33851837448962, 24.6800547506173), (53.40851643009919, 24.714145458732055), (53.478514485708764, 24.749542433334803), (53.54851254131834, 24.7930401107144), (53.618510594177046, 24.848178782773907), (53.688508649783024, 24.91966815088878), (53.758506705388996, 24.995234386393577), (53.828504760994974, 25.06335934938084), (53.89850281660096, 25.115386057917178), (53.96850087220693, 25.15111660581861), (54.038498927812924, 25.187946004246324), (54.10849698341888, 25.227913629305665), (54.17849503902486, 25.27206367171972), (54.24849309463083, 25.336848732249763), (54.31849115023681, 25.414077379699968), (54.38848920584279, 25.487372406141034), (54.45848726144877, 25.557655488944047), (54.528485317054745, 25.619656669152825), (54.59848337266071, 25.67224882392909), (54.668481428266695, 25.710750058406205), (54.73847948387265, 25.73265544574125), (54.80847753947863, 25.736775664009578), (54.8784755950846, 25.730934604351056), (54.94847365069058, 25.713072157631537), (55.018471706296545, 25.70187255243924), (55.08846976190252, 25.696796730025426), (55.15846781750851, 25.708605132336057), (55.22846587311449, 25.73896771059972), (55.29846392872046, 25.785426658493517), (55.36846198432644, 25.833057964924766), (55.43846003993242, 25.870262442691626), (55.5084580983862, 25.923258955686766), (55.57845615399576, 25.97513117174754), (55.648454209605326, 26.021199082155096), (55.718452265214886, 26.056503723384953), (55.78845032082445, 26.076317964871023), (55.85844837643401, 26.076809777445074), (55.92844643204357, 26.055857983778925), (55.998444487653124, 26.014020490829342), (56.06844254326265, 25.955655004285642)
Associated file(s): api_response_2023-11-29_09-45-24.json, api_response_2023-11-29_10-25-31.json, api_response_2023-11-29_10-05-28.json, api_response_2023-11-29_09-45-24.json, api_response_2023-11-29_10-25-31.json, api_response_2023-11-29_10-05-28.json

Record time: 2023-11-29T06:31:04Z
Event time: 2023-11-29T18:09:08.666Z
Status: Underway
Travel distance: 221.76997840172785
Waypoints: (52.92815997928352, 24.500562312011436), (52.95737442330138, 24.585418143853328), (53.01032922280631, 24.64189542834288), (53.070773785994625, 24.688549369518167), (53.13039201596488, 24.73622154229375), (53.18641696844326, 24.79007926856617), (53.239581319268254, 24.85138546394501), (53.29240364163469, 24.918998955109622), (53.34781049309708, 24.990605267791423), (53.40809430959212, 25.063677884096), (53.468489185998514, 25.137304638997822), (53.54719153609484, 25.206667929250543), (53.62230776962586, 25.272418018030077), (53.69506089744333, 25.344224036039307), (53.758039360718385, 25.416030054048544), (53.807314072200015, 25.483574492229472), (53.85102022117482, 25.550470552055284), (53.88381914856267, 25.62098169817507), (53.91318648463923, 25.695978717798333), (53.94598541202709, 25.772255530744648), (53.987897560492094, 25.843835370257906), (54.041433023184524, 25.904147751030077), (54.10505973874462, 25.946411087823552), (54.17419848318203, 25.976626650064837), (54.24482971543853, 25.986974316255626), (54.320458520543795, 25.98179105905623), (54.38981020831902, 25.971040041214284), (54.460954012149756, 25.96477489687581), (54.52669131654494, 25.96717804339553), (54.59848337266071, 25.98582269074696), (54.668481428266695, 26.005192994106302), (54.73847948387265, 26.017887262192822), (54.80847753947863, 26.02965608326665), (54.8784755950846, 26.04143809808608), (54.94847365069058, 26.048364814525275), (55.018471706296545, 26.05344252175988), (55.08846976190252, 26.066383701371176), (55.15846781750851, 26.09144050908346), (55.22846587311449, 26.11901920702584), (55.29846392872046, 26.129958706947768), (55.36846198432644, 26.106328708580925), (55.43846003993242, 26.066851136929515), (55.5084580983862, 26.047141190198378), (55.57845615399576, 26.034574541614095), (55.648454209605326, 26.032127153209657), (55.718452265214886, 26.03980262327932), (55.78845032082445, 26.053909358939187), (55.85844837643401, 26.06651322416689), (55.92844643204357, 26.06506566465783), (55.998444487653124, 26.032207309497796), (56.06844254326265, 25.945747049652102)
Associated file(s): api_response_2023-11-29_10-45-34.json, api_response_2023-11-29_10-45-34.json

Record time: 2023-11-29T06:59:59Z
Event time: 2023-11-29T20:57:34.333Z
Status: Underway
Travel distance: 217.32613390928725
Waypoints: (52.93539306315759, 24.646924712817928), (52.93556644437571, 24.706769955036894), (52.95842540060544, 24.78525624631398), (52.99974327212752, 24.86187553691512), (53.05505030461575, 24.92662953788635), (53.12005275177717, 24.97700722241913), (53.190949086786446, 25.015371144847165), (53.26464332251456, 25.04675257727471), (53.33885544055183, 25.07705546383636), (53.41212892628487, 25.111669191300006), (53.472959111638495, 25.153589490707926), (53.55217591776338, 25.20713536480889), (53.62280715001987, 25.270774454292674), (53.69194589445728, 25.339926644615808), (53.755572610017396, 25.412365962413773), (53.80910807270982, 25.485542245144444), (53.85102022117482, 25.55179181143593), (53.88381914856267, 25.623448928601984), (53.91318648463923, 25.69418436839694), (53.94598541202709, 25.772255530744648), (53.987897560492094, 25.843835370257906), (54.041433023184524, 25.904147751030077), (54.10505973874462, 25.946411087823552), (54.17419848318203, 25.976626650064837), (54.24482971543853, 25.986974316255626), (54.320458520543795, 25.98179105905623), (54.38981020831902, 25.971040041214284), (54.460954012149756, 25.96477489687581), (54.52669131654494, 25.96717804339553), (54.59848337266071, 25.98582269074696), (54.668481428266695, 26.005192994106302), (54.73847948387265, 26.017887262192822), (54.80847753947863, 26.02965608326665), (54.8784755950846, 26.04143809808608), (54.94847365069058, 26.048364814525275), (55.018471706296545, 26.05344252175988), (55.08846976190252, 26.066383701371176), (55.15846781750851, 26.09144050908346), (55.22846587311449, 26.11901920702584), (55.29846392872046, 26.129958706947768), (55.36846198432644, 26.106328708580925), (55.43846003993242, 26.066851136929515), (55.5084580983862, 26.047141190198378), (55.57845615399576, 26.034574541614095), (55.648454209605326, 26.032127153209657), (55.718452265214886, 26.03980262327932), (55.78845032082445, 26.053909358939187), (55.85844837643401, 26.06651322416689), (55.92844643204357, 26.06506566465783), (55.998444487653124, 26.032207309497796), (56.06844254326265, 25.945747049652102)
Associated file(s): api_response_2023-11-29_11-25-41.json, api_response_2023-11-29_11-05-37.json, api_response_2023-11-29_11-25-41.json, api_response_2023-11-29_11-05-37.json

Record time: 2023-11-29T07:23:43Z
Event time: 2023-11-29T22:45:21.500Z
Status: Underway
Travel distance: 217.32613390928725
Waypoints: (52.93539306315759, 24.646924712817928), (52.93556644437571, 24.706769955036894), (52.95842540060544, 24.78525624631398), (52.99974327212752, 24.86187553691512), (53.05505030461575, 24.92662953788635), (53.12005275177717, 24.97700722241913), (53.190949086786446, 25.015371144847165), (53.26464332251456, 25.04675257727471), (53.33885544055183, 25.07705546383636), (53.41212892628487, 25.111669191300006), (53.472959111638495, 25.153589490707926), (53.55217591776338, 25.20713536480889), (53.62280715001987, 25.270774454292674), (53.69194589445728, 25.339926644615808), (53.755572610017396, 25.412365962413773), (53.80910807270982, 25.485542245144444), (53.85102022117482, 25.55179181143593), (53.88381914856267, 25.623448928601984), (53.91318648463923, 25.69418436839694), (53.94598541202709, 25.772255530744648), (53.987897560492094, 25.843835370257906), (54.041433023184524, 25.904147751030077), (54.10505973874462, 25.946411087823552), (54.17419848318203, 25.976626650064837), (54.24482971543853, 25.986974316255626), (54.320458520543795, 25.98179105905623), (54.38981020831902, 25.971040041214284), (54.460954012149756, 25.96477489687581), (54.52669131654494, 25.96717804339553), (54.59848337266071, 25.98582269074696), (54.668481428266695, 26.005192994106302), (54.73847948387265, 26.017887262192822), (54.80847753947863, 26.02965608326665), (54.8784755950846, 26.04143809808608), (54.94847365069058, 26.048364814525275), (55.018471706296545, 26.05344252175988), (55.08846976190252, 26.066383701371176), (55.15846781750851, 26.09144050908346), (55.22846587311449, 26.11901920702584), (55.29846392872046, 26.129958706947768), (55.36846198432644, 26.106328708580925), (55.43846003993242, 26.066851136929515), (55.5084580983862, 26.047141190198378), (55.57845615399576, 26.034574541614095), (55.648454209605326, 26.032127153209657), (55.718452265214886, 26.03980262327932), (55.78845032082445, 26.053909358939187), (55.85844837643401, 26.06651322416689), (55.92844643204357, 26.06506566465783), (55.998444487653124, 26.032207309497796), (56.06844254326265, 25.945747049652102)
Associated file(s): api_response_2023-11-29_12-05-47.json, api_response_2023-11-29_11-45-44.json, api_response_2023-11-29_12-05-47.json, api_response_2023-11-29_11-45-44.json
