Record time: 2023-06-19T17:34:11Z
Event time: 2023-06-20T18:46:37Z
Status: Underway
Travel distance: 125.39848812095032
Num waypoints: 26
Waypoints: (54.46406031517729, 24.785615104771143), (54.528121860008675, 24.85172134472313), (54.555516720621604, 24.922863997199745), (54.57741788295802, 24.995029079286613), (54.61005084131643, 25.06625329309966), (54.65907156262144, 25.136002411885247), (54.72331730429659, 25.204632975199782), (54.79793028574039, 25.272937293168596), (54.87685421340565, 25.34177175982421), (54.95470365666268, 25.411768474220242), (55.02340520769852, 25.48292611387435), (55.084881760882915, 25.552291288947867), (55.15846781750851, 25.62614045270407), (55.22846587311449, 25.702841350330335), (55.29846392872046, 25.77196903798308), (55.36846198432644, 25.82641020196394), (55.43846003993242, 25.87105972188993), (55.5084580983862, 25.92497376565051), (55.57845615399576, 25.976074713039978), (55.648454209605326, 26.021304443637828), (55.718452265214886, 26.056370278072336), (55.78845032082445, 26.076423514835827), (55.85844837643401, 26.077071579054177), (55.92844643204357, 26.055723784537967), (55.998444487653124, 26.013270709115133), (56.06844254326265, 25.95609718324526)

Record time: 2023-06-19T20:39:01Z
Event time: 2023-06-20T18:56:14Z
Status: Underway
Travel distance: 112.49406047516199
Num waypoints: 23
Waypoints: (54.52848531985224, 24.995241138761326), (54.59848337546183, 25.06158798465579), (54.6684814310714, 25.134099222649922), (54.73847948668096, 25.20629329670764), (54.80847754229052, 25.276129288597364), (54.878475597900085, 25.34416054743648), (54.94847365350965, 25.412038707422443), (55.018471709119225, 25.481368093750643), (55.088469764728806, 25.552910516718914), (55.15846781750851, 25.62614045270407), (55.22846587311449, 25.702841350330335), (55.29846392872046, 25.77196903798308), (55.36846198432644, 25.82641020196394), (55.43846003993242, 25.87105972188993), (55.5084580983862, 25.92497376565051), (55.57845615399576, 25.976074713039978), (55.648454209605326, 26.021304443637828), (55.718452265214886, 26.056370278072336), (55.78845032082445, 26.076423514835827), (55.85844837643401, 26.077071579054177), (55.92844643204357, 26.055723784537967), (55.998444487653124, 26.013270709115133), (56.06844254326265, 25.95609718324526)

Record time: 2023-06-19T23:43:11Z
Event time: 2023-06-20T19:09:19.500Z
Status: Underway
Travel distance: 104.21382289416847
Num waypoints: 22
Waypoints: (54.598483375461775, 25.132457600849005), (54.66848143107135, 25.207810371834725), (54.738479486680916, 25.274686246946672), (54.808477542290476, 25.34170296957657), (54.87847559790004, 25.411876595698917), (54.948473653509616, 25.484609414368606), (55.01847170911919, 25.55735499841553), (55.088469764728764, 25.626960385336186), (55.15846782033833, 25.690685388382246), (55.22846587311449, 25.7468990365252), (55.29846392872046, 25.79792302039606), (55.36846198432644, 25.836109489799615), (55.43846003993242, 25.869491550984517), (55.5084580983862, 25.91789588658282), (55.57845615399576, 25.96926178837255), (55.648454209605326, 26.018627980967278), (55.718452265214886, 26.058753496895918), (55.78845032082445, 26.081651922061024), (55.85844837643401, 26.080814730354337), (55.92844643204357, 26.054123708756748), (55.998444487653124, 26.007452472922715), (56.06844254326265, 25.95895707324906)

Record time: 2023-06-20T02:35:42Z
Event time: 2023-06-20T20:17:10.666Z
Status: Underway
Travel distance: 92.68520518358531
Num waypoints: 20
Waypoints: (54.73847948668091, 25.276027691044668), (54.80847754229049, 25.341133639463433), (54.87847559790006, 25.4122223517957), (54.94847365350962, 25.486010898576446), (55.01847170911919, 25.558855407157473), (55.08846976472876, 25.627544382782073), (55.15846782033833, 25.689854353756836), (55.228465875947904, 25.744867840720584), (55.29846393155748, 25.79305365001045), (55.36846198432644, 25.836109489799615), (55.43846003993242, 25.869491550984517), (55.5084580983862, 25.91789588658282), (55.57845615399576, 25.96926178837255), (55.648454209605326, 26.018627980967278), (55.718452265214886, 26.058753496895918), (55.78845032082445, 26.081651922061024), (55.85844837643401, 26.080814730354337), (55.92844643204357, 26.054123708756748), (55.998444487653124, 26.007452472922715), (56.06844254326265, 25.95895707324906)

Record time: 2023-06-20T03:48:42Z
Event time: 2023-06-20T20:53:18.428Z
Status: Underway
Travel distance: 90.15658747300216
Num waypoints: 20
Waypoints: (54.73847948668091, 25.342941776614676), (54.80847754229049, 25.414833628224496), (54.87847559790006, 25.488311128169055), (54.94847365350962, 25.557425010940886), (55.01847170911919, 25.618952404319543), (55.08846976472876, 25.671925812653708), (55.15846782033833, 25.717142498006996), (55.228465875947904, 25.75665425916742), (55.29846393155748, 25.793237608520542), (55.36846198432644, 25.829844345461144), (55.43846003993242, 25.864506199969096), (55.5084580983862, 25.914476193378224), (55.57845615399576, 25.968466251205527), (55.648454209605326, 26.020203434134938), (55.718452265214886, 26.061483802613974), (55.78845032082445, 26.083895144391768), (55.85844837643401, 26.081192037208982), (55.92844643204357, 26.052323247966594), (55.998444487653124, 26.005111468373457), (56.06844254326265, 25.96058538707279)

Record time: 2023-06-20T05:42:21Z
Event time: 2023-06-20T21:24:00.857Z
Status: Underway
Travel distance: 82.6938444924406
Num waypoints: 19
Waypoints: (54.808477542290504, 25.47449970965904), (54.87847559790004, 25.57767637092832), (54.94847365350961, 25.628709464768992), (55.01847170911918, 25.659984924574953), (55.08846976472875, 25.688176527579884), (55.158467820338316, 25.719735797902445), (55.228465875947876, 25.755340546099507), (55.298463931557436, 25.793302045227495), (55.368461987377536, 25.83193084350997), (55.438460042987366, 25.874062387835995), (55.508458098597195, 25.91448092002736), (55.57845615399566, 25.968895333955732), (55.64845420960522, 26.020725731159125), (55.71845226521479, 26.061865932237374), (55.78845032082438, 26.084025625395327), (55.85844837643397, 26.081066456739535), (55.92844643204356, 26.05203079231744), (55.998444487653146, 26.00486315180053), (56.06844254326271, 25.960824313811415)

Record time: 2023-06-20T06:39:01Z
Event time: 2023-06-20T21:59:25.571Z
Status: Underway
Travel distance: 82.6938444924406
Num waypoints: 19
Waypoints: (54.808477542290504, 25.47449970965904), (54.87847559790004, 25.57767637092832), (54.94847365350961, 25.628709464768992), (55.01847170911918, 25.659984924574953), (55.08846976472875, 25.688176527579884), (55.158467820338316, 25.719735797902445), (55.228465875947876, 25.755340546099507), (55.298463931557436, 25.793302045227495), (55.368461987377536, 25.83193084350997), (55.438460042987366, 25.874062387835995), (55.508458098597195, 25.91448092002736), (55.57845615399566, 25.968895333955732), (55.64845420960522, 26.020725731159125), (55.71845226521479, 26.061865932237374), (55.78845032082438, 26.084025625395327), (55.85844837643397, 26.081066456739535), (55.92844643204356, 26.05203079231744), (55.998444487653146, 26.00486315180053), (56.06844254326271, 25.960824313811415)

Record time: 2023-06-20T08:35:11Z
Event time: 2023-06-20T22:30:54.500Z
Status: Underway
Travel distance: 72.42332613390928
Num waypoints: 17
Waypoints: (54.94847365350966, 25.625600138722806), (55.01847170911923, 25.689499333480242), (55.0884697647288, 25.696925672417976), (55.15846782033836, 25.706694626130627), (55.228465875947926, 25.737280338181307), (55.29846393155749, 25.78494963100343), (55.36846198716705, 25.837676526305216), (55.43846004222247, 25.8848372797182), (55.50845809783134, 25.915571940940502), (55.578456153440214, 25.951747693182092), (55.648454209605255, 26.006886676079755), (55.718452265214815, 26.061744989569412), (55.78845032082438, 26.097719549273165), (55.85844837643395, 26.096228945992895), (55.92844643204353, 26.05092060870195), (55.99844448765311, 25.98443703465546), (56.0684425432627, 25.969741086878848)

Record time: 2023-06-20T11:05:39Z
Event time: 2023-06-20T23:38:56Z
Status: Underway
Travel distance: 67.1598272138229
Num waypoints: 15
Waypoints: (55.08846976472876, 25.62358710177981), (55.15846782033832, 25.70090172605969), (55.22846587594789, 25.744058586539566), (55.29846393155745, 25.787250309613952), (55.36846198716702, 25.835407678759285), (55.43846004277658, 25.882273616142573), (55.50845809867343, 25.92240804138863), (55.57845615428335, 25.952970410658793), (55.64845420989328, 25.990700832514317), (55.71845226521487, 26.04928666458009), (55.78845032082444, 26.101847330989177), (55.858448376434005, 26.112316719698576), (55.92844643204356, 26.057217146949778), (55.998444487653096, 25.965992347458332), (56.06844254326259, 25.97607976339307)

Record time: 2023-06-20T17:45:09Z
Event time: 2023-06-21T01:46:20.500Z
Status: Underway
Travel distance: 47.13066954643629
Num waypoints: 10
Waypoints: (55.4384600427766, 25.76429404900817), (55.50845809838617, 25.8343057176196), (55.57845615399572, 25.904317386231043), (55.64845420960529, 25.97432905484247), (55.718452265214864, 26.044340723453907), (55.78845032082444, 26.114352392065342), (55.858448376433984, 26.114352392065342), (55.92844643204356, 26.044340723453907), (55.99844448765313, 25.97432905484247), (56.06844254326268, 25.97432905484247)

Record time: 2023-06-21T09:26:21Z
Event time: 2023-06-21T09:26:21Z
Status: Arrived
Travel distance: N/A
Num waypoints: 0
Waypoints: 

Record time: 2023-06-28T20:39:54Z
Event time: 2023-06-29T15:25:50.666Z
Status: Underway
Travel distance: 98.5950323974082
Num waypoints: 21
Waypoints: (54.66848143107134, 25.201693271602405), (54.738479486680944, 25.279186833475784), (54.80847754229051, 25.34500924226163), (54.87847559790007, 25.41128983384919), (54.94847365350964, 25.481663999193064), (55.01847170911921, 25.554619495161315), (55.08846976472879, 25.62623188496231), (55.15846782033837, 25.69228910815036), (55.228465875947954, 25.74980518021009), (55.29846392872046, 25.79792302039606), (55.36846198432644, 25.836109489799615), (55.43846003993242, 25.869491550984517), (55.5084580983862, 25.91789588658282), (55.57845615399576, 25.96926178837255), (55.648454209605326, 26.018627980967278), (55.718452265214886, 26.058753496895918), (55.78845032082445, 26.081651922061024), (55.85844837643401, 26.080814730354337), (55.92844643204357, 26.054123708756748), (55.998444487653124, 26.007452472922715), (56.06844254326265, 25.95895707324906)

Record time: 2023-06-28T23:44:44Z
Event time: 2023-06-29T15:36:10Z
Status: Underway
Travel distance: 87.97786177105831
Num waypoints: 20
Waypoints: (54.73847948668091, 25.407576222831384), (54.80847754229049, 25.49554925127421), (54.87847559790006, 25.564369758832743), (54.94847365350962, 25.61818469396142), (55.01847170911919, 25.66086582127788), (55.08846976472876, 25.696057972975456), (55.15846782033833, 25.72717094409374), (55.228465875947904, 25.757315031647213), (55.29846393155748, 25.789180217611992), (55.36846198432644, 25.824858994445723), (55.43846003993242, 25.864006722457155), (55.5084580983862, 25.916457140038922), (55.57845615399576, 25.971202154270244), (55.648454209605326, 26.021878440110342), (55.718452265214886, 26.061129370629942), (55.78845032082445, 26.081941356285363), (55.85844837643401, 26.079362989970058), (55.92844643204357, 26.052606999170653), (55.998444487653124, 26.007535005227417), (56.06844254326265, 25.959525089699202)

Record time: 2023-06-29T01:20:54Z
Event time: 2023-06-29T16:09:50.833Z
Status: Underway
Travel distance: 82.6938444924406
Num waypoints: 19
Waypoints: (54.808477542290504, 25.47449970965904), (54.87847559790004, 25.57767637092832), (54.94847365350961, 25.628709464768992), (55.01847170911918, 25.659984924574953), (55.08846976472875, 25.688176527579884), (55.158467820338316, 25.719735797902445), (55.228465875947876, 25.755340546099507), (55.298463931557436, 25.793302045227495), (55.368461987377536, 25.83193084350997), (55.438460042987366, 25.874062387835995), (55.508458098597195, 25.91448092002736), (55.57845615399566, 25.968895333955732), (55.64845420960522, 26.020725731159125), (55.71845226521479, 26.061865932237374), (55.78845032082438, 26.084025625395327), (55.85844837643397, 26.081066456739535), (55.92844643204356, 26.05203079231744), (55.998444487653146, 26.00486315180053), (56.06844254326271, 25.960824313811415)

Record time: 2023-06-29T02:08:04Z
Event time: 2023-06-29T16:40:30.500Z
Status: Underway
Travel distance: 80.06317494600432
Num waypoints: 19
Waypoints: (54.808477542290504, 25.551249612630038), (54.87847559790004, 25.624410502661284), (54.94847365350961, 25.649720504635635), (55.01847170911918, 25.663844095162712), (55.08846976472875, 25.68378960716818), (55.158467820338316, 25.71402950293082), (55.228465875947876, 25.752273000247715), (55.298463931557436, 25.793891051727464), (55.368461987377536, 25.834993677309786), (55.438460042987366, 25.872413169636097), (55.508458098597195, 25.91448092002736), (55.57845615399566, 25.968895333955732), (55.64845420960522, 26.020725731159125), (55.71845226521479, 26.061865932237374), (55.78845032082438, 26.084025625395327), (55.85844837643397, 26.081066456739535), (55.92844643204356, 26.05203079231744), (55.998444487653146, 26.00486315180053), (56.06844254326271, 25.960824313811415)

Record time: 2023-06-29T03:39:24Z
Event time: 2023-06-29T17:16:30Z
Status: Underway
Travel distance: 76.80939524838013
Num waypoints: 18
Waypoints: (54.87847559790008, 25.552157467981953), (54.94847365350959, 25.637087493224435), (55.018471709119154, 25.67337029362207), (55.08846976472873, 25.69418813935671), (55.1584678203383, 25.716564224441093), (55.22846587594787, 25.74682719717635), (55.29846393155743, 25.78505788737755), (55.36846198716699, 25.828518230367337), (55.438460042987366, 25.874062387835995), (55.508458098597195, 25.91448092002736), (55.57845615399566, 25.968895333955732), (55.64845420960522, 26.020725731159125), (55.71845226521479, 26.061865932237374), (55.78845032082438, 26.084025625395327), (55.85844837643397, 26.081066456739535), (55.92844643204356, 26.05203079231744), (55.998444487653146, 26.00486315180053), (56.06844254326271, 25.960824313811415)

Record time: 2023-06-29T05:55:39Z
Event time: 2023-06-29T17:48:01.750Z
Status: Underway
Travel distance: 68.13984881209504
Num waypoints: 16
Waypoints: (55.01847170911911, 25.630130305515294), (55.088469764728764, 25.675193543609183), (55.15846782033833, 25.71313723359705), (55.228465875947876, 25.750422323701564), (55.29846393155742, 25.789408102112436), (55.36846198716698, 25.83040135966139), (55.43846004277655, 25.87304083902846), (55.50845809783134, 25.917016970220395), (55.578456153440214, 25.951747693182092), (55.648454209605255, 26.006886676079755), (55.718452265214815, 26.061744989569412), (55.78845032082438, 26.097719549273165), (55.85844837643395, 26.096228945992895), (55.92844643204353, 26.05092060870195), (55.99844448765311, 25.98443703465546), (56.0684425432627, 25.969741086878848)

Record time: 2023-06-29T10:20:22Z
Event time: 2023-06-29T19:18:49.666Z
Status: Underway
Travel distance: 53.04481641468683
Num waypoints: 12
Waypoints: (55.29846393155743, 25.764639643423358), (55.368461987167024, 25.834178999667362), (55.43846004277659, 25.897641654110863), (55.50845809838616, 25.926199272619744), (55.578456153995724, 25.946145830283367), (55.6484542096468, 25.986626456135852), (55.71845226525644, 26.05139660945022), (55.788450320824374, 26.10310329385073), (55.85844837643393, 26.11089068800643), (55.92844643204349, 26.055491903250807), (55.998444487653074, 25.968010436951328), (56.06844254326263, 25.975538635295642)

Record time: 2023-06-29T11:12:43Z
Event time: 2023-06-29T19:36:25Z
Status: Underway
Travel distance: 50.26781857451404
Num waypoints: 11
Waypoints: (55.36846198716699, 25.765110035821806), (55.438460042776526, 25.829083402012195), (55.50845809838616, 25.918025964700387), (55.57845615399573, 25.956050950216625), (55.64845420960529, 25.98575287023361), (55.71845226521487, 26.039771197297437), (55.78845032082443, 26.11473318591171), (55.858448376434005, 26.115190138527364), (55.928446432043586, 26.043350659453345), (55.99844448765318, 25.97477512763392), (56.06844254326276, 25.97425289607314)

Record time: 2023-06-29T22:10:54Z
Event time: 2023-06-29T22:10:54Z
Status: Arrived
Travel distance: N/A
Num waypoints: 0
Waypoints: 

Record time: 2023-07-06T00:39:15Z
Event time: 2023-07-06T22:16:01.333Z
Status: Underway
Travel distance: 112.49406047516199
Num waypoints: 23
Waypoints: (54.52848531985224, 24.995241138761326), (54.59848337546183, 25.06158798465579), (54.6684814310714, 25.134099222649922), (54.73847948668096, 25.20629329670764), (54.80847754229052, 25.276129288597364), (54.878475597900085, 25.34416054743648), (54.94847365350965, 25.412038707422443), (55.018471709119225, 25.481368093750643), (55.088469764728806, 25.552910516718914), (55.15846781750851, 25.62614045270407), (55.22846587311449, 25.702841350330335), (55.29846392872046, 25.77196903798308), (55.36846198432644, 25.82641020196394), (55.43846003993242, 25.87105972188993), (55.5084580983862, 25.92497376565051), (55.57845615399576, 25.976074713039978), (55.648454209605326, 26.021304443637828), (55.718452265214886, 26.056370278072336), (55.78845032082445, 26.076423514835827), (55.85844837643401, 26.077071579054177), (55.92844643204357, 26.055723784537967), (55.998444487653124, 26.013270709115133), (56.06844254326265, 25.95609718324526)

Record time: 2023-07-06T09:07:05Z
Event time: 2023-07-07T01:22:54.666Z
Status: Underway
Travel distance: 90.15658747300216
Num waypoints: 20
Waypoints: (54.73847948668091, 25.342941776614676), (54.80847754229049, 25.414833628224496), (54.87847559790006, 25.488311128169055), (54.94847365350962, 25.557425010940886), (55.01847170911919, 25.618952404319543), (55.08846976472876, 25.671925812653708), (55.15846782033833, 25.717142498006996), (55.228465875947904, 25.75665425916742), (55.29846393155748, 25.793237608520542), (55.36846198432644, 25.829844345461144), (55.43846003993242, 25.864506199969096), (55.5084580983862, 25.914476193378224), (55.57845615399576, 25.968466251205527), (55.648454209605326, 26.020203434134938), (55.718452265214886, 26.061483802613974), (55.78845032082445, 26.083895144391768), (55.85844837643401, 26.081192037208982), (55.92844643204357, 26.052323247966594), (55.998444487653124, 26.005111468373457), (56.06844254326265, 25.96058538707279)

Record time: 2023-07-08T21:13:27Z
Event time: 2023-07-08T21:13:27Z
Status: Arrived
Travel distance: N/A
Num waypoints: 0
Waypoints: 

Record time: 2023-07-27T19:12:23Z
Event time: 2023-07-28T10:50:03.333Z
Status: Underway
Travel distance: 84.75755939524838
Num waypoints: 19
Waypoints: (54.808477542290504, 25.408612657231345), (54.87847559790004, 25.4952091781977), (54.94847365350961, 25.560535496437442), (55.01847170911918, 25.616150275505817), (55.08846976472875, 25.666989571105272), (55.158467820338316, 25.714293377842807), (55.228465875947876, 25.757858352551352), (55.298463931557436, 25.79761671417522), (55.368461987377536, 25.834541320317808), (55.438460042987366, 25.87165924131614), (55.508458098597195, 25.91141808622755), (55.57845615399566, 25.965596897555947), (55.64845420960522, 26.019241434779225), (55.71845226521479, 26.063020384977303), (55.78845032082438, 26.086895265063145), (55.85844837643397, 26.0832764091274), (55.92844643204356, 26.051177910905515), (55.998444487653146, 26.001371521268776), (56.06844254326271, 25.96253950073932)

Record time: 2023-07-27T22:06:26Z
Event time: 2023-07-28T11:24:57Z
Status: Underway
Travel distance: 74.44276457883369
Num waypoints: 17
Waypoints: (54.94847365350966, 25.550422490435693), (55.01847170911923, 25.63911838763633), (55.0884697647288, 25.675784894052956), (55.15846782033836, 25.705581953585103), (55.228465875947926, 25.744057525504072), (55.29846393155749, 25.790512993731074), (55.36846198716705, 25.8381822865532), (55.43846004222247, 25.881224706518477), (55.50845809783134, 25.917016970220395), (55.578456153440214, 25.951747693182092), (55.648454209605255, 26.006886676079755), (55.718452265214815, 26.061744989569412), (55.78845032082438, 26.097719549273165), (55.85844837643395, 26.096228945992895), (55.92844643204353, 26.05092060870195), (55.99844448765311, 25.98443703465546), (56.0684425432627, 25.969741086878848)

Record time: 2023-07-28T00:27:54Z
Event time: 2023-07-28T12:00:57Z
Status: Underway
Travel distance: 67.1598272138229
Num waypoints: 15
Waypoints: (55.08846976472876, 25.62358710177981), (55.15846782033832, 25.70090172605969), (55.22846587594789, 25.744058586539566), (55.29846393155745, 25.787250309613952), (55.36846198716702, 25.835407678759285), (55.43846004277658, 25.882273616142573), (55.50845809867343, 25.92240804138863), (55.57845615428335, 25.952970410658793), (55.64845420989328, 25.990700832514317), (55.71845226521487, 26.04928666458009), (55.78845032082444, 26.101847330989177), (55.858448376434005, 26.112316719698576), (55.92844643204356, 26.057217146949778), (55.998444487653096, 25.965992347458332), (56.06844254326259, 25.97607976339307)

Record time: 2023-07-28T01:43:54Z
Event time: 2023-07-28T12:31:44.750Z
Status: Underway
Travel distance: 61.203563714902806
Num waypoints: 14
Waypoints: (55.15846782033835, 25.701135153866428), (55.22846587594792, 25.737183076595148), (55.298463931557464, 25.793828729622447), (55.368461987167024, 25.842155864445424), (55.43846004277659, 25.879058678622265), (55.50845809838617, 25.912919352486405), (55.57845615428335, 25.952970410658793), (55.64845420989328, 25.990700832514317), (55.71845226521487, 26.04928666458009), (55.78845032082444, 26.101847330989177), (55.858448376434005, 26.112316719698576), (55.92844643204356, 26.057217146949778), (55.998444487653096, 25.965992347458332), (56.06844254326259, 25.97607976339307)

Record time: 2023-07-28T21:52:24Z
Event time: 2023-07-28T21:52:24Z
Status: Arrived
Travel distance: N/A
Num waypoints: 0
Waypoints: 

Record time: 2023-08-18T22:11:22Z
Event time: 2023-08-19T14:42:32.666Z
Status: Underway
Travel distance: 84.75755939524838
Num waypoints: 19
Waypoints: (54.808477542290504, 25.408612657231345), (54.87847559790004, 25.4952091781977), (54.94847365350961, 25.560535496437442), (55.01847170911918, 25.616150275505817), (55.08846976472875, 25.666989571105272), (55.158467820338316, 25.714293377842807), (55.228465875947876, 25.757858352551352), (55.298463931557436, 25.79761671417522), (55.368461987377536, 25.834541320317808), (55.438460042987366, 25.87165924131614), (55.508458098597195, 25.91141808622755), (55.57845615399566, 25.965596897555947), (55.64845420960522, 26.019241434779225), (55.71845226521479, 26.063020384977303), (55.78845032082438, 26.086895265063145), (55.85844837643397, 26.0832764091274), (55.92844643204356, 26.051177910905515), (55.998444487653146, 26.001371521268776), (56.06844254326271, 25.96253950073932)

Record time: 2023-08-19T04:17:34Z
Event time: 2023-08-19T17:22:27Z
Status: Underway
Travel distance: 68.13984881209504
Num waypoints: 16
Waypoints: (55.01847170911911, 25.630130305515294), (55.088469764728764, 25.675193543609183), (55.15846782033833, 25.71313723359705), (55.228465875947876, 25.750422323701564), (55.29846393155742, 25.789408102112436), (55.36846198716698, 25.83040135966139), (55.43846004277655, 25.87304083902846), (55.50845809783134, 25.917016970220395), (55.578456153440214, 25.951747693182092), (55.648454209605255, 26.006886676079755), (55.718452265214815, 26.061744989569412), (55.78845032082438, 26.097719549273165), (55.85844837643395, 26.096228945992895), (55.92844643204353, 26.05092060870195), (55.99844448765311, 25.98443703465546), (56.0684425432627, 25.969741086878848)

Record time: 2023-08-19T06:52:33Z
Event time: 2023-08-19T17:54:44.250Z
Status: Underway
Travel distance: 61.203563714902806
Num waypoints: 14
Waypoints: (55.15846782033835, 25.701135153866428), (55.22846587594792, 25.737183076595148), (55.298463931557464, 25.793828729622447), (55.368461987167024, 25.842155864445424), (55.43846004277659, 25.879058678622265), (55.50845809838617, 25.912919352486405), (55.57845615428335, 25.952970410658793), (55.64845420989328, 25.990700832514317), (55.71845226521487, 26.04928666458009), (55.78845032082444, 26.101847330989177), (55.858448376434005, 26.112316719698576), (55.92844643204356, 26.057217146949778), (55.998444487653096, 25.965992347458332), (56.06844254326259, 25.97607976339307)

Record time: 2023-08-19T13:09:22Z
Event time: 2023-08-19T20:01:26Z
Status: Underway
Travel distance: 41.47354211663067
Num waypoints: 9
Waypoints: (55.50845809838617, 25.8343057176196), (55.57845615399572, 25.904317386231043), (55.64845420960529, 25.97432905484247), (55.718452265214864, 26.044340723453907), (55.78845032082444, 26.114352392065342), (55.858448376433984, 26.114352392065342), (55.92844643204356, 26.044340723453907), (55.99844448765313, 25.97432905484247), (56.06844254326268, 25.97432905484247)

Record time: 2023-08-20T05:48:42Z
Event time: 2023-08-20T05:48:42Z
Status: Arrived
Travel distance: N/A
Num waypoints: 0
Waypoints: 

