MMSI: 470957000
Record time: 2023-06-08T16:06:50Z
Event time: 2023-06-09T07:50:37.333Z
Status: Underway
Travel distance: 132.27051835853132
Num waypoints: 27
Waypoints: (54.391836068025896, 24.712316514301524), (54.37544503869185, 24.78741761030626), (54.40357784019443, 24.855361699039165), (54.45737416847176, 24.92251056474187), (54.52415661407645, 24.991477083085037), (54.59602749749105, 25.06250943356381), (54.66863229020516, 25.13462538465517), (54.74008962155417, 25.206496651737236), (54.810087871319645, 25.277083327770512), (54.87914834527577, 25.346018385440697), (54.946679650180776, 25.411768474220242), (55.018471706296545, 25.48292611387435), (55.08846976190252, 25.552291288947867), (55.15846781750851, 25.62614045270407), (55.22846587311449, 25.702841350330335), (55.29846392872046, 25.77196903798308), (55.36846198432644, 25.82641020196394), (55.43846003993242, 25.87105972188993), (55.5084580983862, 25.92497376565051), (55.57845615399576, 25.976074713039978), (55.648454209605326, 26.021304443637828), (55.718452265214886, 26.056370278072336), (55.78845032082445, 26.076423514835827), (55.85844837643401, 26.077071579054177), (55.92844643204357, 26.055723784537967), (55.998444487653124, 26.013270709115133), (56.06844254326265, 25.95609718324526)
Day of Week: Thursday

MMSI: 470957000
Record time: 2023-06-08T16:17:20Z
Event time: 2023-06-09T10:40:59Z
Status: Underway
Travel distance: 132.27051835853132
Num waypoints: 27
Waypoints: (54.391836068025896, 24.712316514301524), (54.37544503869185, 24.78741761030626), (54.40357784019443, 24.855361699039165), (54.45737416847176, 24.92251056474187), (54.52415661407645, 24.991477083085037), (54.59602749749105, 25.06250943356381), (54.66863229020516, 25.13462538465517), (54.74008962155417, 25.206496651737236), (54.810087871319645, 25.277083327770512), (54.87914834527577, 25.346018385440697), (54.946679650180776, 25.411768474220242), (55.018471706296545, 25.48292611387435), (55.08846976190252, 25.552291288947867), (55.15846781750851, 25.62614045270407), (55.22846587311449, 25.702841350330335), (55.29846392872046, 25.77196903798308), (55.36846198432644, 25.82641020196394), (55.43846003993242, 25.87105972188993), (55.5084580983862, 25.92497376565051), (55.57845615399576, 25.976074713039978), (55.648454209605326, 26.021304443637828), (55.718452265214886, 26.056370278072336), (55.78845032082445, 26.076423514835827), (55.85844837643401, 26.077071579054177), (55.92844643204357, 26.055723784537967), (55.998444487653124, 26.013270709115133), (56.06844254326265, 25.95609718324526)
Day of Week: Thursday

MMSI: 470957000
Record time: 2023-06-08T16:29:41Z
Event time: 2023-06-09T09:54:39Z
Status: Underway
Travel distance: 132.27051835853132
Num waypoints: 27
Waypoints: (54.391836068025896, 24.712316514301524), (54.37544503869185, 24.78741761030626), (54.40357784019443, 24.855361699039165), (54.45737416847176, 24.92251056474187), (54.52415661407645, 24.991477083085037), (54.59602749749105, 25.06250943356381), (54.66863229020516, 25.13462538465517), (54.74008962155417, 25.206496651737236), (54.810087871319645, 25.277083327770512), (54.87914834527577, 25.346018385440697), (54.946679650180776, 25.411768474220242), (55.018471706296545, 25.48292611387435), (55.08846976190252, 25.552291288947867), (55.15846781750851, 25.62614045270407), (55.22846587311449, 25.702841350330335), (55.29846392872046, 25.77196903798308), (55.36846198432644, 25.82641020196394), (55.43846003993242, 25.87105972188993), (55.5084580983862, 25.92497376565051), (55.57845615399576, 25.976074713039978), (55.648454209605326, 26.021304443637828), (55.718452265214886, 26.056370278072336), (55.78845032082445, 26.076423514835827), (55.85844837643401, 26.077071579054177), (55.92844643204357, 26.055723784537967), (55.998444487653124, 26.013270709115133), (56.06844254326265, 25.95609718324526)
Day of Week: Thursday

MMSI: 470957000
Record time: 2023-06-08T17:45:31Z
Event time: 2023-06-09T10:30:03.428Z
Status: Underway
Travel distance: 125.39848812095032
Num waypoints: 26
Waypoints: (54.46406031517729, 24.785615104771143), (54.528121860008675, 24.85172134472313), (54.555516720621604, 24.922863997199745), (54.57741788295802, 24.995029079286613), (54.61005084131643, 25.06625329309966), (54.65907156262144, 25.136002411885247), (54.72331730429659, 25.204632975199782), (54.79793028574039, 25.272937293168596), (54.87685421340565, 25.34177175982421), (54.95470365666268, 25.411768474220242), (55.02340520769852, 25.48292611387435), (55.084881760882915, 25.552291288947867), (55.15846781750851, 25.62614045270407), (55.22846587311449, 25.702841350330335), (55.29846392872046, 25.77196903798308), (55.36846198432644, 25.82641020196394), (55.43846003993242, 25.87105972188993), (55.5084580983862, 25.92497376565051), (55.57845615399576, 25.976074713039978), (55.648454209605326, 26.021304443637828), (55.718452265214886, 26.056370278072336), (55.78845032082445, 26.076423514835827), (55.85844837643401, 26.077071579054177), (55.92844643204357, 26.055723784537967), (55.998444487653124, 26.013270709115133), (56.06844254326265, 25.95609718324526)
Day of Week: Thursday

MMSI: 470957000
Record time: 2023-06-08T20:46:51Z
Event time: 2023-06-09T10:42:39Z
Status: Underway
Travel distance: 104.82235421166307
Num waypoints: 22
Waypoints: (54.66538445032096, 25.060138911578527), (54.74216708967709, 25.140874730768704), (54.81455346842537, 25.207790187117443), (54.87987776896322, 25.27170826435234), (54.93856090985946, 25.33816125421573), (54.992846453898466, 25.40888108427115), (55.04575454748866, 25.483091174079583), (55.10025389143565, 25.55859981974546), (55.15865174307969, 25.632695106832443), (55.22220194696469, 25.702841350330335), (55.29347954705192, 25.77196903798308), (55.36796260393243, 25.82641020196394), (55.44157504291847, 25.87105972188993), (55.51322539091761, 25.92497376565051), (55.582130257446416, 25.976074713039978), (55.64907563411346, 26.021304443637828), (55.71578596793295, 26.056370278072336), (55.78429098751847, 26.076423514835827), (55.85597895323402, 26.077071579054177), (55.930336334146794, 26.055723784537967), (56.003373911781466, 26.013270709115133), (56.06573931067616, 25.95609718324526)
Day of Week: Thursday

MMSI: 470957000
Record time: 2023-06-08T23:52:03Z
Event time: 2023-06-09T10:50:41.200Z
Status: Underway
Travel distance: 81.82235421166307
Num waypoints: 18
Waypoints: (54.95521057769334, 25.346030323939424), (54.99519869830268, 25.412104287763114), (55.0394786636193, 25.480887681486628), (55.09232818494305, 25.55389778585387), (55.154081752915204, 25.62868360889392), (55.22276069050279, 25.70130188801411), (55.295396982156326, 25.76814282891714), (55.369050879141106, 25.827105581342217), (55.441522281252695, 25.87812345172867), (55.50680920106971, 25.915405932081455), (55.57570799144987, 25.966996739465415), (55.646585459074096, 26.01817651102731), (55.718782044720314, 26.06112070309036), (55.79071480676214, 26.08584230267399), (55.860668891771, 26.08367222149537), (55.92807896345174, 26.052176865929436), (55.99530058970078, 26.00151288282876), (56.06987158778662, 25.962219081203337)
Day of Week: Thursday

MMSI: 470957000
Record time: 2023-06-09T02:36:21Z
Event time: 2023-06-09T11:18:30.750Z
Status: Underway
Travel distance: 64.12149028077754
Num waypoints: 14
Waypoints: (55.15846782033835, 25.627730445349673), (55.22846587594792, 25.681752309198444), (55.298463931557464, 25.7742207938551), (55.368461987167024, 25.845423853739973), (55.43846004277659, 25.887228651858653), (55.50845809838617, 25.915370344457322), (55.57845615428335, 25.949002137943953), (55.64845420989328, 25.991867971548093), (55.71845226521487, 26.051454208499973), (55.78845032082444, 26.102314186602715), (55.858448376434005, 26.11050765419627), (55.92844643204356, 26.05587493706098), (55.998444487653096, 25.96815155467085), (56.06844254326259, 25.975437836924552)
Day of Week: Friday

MMSI: 470957000
Record time: 2023-06-09T02:48:21Z
Event time: 2023-06-09T11:40:00.750Z
Status: Underway
Travel distance: 64.12149028077754
Num waypoints: 14
Waypoints: (55.15846782033835, 25.627730445349673), (55.22846587594792, 25.681752309198444), (55.298463931557464, 25.7742207938551), (55.368461987167024, 25.845423853739973), (55.43846004277659, 25.887228651858653), (55.50845809838617, 25.915370344457322), (55.57845615428335, 25.949002137943953), (55.64845420989328, 25.991867971548093), (55.71845226521487, 26.051454208499973), (55.78845032082444, 26.102314186602715), (55.858448376434005, 26.11050765419627), (55.92844643204356, 26.05587493706098), (55.998444487653096, 25.96815155467085), (56.06844254326259, 25.975437836924552)
Day of Week: Friday

MMSI: 470957000
Record time: 2023-06-09T03:23:11Z
Event time: 2023-06-09T11:08:41Z
Status: Underway
Travel distance: 64.12149028077754
Num waypoints: 14
Waypoints: (55.15846782033835, 25.627730445349673), (55.22846587594792, 25.681752309198444), (55.298463931557464, 25.7742207938551), (55.368461987167024, 25.845423853739973), (55.43846004277659, 25.887228651858653), (55.50845809838617, 25.915370344457322), (55.57845615428335, 25.949002137943953), (55.64845420989328, 25.991867971548093), (55.71845226521487, 26.051454208499973), (55.78845032082444, 26.102314186602715), (55.858448376434005, 26.11050765419627), (55.92844643204356, 26.05587493706098), (55.998444487653096, 25.96815155467085), (56.06844254326259, 25.975437836924552)
Day of Week: Friday

MMSI: 470957000
Record time: 2023-06-09T03:36:21Z
Event time: 2023-06-09T10:28:41Z
Status: Underway
Travel distance: 58.61771058315335
Num waypoints: 13
Waypoints: (55.22846587594787, 25.694829571554113), (55.29846393155744, 25.7615148939193), (55.368461987167, 25.840569616394976), (55.438460042776576, 25.893488761221594), (55.50845809838614, 25.9232674799975), (55.578456154037184, 25.949532655571645), (55.6484542096468, 25.986626456135852), (55.71845226525644, 26.05139660945022), (55.788450320824374, 26.10310329385073), (55.85844837643393, 26.11089068800643), (55.92844643204349, 26.055491903250807), (55.998444487653074, 25.968010436951328), (56.06844254326263, 25.975538635295642)
Day of Week: Friday

MMSI: 470957000
Record time: 2023-06-09T03:56:50Z
Event time: 2023-06-09T10:49:30.500Z
Status: Underway
Travel distance: 58.61771058315335
Num waypoints: 13
Waypoints: (55.22846587594787, 25.694829571554113), (55.29846393155744, 25.7615148939193), (55.368461987167, 25.840569616394976), (55.438460042776576, 25.893488761221594), (55.50845809838614, 25.9232674799975), (55.578456154037184, 25.949532655571645), (55.6484542096468, 25.986626456135852), (55.71845226525644, 26.05139660945022), (55.788450320824374, 26.10310329385073), (55.85844837643393, 26.11089068800643), (55.92844643204349, 26.055491903250807), (55.998444487653074, 25.968010436951328), (56.06844254326263, 25.975538635295642)
Day of Week: Friday

MMSI: 470957000
Record time: 2023-06-09T04:32:10Z
Event time: 2023-06-09T11:08:07Z
Status: Underway
Travel distance: 55.71976241900648
Num waypoints: 12
Waypoints: (55.29846393155743, 25.696471145026294), (55.368461987167024, 25.754156612829135), (55.43846004277659, 25.848100694692757), (55.50845809838616, 25.908982910836137), (55.578456153995724, 25.947315091388102), (55.6484542096468, 25.991666374690773), (55.71845226525644, 26.047566271348483), (55.788450320824374, 26.09818433334114), (55.85844837643393, 26.112918175242257), (55.92844643204349, 26.060361904551602), (55.998444487653074, 25.963756745690983), (56.06844254326263, 25.976546619006616)
Day of Week: Friday

MMSI: 470957000
Record time: 2023-06-09T05:48:55Z
Event time: 2023-06-09T10:22:24.666Z
Status: Underway
Travel distance: 39.60745140388769
Num waypoints: 9
Waypoints: (55.50845809838617, 25.76429404900817), (55.57845615399572, 25.8343057176196), (55.64845420960529, 25.904317386231043), (55.718452265214864, 25.97432905484247), (55.78845032082444, 26.044340723453907), (55.858448376433984, 26.044340723453907), (55.92844643204356, 26.044340723453907), (55.99844448765313, 25.97432905484247), (56.06844254326268, 25.97432905484247)
Day of Week: Friday

MMSI: 470957000
Record time: 2023-06-09T06:33:13Z
Event time: 2023-06-09T10:03:32.250Z
Status: Underway
Travel distance: 33.94978401727862
Num waypoints: 8
Waypoints: (55.57845615399572, 25.8343057176196), (55.64845420960529, 25.904317386231043), (55.718452265214864, 25.97432905484247), (55.78845032082444, 26.044340723453907), (55.858448376433984, 26.044340723453907), (55.92844643204356, 26.044340723453907), (55.99844448765313, 25.97432905484247), (56.06844254326268, 25.97432905484247)
Day of Week: Friday

MMSI: 470957000
Record time: 2023-06-09T06:55:19Z
Event time: 2023-06-09T09:42:06.750Z
Status: Underway
Travel distance: 26.427645788336932
Num waypoints: 7
Waypoints: (55.64845420960529, 25.8343057176196), (55.718452265214864, 25.904317386231043), (55.78845032082444, 25.97432905484247), (55.858448376433984, 25.97432905484247), (55.92844643204356, 25.97432905484247), (55.99844448765313, 25.97432905484247), (56.06844254326268, 25.97432905484247)
Day of Week: Friday

MMSI: 470957000
Record time: 2023-06-09T07:47:26Z
Event time: 2023-06-09T09:26:26.500Z
Status: Underway
Travel distance: 16.99244060475162
Num waypoints: 5
Waypoints: (55.78845032082444, 25.904317386231043), (55.858448376433984, 25.97432905484247), (55.92844643204356, 25.97432905484247), (55.99844448765313, 25.97432905484247), (56.06844254326268, 25.97432905484247)
Day of Week: Friday

MMSI: 470957000
Record time: 2023-06-10T05:25:21Z
Event time: 2023-06-10T05:25:21Z
Status: Arrived
Travel distance: N/A
Num waypoints: 0
Waypoints: 
Day of Week: Saturday

MMSI: 470957000
Record time: 2023-07-08T10:30:02Z
Event time: 2023-07-09T08:24:13Z
Status: Underway
Travel distance: 189.5572354211663
Num waypoints: 45
Waypoints: (53.19634150420906, 25.049583126901428), (53.27360254370116, 25.167785311143152), (53.33880324687767, 25.214012014847306), (53.40437981303342, 25.229358671303004), (53.474747261662415, 25.239505706887545), (53.54911556098929, 25.258559051928284), (53.62386272129094, 25.292380996020132), (53.69446485300804, 25.341411387798843), (53.75698318964677, 25.402979179169975), (53.80910807270982, 25.473104312686694), (53.85102022117482, 25.552587205813435), (53.88381914856267, 25.629680146166056), (53.91318648463923, 25.699118829250764), (53.94598541202709, 25.768666831941868), (53.987897560492094, 25.843835370257906), (54.041433023184524, 25.904147751030077), (54.10505973874462, 25.946411087823552), (54.17419848318203, 25.976626650064837), (54.24482971543853, 25.986974316255626), (54.320458520543795, 25.98179105905623), (54.38981020831902, 25.971040041214284), (54.460954012149756, 25.96477489687581), (54.52669131654494, 25.96717804339553), (54.59848337266071, 25.98582269074696), (54.668481428266695, 26.005192994106302), (54.73847948387265, 26.017887262192822), (54.80847753947863, 26.02965608326665), (54.8784755950846, 26.04143809808608), (54.94847365069058, 26.048364814525275), (55.018471706296545, 26.05344252175988), (55.08846976190252, 26.066383701371176), (55.15846781750851, 26.09144050908346), (55.22846587311449, 26.11901920702584), (55.29846392872046, 26.129958706947768), (55.36846198432644, 26.106328708580925), (55.43846003993242, 26.066851136929515), (55.5084580983862, 26.047141190198378), (55.57845615399576, 26.034574541614095), (55.648454209605326, 26.032127153209657), (55.718452265214886, 26.03980262327932), (55.78845032082445, 26.053909358939187), (55.85844837643401, 26.06651322416689), (55.92844643204357, 26.06506566465783), (55.998444487653124, 26.032207309497796), (56.06844254326265, 25.945747049652102)
Day of Week: Saturday

MMSI: 470957000
Record time: 2023-07-08T11:31:33Z
Event time: 2023-07-09T08:59:28.250Z
Status: Underway
Travel distance: 183.78023758099351
Num waypoints: 43
Waypoints: (53.341572835098006, 24.997611660746575), (53.40329829614849, 25.05768935277438), (53.47516366325136, 25.13194432416416), (53.55109962299324, 25.20771957487638), (53.62567098083849, 25.27971361804303), (53.694596016738956, 25.347390736188583), (53.75510113943649, 25.41280778284774), (53.80611083945809, 25.478857529579944), (53.84827294080378, 25.547928558380683), (53.88381914856267, 25.62098169817507), (53.91318648463923, 25.695978717798333), (53.94598541202709, 25.772255530744648), (53.987897560492094, 25.843835370257906), (54.041433023184524, 25.904147751030077), (54.10505973874462, 25.946411087823552), (54.17419848318203, 25.976626650064837), (54.24482971543853, 25.986974316255626), (54.320458520543795, 25.98179105905623), (54.38981020831902, 25.971040041214284), (54.460954012149756, 25.96477489687581), (54.52669131654494, 25.96717804339553), (54.59848337266071, 25.98582269074696), (54.668481428266695, 26.005192994106302), (54.73847948387265, 26.017887262192822), (54.80847753947863, 26.02965608326665), (54.8784755950846, 26.04143809808608), (54.94847365069058, 26.048364814525275), (55.018471706296545, 26.05344252175988), (55.08846976190252, 26.066383701371176), (55.15846781750851, 26.09144050908346), (55.22846587311449, 26.11901920702584), (55.29846392872046, 26.129958706947768), (55.36846198432644, 26.106328708580925), (55.43846003993242, 26.066851136929515), (55.5084580983862, 26.047141190198378), (55.57845615399576, 26.034574541614095), (55.648454209605326, 26.032127153209657), (55.718452265214886, 26.03980262327932), (55.78845032082445, 26.053909358939187), (55.85844837643401, 26.06651322416689), (55.92844643204357, 26.06506566465783), (55.998444487653124, 26.032207309497796), (56.06844254326265, 25.945747049652102)
Day of Week: Saturday

MMSI: 470957000
Record time: 2023-07-08T12:07:26Z
Event time: 2023-07-09T09:33:24.222Z
Status: Underway
Travel distance: 178.14416846652267
Num waypoints: 42
Waypoints: (53.41280106248579, 25.065995015534295), (53.469573800700026, 25.13004202593507), (53.54613861997894, 25.20375645356575), (53.625531234274725, 25.277353936633162), (53.69787007909048, 25.347482064323714), (53.75873455009488, 25.41467209908195), (53.8077079430442, 25.481243998291507), (53.84708509501163, 25.549664735358395), (53.880744726923886, 25.621359920196706), (53.91318648463923, 25.695978717798333), (53.94598541202709, 25.772255530744648), (53.987897560492094, 25.843835370257906), (54.041433023184524, 25.904147751030077), (54.10505973874462, 25.946411087823552), (54.17419848318203, 25.976626650064837), (54.24482971543853, 25.986974316255626), (54.320458520543795, 25.98179105905623), (54.38981020831902, 25.971040041214284), (54.460954012149756, 25.96477489687581), (54.52669131654494, 25.96717804339553), (54.59848337266071, 25.98582269074696), (54.668481428266695, 26.005192994106302), (54.73847948387265, 26.017887262192822), (54.80847753947863, 26.02965608326665), (54.8784755950846, 26.04143809808608), (54.94847365069058, 26.048364814525275), (55.018471706296545, 26.05344252175988), (55.08846976190252, 26.066383701371176), (55.15846781750851, 26.09144050908346), (55.22846587311449, 26.11901920702584), (55.29846392872046, 26.129958706947768), (55.36846198432644, 26.106328708580925), (55.43846003993242, 26.066851136929515), (55.5084580983862, 26.047141190198378), (55.57845615399576, 26.034574541614095), (55.648454209605326, 26.032127153209657), (55.718452265214886, 26.03980262327932), (55.78845032082445, 26.053909358939187), (55.85844837643401, 26.06651322416689), (55.92844643204357, 26.06506566465783), (55.998444487653124, 26.032207309497796), (56.06844254326265, 25.945747049652102)
Day of Week: Saturday

MMSI: 470957000
Record time: 2023-07-08T12:33:12Z
Event time: 2023-07-09T10:03:34.222Z
Status: Underway
Travel distance: 178.14416846652267
Num waypoints: 42
Waypoints: (53.41280106248579, 25.065995015534295), (53.469573800700026, 25.13004202593507), (53.54613861997894, 25.20375645356575), (53.625531234274725, 25.277353936633162), (53.69787007909048, 25.347482064323714), (53.75873455009488, 25.41467209908195), (53.8077079430442, 25.481243998291507), (53.84708509501163, 25.549664735358395), (53.880744726923886, 25.621359920196706), (53.91318648463923, 25.695978717798333), (53.94598541202709, 25.772255530744648), (53.987897560492094, 25.843835370257906), (54.041433023184524, 25.904147751030077), (54.10505973874462, 25.946411087823552), (54.17419848318203, 25.976626650064837), (54.24482971543853, 25.986974316255626), (54.320458520543795, 25.98179105905623), (54.38981020831902, 25.971040041214284), (54.460954012149756, 25.96477489687581), (54.52669131654494, 25.96717804339553), (54.59848337266071, 25.98582269074696), (54.668481428266695, 26.005192994106302), (54.73847948387265, 26.017887262192822), (54.80847753947863, 26.02965608326665), (54.8784755950846, 26.04143809808608), (54.94847365069058, 26.048364814525275), (55.018471706296545, 26.05344252175988), (55.08846976190252, 26.066383701371176), (55.15846781750851, 26.09144050908346), (55.22846587311449, 26.11901920702584), (55.29846392872046, 26.129958706947768), (55.36846198432644, 26.106328708580925), (55.43846003993242, 26.066851136929515), (55.5084580983862, 26.047141190198378), (55.57845615399576, 26.034574541614095), (55.648454209605326, 26.032127153209657), (55.718452265214886, 26.03980262327932), (55.78845032082445, 26.053909358939187), (55.85844837643401, 26.06651322416689), (55.92844643204357, 26.06506566465783), (55.998444487653124, 26.032207309497796), (56.06844254326265, 25.945747049652102)
Day of Week: Saturday

MMSI: 470957000
Record time: 2023-07-08T12:56:07Z
Event time: 2023-07-09T10:33:58.444Z
Status: Underway
Travel distance: 175.6112311015119
Num waypoints: 42
Waypoints: (53.485585643562686, 25.065995015534295), (53.539390126387815, 25.13004202593507), (53.59465334816841, 25.20375645356575), (53.649997515827614, 25.277353936633162), (53.703653812017784, 25.347482064323714), (53.75402961586991, 25.41467209908195), (53.80012685185202, 25.481243998291507), (53.84181146673655, 25.549664735358395), (53.87993403467665, 25.621359920196706), (53.916301487625276, 25.695978717798333), (53.94845216272808, 25.772255530744648), (53.986103559982276, 25.843835370257906), (54.041433023184524, 25.904147751030077), (54.10505973874462, 25.946411087823552), (54.17419848318203, 25.976626650064837), (54.24482971543853, 25.986974316255626), (54.320458520543795, 25.98179105905623), (54.38981020831902, 25.971040041214284), (54.460954012149756, 25.96477489687581), (54.52669131654494, 25.96717804339553), (54.59848337266071, 25.98582269074696), (54.668481428266695, 26.005192994106302), (54.73847948387265, 26.017887262192822), (54.80847753947863, 26.02965608326665), (54.8784755950846, 26.04143809808608), (54.94847365069058, 26.048364814525275), (55.018471706296545, 26.05344252175988), (55.08846976190252, 26.066383701371176), (55.15846781750851, 26.09144050908346), (55.22846587311449, 26.11901920702584), (55.29846392872046, 26.129958706947768), (55.36846198432644, 26.106328708580925), (55.43846003993242, 26.066851136929515), (55.5084580983862, 26.047141190198378), (55.57845615399576, 26.034574541614095), (55.648454209605326, 26.032127153209657), (55.718452265214886, 26.03980262327932), (55.78845032082445, 26.053909358939187), (55.85844837643401, 26.06651322416689), (55.92844643204357, 26.06506566465783), (55.998444487653124, 26.032207309497796), (56.06844254326265, 25.945747049652102)
Day of Week: Saturday

MMSI: 470957000
Record time: 2023-07-08T13:18:26Z
Event time: 2023-07-09T11:07:00.222Z
Status: Underway
Travel distance: 174.33747300215984
Num waypoints: 42
Waypoints: (53.55094958616681, 25.065995015534295), (53.55200521179155, 25.13004202593507), (53.589458901237485, 25.20375645356575), (53.643689973125774, 25.277353936633162), (53.70179865239961, 25.347482064323714), (53.756308811972275, 25.41467209908195), (53.80397172112666, 25.481243998291507), (53.844670800666144, 25.549664735358395), (53.88042738481689, 25.621359920196706), (53.914507487115465, 25.695978717798333), (53.94845216272808, 25.772255530744648), (53.986103559982276, 25.843835370257906), (54.041433023184524, 25.904147751030077), (54.10505973874462, 25.946411087823552), (54.17419848318203, 25.976626650064837), (54.24482971543853, 25.986974316255626), (54.320458520543795, 25.98179105905623), (54.38981020831902, 25.971040041214284), (54.460954012149756, 25.96477489687581), (54.52669131654494, 25.96717804339553), (54.59848337266071, 25.98582269074696), (54.668481428266695, 26.005192994106302), (54.73847948387265, 26.017887262192822), (54.80847753947863, 26.02965608326665), (54.8784755950846, 26.04143809808608), (54.94847365069058, 26.048364814525275), (55.018471706296545, 26.05344252175988), (55.08846976190252, 26.066383701371176), (55.15846781750851, 26.09144050908346), (55.22846587311449, 26.11901920702584), (55.29846392872046, 26.129958706947768), (55.36846198432644, 26.106328708580925), (55.43846003993242, 26.066851136929515), (55.5084580983862, 26.047141190198378), (55.57845615399576, 26.034574541614095), (55.648454209605326, 26.032127153209657), (55.718452265214886, 26.03980262327932), (55.78845032082445, 26.053909358939187), (55.85844837643401, 26.06651322416689), (55.92844643204357, 26.06506566465783), (55.998444487653124, 26.032207309497796), (56.06844254326265, 25.945747049652102)
Day of Week: Saturday

MMSI: 470957000
Record time: 2023-07-08T13:40:55Z
Event time: 2023-07-09T11:42:15.333Z
Status: Underway
Travel distance: 174.33747300215984
Num waypoints: 42
Waypoints: (53.55094958616681, 25.065995015534295), (53.55200521179155, 25.13004202593507), (53.589458901237485, 25.20375645356575), (53.643689973125774, 25.277353936633162), (53.70179865239961, 25.347482064323714), (53.756308811972275, 25.41467209908195), (53.80397172112666, 25.481243998291507), (53.844670800666144, 25.549664735358395), (53.88042738481689, 25.621359920196706), (53.914507487115465, 25.695978717798333), (53.94845216272808, 25.772255530744648), (53.986103559982276, 25.843835370257906), (54.041433023184524, 25.904147751030077), (54.10505973874462, 25.946411087823552), (54.17419848318203, 25.976626650064837), (54.24482971543853, 25.986974316255626), (54.320458520543795, 25.98179105905623), (54.38981020831902, 25.971040041214284), (54.460954012149756, 25.96477489687581), (54.52669131654494, 25.96717804339553), (54.59848337266071, 25.98582269074696), (54.668481428266695, 26.005192994106302), (54.73847948387265, 26.017887262192822), (54.80847753947863, 26.02965608326665), (54.8784755950846, 26.04143809808608), (54.94847365069058, 26.048364814525275), (55.018471706296545, 26.05344252175988), (55.08846976190252, 26.066383701371176), (55.15846781750851, 26.09144050908346), (55.22846587311449, 26.11901920702584), (55.29846392872046, 26.129958706947768), (55.36846198432644, 26.106328708580925), (55.43846003993242, 26.066851136929515), (55.5084580983862, 26.047141190198378), (55.57845615399576, 26.034574541614095), (55.648454209605326, 26.032127153209657), (55.718452265214886, 26.03980262327932), (55.78845032082445, 26.053909358939187), (55.85844837643401, 26.06651322416689), (55.92844643204357, 26.06506566465783), (55.998444487653124, 26.032207309497796), (56.06844254326265, 25.945747049652102)
Day of Week: Saturday

MMSI: 470957000
Record time: 2023-07-08T16:07:33Z
Event time: 2023-07-09T12:16:03.555Z
Status: Underway
Travel distance: 145.65064794816413
Num waypoints: 33
Waypoints: (53.82850476375657, 25.068631777024912), (53.89850281936614, 25.120069404813442), (53.9685008749757, 25.152383126724377), (54.03849893058526, 25.183382443148417), (54.10849698619483, 25.22293421962557), (54.178495041804396, 25.274834125417375), (54.24849309741398, 25.338481862233795), (54.31849115302355, 25.410360183114918), (54.38848920863313, 25.48531770146733), (54.45848726144877, 25.557655488944047), (54.528485317054745, 25.619656669152825), (54.59848337266071, 25.67224882392909), (54.668481428266695, 25.710750058406205), (54.73847948387265, 25.73265544574125), (54.80847753947863, 25.736775664009578), (54.8784755950846, 25.730934604351056), (54.94847365069058, 25.713072157631537), (55.018471706296545, 25.70187255243924), (55.08846976190252, 25.696796730025426), (55.15846781750851, 25.708605132336057), (55.22846587311449, 25.73896771059972), (55.29846392872046, 25.785426658493517), (55.36846198432644, 25.833057964924766), (55.43846003993242, 25.870262442691626), (55.5084580983862, 25.923258955686766), (55.57845615399576, 25.97513117174754), (55.648454209605326, 26.021199082155096), (55.718452265214886, 26.056503723384953), (55.78845032082445, 26.076317964871023), (55.85844837643401, 26.076809777445074), (55.92844643204357, 26.055857983778925), (55.998444487653124, 26.014020490829342), (56.06844254326265, 25.955655004285642)
Day of Week: Saturday

MMSI: 470957000
Record time: 2023-07-08T19:19:02Z
Event time: 2023-07-09T12:09:30.375Z
Status: Underway
Travel distance: 120.53455723542116
Num waypoints: 27
Waypoints: (54.24849309741396, 25.13730700488081), (54.318491153023565, 25.198329643249266), (54.38848920863313, 25.270686394476748), (54.45848726424269, 25.347905640673222), (54.528485319852244, 25.423524245642234), (54.598483375461804, 25.491977755744728), (54.66848143107137, 25.54925179396744), (54.738479486680944, 25.593294647196036), (54.80847754229052, 25.624191046692836), (54.8784755950846, 25.644097140463572), (54.94847365069058, 25.652742813472166), (55.018471706296545, 25.665438966379483), (55.08846976190252, 25.68106413080966), (55.15846781750851, 25.710356130859054), (55.22846587311449, 25.75266093371013), (55.29846392872046, 25.795173066849177), (55.36846198432644, 25.828647484253278), (55.43846003993242, 25.864679603482678), (55.5084580983862, 25.9160384585119), (55.57845615399576, 25.97018127820924), (55.648454209605326, 26.021009811877338), (55.718452265214886, 26.060983919579957), (55.78845032082445, 26.08255403727687), (55.85844837643401, 26.08014306589491), (55.92844643204357, 26.052677685662207), (55.998444487653124, 26.00666909570562), (56.06844254326265, 25.95984317891126)
Day of Week: Saturday

MMSI: 470957000
Record time: 2023-07-08T22:25:39Z
Event time: 2023-07-09T12:29:59.166Z
Status: Underway
Travel distance: 101.35043196544277
Num waypoints: 22
Waypoints: (54.598483375461775, 25.206077193435572), (54.66848143107135, 25.269860683042225), (54.738479486680916, 25.34286197444433), (54.808477542290476, 25.418062337677846), (54.87847559790004, 25.490574775103394), (54.948473653509616, 25.557376188370586), (55.01847170911919, 25.617031817617086), (55.088469764728764, 25.66941195290239), (55.15846782033833, 25.715400917876334), (55.22846587311449, 25.75659832436087), (55.29846392872046, 25.796354849490644), (55.36846198432644, 25.829844345461144), (55.43846003993242, 25.864506199969096), (55.5084580983862, 25.914476193378224), (55.57845615399576, 25.968466251205527), (55.648454209605326, 26.020203434134938), (55.718452265214886, 26.061483802613974), (55.78845032082445, 26.083895144391768), (55.85844837643401, 26.081192037208982), (55.92844643204357, 26.052323247966594), (55.998444487653124, 26.005111468373457), (56.06844254326265, 25.96058538707279)
Day of Week: Saturday

MMSI: 470957000
Record time: 2023-07-09T00:00:58Z
Event time: 2023-07-09T13:03:18.500Z
Status: Underway
Travel distance: 92.68520518358531
Num waypoints: 20
Waypoints: (54.73847948668091, 25.276027691044668), (54.80847754229049, 25.341133639463433), (54.87847559790006, 25.4122223517957), (54.94847365350962, 25.486010898576446), (55.01847170911919, 25.558855407157473), (55.08846976472876, 25.627544382782073), (55.15846782033833, 25.689854353756836), (55.228465875947904, 25.744867840720584), (55.29846393155748, 25.79305365001045), (55.36846198432644, 25.836109489799615), (55.43846003993242, 25.869491550984517), (55.5084580983862, 25.91789588658282), (55.57845615399576, 25.96926178837255), (55.648454209605326, 26.018627980967278), (55.718452265214886, 26.058753496895918), (55.78845032082445, 26.081651922061024), (55.85844837643401, 26.080814730354337), (55.92844643204357, 26.054123708756748), (55.998444487653124, 26.007452472922715), (56.06844254326265, 25.95895707324906)
Day of Week: Sunday

MMSI: 470957000
Record time: 2023-07-09T03:09:49Z
Event time: 2023-07-09T12:51:58.750Z
Status: Underway
Travel distance: 70.829373650108
Num waypoints: 16
Waypoints: (55.01847170911911, 25.554952657228196), (55.088469764728764, 25.624812597765253), (55.15846782033833, 25.69199645523201), (55.228465875947876, 25.74930965115603), (55.29846393155742, 25.79618528943519), (55.36846198716698, 25.835964722389026), (55.43846004277655, 25.87354659927642), (55.50845809783134, 25.913404397020667), (55.578456153440214, 25.953192722461985), (55.648454209605255, 26.00941547731956), (55.718452265214815, 26.063009390189297), (55.78845032082438, 26.0965563007028), (55.85844837643395, 26.09385187282741), (55.92844643204353, 26.050364272429142), (55.99844448765311, 25.987218716019232), (56.0684425432627, 25.96870789094363)
Day of Week: Sunday

MMSI: 470957000
Record time: 2023-07-09T06:13:35Z
Event time: 2023-07-09T12:48:12.500Z
Status: Underway
Travel distance: 50.26781857451404
Num waypoints: 11
Waypoints: (55.36846198716699, 25.765110035821806), (55.438460042776526, 25.829083402012195), (55.50845809838616, 25.918025964700387), (55.57845615399573, 25.956050950216625), (55.64845420960529, 25.98575287023361), (55.71845226521487, 26.039771197297437), (55.78845032082443, 26.11473318591171), (55.858448376434005, 26.115190138527364), (55.928446432043586, 26.043350659453345), (55.99844448765318, 25.97477512763392), (56.06844254326276, 25.97425289607314)
Day of Week: Sunday

MMSI: 470957000
Record time: 2023-07-09T08:10:37Z
Event time: 2023-07-09T12:30:42.500Z
Status: Underway
Travel distance: 33.94978401727862
Num waypoints: 8
Waypoints: (55.57845615399572, 25.8343057176196), (55.64845420960529, 25.904317386231043), (55.718452265214864, 25.97432905484247), (55.78845032082444, 26.044340723453907), (55.858448376433984, 26.044340723453907), (55.92844643204356, 26.044340723453907), (55.99844448765313, 25.97432905484247), (56.06844254326268, 25.97432905484247)
Day of Week: Sunday

MMSI: 470957000
Record time: 2023-07-09T08:50:57Z
Event time: 2023-07-09T12:07:51.750Z
Status: Underway
Travel distance: 26.427645788336932
Num waypoints: 7
Waypoints: (55.64845420960529, 25.8343057176196), (55.718452265214864, 25.904317386231043), (55.78845032082444, 25.97432905484247), (55.858448376433984, 25.97432905484247), (55.92844643204356, 25.97432905484247), (55.99844448765313, 25.97432905484247), (56.06844254326268, 25.97432905484247)
Day of Week: Sunday

MMSI: 470957000
Record time: 2023-07-10T13:13:22Z
Event time: 2023-07-10T13:13:22Z
Status: Arrived
Travel distance: N/A
Num waypoints: 0
Waypoints: 
Day of Week: Monday

Number of Journeys: 2
