Record time: 2023-10-08T13:21:22Z
Event time: 2023-10-09T08:22:59.333Z
Status: Underway
Travel distance: 165.7149028077754
Num waypoints: 36
Waypoints: (53.683874539531935, 24.7059226881063), (53.70112373794113, 24.796928244715076), (53.753312261216045, 24.864092703026213), (53.822197221054694, 24.921223317809204), (53.89664765974793, 24.97623445160274), (53.97078007107804, 25.032838070490094), (54.042343799859886, 25.09198431263648), (54.11135632012441, 25.15305212958834), (54.17898839194462, 25.214790000334556), (54.24669909412101, 25.27600671683286), (54.31849115023681, 25.34192832430518), (54.38848920584279, 25.39778121906507), (54.45848726144877, 25.45500437854641), (54.528485317054745, 25.51486440232663), (54.59848337266071, 25.573316464969416), (54.668481428266695, 25.640964568294336), (54.73847948387265, 25.690737031154136), (54.80847753947863, 25.723659196063906), (54.8784755950846, 25.738268442082997), (54.94847365069058, 25.72743826176746), (55.018471706296545, 25.709824611393515), (55.08846976190252, 25.69238624935394), (55.15846781750851, 25.70302229312711), (55.22846587311449, 25.7382948295742), (55.29846392872046, 25.787221007894903), (55.36846198432644, 25.833057964924766), (55.43846003993242, 25.870262442691626), (55.5084580983862, 25.923258955686766), (55.57845615399576, 25.97513117174754), (55.648454209605326, 26.021199082155096), (55.718452265214886, 26.056503723384953), (55.78845032082445, 26.076317964871023), (55.85844837643401, 26.076809777445074), (55.92844643204357, 26.055857983778925), (55.998444487653124, 26.014020490829342), (56.06844254326265, 25.955655004285642)

Record time: 2023-10-08T13:44:53Z
Event time: 2023-10-09T09:02:24.600Z
Status: Underway
Travel distance: 165.7149028077754
Num waypoints: 36
Waypoints: (53.683874539531935, 24.7059226881063), (53.70112373794113, 24.796928244715076), (53.753312261216045, 24.864092703026213), (53.822197221054694, 24.921223317809204), (53.89664765974793, 24.97623445160274), (53.97078007107804, 25.032838070490094), (54.042343799859886, 25.09198431263648), (54.11135632012441, 25.15305212958834), (54.17898839194462, 25.214790000334556), (54.24669909412101, 25.27600671683286), (54.31849115023681, 25.34192832430518), (54.38848920584279, 25.39778121906507), (54.45848726144877, 25.45500437854641), (54.528485317054745, 25.51486440232663), (54.59848337266071, 25.573316464969416), (54.668481428266695, 25.640964568294336), (54.73847948387265, 25.690737031154136), (54.80847753947863, 25.723659196063906), (54.8784755950846, 25.738268442082997), (54.94847365069058, 25.72743826176746), (55.018471706296545, 25.709824611393515), (55.08846976190252, 25.69238624935394), (55.15846781750851, 25.70302229312711), (55.22846587311449, 25.7382948295742), (55.29846392872046, 25.787221007894903), (55.36846198432644, 25.833057964924766), (55.43846003993242, 25.870262442691626), (55.5084580983862, 25.923258955686766), (55.57845615399576, 25.97513117174754), (55.648454209605326, 26.021199082155096), (55.718452265214886, 26.056503723384953), (55.78845032082445, 26.076317964871023), (55.85844837643401, 26.076809777445074), (55.92844643204357, 26.055857983778925), (55.998444487653124, 26.014020490829342), (56.06844254326265, 25.955655004285642)

Record time: 2023-10-08T14:44:43Z
Event time: 2023-10-09T10:41:07.500Z
Status: Underway
Travel distance: 165.71544276457882
Num waypoints: 36
Waypoints: (53.74923848213607, 24.7059226881063), (53.71373882334484, 24.796928244715076), (53.748117814285074, 24.864092703026213), (53.81588967835281, 24.921223317809204), (53.89479250012971, 24.97623445160274), (53.97305926718038, 25.032838070490094), (54.046188669134516, 25.09198431263648), (54.11421565405399, 25.15305212958834), (54.179481742084846, 25.214790000334556), (54.24490509361121, 25.27600671683286), (54.31849115023681, 25.34192832430518), (54.38848920584279, 25.39778121906507), (54.45848726144877, 25.45500437854641), (54.528485317054745, 25.51486440232663), (54.59848337266071, 25.573316464969416), (54.668481428266695, 25.640964568294336), (54.73847948387265, 25.690737031154136), (54.80847753947863, 25.723659196063906), (54.8784755950846, 25.738268442082997), (54.94847365069058, 25.72743826176746), (55.018471706296545, 25.709824611393515), (55.08846976190252, 25.69238624935394), (55.15846781750851, 25.70302229312711), (55.22846587311449, 25.7382948295742), (55.29846392872046, 25.787221007894903), (55.36846198432644, 25.833057964924766), (55.43846003993242, 25.870262442691626), (55.5084580983862, 25.923258955686766), (55.57845615399576, 25.97513117174754), (55.648454209605326, 26.021199082155096), (55.718452265214886, 26.056503723384953), (55.78845032082445, 26.076317964871023), (55.85844837643401, 26.076809777445074), (55.92844643204357, 26.055857983778925), (55.998444487653124, 26.014020490829342), (56.06844254326265, 25.955655004285642)

Record time: 2023-10-08T14:57:12Z
Event time: 2023-10-09T11:17:25.833Z
Status: Underway
Travel distance: 165.71544276457882
Num waypoints: 36
Waypoints: (53.74923848213607, 24.7059226881063), (53.71373882334484, 24.796928244715076), (53.748117814285074, 24.864092703026213), (53.81588967835281, 24.921223317809204), (53.89479250012971, 24.97623445160274), (53.97305926718038, 25.032838070490094), (54.046188669134516, 25.09198431263648), (54.11421565405399, 25.15305212958834), (54.179481742084846, 25.214790000334556), (54.24490509361121, 25.27600671683286), (54.31849115023681, 25.34192832430518), (54.38848920584279, 25.39778121906507), (54.45848726144877, 25.45500437854641), (54.528485317054745, 25.51486440232663), (54.59848337266071, 25.573316464969416), (54.668481428266695, 25.640964568294336), (54.73847948387265, 25.690737031154136), (54.80847753947863, 25.723659196063906), (54.8784755950846, 25.738268442082997), (54.94847365069058, 25.72743826176746), (55.018471706296545, 25.709824611393515), (55.08846976190252, 25.69238624935394), (55.15846781750851, 25.70302229312711), (55.22846587311449, 25.7382948295742), (55.29846392872046, 25.787221007894903), (55.36846198432644, 25.833057964924766), (55.43846003993242, 25.870262442691626), (55.5084580983862, 25.923258955686766), (55.57845615399576, 25.97513117174754), (55.648454209605326, 26.021199082155096), (55.718452265214886, 26.056503723384953), (55.78845032082445, 26.076317964871023), (55.85844837643401, 26.076809777445074), (55.92844643204357, 26.055857983778925), (55.998444487653124, 26.014020490829342), (56.06844254326265, 25.955655004285642)

Record time: 2023-10-08T15:10:03Z
Event time: 2023-10-09T11:57:14.333Z
Status: Underway
Travel distance: 165.71544276457882
Num waypoints: 36
Waypoints: (53.74923848213607, 24.7059226881063), (53.71373882334484, 24.796928244715076), (53.748117814285074, 24.864092703026213), (53.81588967835281, 24.921223317809204), (53.89479250012971, 24.97623445160274), (53.97305926718038, 25.032838070490094), (54.046188669134516, 25.09198431263648), (54.11421565405399, 25.15305212958834), (54.179481742084846, 25.214790000334556), (54.24490509361121, 25.27600671683286), (54.31849115023681, 25.34192832430518), (54.38848920584279, 25.39778121906507), (54.45848726144877, 25.45500437854641), (54.528485317054745, 25.51486440232663), (54.59848337266071, 25.573316464969416), (54.668481428266695, 25.640964568294336), (54.73847948387265, 25.690737031154136), (54.80847753947863, 25.723659196063906), (54.8784755950846, 25.738268442082997), (54.94847365069058, 25.72743826176746), (55.018471706296545, 25.709824611393515), (55.08846976190252, 25.69238624935394), (55.15846781750851, 25.70302229312711), (55.22846587311449, 25.7382948295742), (55.29846392872046, 25.787221007894903), (55.36846198432644, 25.833057964924766), (55.43846003993242, 25.870262442691626), (55.5084580983862, 25.923258955686766), (55.57845615399576, 25.97513117174754), (55.648454209605326, 26.021199082155096), (55.718452265214886, 26.056503723384953), (55.78845032082445, 26.076317964871023), (55.85844837643401, 26.076809777445074), (55.92844643204357, 26.055857983778925), (55.998444487653124, 26.014020490829342), (56.06844254326265, 25.955655004285642)

Record time: 2023-10-08T15:46:13Z
Event time: 2023-10-09T12:31:38.875Z
Status: Underway
Travel distance: 157.908747300216
Num waypoints: 33
Waypoints: (53.82850476375657, 24.701948320698218), (53.89850281936614, 24.73810951017321), (53.9685008749757, 24.736910809837113), (54.03849893058526, 24.724028533730937), (54.10849698619483, 24.715981594039505), (54.178495041804396, 24.722061746072576), (54.24849309741398, 24.746072712416918), (54.31849115302355, 24.787878186259224), (54.38848920863313, 24.84475871387997), (54.45848726144877, 24.912577455040008), (54.528485317054745, 24.99311773263542), (54.59848337266071, 25.071727953731862), (54.668481428266695, 25.13618317062195), (54.73847948387265, 25.204873579849156), (54.80847753947863, 25.272418018030077), (54.8784755950846, 25.346018385440697), (54.94847365069058, 25.411768474220242), (55.018471706296545, 25.48292611387435), (55.08846976190252, 25.552291288947867), (55.15846781750851, 25.62614045270407), (55.22846587311449, 25.702841350330335), (55.29846392872046, 25.77196903798308), (55.36846198432644, 25.82641020196394), (55.43846003993242, 25.87105972188993), (55.5084580983862, 25.92497376565051), (55.57845615399576, 25.976074713039978), (55.648454209605326, 26.021304443637828), (55.718452265214886, 26.056370278072336), (55.78845032082445, 26.076423514835827), (55.85844837643401, 26.077071579054177), (55.92844643204357, 26.055723784537967), (55.998444487653124, 26.013270709115133), (56.06844254326265, 25.95609718324526)

Record time: 2023-10-08T16:22:33Z
Event time: 2023-10-09T13:09:10.125Z
Status: Underway
Travel distance: 157.908747300216
Num waypoints: 33
Waypoints: (53.82850476375657, 24.701948320698218), (53.89850281936614, 24.73810951017321), (53.9685008749757, 24.736910809837113), (54.03849893058526, 24.724028533730937), (54.10849698619483, 24.715981594039505), (54.178495041804396, 24.722061746072576), (54.24849309741398, 24.746072712416918), (54.31849115302355, 24.787878186259224), (54.38848920863313, 24.84475871387997), (54.45848726144877, 24.912577455040008), (54.528485317054745, 24.99311773263542), (54.59848337266071, 25.071727953731862), (54.668481428266695, 25.13618317062195), (54.73847948387265, 25.204873579849156), (54.80847753947863, 25.272418018030077), (54.8784755950846, 25.346018385440697), (54.94847365069058, 25.411768474220242), (55.018471706296545, 25.48292611387435), (55.08846976190252, 25.552291288947867), (55.15846781750851, 25.62614045270407), (55.22846587311449, 25.702841350330335), (55.29846392872046, 25.77196903798308), (55.36846198432644, 25.82641020196394), (55.43846003993242, 25.87105972188993), (55.5084580983862, 25.92497376565051), (55.57845615399576, 25.976074713039978), (55.648454209605326, 26.021304443637828), (55.718452265214886, 26.056370278072336), (55.78845032082445, 26.076423514835827), (55.85844837643401, 26.077071579054177), (55.92844643204357, 26.055723784537967), (55.998444487653124, 26.013270709115133), (56.06844254326265, 25.95609718324526)

Record time: 2023-10-08T18:11:32Z
Event time: 2023-10-09T13:44:16.375Z
Status: Underway
Travel distance: 150.0291576673866
Num waypoints: 31
Waypoints: (53.968500874975675, 24.7293494342532), (54.03849893058526, 24.74394289347095), (54.10849698619484, 24.730993637687444), (54.17849504180441, 24.723411323457917), (54.24849309741398, 24.737058345613114), (54.318491153023544, 24.77590142946952), (54.38848920863311, 24.83641344132539), (54.45848726424268, 24.91122541724258), (54.52848531985225, 24.992028810114213), (54.59848337266071, 25.071727953731862), (54.668481428266695, 25.13618317062195), (54.73847948387265, 25.204873579849156), (54.80847753947863, 25.272418018030077), (54.8784755950846, 25.346018385440697), (54.94847365069058, 25.411768474220242), (55.018471706296545, 25.48292611387435), (55.08846976190252, 25.552291288947867), (55.15846781750851, 25.62614045270407), (55.22846587311449, 25.702841350330335), (55.29846392872046, 25.77196903798308), (55.36846198432644, 25.82641020196394), (55.43846003993242, 25.87105972188993), (55.5084580983862, 25.92497376565051), (55.57845615399576, 25.976074713039978), (55.648454209605326, 26.021304443637828), (55.718452265214886, 26.056370278072336), (55.78845032082445, 26.076423514835827), (55.85844837643401, 26.077071579054177), (55.92844643204357, 26.055723784537967), (55.998444487653124, 26.013270709115133), (56.06844254326265, 25.95609718324526)

Record time: 2023-10-08T19:31:42Z
Event time: 2023-10-09T14:17:57.500Z
Status: Underway
Travel distance: 142.74784017278617
Num waypoints: 29
Waypoints: (54.1084969861948, 24.717466530116152), (54.1784950418044, 24.701072313106206), (54.24849309741397, 24.7292105857876), (54.31849115302352, 24.783017376205795), (54.38848920863309, 24.84981280945063), (54.45848726424265, 24.921697670088765), (54.52848531985222, 24.994316582754784), (54.598483375461804, 25.06578781090102), (54.668481431071385, 25.135799673706117), (54.73847948387265, 25.204873579849156), (54.80847753947863, 25.272418018030077), (54.8784755950846, 25.346018385440697), (54.94847365069058, 25.411768474220242), (55.018471706296545, 25.48292611387435), (55.08846976190252, 25.552291288947867), (55.15846781750851, 25.62614045270407), (55.22846587311449, 25.702841350330335), (55.29846392872046, 25.77196903798308), (55.36846198432644, 25.82641020196394), (55.43846003993242, 25.87105972188993), (55.5084580983862, 25.92497376565051), (55.57845615399576, 25.976074713039978), (55.648454209605326, 26.021304443637828), (55.718452265214886, 26.056370278072336), (55.78845032082445, 26.076423514835827), (55.85844837643401, 26.077071579054177), (55.92844643204357, 26.055723784537967), (55.998444487653124, 26.013270709115133), (56.06844254326265, 25.95609718324526)

Record time: 2023-10-08T20:35:03Z
Event time: 2023-10-09T14:48:29.625Z
Status: Underway
Travel distance: 138.707343412527
Num waypoints: 28
Waypoints: (54.178495041804375, 24.70948400560347), (54.248493097413956, 24.726736558582537), (54.318491153023515, 24.778935231317433), (54.388489208633075, 24.847833587686583), (54.45848726424264, 24.922298505267158), (54.52848531985221, 24.99644533363565), (54.598483375461775, 25.068022979906562), (54.66848143107135, 25.137048921509134), (54.73847948668093, 25.20469414620212), (54.80847753947863, 25.272418018030077), (54.8784755950846, 25.346018385440697), (54.94847365069058, 25.411768474220242), (55.018471706296545, 25.48292611387435), (55.08846976190252, 25.552291288947867), (55.15846781750851, 25.62614045270407), (55.22846587311449, 25.702841350330335), (55.29846392872046, 25.77196903798308), (55.36846198432644, 25.82641020196394), (55.43846003993242, 25.87105972188993), (55.5084580983862, 25.92497376565051), (55.57845615399576, 25.976074713039978), (55.648454209605326, 26.021304443637828), (55.718452265214886, 26.056370278072336), (55.78845032082445, 26.076423514835827), (55.85844837643401, 26.077071579054177), (55.92844643204357, 26.055723784537967), (55.998444487653124, 26.013270709115133), (56.06844254326265, 25.95609718324526)

Record time: 2023-10-08T21:12:03Z
Event time: 2023-10-09T15:19:46.714Z
Status: Underway
Travel distance: 140.9314254859611
Num waypoints: 28
Waypoints: (54.178495041804375, 24.644107351225205), (54.248493097413956, 24.714119019836648), (54.318491153023515, 24.78413068844808), (54.388489208633075, 24.854142357059516), (54.45848726424264, 24.92415402567095), (54.52848531985221, 24.994165694282387), (54.598483375461775, 25.064177362893826), (54.66848143107135, 25.134189031505265), (54.73847948668093, 25.204200700116704), (54.80847753947863, 25.27421236743147), (54.8784755950846, 25.346018385440697), (54.94847365069058, 25.411768474220242), (55.018471706296545, 25.48292611387435), (55.08846976190252, 25.552291288947867), (55.15846781750851, 25.62614045270407), (55.22846587311449, 25.702841350330335), (55.29846392872046, 25.77196903798308), (55.36846198432644, 25.82641020196394), (55.43846003993242, 25.87105972188993), (55.5084580983862, 25.92497376565051), (55.57845615399576, 25.976074713039978), (55.648454209605326, 26.021304443637828), (55.718452265214886, 26.056370278072336), (55.78845032082445, 26.076423514835827), (55.85844837643401, 26.077071579054177), (55.92844643204357, 26.055723784537967), (55.998444487653124, 26.013270709115133), (56.06844254326265, 25.95609718324526)

Record time: 2023-10-08T21:59:32Z
Event time: 2023-10-09T16:00:19.714Z
Status: Underway
Travel distance: 139.15442764578833
Num waypoints: 28
Waypoints: (54.24385898440853, 24.644107351225205), (54.26110818281769, 24.714119019836648), (54.31329670609259, 24.78413068844808), (54.38218166593125, 24.854142357059516), (54.45663210462448, 24.92415402567095), (54.5307645159546, 24.994165694282387), (54.60232824473645, 25.064177362893826), (54.67134076500097, 25.134189031505265), (54.738972836821176, 25.204200700116704), (54.80668353896882, 25.27421236743147), (54.8784755950846, 25.346018385440697), (54.94847365069058, 25.411768474220242), (55.018471706296545, 25.48292611387435), (55.08846976190252, 25.552291288947867), (55.15846781750851, 25.62614045270407), (55.22846587311449, 25.702841350330335), (55.29846392872046, 25.77196903798308), (55.36846198432644, 25.82641020196394), (55.43846003993242, 25.87105972188993), (55.5084580983862, 25.92497376565051), (55.57845615399576, 25.976074713039978), (55.648454209605326, 26.021304443637828), (55.718452265214886, 26.056370278072336), (55.78845032082445, 26.076423514835827), (55.85844837643401, 26.077071579054177), (55.92844643204357, 26.055723784537967), (55.998444487653124, 26.013270709115133), (56.06844254326265, 25.95609718324526)

Record time: 2023-10-08T22:38:11Z
Event time: 2023-10-09T16:33:41Z
Status: Underway
Travel distance: 143.51781857451405
Num waypoints: 29
Waypoints: (54.25183995680676, 24.574095682613777), (54.235448927472696, 24.644107351225223), (54.26358172897528, 24.71411901983666), (54.317378057252625, 24.784130688448087), (54.38416050285733, 24.854142357059523), (54.456031386271924, 24.924154025670955), (54.528636178986034, 24.994165694282394), (54.60009351033504, 25.064177362893833), (54.67009176010051, 25.13418903150527), (54.73915223406384, 25.204200698823634), (54.80668353896882, 25.27421236743147), (54.8784755950846, 25.346018385440697), (54.94847365069058, 25.411768474220242), (55.018471706296545, 25.48292611387435), (55.08846976190252, 25.552291288947867), (55.15846781750851, 25.62614045270407), (55.22846587311449, 25.702841350330335), (55.29846392872046, 25.77196903798308), (55.36846198432644, 25.82641020196394), (55.43846003993242, 25.87105972188993), (55.5084580983862, 25.92497376565051), (55.57845615399576, 25.976074713039978), (55.648454209605326, 26.021304443637828), (55.718452265214886, 26.056370278072336), (55.78845032082445, 26.076423514835827), (55.85844837643401, 26.077071579054177), (55.92844643204357, 26.055723784537967), (55.998444487653124, 26.013270709115133), (56.06844254326265, 25.95609718324526)

Record time: 2023-10-08T23:26:43Z
Event time: 2023-10-09T19:32:01Z
Status: Underway
Travel distance: 144.83855291576674
Num waypoints: 29
Waypoints: (54.31720389941089, 24.574095682613777), (54.24806401287645, 24.644107351225223), (54.25838728204437, 24.71411901983666), (54.311070514550785, 24.784130688448087), (54.38230534323914, 24.854142357059523), (54.45831058237429, 24.924154025670955), (54.53248104826068, 24.994165694282394), (54.602952844264635, 25.064177362893833), (54.67058511024075, 25.13418903150527), (54.73735823355402, 25.204200698823634), (54.80668353896882, 25.27421236743147), (54.8784755950846, 25.346018385440697), (54.94847365069058, 25.411768474220242), (55.018471706296545, 25.48292611387435), (55.08846976190252, 25.552291288947867), (55.15846781750851, 25.62614045270407), (55.22846587311449, 25.702841350330335), (55.29846392872046, 25.77196903798308), (55.36846198432644, 25.82641020196394), (55.43846003993242, 25.87105972188993), (55.5084580983862, 25.92497376565051), (55.57845615399576, 25.976074713039978), (55.648454209605326, 26.021304443637828), (55.718452265214886, 26.056370278072336), (55.78845032082445, 26.076423514835827), (55.85844837643401, 26.077071579054177), (55.92844643204357, 26.055723784537967), (55.998444487653124, 26.013270709115133), (56.06844254326265, 25.95609718324526)

Record time: 2023-10-09T11:23:21Z
Event time: 2023-10-10T16:15:17Z
Status: Underway
Travel distance: 150.59449244060474
Num waypoints: 30
Waypoints: (54.39796945288609, 24.50408401400233), (54.29222108321922, 24.574095682613777), (54.25718703311646, 24.644107351225212), (54.270733187425, 24.714119019836644), (54.315617474399254, 24.78413068844808), (54.37887251846662, 24.854142357059516), (54.45120789131806, 24.92415402567095), (54.526431961323624, 24.994165694282394), (54.60089334127283, 25.064177362893833), (54.6729419316351, 25.134189030215786), (54.73735823355402, 25.204200698823634), (54.80668353896882, 25.27421236743147), (54.8784755950846, 25.346018385440697), (54.94847365069058, 25.411768474220242), (55.018471706296545, 25.48292611387435), (55.08846976190252, 25.552291288947867), (55.15846781750851, 25.62614045270407), (55.22846587311449, 25.702841350330335), (55.29846392872046, 25.77196903798308), (55.36846198432644, 25.82641020196394), (55.43846003993242, 25.87105972188993), (55.5084580983862, 25.92497376565051), (55.57845615399576, 25.976074713039978), (55.648454209605326, 26.021304443637828), (55.718452265214886, 26.056370278072336), (55.78845032082445, 26.076423514835827), (55.85844837643401, 26.077071579054177), (55.92844643204357, 26.055723784537967), (55.998444487653124, 26.013270709115133), (56.06844254326265, 25.95609718324526)

