Record time: 2024-01-23T14:24:17Z
Event time: 2024-01-27T21:24:48.500Z
Status: Underway
Travel distance: 1124.0458963282938
Num waypoints: 99
Waypoints: (72.4432822966507, 18.97403777824006), (72.45490035365093, 19.20482571250259), (72.47213081413136, 19.356594177608628), (72.45568685373047, 19.504421845592823), (72.38943281244264, 19.679062176482827), (72.27312022907768, 19.881557121354888), (72.11619481393555, 20.09565661351705), (71.93267435969602, 20.298043847819958), (71.73709759052363, 20.46636634809529), (71.54154394571721, 20.585072821665676), (71.36025978904323, 20.653031362515602), (71.18827001923107, 20.66863992355936), (71.0146132686679, 20.651044554062345), (70.82999999636615, 20.630905100570313), (70.64999999637539, 20.640480548140154), (70.46999999638462, 20.702435050761828), (70.28999999639387, 20.825815855709052), (70.1099999964031, 20.974404898641264), (69.92999999641236, 21.149166508539423), (69.74999999642156, 21.317289270679137), (69.56999999643081, 21.505386726585495), (69.38999999644003, 21.70444070423042), (69.20999999644928, 21.8898002411707), (69.02999999645851, 22.04597792321949), (68.84999999646773, 22.172072417761406), (68.66999999647699, 22.289924080159455), (68.48538672417524, 22.372197333621376), (68.31634324592304, 22.4261076849445), (68.13801022668329, 22.46926504124865), (67.94871583983073, 22.50007995577123), (67.75718265906251, 22.560566158487205), (67.57389231043818, 22.6620339199573), (67.40596822914378, 22.800577465514877), (67.25493686557635, 22.94173778318161), (67.11672768534385, 23.116063264394906), (66.98327230777633, 23.27224579231797), (66.84506312754381, 23.42846224136097), (66.6940317639764, 23.57411953035606), (66.526107682682, 23.711403148601804), (66.34281733405767, 23.840284020852565), (66.15128415328947, 23.972111184663273), (65.96198976643689, 24.08501036355101), (65.78365674719713, 24.157107281032836), (65.61461326894494, 24.1954090713122), (65.42999999664319, 24.220748147902633), (65.24999999665243, 24.25962659722087), (65.06999999666169, 24.34725454175804), (64.8899999966709, 24.456281867099065), (64.70999999668014, 24.570634808269666), (64.52999999668937, 24.668099877587593), (64.34999999669861, 24.746525506874185), (64.16999999670784, 24.77142360890548), (63.98999999671708, 24.770914792106474), (63.80999999672631, 24.757758243446496), (63.62999999673554, 24.747887197545808), (63.449999996744786, 24.735646519124032), (63.269999996754, 24.748270021613628), (63.089999996763254, 24.754613271041222), (62.909999996772484, 24.749999998730246), (62.72999999678173, 24.749999998730246), (62.54999999679096, 24.749999998730246), (62.3699999968002, 24.749999998730246), (62.189999996809426, 24.749999998730246), (62.009999996818664, 24.74538672641927), (61.829999996827894, 24.75172997584686), (61.64999999683714, 24.759740206025473), (61.469999996846376, 24.763069321653244), (61.289999996855585, 24.743908734765014), (61.10999999686484, 24.71979081849219), (60.92999999687408, 24.71704320777756), (60.7499999968833, 24.754797414263713), (60.569999996892555, 24.83763278914168), (60.389999996901764, 24.95493686774651), (60.209999996911016, 25.08506312968626), (60.029999996920246, 25.20236720829109), (59.84999999692947, 25.285202583169056), (59.66999999693871, 25.322956789655205), (59.489999996947944, 25.32020917894058), (59.30999999695718, 25.291477990356775), (59.12999999696641, 25.283273925207112), (58.94999999697565, 25.28365674927494), (58.769999996984886, 25.288715842019325), (58.589999996994116, 25.291536140848095), (58.409999997003354, 25.282348363220347), (58.22999999701258, 25.281606944456083), (58.049999997021835, 25.294467894785218), (57.86999999703106, 25.336840219456626), (57.689999997040296, 25.40659173378876), (57.509999997049526, 25.500756762724567), (57.32077345243681, 25.636271636859497), (57.15253729977119, 25.822021429532953), (56.98470555439985, 26.028796147774734), (56.80977416267944, 26.23070538797591), (56.62172190555441, 26.396683351485006), (56.420458914083625, 26.495375910131088), (56.21756030788431, 26.50168205190961), (56.04328495943412, 26.40494970814621), (55.95487938423123, 26.21882596213852), (56.04616675681281, 25.992761639275923)

Record time: 2024-01-23T15:42:41Z
Event time: 2024-01-27T20:40:53.333Z
Status: Underway
Travel distance: 1112.8401727861772
Num waypoints: 98
Waypoints: (72.43422800083209, 19.167311420844584), (72.48401040149784, 19.363657582691893), (72.46644396040091, 19.52213103439836), (72.38994728276167, 19.69086672622034), (72.26625839767985, 19.88256415276741), (72.10841402856128, 20.087908001811087), (71.92910684173815, 20.286757277989206), (71.73942067328285, 20.457102901406035), (71.54794373401538, 20.581793781128006), (71.36025978904323, 20.653031362515602), (71.18827001923107, 20.66863992355936), (71.0146132686679, 20.651044554062345), (70.82999999636615, 20.630905100570313), (70.64999999637539, 20.640480548140154), (70.46999999638462, 20.702435050761828), (70.28999999639387, 20.825815855709052), (70.1099999964031, 20.974404898641264), (69.92999999641236, 21.149166508539423), (69.74999999642156, 21.317289270679137), (69.56999999643081, 21.505386726585495), (69.38999999644003, 21.70444070423042), (69.20999999644928, 21.8898002411707), (69.02999999645851, 22.04597792321949), (68.84999999646773, 22.172072417761406), (68.66999999647699, 22.289924080159455), (68.48538672417524, 22.372197333621376), (68.31634324592304, 22.4261076849445), (68.13801022668329, 22.46926504124865), (67.94871583983073, 22.50007995577123), (67.75718265906251, 22.560566158487205), (67.57389231043818, 22.6620339199573), (67.40596822914378, 22.800577465514877), (67.25493686557635, 22.94173778318161), (67.11672768534385, 23.116063264394906), (66.98327230777633, 23.27224579231797), (66.84506312754381, 23.42846224136097), (66.6940317639764, 23.57411953035606), (66.526107682682, 23.711403148601804), (66.34281733405767, 23.840284020852565), (66.15128415328947, 23.972111184663273), (65.96198976643689, 24.08501036355101), (65.78365674719713, 24.157107281032836), (65.61461326894494, 24.1954090713122), (65.42999999664319, 24.220748147902633), (65.24999999665243, 24.25962659722087), (65.06999999666169, 24.34725454175804), (64.8899999966709, 24.456281867099065), (64.70999999668014, 24.570634808269666), (64.52999999668937, 24.668099877587593), (64.34999999669861, 24.746525506874185), (64.16999999670784, 24.77142360890548), (63.98999999671708, 24.770914792106474), (63.80999999672631, 24.757758243446496), (63.62999999673554, 24.747887197545808), (63.449999996744786, 24.735646519124032), (63.269999996754, 24.748270021613628), (63.089999996763254, 24.754613271041222), (62.909999996772484, 24.749999998730246), (62.72999999678173, 24.749999998730246), (62.54999999679096, 24.749999998730246), (62.3699999968002, 24.749999998730246), (62.189999996809426, 24.749999998730246), (62.009999996818664, 24.74538672641927), (61.829999996827894, 24.75172997584686), (61.64999999683714, 24.759740206025473), (61.469999996846376, 24.763069321653244), (61.289999996855585, 24.743908734765014), (61.10999999686484, 24.71979081849219), (60.92999999687408, 24.71704320777756), (60.7499999968833, 24.754797414263713), (60.569999996892555, 24.83763278914168), (60.389999996901764, 24.95493686774651), (60.209999996911016, 25.08506312968626), (60.029999996920246, 25.20236720829109), (59.84999999692947, 25.285202583169056), (59.66999999693871, 25.322956789655205), (59.489999996947944, 25.32020917894058), (59.30999999695718, 25.291477990356775), (59.12999999696641, 25.283273925207112), (58.94999999697565, 25.28365674927494), (58.769999996984886, 25.288715842019325), (58.589999996994116, 25.291536140848095), (58.409999997003354, 25.282348363220347), (58.22999999701258, 25.281606944456083), (58.049999997021835, 25.294467894785218), (57.86999999703106, 25.336840219456626), (57.689999997040296, 25.40659173378876), (57.509999997049526, 25.500756762724567), (57.32077345243681, 25.636271636859497), (57.15253729977119, 25.822021429532953), (56.98470555439985, 26.028796147774734), (56.80977416267944, 26.23070538797591), (56.62172190555441, 26.396683351485006), (56.420458914083625, 26.495375910131088), (56.21756030788431, 26.50168205190961), (56.04328495943412, 26.40494970814621), (55.95487938423123, 26.21882596213852), (56.04616675681281, 25.992761639275923)

Record time: 2024-01-23T18:12:03Z
Event time: 2024-01-27T18:37:03.444Z
Status: Underway
Travel distance: 1081.1846652267818
Num waypoints: 95
Waypoints: (72.45, 19.732245558560425), (72.27000000000001, 19.837909465363005), (72.09000000000002, 20.062963379385444), (71.91000000000001, 20.29792842790537), (71.73000000000002, 20.48422922453773), (71.55000000000001, 20.600600222714412), (71.37000000000002, 20.65121623123141), (71.19000000000003, 20.655547091863582), (71.01000000000003, 20.639936519046987), (70.82999999636615, 20.630905100570313), (70.64999999637539, 20.640480548140154), (70.46999999638462, 20.702435050761828), (70.28999999639387, 20.825815855709052), (70.1099999964031, 20.974404898641264), (69.92999999641236, 21.149166508539423), (69.74999999642156, 21.317289270679137), (69.56999999643081, 21.505386726585495), (69.38999999644003, 21.70444070423042), (69.20999999644928, 21.8898002411707), (69.02999999645851, 22.04597792321949), (68.84999999646773, 22.172072417761406), (68.66999999647699, 22.289924080159455), (68.48538672417524, 22.372197333621376), (68.31634324592304, 22.4261076849445), (68.13801022668329, 22.46926504124865), (67.94871583983073, 22.50007995577123), (67.75718265906251, 22.560566158487205), (67.57389231043818, 22.6620339199573), (67.40596822914378, 22.800577465514877), (67.25493686557635, 22.94173778318161), (67.11672768534385, 23.116063264394906), (66.98327230777633, 23.27224579231797), (66.84506312754381, 23.42846224136097), (66.6940317639764, 23.57411953035606), (66.526107682682, 23.711403148601804), (66.34281733405767, 23.840284020852565), (66.15128415328947, 23.972111184663273), (65.96198976643689, 24.08501036355101), (65.78365674719713, 24.157107281032836), (65.61461326894494, 24.1954090713122), (65.42999999664319, 24.220748147902633), (65.24999999665243, 24.25962659722087), (65.06999999666169, 24.34725454175804), (64.8899999966709, 24.456281867099065), (64.70999999668014, 24.570634808269666), (64.52999999668937, 24.668099877587593), (64.34999999669861, 24.746525506874185), (64.16999999670784, 24.77142360890548), (63.98999999671708, 24.770914792106474), (63.80999999672631, 24.757758243446496), (63.62999999673554, 24.747887197545808), (63.449999996744786, 24.735646519124032), (63.269999996754, 24.748270021613628), (63.089999996763254, 24.754613271041222), (62.909999996772484, 24.749999998730246), (62.72999999678173, 24.749999998730246), (62.54999999679096, 24.749999998730246), (62.3699999968002, 24.749999998730246), (62.189999996809426, 24.749999998730246), (62.009999996818664, 24.74538672641927), (61.829999996827894, 24.75172997584686), (61.64999999683714, 24.759740206025473), (61.469999996846376, 24.763069321653244), (61.289999996855585, 24.743908734765014), (61.10999999686484, 24.71979081849219), (60.92999999687408, 24.71704320777756), (60.7499999968833, 24.754797414263713), (60.569999996892555, 24.83763278914168), (60.389999996901764, 24.95493686774651), (60.209999996911016, 25.08506312968626), (60.029999996920246, 25.20236720829109), (59.84999999692947, 25.285202583169056), (59.66999999693871, 25.322956789655205), (59.489999996947944, 25.32020917894058), (59.30999999695718, 25.291477990356775), (59.12999999696641, 25.283273925207112), (58.94999999697565, 25.28365674927494), (58.769999996984886, 25.288715842019325), (58.589999996994116, 25.291536140848095), (58.409999997003354, 25.282348363220347), (58.22999999701258, 25.281606944456083), (58.049999997021835, 25.294467894785218), (57.86999999703106, 25.336840219456626), (57.689999997040296, 25.40659173378876), (57.509999997049526, 25.500756762724567), (57.32077345243681, 25.636271636859497), (57.15253729977119, 25.822021429532953), (56.98470555439985, 26.028796147774734), (56.80977416267944, 26.23070538797591), (56.62172190555441, 26.396683351485006), (56.420458914083625, 26.495375910131088), (56.21756030788431, 26.50168205190961), (56.04328495943412, 26.40494970814621), (55.95487938423123, 26.21882596213852), (56.04616675681281, 25.992761639275923)

Record time: 2024-01-23T20:12:44Z
Event time: 2024-01-27T19:15:20.222Z
Status: Underway
Travel distance: 1067.0091792656588
Num waypoints: 94
Waypoints: (72.26999999999998, 19.894366132723107), (72.09, 20.045505720823797), (71.91, 20.270423744783947), (71.72999999999999, 20.471584870103634), (71.54999999999998, 20.605424687037267), (71.36999999999998, 20.665878583927835), (71.18999999999998, 20.670265715439484), (71.01, 20.647528065688515), (70.83000000000001, 20.62882460627272), (70.64999999637539, 20.640480548140154), (70.46999999638462, 20.702435050761828), (70.28999999639387, 20.825815855709052), (70.1099999964031, 20.974404898641264), (69.92999999641236, 21.149166508539423), (69.74999999642156, 21.317289270679137), (69.56999999643081, 21.505386726585495), (69.38999999644003, 21.70444070423042), (69.20999999644928, 21.8898002411707), (69.02999999645851, 22.04597792321949), (68.84999999646773, 22.172072417761406), (68.66999999647699, 22.289924080159455), (68.48538672417524, 22.372197333621376), (68.31634324592304, 22.4261076849445), (68.13801022668329, 22.46926504124865), (67.94871583983073, 22.50007995577123), (67.75718265906251, 22.560566158487205), (67.57389231043818, 22.6620339199573), (67.40596822914378, 22.800577465514877), (67.25493686557635, 22.94173778318161), (67.11672768534385, 23.116063264394906), (66.98327230777633, 23.27224579231797), (66.84506312754381, 23.42846224136097), (66.6940317639764, 23.57411953035606), (66.526107682682, 23.711403148601804), (66.34281733405767, 23.840284020852565), (66.15128415328947, 23.972111184663273), (65.96198976643689, 24.08501036355101), (65.78365674719713, 24.157107281032836), (65.61461326894494, 24.1954090713122), (65.42999999664319, 24.220748147902633), (65.24999999665243, 24.25962659722087), (65.06999999666169, 24.34725454175804), (64.8899999966709, 24.456281867099065), (64.70999999668014, 24.570634808269666), (64.52999999668937, 24.668099877587593), (64.34999999669861, 24.746525506874185), (64.16999999670784, 24.77142360890548), (63.98999999671708, 24.770914792106474), (63.80999999672631, 24.757758243446496), (63.62999999673554, 24.747887197545808), (63.449999996744786, 24.735646519124032), (63.269999996754, 24.748270021613628), (63.089999996763254, 24.754613271041222), (62.909999996772484, 24.749999998730246), (62.72999999678173, 24.749999998730246), (62.54999999679096, 24.749999998730246), (62.3699999968002, 24.749999998730246), (62.189999996809426, 24.749999998730246), (62.009999996818664, 24.74538672641927), (61.829999996827894, 24.75172997584686), (61.64999999683714, 24.759740206025473), (61.469999996846376, 24.763069321653244), (61.289999996855585, 24.743908734765014), (61.10999999686484, 24.71979081849219), (60.92999999687408, 24.71704320777756), (60.7499999968833, 24.754797414263713), (60.569999996892555, 24.83763278914168), (60.389999996901764, 24.95493686774651), (60.209999996911016, 25.08506312968626), (60.029999996920246, 25.20236720829109), (59.84999999692947, 25.285202583169056), (59.66999999693871, 25.322956789655205), (59.489999996947944, 25.32020917894058), (59.30999999695718, 25.291477990356775), (59.12999999696641, 25.283273925207112), (58.94999999697565, 25.28365674927494), (58.769999996984886, 25.288715842019325), (58.589999996994116, 25.291536140848095), (58.409999997003354, 25.282348363220347), (58.22999999701258, 25.281606944456083), (58.049999997021835, 25.294467894785218), (57.86999999703106, 25.336840219456626), (57.689999997040296, 25.40659173378876), (57.509999997049526, 25.500756762724567), (57.32077345243681, 25.636271636859497), (57.15253729977119, 25.822021429532953), (56.98470555439985, 26.028796147774734), (56.80977416267944, 26.23070538797591), (56.62172190555441, 26.396683351485006), (56.420458914083625, 26.495375910131088), (56.21756030788431, 26.50168205190961), (56.04328495943412, 26.40494970814621), (55.95487938423123, 26.21882596213852), (56.04616675681281, 25.992761639275923)

Record time: 2024-01-23T22:35:09Z
Event time: 2024-01-27T18:40:50.444Z
Status: Underway
Travel distance: 1034.0264578833694
Num waypoints: 91
Waypoints: (71.72999999999993, 19.881303682130245), (71.54999999999995, 20.080309465363023), (71.36999999999995, 20.273134115689132), (71.18999999999996, 20.428358526168946), (71.00999999999996, 20.53993901051163), (70.82999999999996, 20.6178940173032), (70.64999999999996, 20.680481435161965), (70.46999999999997, 20.74786648882146), (70.28999999999999, 20.83728022614082), (70.1099999964031, 20.959668594967237), (69.92999999641236, 21.12846977950562), (69.74999999642156, 21.3201725658735), (69.56999999643081, 21.509999998896472), (69.38999999644003, 21.70444070423042), (69.20999999644928, 21.8898002411707), (69.02999999645851, 22.04597792321949), (68.84999999646773, 22.172072417761406), (68.66999999647699, 22.289924080159455), (68.48538672417524, 22.372197333621376), (68.31634324592304, 22.4261076849445), (68.13801022668329, 22.46926504124865), (67.94871583983073, 22.50007995577123), (67.75718265906251, 22.560566158487205), (67.57389231043818, 22.6620339199573), (67.40596822914378, 22.800577465514877), (67.25493686557635, 22.94173778318161), (67.11672768534385, 23.116063264394906), (66.98327230777633, 23.27224579231797), (66.84506312754381, 23.42846224136097), (66.6940317639764, 23.57411953035606), (66.526107682682, 23.711403148601804), (66.34281733405767, 23.840284020852565), (66.15128415328947, 23.972111184663273), (65.96198976643689, 24.08501036355101), (65.78365674719713, 24.157107281032836), (65.61461326894494, 24.1954090713122), (65.42999999664319, 24.220748147902633), (65.24999999665243, 24.25962659722087), (65.06999999666169, 24.34725454175804), (64.8899999966709, 24.456281867099065), (64.70999999668014, 24.570634808269666), (64.52999999668937, 24.668099877587593), (64.34999999669861, 24.746525506874185), (64.16999999670784, 24.77142360890548), (63.98999999671708, 24.770914792106474), (63.80999999672631, 24.757758243446496), (63.62999999673554, 24.747887197545808), (63.449999996744786, 24.735646519124032), (63.269999996754, 24.748270021613628), (63.089999996763254, 24.754613271041222), (62.909999996772484, 24.749999998730246), (62.72999999678173, 24.749999998730246), (62.54999999679096, 24.749999998730246), (62.3699999968002, 24.749999998730246), (62.189999996809426, 24.749999998730246), (62.009999996818664, 24.74538672641927), (61.829999996827894, 24.75172997584686), (61.64999999683714, 24.759740206025473), (61.469999996846376, 24.763069321653244), (61.289999996855585, 24.743908734765014), (61.10999999686484, 24.71979081849219), (60.92999999687408, 24.71704320777756), (60.7499999968833, 24.754797414263713), (60.569999996892555, 24.83763278914168), (60.389999996901764, 24.95493686774651), (60.209999996911016, 25.08506312968626), (60.029999996920246, 25.20236720829109), (59.84999999692947, 25.285202583169056), (59.66999999693871, 25.322956789655205), (59.489999996947944, 25.32020917894058), (59.30999999695718, 25.291477990356775), (59.12999999696641, 25.283273925207112), (58.94999999697565, 25.28365674927494), (58.769999996984886, 25.288715842019325), (58.589999996994116, 25.291536140848095), (58.409999997003354, 25.282348363220347), (58.22999999701258, 25.281606944456083), (58.049999997021835, 25.294467894785218), (57.86999999703106, 25.336840219456626), (57.689999997040296, 25.40659173378876), (57.509999997049526, 25.500756762724567), (57.32077345243681, 25.636271636859497), (57.15253729977119, 25.822021429532953), (56.98470555439985, 26.028796147774734), (56.80977416267944, 26.23070538797591), (56.62172190555441, 26.396683351485006), (56.420458914083625, 26.495375910131088), (56.21756030788431, 26.50168205190961), (56.04328495943412, 26.40494970814621), (55.95487938423123, 26.21882596213852), (56.04616675681281, 25.992761639275923)

Record time: 2024-01-23T23:05:39Z
Event time: 2024-01-27T18:06:54.500Z
Status: Underway
Travel distance: 1034.0264578833694
Num waypoints: 91
Waypoints: (71.72999999999993, 19.881303682130245), (71.54999999999995, 20.080309465363023), (71.36999999999995, 20.273134115689132), (71.18999999999996, 20.428358526168946), (71.00999999999996, 20.53993901051163), (70.82999999999996, 20.6178940173032), (70.64999999999996, 20.680481435161965), (70.46999999999997, 20.74786648882146), (70.28999999999999, 20.83728022614082), (70.1099999964031, 20.959668594967237), (69.92999999641236, 21.12846977950562), (69.74999999642156, 21.3201725658735), (69.56999999643081, 21.509999998896472), (69.38999999644003, 21.70444070423042), (69.20999999644928, 21.8898002411707), (69.02999999645851, 22.04597792321949), (68.84999999646773, 22.172072417761406), (68.66999999647699, 22.289924080159455), (68.48538672417524, 22.372197333621376), (68.31634324592304, 22.4261076849445), (68.13801022668329, 22.46926504124865), (67.94871583983073, 22.50007995577123), (67.75718265906251, 22.560566158487205), (67.57389231043818, 22.6620339199573), (67.40596822914378, 22.800577465514877), (67.25493686557635, 22.94173778318161), (67.11672768534385, 23.116063264394906), (66.98327230777633, 23.27224579231797), (66.84506312754381, 23.42846224136097), (66.6940317639764, 23.57411953035606), (66.526107682682, 23.711403148601804), (66.34281733405767, 23.840284020852565), (66.15128415328947, 23.972111184663273), (65.96198976643689, 24.08501036355101), (65.78365674719713, 24.157107281032836), (65.61461326894494, 24.1954090713122), (65.42999999664319, 24.220748147902633), (65.24999999665243, 24.25962659722087), (65.06999999666169, 24.34725454175804), (64.8899999966709, 24.456281867099065), (64.70999999668014, 24.570634808269666), (64.52999999668937, 24.668099877587593), (64.34999999669861, 24.746525506874185), (64.16999999670784, 24.77142360890548), (63.98999999671708, 24.770914792106474), (63.80999999672631, 24.757758243446496), (63.62999999673554, 24.747887197545808), (63.449999996744786, 24.735646519124032), (63.269999996754, 24.748270021613628), (63.089999996763254, 24.754613271041222), (62.909999996772484, 24.749999998730246), (62.72999999678173, 24.749999998730246), (62.54999999679096, 24.749999998730246), (62.3699999968002, 24.749999998730246), (62.189999996809426, 24.749999998730246), (62.009999996818664, 24.74538672641927), (61.829999996827894, 24.75172997584686), (61.64999999683714, 24.759740206025473), (61.469999996846376, 24.763069321653244), (61.289999996855585, 24.743908734765014), (61.10999999686484, 24.71979081849219), (60.92999999687408, 24.71704320777756), (60.7499999968833, 24.754797414263713), (60.569999996892555, 24.83763278914168), (60.389999996901764, 24.95493686774651), (60.209999996911016, 25.08506312968626), (60.029999996920246, 25.20236720829109), (59.84999999692947, 25.285202583169056), (59.66999999693871, 25.322956789655205), (59.489999996947944, 25.32020917894058), (59.30999999695718, 25.291477990356775), (59.12999999696641, 25.283273925207112), (58.94999999697565, 25.28365674927494), (58.769999996984886, 25.288715842019325), (58.589999996994116, 25.291536140848095), (58.409999997003354, 25.282348363220347), (58.22999999701258, 25.281606944456083), (58.049999997021835, 25.294467894785218), (57.86999999703106, 25.336840219456626), (57.689999997040296, 25.40659173378876), (57.509999997049526, 25.500756762724567), (57.32077345243681, 25.636271636859497), (57.15253729977119, 25.822021429532953), (56.98470555439985, 26.028796147774734), (56.80977416267944, 26.23070538797591), (56.62172190555441, 26.396683351485006), (56.420458914083625, 26.495375910131088), (56.21756030788431, 26.50168205190961), (56.04328495943412, 26.40494970814621), (55.95487938423123, 26.21882596213852), (56.04616675681281, 25.992761639275923)

Record time: 2024-01-23T23:47:29Z
Event time: 2024-01-27T17:25:33.200Z
Status: Underway
Travel distance: 1024.792656587473
Num waypoints: 90
Waypoints: (71.55, 19.88041547742876), (71.37000000000005, 20.083390971499906), (71.19000000000004, 20.26945039953989), (71.01000000000002, 20.424350415448057), (70.83000000000001, 20.548923187997893), (70.65000000000002, 20.653091261518128), (70.47000000000003, 20.750865644464575), (70.29000000000005, 20.85632712588261), (70.11000000000007, 20.98059081976042), (69.92999999641236, 21.129753936188823), (69.74999999642156, 21.312162335694882), (69.56999999643081, 21.50365674946888), (69.38999999644003, 21.709053976541398), (69.20999999644928, 21.8898002411707), (69.02999999645851, 22.04597792321949), (68.84999999646773, 22.172072417761406), (68.66999999647699, 22.289924080159455), (68.48538672417524, 22.372197333621376), (68.31634324592304, 22.4261076849445), (68.13801022668329, 22.46926504124865), (67.94871583983073, 22.50007995577123), (67.75718265906251, 22.560566158487205), (67.57389231043818, 22.6620339199573), (67.40596822914378, 22.800577465514877), (67.25493686557635, 22.94173778318161), (67.11672768534385, 23.116063264394906), (66.98327230777633, 23.27224579231797), (66.84506312754381, 23.42846224136097), (66.6940317639764, 23.57411953035606), (66.526107682682, 23.711403148601804), (66.34281733405767, 23.840284020852565), (66.15128415328947, 23.972111184663273), (65.96198976643689, 24.08501036355101), (65.78365674719713, 24.157107281032836), (65.61461326894494, 24.1954090713122), (65.42999999664319, 24.220748147902633), (65.24999999665243, 24.25962659722087), (65.06999999666169, 24.34725454175804), (64.8899999966709, 24.456281867099065), (64.70999999668014, 24.570634808269666), (64.52999999668937, 24.668099877587593), (64.34999999669861, 24.746525506874185), (64.16999999670784, 24.77142360890548), (63.98999999671708, 24.770914792106474), (63.80999999672631, 24.757758243446496), (63.62999999673554, 24.747887197545808), (63.449999996744786, 24.735646519124032), (63.269999996754, 24.748270021613628), (63.089999996763254, 24.754613271041222), (62.909999996772484, 24.749999998730246), (62.72999999678173, 24.749999998730246), (62.54999999679096, 24.749999998730246), (62.3699999968002, 24.749999998730246), (62.189999996809426, 24.749999998730246), (62.009999996818664, 24.74538672641927), (61.829999996827894, 24.75172997584686), (61.64999999683714, 24.759740206025473), (61.469999996846376, 24.763069321653244), (61.289999996855585, 24.743908734765014), (61.10999999686484, 24.71979081849219), (60.92999999687408, 24.71704320777756), (60.7499999968833, 24.754797414263713), (60.569999996892555, 24.83763278914168), (60.389999996901764, 24.95493686774651), (60.209999996911016, 25.08506312968626), (60.029999996920246, 25.20236720829109), (59.84999999692947, 25.285202583169056), (59.66999999693871, 25.322956789655205), (59.489999996947944, 25.32020917894058), (59.30999999695718, 25.291477990356775), (59.12999999696641, 25.283273925207112), (58.94999999697565, 25.28365674927494), (58.769999996984886, 25.288715842019325), (58.589999996994116, 25.291536140848095), (58.409999997003354, 25.282348363220347), (58.22999999701258, 25.281606944456083), (58.049999997021835, 25.294467894785218), (57.86999999703106, 25.336840219456626), (57.689999997040296, 25.40659173378876), (57.509999997049526, 25.500756762724567), (57.32077345243681, 25.636271636859497), (57.15253729977119, 25.822021429532953), (56.98470555439985, 26.028796147774734), (56.80977416267944, 26.23070538797591), (56.62172190555441, 26.396683351485006), (56.420458914083625, 26.495375910131088), (56.21756030788431, 26.50168205190961), (56.04328495943412, 26.40494970814621), (55.95487938423123, 26.21882596213852), (56.04616675681281, 25.992761639275923)

Record time: 2024-01-24T00:21:35Z
Event time: 2024-01-27T16:38:19.888Z
Status: Underway
Travel distance: 1016.3979481641469
Num waypoints: 89
Waypoints: (71.36999999999999, 19.88394433118369), (71.19, 20.075478011233628), (71.00999999999999, 20.264712984740395), (70.83, 20.436302588137398), (70.64999999999999, 20.58795736609601), (70.47, 20.725389855480365), (70.29, 20.85808462169141), (70.11000000000001, 20.99589354740025), (69.93000000000002, 21.14645637367077), (69.74999999642156, 21.313446492378084), (69.56999999643081, 21.495646519290265), (69.38999999644003, 21.702710727113807), (69.20999999644928, 21.894413513481677), (69.02999999645851, 22.04597792321949), (68.84999999646773, 22.172072417761406), (68.66999999647699, 22.289924080159455), (68.48538672417524, 22.372197333621376), (68.31634324592304, 22.4261076849445), (68.13801022668329, 22.46926504124865), (67.94871583983073, 22.50007995577123), (67.75718265906251, 22.560566158487205), (67.57389231043818, 22.6620339199573), (67.40596822914378, 22.800577465514877), (67.25493686557635, 22.94173778318161), (67.11672768534385, 23.116063264394906), (66.98327230777633, 23.27224579231797), (66.84506312754381, 23.42846224136097), (66.6940317639764, 23.57411953035606), (66.526107682682, 23.711403148601804), (66.34281733405767, 23.840284020852565), (66.15128415328947, 23.972111184663273), (65.96198976643689, 24.08501036355101), (65.78365674719713, 24.157107281032836), (65.61461326894494, 24.1954090713122), (65.42999999664319, 24.220748147902633), (65.24999999665243, 24.25962659722087), (65.06999999666169, 24.34725454175804), (64.8899999966709, 24.456281867099065), (64.70999999668014, 24.570634808269666), (64.52999999668937, 24.668099877587593), (64.34999999669861, 24.746525506874185), (64.16999999670784, 24.77142360890548), (63.98999999671708, 24.770914792106474), (63.80999999672631, 24.757758243446496), (63.62999999673554, 24.747887197545808), (63.449999996744786, 24.735646519124032), (63.269999996754, 24.748270021613628), (63.089999996763254, 24.754613271041222), (62.909999996772484, 24.749999998730246), (62.72999999678173, 24.749999998730246), (62.54999999679096, 24.749999998730246), (62.3699999968002, 24.749999998730246), (62.189999996809426, 24.749999998730246), (62.009999996818664, 24.74538672641927), (61.829999996827894, 24.75172997584686), (61.64999999683714, 24.759740206025473), (61.469999996846376, 24.763069321653244), (61.289999996855585, 24.743908734765014), (61.10999999686484, 24.71979081849219), (60.92999999687408, 24.71704320777756), (60.7499999968833, 24.754797414263713), (60.569999996892555, 24.83763278914168), (60.389999996901764, 24.95493686774651), (60.209999996911016, 25.08506312968626), (60.029999996920246, 25.20236720829109), (59.84999999692947, 25.285202583169056), (59.66999999693871, 25.322956789655205), (59.489999996947944, 25.32020917894058), (59.30999999695718, 25.291477990356775), (59.12999999696641, 25.283273925207112), (58.94999999697565, 25.28365674927494), (58.769999996984886, 25.288715842019325), (58.589999996994116, 25.291536140848095), (58.409999997003354, 25.282348363220347), (58.22999999701258, 25.281606944456083), (58.049999997021835, 25.294467894785218), (57.86999999703106, 25.336840219456626), (57.689999997040296, 25.40659173378876), (57.509999997049526, 25.500756762724567), (57.32077345243681, 25.636271636859497), (57.15253729977119, 25.822021429532953), (56.98470555439985, 26.028796147774734), (56.80977416267944, 26.23070538797591), (56.62172190555441, 26.396683351485006), (56.420458914083625, 26.495375910131088), (56.21756030788431, 26.50168205190961), (56.04328495943412, 26.40494970814621), (55.95487938423123, 26.21882596213852), (56.04616675681281, 25.992761639275923)

Record time: 2024-01-24T02:34:54Z
Event time: 2024-01-27T17:08:55.444Z
Status: Underway
Travel distance: 993.9681425485961
Num waypoints: 87
Waypoints: (71.01000000000002, 20.066568504264602), (70.83, 20.254512918660293), (70.64999999999999, 20.43436868782046), (70.46999999999998, 20.609912069408576), (70.28999999999999, 20.785108310184892), (70.11, 20.963089651121518), (69.93, 21.14542941543582), (69.75000000000001, 21.331712179542095), (69.57000000000002, 21.519400026921534), (69.38999999644003, 21.70399488379701), (69.20999999644928, 21.88640328330306), (69.02999999645851, 22.039634673791895), (68.84999999646773, 22.176685690072382), (68.66999999647699, 22.289924080159455), (68.48538672417524, 22.372197333621376), (68.31634324592304, 22.4261076849445), (68.13801022668329, 22.46926504124865), (67.94871583983073, 22.50007995577123), (67.75718265906251, 22.560566158487205), (67.57389231043818, 22.6620339199573), (67.40596822914378, 22.800577465514877), (67.25493686557635, 22.94173778318161), (67.11672768534385, 23.116063264394906), (66.98327230777633, 23.27224579231797), (66.84506312754381, 23.42846224136097), (66.6940317639764, 23.57411953035606), (66.526107682682, 23.711403148601804), (66.34281733405767, 23.840284020852565), (66.15128415328947, 23.972111184663273), (65.96198976643689, 24.08501036355101), (65.78365674719713, 24.157107281032836), (65.61461326894494, 24.1954090713122), (65.42999999664319, 24.220748147902633), (65.24999999665243, 24.25962659722087), (65.06999999666169, 24.34725454175804), (64.8899999966709, 24.456281867099065), (64.70999999668014, 24.570634808269666), (64.52999999668937, 24.668099877587593), (64.34999999669861, 24.746525506874185), (64.16999999670784, 24.77142360890548), (63.98999999671708, 24.770914792106474), (63.80999999672631, 24.757758243446496), (63.62999999673554, 24.747887197545808), (63.449999996744786, 24.735646519124032), (63.269999996754, 24.748270021613628), (63.089999996763254, 24.754613271041222), (62.909999996772484, 24.749999998730246), (62.72999999678173, 24.749999998730246), (62.54999999679096, 24.749999998730246), (62.3699999968002, 24.749999998730246), (62.189999996809426, 24.749999998730246), (62.009999996818664, 24.74538672641927), (61.829999996827894, 24.75172997584686), (61.64999999683714, 24.759740206025473), (61.469999996846376, 24.763069321653244), (61.289999996855585, 24.743908734765014), (61.10999999686484, 24.71979081849219), (60.92999999687408, 24.71704320777756), (60.7499999968833, 24.754797414263713), (60.569999996892555, 24.83763278914168), (60.389999996901764, 24.95493686774651), (60.209999996911016, 25.08506312968626), (60.029999996920246, 25.20236720829109), (59.84999999692947, 25.285202583169056), (59.66999999693871, 25.322956789655205), (59.489999996947944, 25.32020917894058), (59.30999999695718, 25.291477990356775), (59.12999999696641, 25.283273925207112), (58.94999999697565, 25.28365674927494), (58.769999996984886, 25.288715842019325), (58.589999996994116, 25.291536140848095), (58.409999997003354, 25.282348363220347), (58.22999999701258, 25.281606944456083), (58.049999997021835, 25.294467894785218), (57.86999999703106, 25.336840219456626), (57.689999997040296, 25.40659173378876), (57.509999997049526, 25.500756762724567), (57.32077345243681, 25.636271636859497), (57.15253729977119, 25.822021429532953), (56.98470555439985, 26.028796147774734), (56.80977416267944, 26.23070538797591), (56.62172190555441, 26.396683351485006), (56.420458914083625, 26.495375910131088), (56.21756030788431, 26.50168205190961), (56.04328495943412, 26.40494970814621), (55.95487938423123, 26.21882596213852), (56.04616675681281, 25.992761639275923)

Record time: 2024-01-24T03:21:15Z
Event time: 2024-01-27T17:42:07.500Z
Status: Underway
Travel distance: 990.7575593952483
Num waypoints: 88
Waypoints: (70.8399245267318, 20.06374961514457), (70.62925325566881, 20.269692282088613), (70.46523277573148, 20.431760843867394), (70.3041248865013, 20.556435996524677), (70.12806108738481, 20.657367907096273), (69.93627106058565, 20.750917040100838), (69.7376820519096, 20.85258323278553), (69.54488914940224, 20.97432301912653), (69.36949645981964, 21.122755202584482), (69.21882917938059, 21.298254676522088), (69.09269591784444, 21.50308009043001), (68.98820917670028, 21.707430608658857), (68.891790816226, 21.88796850069428), (68.78730407508179, 22.06975662829297), (68.6611708135457, 22.218583119064714), (68.50223582903371, 22.347260464595873), (68.33373508870045, 22.430139452342328), (68.14281733396533, 22.48537272734286), (67.94365674708634, 22.512897293231877), (67.75378570119487, 22.561850315170403), (67.5675490610106, 22.654023689778686), (67.41058150145477, 22.794234216087283), (67.25493686557635, 22.946351055492585), (67.11672768534385, 23.116063264394906), (66.98327230777633, 23.27224579231797), (66.84506312754381, 23.42846224136097), (66.6940317639764, 23.57411953035606), (66.526107682682, 23.711403148601804), (66.34281733405767, 23.840284020852565), (66.15128415328947, 23.972111184663273), (65.96198976643689, 24.08501036355101), (65.78365674719713, 24.157107281032836), (65.61461326894494, 24.1954090713122), (65.42999999664319, 24.220748147902633), (65.24999999665243, 24.25962659722087), (65.06999999666169, 24.34725454175804), (64.8899999966709, 24.456281867099065), (64.70999999668014, 24.570634808269666), (64.52999999668937, 24.668099877587593), (64.34999999669861, 24.746525506874185), (64.16999999670784, 24.77142360890548), (63.98999999671708, 24.770914792106474), (63.80999999672631, 24.757758243446496), (63.62999999673554, 24.747887197545808), (63.449999996744786, 24.735646519124032), (63.269999996754, 24.748270021613628), (63.089999996763254, 24.754613271041222), (62.909999996772484, 24.749999998730246), (62.72999999678173, 24.749999998730246), (62.54999999679096, 24.749999998730246), (62.3699999968002, 24.749999998730246), (62.189999996809426, 24.749999998730246), (62.009999996818664, 24.74538672641927), (61.829999996827894, 24.75172997584686), (61.64999999683714, 24.759740206025473), (61.469999996846376, 24.763069321653244), (61.289999996855585, 24.743908734765014), (61.10999999686484, 24.71979081849219), (60.92999999687408, 24.71704320777756), (60.7499999968833, 24.754797414263713), (60.569999996892555, 24.83763278914168), (60.389999996901764, 24.95493686774651), (60.209999996911016, 25.08506312968626), (60.029999996920246, 25.20236720829109), (59.84999999692947, 25.285202583169056), (59.66999999693871, 25.322956789655205), (59.489999996947944, 25.32020917894058), (59.30999999695718, 25.291477990356775), (59.12999999696641, 25.283273925207112), (58.94999999697565, 25.28365674927494), (58.769999996984886, 25.288715842019325), (58.589999996994116, 25.291536140848095), (58.409999997003354, 25.282348363220347), (58.22999999701258, 25.281606944456083), (58.049999997021835, 25.294467894785218), (57.86999999703106, 25.336840219456626), (57.689999997040296, 25.40659173378876), (57.509999997049526, 25.500756762724567), (57.32077345243681, 25.636271636859497), (57.15253729977119, 25.822021429532953), (56.98470555439985, 26.028796147774734), (56.80977416267944, 26.23070538797591), (56.62172190555441, 26.396683351485006), (56.420458914083625, 26.495375910131088), (56.21756030788431, 26.50168205190961), (56.04328495943412, 26.40494970814621), (55.95487938423123, 26.21882596213852), (56.04616675681281, 25.992761639275923)

Record time: 2024-02-01T13:48:57Z
Event time: 2024-02-01T21:41:02.500Z
Status: Underway
Travel distance: 110.90712742980561
Num waypoints: 26
Waypoints: (56.6184038839917, 25.626989617193313), (56.65800799849497, 25.688491913897444), (56.67955167413697, 25.763178874791393), (56.690878695041654, 25.838273728041166), (56.69713242229659, 25.909046944217845), (56.701157748058726, 25.97576433445841), (56.70390644167802, 26.041152154972014), (56.70484588783885, 26.108379217891606), (56.70237121671914, 26.179556008471014), (56.69422082325867, 26.254750807280427), (56.683797906431195, 26.330381126692416), (56.65420632029091, 26.40759281075543), (56.6120058503154, 26.470332840717717), (56.55669146274771, 26.511063818200974), (56.48810674787951, 26.527529612707852), (56.42454787267482, 26.521262583548584), (56.35474014695487, 26.496588394458662), (56.27798934063656, 26.462974250363594), (56.2005028233302, 26.420168776278537), (56.12594603288787, 26.370432816112334), (56.058937938154855, 26.315022602928096), (56.005132073396574, 26.254370703099408), (55.97127062213742, 26.18854666651377), (55.96521155330295, 26.117997384182836), (55.99592880966533, 26.044567153259294), (56.07348554859199, 25.972797449460426)

Record time: 2024-02-01T14:34:44Z
Event time: 2024-02-01T22:05:49Z
Status: Underway
Travel distance: 102.20788336933046
Num waypoints: 24
Waypoints: (56.69762415066398, 25.75922850743483), (56.70082772300312, 25.84249680612119), (56.69767126202195, 25.909256644810796), (56.6959281417786, 25.971486916423608), (56.69761943952822, 26.036270691851893), (56.701035012978004, 26.106633022805777), (56.70244364258006, 26.18235895404041), (56.69749223886182, 26.26079174496468), (56.68229411479423, 26.337611300631604), (56.65420632029091, 26.40759281075543), (56.6120058503154, 26.470332840717717), (56.55669146274771, 26.511063818200974), (56.48810674787951, 26.527529612707852), (56.42454787267482, 26.521262583548584), (56.35474014695487, 26.496588394458662), (56.27798934063656, 26.462974250363594), (56.2005028233302, 26.420168776278537), (56.12594603288787, 26.370432816112334), (56.058937938154855, 26.315022602928096), (56.005132073396574, 26.254370703099408), (55.97127062213742, 26.18854666651377), (55.96521155330295, 26.117997384182836), (55.99592880966533, 26.044567153259294), (56.07348554859199, 25.972797449460426)

Record time: 2024-02-01T16:32:45Z
Event time: 2024-02-01T22:22:41.333Z
Status: Underway
Travel distance: 77.43088552915766
Num waypoints: 18
Waypoints: (56.76380932703858, 26.190662503516375), (56.713082957578756, 26.238351611121224), (56.68059339477293, 26.3245947281876), (56.64854196759585, 26.41088025372198), (56.60815654120129, 26.477017407371214), (56.556714079101006, 26.515626028307164), (56.49511440823143, 26.52746983141931), (56.42600518690811, 26.517633120815326), (56.352458075882254, 26.492540960730334), (56.28225273029754, 26.454482079194204), (56.20439649997152, 26.412390285155126), (56.1271621397842, 26.367983786288182), (56.05673537081749, 26.319396972366434), (56.0009837898454, 26.262640910139375), (55.96844868606028, 26.194185547728164), (55.96684689989077, 26.11474820443336), (56.00108272369718, 26.034288345854616), (56.0707698443445, 25.978208644322265)

Record time: 2024-02-01T18:32:17Z
Event time: 2024-02-01T22:46:49.333Z
Status: Underway
Travel distance: 59.75053995680346
Num waypoints: 14
Waypoints: (56.62603481834167, 26.601424520979734), (56.566072206760936, 26.54471823735328), (56.4846384126069, 26.529670480525013), (56.41148969433711, 26.515227513923346), (56.34841809552815, 26.48916393511078), (56.2859382878538, 26.453351713836284), (56.215206744931706, 26.41314756367207), (56.13708273781427, 26.377082967528384), (56.05990286837563, 26.324484406858293), (55.994434553358346, 26.25889422469038), (55.95844668121216, 26.1855637886576), (55.965723969376796, 26.112395539477564), (56.013522658955516, 26.044290703209604), (56.06580032087287, 25.974570819356572)

Record time: 2024-02-01T19:32:38Z
Event time: 2024-02-01T23:01:51.750Z
Status: Underway
Travel distance: 49.375269978401725
Num waypoints: 10
Waypoints: (56.348434765700944, 26.60443407234539), (56.2784367100914, 26.534422403733956), (56.208438654481824, 26.46441073512252), (56.13844059887225, 26.394399066511085), (56.06844254326268, 26.32438739789965), (55.99844448765313, 26.254375729288213), (55.92844643204356, 26.184364060676778), (55.99844448765313, 26.114352392065342), (55.99844448765313, 26.044340723453907), (56.06844254326268, 25.97432905484247)

Record time: 2024-02-01T22:32:50Z
Event time: 2024-02-01T23:08:51.333Z
Status: Underway
Travel distance: 11.303995680345572
Num waypoints: 3
Waypoints: (55.92844643204356, 26.114352392065342), (55.99844448765313, 26.044340723453907), (56.06844254326268, 25.97432905484247)

Record time: 2024-02-01T23:12:00Z
Event time: 2024-02-01T23:45:43.333Z
Status: Underway
Travel distance: 16.986501079913605
Num waypoints: 5
Waypoints: (55.78845032082444, 26.044340723453907), (55.858448376433984, 26.044340723453907), (55.92844643204356, 26.044340723453907), (55.99844448765313, 25.97432905484247), (56.06844254326268, 25.97432905484247)

Record time: 2024-02-01T23:24:52Z
Event time: 2024-02-02T00:14:44Z
Status: Underway
Travel distance: 16.986501079913605
Num waypoints: 5
Waypoints: (55.78845032082444, 26.044340723453907), (55.858448376433984, 26.044340723453907), (55.92844643204356, 26.044340723453907), (55.99844448765313, 25.97432905484247), (56.06844254326268, 25.97432905484247)

Record time: 2024-02-04T19:23:19Z
Event time: 2024-02-04T19:23:19Z
Status: Arrived
Travel distance: N/A
Num waypoints: 0
Waypoints: 

