Record time: 2023-10-13T06:10:03Z
Event time: 2023-10-15T12:43:05.200Z
Status: Underway
Travel distance: 658.3493520518358
Num waypoints: 63
Waypoints: (66.86999999999998, 24.583824838776774), (66.68999999999998, 24.54248013313916), (66.50999999999998, 24.554453260563626), (66.32999999999996, 24.593786854954164), (66.14999999999995, 24.642240605000055), (65.96999999999996, 24.687956215812722), (65.78999999999996, 24.724216865110932), (65.60999999999999, 24.74830115395441), (65.43, 24.760431552025853), (65.24999999665243, 24.762817336190885), (65.06999999666169, 24.751284155413444), (64.8899999966709, 24.741989768551626), (64.70999999668014, 24.74365674930265), (64.52999999668937, 24.754613271041222), (64.34999999669861, 24.749999998730246), (64.16999999670784, 24.749999998730246), (63.98999999671708, 24.749999998730246), (63.80999999672631, 24.749999998730246), (63.62999999673554, 24.749999998730246), (63.449999996744786, 24.749999998730246), (63.269999996754, 24.749999998730246), (63.089999996763254, 24.749999998730246), (62.909999996772484, 24.749999998730246), (62.72999999678173, 24.749999998730246), (62.54999999679096, 24.749999998730246), (62.3699999968002, 24.749999998730246), (62.189999996809426, 24.749999998730246), (62.009999996818664, 24.74538672641927), (61.829999996827894, 24.75172997584686), (61.64999999683714, 24.759740206025473), (61.469999996846376, 24.763069321653244), (61.289999996855585, 24.743908734765014), (61.10999999686484, 24.71979081849219), (60.92999999687408, 24.71704320777756), (60.7499999968833, 24.754797414263713), (60.569999996892555, 24.83763278914168), (60.389999996901764, 24.95493686774651), (60.209999996911016, 25.08506312968626), (60.029999996920246, 25.20236720829109), (59.84999999692947, 25.285202583169056), (59.66999999693871, 25.322956789655205), (59.489999996947944, 25.32020917894058), (59.30999999695718, 25.291477990356775), (59.12999999696641, 25.283273925207112), (58.94999999697565, 25.28365674927494), (58.769999996984886, 25.288715842019325), (58.589999996994116, 25.291536140848095), (58.409999997003354, 25.282348363220347), (58.22999999701258, 25.281606944456083), (58.049999997021835, 25.294467894785218), (57.86999999703106, 25.336840219456626), (57.689999997040296, 25.40659173378876), (57.509999997049526, 25.500756762724567), (57.32077345243681, 25.636271636859497), (57.15253729977119, 25.822021429532953), (56.98470555439985, 26.028796147774734), (56.80977416267944, 26.23070538797591), (56.62172190555441, 26.396683351485006), (56.420458914083625, 26.495375910131088), (56.21756030788431, 26.50168205190961), (56.04328495943412, 26.40494970814621), (55.95487938423123, 26.21882596213852), (56.04616675681281, 25.992761639275923)

Record time: 2023-10-13T06:33:32Z
Event time: 2023-10-15T12:10:28.571Z
Status: Underway
Travel distance: 658.3493520518358
Num waypoints: 63
Waypoints: (66.86999999999998, 24.583824838776774), (66.68999999999998, 24.54248013313916), (66.50999999999998, 24.554453260563626), (66.32999999999996, 24.593786854954164), (66.14999999999995, 24.642240605000055), (65.96999999999996, 24.687956215812722), (65.78999999999996, 24.724216865110932), (65.60999999999999, 24.74830115395441), (65.43, 24.760431552025853), (65.24999999665243, 24.762817336190885), (65.06999999666169, 24.751284155413444), (64.8899999966709, 24.741989768551626), (64.70999999668014, 24.74365674930265), (64.52999999668937, 24.754613271041222), (64.34999999669861, 24.749999998730246), (64.16999999670784, 24.749999998730246), (63.98999999671708, 24.749999998730246), (63.80999999672631, 24.749999998730246), (63.62999999673554, 24.749999998730246), (63.449999996744786, 24.749999998730246), (63.269999996754, 24.749999998730246), (63.089999996763254, 24.749999998730246), (62.909999996772484, 24.749999998730246), (62.72999999678173, 24.749999998730246), (62.54999999679096, 24.749999998730246), (62.3699999968002, 24.749999998730246), (62.189999996809426, 24.749999998730246), (62.009999996818664, 24.74538672641927), (61.829999996827894, 24.75172997584686), (61.64999999683714, 24.759740206025473), (61.469999996846376, 24.763069321653244), (61.289999996855585, 24.743908734765014), (61.10999999686484, 24.71979081849219), (60.92999999687408, 24.71704320777756), (60.7499999968833, 24.754797414263713), (60.569999996892555, 24.83763278914168), (60.389999996901764, 24.95493686774651), (60.209999996911016, 25.08506312968626), (60.029999996920246, 25.20236720829109), (59.84999999692947, 25.285202583169056), (59.66999999693871, 25.322956789655205), (59.489999996947944, 25.32020917894058), (59.30999999695718, 25.291477990356775), (59.12999999696641, 25.283273925207112), (58.94999999697565, 25.28365674927494), (58.769999996984886, 25.288715842019325), (58.589999996994116, 25.291536140848095), (58.409999997003354, 25.282348363220347), (58.22999999701258, 25.281606944456083), (58.049999997021835, 25.294467894785218), (57.86999999703106, 25.336840219456626), (57.689999997040296, 25.40659173378876), (57.509999997049526, 25.500756762724567), (57.32077345243681, 25.636271636859497), (57.15253729977119, 25.822021429532953), (56.98470555439985, 26.028796147774734), (56.80977416267944, 26.23070538797591), (56.62172190555441, 26.396683351485006), (56.420458914083625, 26.495375910131088), (56.21756030788431, 26.50168205190961), (56.04328495943412, 26.40494970814621), (55.95487938423123, 26.21882596213852), (56.04616675681281, 25.992761639275923)

Record time: 2023-10-13T07:22:23Z
Event time: 2023-10-15T11:27:41.400Z
Status: Underway
Travel distance: 648.8439524838013
Num waypoints: 62
Waypoints: (66.69, 24.579054295818594), (66.51, 24.540889952153112), (66.33, 24.575686853730467), (66.15, 24.635739570968806), (65.97000000000001, 24.693174414762783), (65.79000000000002, 24.734706200516406), (65.61000000000003, 24.757087972197414), (65.43000000000004, 24.763253686413208), (65.25000000000003, 24.759153856508295), (65.06999999666169, 24.751284155413444), (64.8899999966709, 24.741989768551626), (64.70999999668014, 24.74365674930265), (64.52999999668937, 24.754613271041222), (64.34999999669861, 24.749999998730246), (64.16999999670784, 24.749999998730246), (63.98999999671708, 24.749999998730246), (63.80999999672631, 24.749999998730246), (63.62999999673554, 24.749999998730246), (63.449999996744786, 24.749999998730246), (63.269999996754, 24.749999998730246), (63.089999996763254, 24.749999998730246), (62.909999996772484, 24.749999998730246), (62.72999999678173, 24.749999998730246), (62.54999999679096, 24.749999998730246), (62.3699999968002, 24.749999998730246), (62.189999996809426, 24.749999998730246), (62.009999996818664, 24.74538672641927), (61.829999996827894, 24.75172997584686), (61.64999999683714, 24.759740206025473), (61.469999996846376, 24.763069321653244), (61.289999996855585, 24.743908734765014), (61.10999999686484, 24.71979081849219), (60.92999999687408, 24.71704320777756), (60.7499999968833, 24.754797414263713), (60.569999996892555, 24.83763278914168), (60.389999996901764, 24.95493686774651), (60.209999996911016, 25.08506312968626), (60.029999996920246, 25.20236720829109), (59.84999999692947, 25.285202583169056), (59.66999999693871, 25.322956789655205), (59.489999996947944, 25.32020917894058), (59.30999999695718, 25.291477990356775), (59.12999999696641, 25.283273925207112), (58.94999999697565, 25.28365674927494), (58.769999996984886, 25.288715842019325), (58.589999996994116, 25.291536140848095), (58.409999997003354, 25.282348363220347), (58.22999999701258, 25.281606944456083), (58.049999997021835, 25.294467894785218), (57.86999999703106, 25.336840219456626), (57.689999997040296, 25.40659173378876), (57.509999997049526, 25.500756762724567), (57.32077345243681, 25.636271636859497), (57.15253729977119, 25.822021429532953), (56.98470555439985, 26.028796147774734), (56.80977416267944, 26.23070538797591), (56.62172190555441, 26.396683351485006), (56.420458914083625, 26.495375910131088), (56.21756030788431, 26.50168205190961), (56.04328495943412, 26.40494970814621), (55.95487938423123, 26.21882596213852), (56.04616675681281, 25.992761639275923)

Record time: 2023-10-13T08:54:11Z
Event time: 2023-10-15T12:08:37.363Z
Status: Underway
Travel distance: 629.360151187905
Num waypoints: 60
Waypoints: (66.32999999999998, 24.549476929477844), (66.15000000000002, 24.635982775119622), (65.97000000000001, 24.69784206365717), (65.79, 24.736642479717084), (65.61, 24.75636072394425), (65.42999999999999, 24.762176242978995), (65.25, 24.75949914707719), (65.07000000000002, 24.75321231537343), (64.89000000000003, 24.747127688787202), (64.70999999668014, 24.74365674930265), (64.52999999668937, 24.754613271041222), (64.34999999669861, 24.749999998730246), (64.16999999670784, 24.749999998730246), (63.98999999671708, 24.749999998730246), (63.80999999672631, 24.749999998730246), (63.62999999673554, 24.749999998730246), (63.449999996744786, 24.749999998730246), (63.269999996754, 24.749999998730246), (63.089999996763254, 24.749999998730246), (62.909999996772484, 24.749999998730246), (62.72999999678173, 24.749999998730246), (62.54999999679096, 24.749999998730246), (62.3699999968002, 24.749999998730246), (62.189999996809426, 24.749999998730246), (62.009999996818664, 24.74538672641927), (61.829999996827894, 24.75172997584686), (61.64999999683714, 24.759740206025473), (61.469999996846376, 24.763069321653244), (61.289999996855585, 24.743908734765014), (61.10999999686484, 24.71979081849219), (60.92999999687408, 24.71704320777756), (60.7499999968833, 24.754797414263713), (60.569999996892555, 24.83763278914168), (60.389999996901764, 24.95493686774651), (60.209999996911016, 25.08506312968626), (60.029999996920246, 25.20236720829109), (59.84999999692947, 25.285202583169056), (59.66999999693871, 25.322956789655205), (59.489999996947944, 25.32020917894058), (59.30999999695718, 25.291477990356775), (59.12999999696641, 25.283273925207112), (58.94999999697565, 25.28365674927494), (58.769999996984886, 25.288715842019325), (58.589999996994116, 25.291536140848095), (58.409999997003354, 25.282348363220347), (58.22999999701258, 25.281606944456083), (58.049999997021835, 25.294467894785218), (57.86999999703106, 25.336840219456626), (57.689999997040296, 25.40659173378876), (57.509999997049526, 25.500756762724567), (57.32077345243681, 25.636271636859497), (57.15253729977119, 25.822021429532953), (56.98470555439985, 26.028796147774734), (56.80977416267944, 26.23070538797591), (56.62172190555441, 26.396683351485006), (56.420458914083625, 26.495375910131088), (56.21756030788431, 26.50168205190961), (56.04328495943412, 26.40494970814621), (55.95487938423123, 26.21882596213852), (56.04616675681281, 25.992761639275923)

Record time: 2023-10-13T10:08:01Z
Event time: 2023-10-15T12:40:04.416Z
Status: Underway
Travel distance: 610.7354211663067
Num waypoints: 58
Waypoints: (65.97000000000003, 24.581916621593493), (65.79000000000003, 24.717560307884327), (65.61000000000003, 24.763357520282913), (65.43000000000002, 24.76621984605782), (65.25000000000001, 24.754770542958173), (65.07000000000002, 24.744139047222784), (64.89000000000003, 24.740112918660277), (64.71000000000005, 24.742647222800077), (64.53000000000006, 24.748731350114415), (64.34999999669861, 24.754613271041222), (64.16999999670784, 24.749999998730246), (63.98999999671708, 24.749999998730246), (63.80999999672631, 24.749999998730246), (63.62999999673554, 24.749999998730246), (63.449999996744786, 24.749999998730246), (63.269999996754, 24.749999998730246), (63.089999996763254, 24.749999998730246), (62.909999996772484, 24.749999998730246), (62.72999999678173, 24.749999998730246), (62.54999999679096, 24.749999998730246), (62.3699999968002, 24.749999998730246), (62.189999996809426, 24.749999998730246), (62.009999996818664, 24.74538672641927), (61.829999996827894, 24.75172997584686), (61.64999999683714, 24.759740206025473), (61.469999996846376, 24.763069321653244), (61.289999996855585, 24.743908734765014), (61.10999999686484, 24.71979081849219), (60.92999999687408, 24.71704320777756), (60.7499999968833, 24.754797414263713), (60.569999996892555, 24.83763278914168), (60.389999996901764, 24.95493686774651), (60.209999996911016, 25.08506312968626), (60.029999996920246, 25.20236720829109), (59.84999999692947, 25.285202583169056), (59.66999999693871, 25.322956789655205), (59.489999996947944, 25.32020917894058), (59.30999999695718, 25.291477990356775), (59.12999999696641, 25.283273925207112), (58.94999999697565, 25.28365674927494), (58.769999996984886, 25.288715842019325), (58.589999996994116, 25.291536140848095), (58.409999997003354, 25.282348363220347), (58.22999999701258, 25.281606944456083), (58.049999997021835, 25.294467894785218), (57.86999999703106, 25.336840219456626), (57.689999997040296, 25.40659173378876), (57.509999997049526, 25.500756762724567), (57.32077345243681, 25.636271636859497), (57.15253729977119, 25.822021429532953), (56.98470555439985, 26.028796147774734), (56.80977416267944, 26.23070538797591), (56.62172190555441, 26.396683351485006), (56.420458914083625, 26.495375910131088), (56.21756030788431, 26.50168205190961), (56.04328495943412, 26.40494970814621), (55.95487938423123, 26.21882596213852), (56.04616675681281, 25.992761639275923)

Record time: 2023-10-13T13:03:23Z
Event time: 2023-10-15T13:12:02.916Z
Status: Underway
Travel distance: 571.4649028077754
Num waypoints: 54
Waypoints: (65.25, 24.581916621593493), (65.07000000000001, 24.717560307884327), (64.89, 24.763357520282913), (64.71, 24.76621984605782), (64.53, 24.754770542958173), (64.35, 24.744139047222784), (64.17000000000002, 24.740112918660277), (63.99000000000002, 24.742647222800077), (63.810000000000045, 24.748731350114415), (63.62999999673554, 24.754613271041222), (63.449999996744786, 24.749999998730246), (63.269999996754, 24.749999998730246), (63.089999996763254, 24.749999998730246), (62.909999996772484, 24.749999998730246), (62.72999999678173, 24.749999998730246), (62.54999999679096, 24.749999998730246), (62.3699999968002, 24.749999998730246), (62.189999996809426, 24.749999998730246), (62.009999996818664, 24.74538672641927), (61.829999996827894, 24.75172997584686), (61.64999999683714, 24.759740206025473), (61.469999996846376, 24.763069321653244), (61.289999996855585, 24.743908734765014), (61.10999999686484, 24.71979081849219), (60.92999999687408, 24.71704320777756), (60.7499999968833, 24.754797414263713), (60.569999996892555, 24.83763278914168), (60.389999996901764, 24.95493686774651), (60.209999996911016, 25.08506312968626), (60.029999996920246, 25.20236720829109), (59.84999999692947, 25.285202583169056), (59.66999999693871, 25.322956789655205), (59.489999996947944, 25.32020917894058), (59.30999999695718, 25.291477990356775), (59.12999999696641, 25.283273925207112), (58.94999999697565, 25.28365674927494), (58.769999996984886, 25.288715842019325), (58.589999996994116, 25.291536140848095), (58.409999997003354, 25.282348363220347), (58.22999999701258, 25.281606944456083), (58.049999997021835, 25.294467894785218), (57.86999999703106, 25.336840219456626), (57.689999997040296, 25.40659173378876), (57.509999997049526, 25.500756762724567), (57.32077345243681, 25.636271636859497), (57.15253729977119, 25.822021429532953), (56.98470555439985, 26.028796147774734), (56.80977416267944, 26.23070538797591), (56.62172190555441, 26.396683351485006), (56.420458914083625, 26.495375910131088), (56.21756030788431, 26.50168205190961), (56.04328495943412, 26.40494970814621), (55.95487938423123, 26.21882596213852), (56.04616675681281, 25.992761639275923)

Record time: 2023-10-13T14:14:36Z
Event time: 2023-10-15T13:42:18.750Z
Status: Underway
Travel distance: 561.6474082073435
Num waypoints: 53
Waypoints: (65.07000000000001, 24.581916621593493), (64.89, 24.717560307884327), (64.71, 24.763357520282913), (64.53, 24.76621984605782), (64.35, 24.754770542958173), (64.17, 24.744139047222784), (63.99000000000001, 24.740112918660277), (63.81000000000002, 24.742647222800077), (63.63000000000002, 24.748731350114415), (63.449999996744786, 24.754613271041222), (63.269999996754, 24.749999998730246), (63.089999996763254, 24.749999998730246), (62.909999996772484, 24.749999998730246), (62.72999999678173, 24.749999998730246), (62.54999999679096, 24.749999998730246), (62.3699999968002, 24.749999998730246), (62.189999996809426, 24.749999998730246), (62.009999996818664, 24.74538672641927), (61.829999996827894, 24.75172997584686), (61.64999999683714, 24.759740206025473), (61.469999996846376, 24.763069321653244), (61.289999996855585, 24.743908734765014), (61.10999999686484, 24.71979081849219), (60.92999999687408, 24.71704320777756), (60.7499999968833, 24.754797414263713), (60.569999996892555, 24.83763278914168), (60.389999996901764, 24.95493686774651), (60.209999996911016, 25.08506312968626), (60.029999996920246, 25.20236720829109), (59.84999999692947, 25.285202583169056), (59.66999999693871, 25.322956789655205), (59.489999996947944, 25.32020917894058), (59.30999999695718, 25.291477990356775), (59.12999999696641, 25.283273925207112), (58.94999999697565, 25.28365674927494), (58.769999996984886, 25.288715842019325), (58.589999996994116, 25.291536140848095), (58.409999997003354, 25.282348363220347), (58.22999999701258, 25.281606944456083), (58.049999997021835, 25.294467894785218), (57.86999999703106, 25.336840219456626), (57.689999997040296, 25.40659173378876), (57.509999997049526, 25.500756762724567), (57.32077345243681, 25.636271636859497), (57.15253729977119, 25.822021429532953), (56.98470555439985, 26.028796147774734), (56.80977416267944, 26.23070538797591), (56.62172190555441, 26.396683351485006), (56.420458914083625, 26.495375910131088), (56.21756030788431, 26.50168205190961), (56.04328495943412, 26.40494970814621), (55.95487938423123, 26.21882596213852), (56.04616675681281, 25.992761639275923)

Record time: 2023-10-13T17:16:07Z
Event time: 2023-10-15T13:14:33.583Z
Status: Underway
Travel distance: 522.3768898488121
Num waypoints: 49
Waypoints: (64.35000000000001, 24.581916621593493), (64.17000000000002, 24.717560307884327), (63.99000000000001, 24.763357520282913), (63.81, 24.76621984605782), (63.629999999999995, 24.754770542958173), (63.45, 24.744139047222784), (63.27000000000001, 24.740112918660277), (63.09000000000002, 24.742647222800077), (62.910000000000025, 24.748731350114415), (62.72999999678173, 24.754613271041222), (62.54999999679096, 24.749999998730246), (62.3699999968002, 24.749999998730246), (62.189999996809426, 24.749999998730246), (62.009999996818664, 24.74538672641927), (61.829999996827894, 24.75172997584686), (61.64999999683714, 24.759740206025473), (61.469999996846376, 24.763069321653244), (61.289999996855585, 24.743908734765014), (61.10999999686484, 24.71979081849219), (60.92999999687408, 24.71704320777756), (60.7499999968833, 24.754797414263713), (60.569999996892555, 24.83763278914168), (60.389999996901764, 24.95493686774651), (60.209999996911016, 25.08506312968626), (60.029999996920246, 25.20236720829109), (59.84999999692947, 25.285202583169056), (59.66999999693871, 25.322956789655205), (59.489999996947944, 25.32020917894058), (59.30999999695718, 25.291477990356775), (59.12999999696641, 25.283273925207112), (58.94999999697565, 25.28365674927494), (58.769999996984886, 25.288715842019325), (58.589999996994116, 25.291536140848095), (58.409999997003354, 25.282348363220347), (58.22999999701258, 25.281606944456083), (58.049999997021835, 25.294467894785218), (57.86999999703106, 25.336840219456626), (57.689999997040296, 25.40659173378876), (57.509999997049526, 25.500756762724567), (57.32077345243681, 25.636271636859497), (57.15253729977119, 25.822021429532953), (56.98470555439985, 26.028796147774734), (56.80977416267944, 26.23070538797591), (56.62172190555441, 26.396683351485006), (56.420458914083625, 26.495375910131088), (56.21756030788431, 26.50168205190961), (56.04328495943412, 26.40494970814621), (55.95487938423123, 26.21882596213852), (56.04616675681281, 25.992761639275923)

Record time: 2023-10-13T18:27:51Z
Event time: 2023-10-15T12:39:25.900Z
Status: Underway
Travel distance: 502.74136069114473
Num waypoints: 47
Waypoints: (63.989999999999995, 24.581916621593493), (63.810000000000024, 24.717560307884327), (63.63000000000002, 24.763357520282913), (63.45, 24.76621984605782), (63.26999999999999, 24.754770542958173), (63.08999999999999, 24.744139047222784), (62.91, 24.740112918660277), (62.73000000000001, 24.742647222800077), (62.550000000000026, 24.748731350114415), (62.3699999968002, 24.754613271041222), (62.189999996809426, 24.749999998730246), (62.009999996818664, 24.74538672641927), (61.829999996827894, 24.75172997584686), (61.64999999683714, 24.759740206025473), (61.469999996846376, 24.763069321653244), (61.289999996855585, 24.743908734765014), (61.10999999686484, 24.71979081849219), (60.92999999687408, 24.71704320777756), (60.7499999968833, 24.754797414263713), (60.569999996892555, 24.83763278914168), (60.389999996901764, 24.95493686774651), (60.209999996911016, 25.08506312968626), (60.029999996920246, 25.20236720829109), (59.84999999692947, 25.285202583169056), (59.66999999693871, 25.322956789655205), (59.489999996947944, 25.32020917894058), (59.30999999695718, 25.291477990356775), (59.12999999696641, 25.283273925207112), (58.94999999697565, 25.28365674927494), (58.769999996984886, 25.288715842019325), (58.589999996994116, 25.291536140848095), (58.409999997003354, 25.282348363220347), (58.22999999701258, 25.281606944456083), (58.049999997021835, 25.294467894785218), (57.86999999703106, 25.336840219456626), (57.689999997040296, 25.40659173378876), (57.509999997049526, 25.500756762724567), (57.32077345243681, 25.636271636859497), (57.15253729977119, 25.822021429532953), (56.98470555439985, 26.028796147774734), (56.80977416267944, 26.23070538797591), (56.62172190555441, 26.396683351485006), (56.420458914083625, 26.495375910131088), (56.21756030788431, 26.50168205190961), (56.04328495943412, 26.40494970814621), (55.95487938423123, 26.21882596213852), (56.04616675681281, 25.992761639275923)

Record time: 2023-10-13T21:35:12Z
Event time: 2023-10-15T12:32:07.375Z
Status: Underway
Travel distance: 476.7672786177106
Num waypoints: 114
Waypoints: (63.34824032665758, 24.570748172334234), (63.27824227104802, 24.657154057955626), (63.208244215438455, 24.69902745388567), (63.138246159828896, 24.715232332078916), (63.068248104219336, 24.718448567445517), (62.998250048609776, 24.716575375418817), (62.92825199300022, 24.71396813136424), (62.85825393739065, 24.712508571829442), (62.78825588178109, 24.712508377635785), (62.71825782295384, 24.7134461375432), (62.64825976734785, 24.715913367970114), (62.578261711741874, 24.714119018568724), (62.5082636561359, 24.71232466916733), (62.43826560052994, 24.716586248995633), (62.36826754492397, 24.71723462735076), (62.29826948931799, 24.71361954105678), (62.22827143371201, 24.709133667553303), (62.15827337810604, 24.707853874230253), (62.08827532250007, 24.71255084766331), (62.018277266894074, 24.72381830640439), (61.94827921128813, 24.73827865158031), (61.878281155682146, 24.75884958578911), (61.80828310007616, 24.780014238549843), (61.738285044470175, 24.78831498935207), (61.668286988864196, 24.783116653586276), (61.598288933258225, 24.780332773265002), (61.52829087765227, 24.77811810882526), (61.45829282204629, 24.789319598838354), (61.38829476644031, 24.817914215191827), (61.318296710834325, 24.854082041518815), (61.24829865522835, 24.880774873685304), (61.17830059962238, 24.910683210136224), (61.1083025440164, 24.945024645108223), (61.03830448841043, 24.989962542616585), (60.968306432804454, 25.037354476806268), (60.898308377198454, 25.075948067502576), (60.82831032159251, 25.09555774310349), (60.758312265986525, 25.098752514359113), (60.68831421038055, 25.067720824711525), (60.618316154774575, 25.011500389895676), (60.548318099168604, 24.956271370820506), (60.47832004356263, 24.918933070776855), (60.408321987956654, 24.904184348018575), (60.338323932350676, 24.921430458336566), (60.268325876744704, 24.947738787059905), (60.198327821138726, 24.97576230271104), (60.12832976553274, 24.991370503754023), (60.05833170992677, 24.9959072674191), (59.9883336543208, 24.993651136921763), (59.918335598714826, 24.991091550275662), (59.848337543108855, 24.99376988063215), (59.778339487502876, 25.004537861861294), (59.7083414318969, 25.022735806683173), (59.638343376290926, 25.03764850885103), (59.56834532068494, 25.042728100906437), (59.49834726507898, 25.05292686625405), (59.428349209473, 25.072308478538194), (59.35835115386701, 25.101453462565196), (59.288353098261055, 25.14685502599031), (59.21835504265506, 25.194501410987957), (59.14835698704909, 25.237160560149384), (59.07835893144311, 25.269155393225653), (59.008360875837134, 25.278971539950906), (58.938362820231184, 25.286861399818786), (58.868364764625184, 25.289396483794494), (58.79836670901922, 25.292789161234097), (58.728368653413256, 25.31196344323027), (58.65837059780727, 25.330702331621687), (58.5883725422013, 25.34372455852737), (58.51837448659532, 25.355875998223553), (58.44837643098934, 25.37448106433818), (58.37837837538336, 25.3898291601108), (58.3083803197774, 25.407429616739147), (58.23838226417141, 25.423778552356442), (58.168384208565456, 25.459665540384258), (58.09838615295947, 25.488812409232064), (58.02838809735349, 25.52333855664244), (57.958390041747506, 25.55739349885288), (57.88839198614154, 25.592096819418437), (57.81839393053556, 25.617219595858707), (57.74839587492958, 25.61759090555627), (57.678397819323614, 25.603554645060296), (57.60839976371764, 25.58137972835088), (57.53840170811167, 25.558594129702335), (57.468403652505685, 25.55317526990296), (57.398405596899714, 25.57383856033095), (57.32840754129375, 25.62183929163897), (57.25661548517795, 25.68886728892076), (57.189084180272964, 25.766435204114927), (57.122201127653035, 25.839296721772037), (57.053497692162864, 25.90373686009573), (56.97425450367756, 25.940669923667425), (56.89913827014654, 25.975001934535417), (56.82871998122786, 26.009982323758546), (56.76978932582578, 26.05179895802248), (56.727519131040545, 26.104524935075535), (56.70185851660558, 26.16735732125701), (56.687159772932766, 26.24926597875307), (56.67404397088626, 26.33299725796251), (56.652510311405585, 26.413175649964376), (56.615294223098616, 26.47100572174324), (56.56047921592493, 26.50926946879958), (56.488779498070684, 26.527529612707852), (56.422753872165, 26.521262583548584), (56.35474014695487, 26.496588394458662), (56.27798934063656, 26.462974250363594), (56.2005028233302, 26.420168776278537), (56.12594603288787, 26.370432816112334), (56.058937938154855, 26.315022602928096), (56.005132073396574, 26.254370703099408), (55.97127062213742, 26.18854666651377), (55.96521155330295, 26.117997384182836), (55.99592880966533, 26.044567153259294), (56.07348554859199, 25.972797449460426)

Record time: 2023-10-13T22:52:47Z
Event time: 2023-10-15T12:01:48.222Z
Status: Underway
Travel distance: 457.8741900647948
Num waypoints: 109
Waypoints: (62.99825004860973, 24.568044414031583), (62.9282519930002, 24.66208444074291), (62.85825393739065, 24.700917723531155), (62.78825588178109, 24.71276242863331), (62.71825782617152, 24.714288425245524), (62.64825977056195, 24.713908559603837), (62.57826171495238, 24.714589676725133), (62.50826365934282, 24.71618338980826), (62.43826560373326, 24.717276597295342), (62.36826754492397, 24.716561746325237), (62.29826948931799, 24.715413890458173), (62.22827143371201, 24.709133667553303), (62.15827337810604, 24.707853874230253), (62.08827532250007, 24.71255084766331), (62.018277266894074, 24.72381830640439), (61.94827921128813, 24.73827865158031), (61.878281155682146, 24.75884958578911), (61.80828310007616, 24.780014238549843), (61.738285044470175, 24.78831498935207), (61.668286988864196, 24.783116653586276), (61.598288933258225, 24.780332773265002), (61.52829087765227, 24.77811810882526), (61.45829282204629, 24.789319598838354), (61.38829476644031, 24.817914215191827), (61.318296710834325, 24.854082041518815), (61.24829865522835, 24.880774873685304), (61.17830059962238, 24.910683210136224), (61.1083025440164, 24.945024645108223), (61.03830448841043, 24.989962542616585), (60.968306432804454, 25.037354476806268), (60.898308377198454, 25.075948067502576), (60.82831032159251, 25.09555774310349), (60.758312265986525, 25.098752514359113), (60.68831421038055, 25.067720824711525), (60.618316154774575, 25.011500389895676), (60.548318099168604, 24.956271370820506), (60.47832004356263, 24.918933070776855), (60.408321987956654, 24.904184348018575), (60.338323932350676, 24.921430458336566), (60.268325876744704, 24.947738787059905), (60.198327821138726, 24.97576230271104), (60.12832976553274, 24.991370503754023), (60.05833170992677, 24.9959072674191), (59.9883336543208, 24.993651136921763), (59.918335598714826, 24.991091550275662), (59.848337543108855, 24.99376988063215), (59.778339487502876, 25.004537861861294), (59.7083414318969, 25.022735806683173), (59.638343376290926, 25.03764850885103), (59.56834532068494, 25.042728100906437), (59.49834726507898, 25.05292686625405), (59.428349209473, 25.072308478538194), (59.35835115386701, 25.101453462565196), (59.288353098261055, 25.14685502599031), (59.21835504265506, 25.194501410987957), (59.14835698704909, 25.237160560149384), (59.07835893144311, 25.269155393225653), (59.008360875837134, 25.278971539950906), (58.938362820231184, 25.286861399818786), (58.868364764625184, 25.289396483794494), (58.79836670901922, 25.292789161234097), (58.728368653413256, 25.31196344323027), (58.65837059780727, 25.330702331621687), (58.5883725422013, 25.34372455852737), (58.51837448659532, 25.355875998223553), (58.44837643098934, 25.37448106433818), (58.37837837538336, 25.3898291601108), (58.3083803197774, 25.407429616739147), (58.23838226417141, 25.423778552356442), (58.168384208565456, 25.459665540384258), (58.09838615295947, 25.488812409232064), (58.02838809735349, 25.52333855664244), (57.958390041747506, 25.55739349885288), (57.88839198614154, 25.592096819418437), (57.81839393053556, 25.617219595858707), (57.74839587492958, 25.61759090555627), (57.678397819323614, 25.603554645060296), (57.60839976371764, 25.58137972835088), (57.53840170811167, 25.558594129702335), (57.468403652505685, 25.55317526990296), (57.398405596899714, 25.57383856033095), (57.32840754129375, 25.62183929163897), (57.25661548517795, 25.68886728892076), (57.189084180272964, 25.766435204114927), (57.122201127653035, 25.839296721772037), (57.053497692162864, 25.90373686009573), (56.97425450367756, 25.940669923667425), (56.89913827014654, 25.975001934535417), (56.82871998122786, 26.009982323758546), (56.76978932582578, 26.05179895802248), (56.727519131040545, 26.104524935075535), (56.70185851660558, 26.16735732125701), (56.687159772932766, 26.24926597875307), (56.67404397088626, 26.33299725796251), (56.652510311405585, 26.413175649964376), (56.615294223098616, 26.47100572174324), (56.56047921592493, 26.50926946879958), (56.488779498070684, 26.527529612707852), (56.422753872165, 26.521262583548584), (56.35474014695487, 26.496588394458662), (56.27798934063656, 26.462974250363594), (56.2005028233302, 26.420168776278537), (56.12594603288787, 26.370432816112334), (56.058937938154855, 26.315022602928096), (56.005132073396574, 26.254370703099408), (55.97127062213742, 26.18854666651377), (55.96521155330295, 26.117997384182836), (55.99592880966533, 26.044567153259294), (56.07348554859199, 25.972797449460426)

Record time: 2023-10-13T23:47:37Z
Event time: 2023-10-15T11:31:46.300Z
Status: Underway
Travel distance: 443.74352051835854
Num waypoints: 106
Waypoints: (62.78825588178105, 24.652038608612123), (62.718257826171495, 24.69567916683151), (62.64825977056193, 24.716660580742115), (62.57826171495236, 24.723117479895194), (62.50826365934279, 24.721302500273318), (62.43826560373323, 24.71588050481725), (62.36826754812367, 24.71019095048127), (62.29826949251411, 24.70647840181702), (62.228271436904556, 24.70609119108579), (62.15827337810604, 24.709648223631646), (62.08827532250007, 24.71255084766331), (62.018277266894074, 24.72381830640439), (61.94827921128813, 24.73827865158031), (61.878281155682146, 24.75884958578911), (61.80828310007616, 24.780014238549843), (61.738285044470175, 24.78831498935207), (61.668286988864196, 24.783116653586276), (61.598288933258225, 24.780332773265002), (61.52829087765227, 24.77811810882526), (61.45829282204629, 24.789319598838354), (61.38829476644031, 24.817914215191827), (61.318296710834325, 24.854082041518815), (61.24829865522835, 24.880774873685304), (61.17830059962238, 24.910683210136224), (61.1083025440164, 24.945024645108223), (61.03830448841043, 24.989962542616585), (60.968306432804454, 25.037354476806268), (60.898308377198454, 25.075948067502576), (60.82831032159251, 25.09555774310349), (60.758312265986525, 25.098752514359113), (60.68831421038055, 25.067720824711525), (60.618316154774575, 25.011500389895676), (60.548318099168604, 24.956271370820506), (60.47832004356263, 24.918933070776855), (60.408321987956654, 24.904184348018575), (60.338323932350676, 24.921430458336566), (60.268325876744704, 24.947738787059905), (60.198327821138726, 24.97576230271104), (60.12832976553274, 24.991370503754023), (60.05833170992677, 24.9959072674191), (59.9883336543208, 24.993651136921763), (59.918335598714826, 24.991091550275662), (59.848337543108855, 24.99376988063215), (59.778339487502876, 25.004537861861294), (59.7083414318969, 25.022735806683173), (59.638343376290926, 25.03764850885103), (59.56834532068494, 25.042728100906437), (59.49834726507898, 25.05292686625405), (59.428349209473, 25.072308478538194), (59.35835115386701, 25.101453462565196), (59.288353098261055, 25.14685502599031), (59.21835504265506, 25.194501410987957), (59.14835698704909, 25.237160560149384), (59.07835893144311, 25.269155393225653), (59.008360875837134, 25.278971539950906), (58.938362820231184, 25.286861399818786), (58.868364764625184, 25.289396483794494), (58.79836670901922, 25.292789161234097), (58.728368653413256, 25.31196344323027), (58.65837059780727, 25.330702331621687), (58.5883725422013, 25.34372455852737), (58.51837448659532, 25.355875998223553), (58.44837643098934, 25.37448106433818), (58.37837837538336, 25.3898291601108), (58.3083803197774, 25.407429616739147), (58.23838226417141, 25.423778552356442), (58.168384208565456, 25.459665540384258), (58.09838615295947, 25.488812409232064), (58.02838809735349, 25.52333855664244), (57.958390041747506, 25.55739349885288), (57.88839198614154, 25.592096819418437), (57.81839393053556, 25.617219595858707), (57.74839587492958, 25.61759090555627), (57.678397819323614, 25.603554645060296), (57.60839976371764, 25.58137972835088), (57.53840170811167, 25.558594129702335), (57.468403652505685, 25.55317526990296), (57.398405596899714, 25.57383856033095), (57.32840754129375, 25.62183929163897), (57.25661548517795, 25.68886728892076), (57.189084180272964, 25.766435204114927), (57.122201127653035, 25.839296721772037), (57.053497692162864, 25.90373686009573), (56.97425450367756, 25.940669923667425), (56.89913827014654, 25.975001934535417), (56.82871998122786, 26.009982323758546), (56.76978932582578, 26.05179895802248), (56.727519131040545, 26.104524935075535), (56.70185851660558, 26.16735732125701), (56.687159772932766, 26.24926597875307), (56.67404397088626, 26.33299725796251), (56.652510311405585, 26.413175649964376), (56.615294223098616, 26.47100572174324), (56.56047921592493, 26.50926946879958), (56.488779498070684, 26.527529612707852), (56.422753872165, 26.521262583548584), (56.35474014695487, 26.496588394458662), (56.27798934063656, 26.462974250363594), (56.2005028233302, 26.420168776278537), (56.12594603288787, 26.370432816112334), (56.058937938154855, 26.315022602928096), (56.005132073396574, 26.254370703099408), (55.97127062213742, 26.18854666651377), (55.96521155330295, 26.117997384182836), (55.99592880966533, 26.044567153259294), (56.07348554859199, 25.972797449460426)

Record time: 2023-10-14T01:11:01Z
Event time: 2023-10-15T10:57:39.100Z
Status: Underway
Travel distance: 425.99190064794817
Num waypoints: 101
Waypoints: (62.438265603733214, 24.64094626685752), (62.36826754812366, 24.716814233618376), (62.298269492514095, 24.724330716197787), (62.22827143690453, 24.710746801269917), (62.15827338129496, 24.70105195704157), (62.0882753256854, 24.704604078897862), (62.01827727007585, 24.720797522511585), (61.9482792144663, 24.743769124416357), (61.87828115885674, 24.766142210043494), (61.80828310007616, 24.78180858795123), (61.738285044470175, 24.78831498935207), (61.668286988864196, 24.783116653586276), (61.598288933258225, 24.780332773265002), (61.52829087765227, 24.77811810882526), (61.45829282204629, 24.789319598838354), (61.38829476644031, 24.817914215191827), (61.318296710834325, 24.854082041518815), (61.24829865522835, 24.880774873685304), (61.17830059962238, 24.910683210136224), (61.1083025440164, 24.945024645108223), (61.03830448841043, 24.989962542616585), (60.968306432804454, 25.037354476806268), (60.898308377198454, 25.075948067502576), (60.82831032159251, 25.09555774310349), (60.758312265986525, 25.098752514359113), (60.68831421038055, 25.067720824711525), (60.618316154774575, 25.011500389895676), (60.548318099168604, 24.956271370820506), (60.47832004356263, 24.918933070776855), (60.408321987956654, 24.904184348018575), (60.338323932350676, 24.921430458336566), (60.268325876744704, 24.947738787059905), (60.198327821138726, 24.97576230271104), (60.12832976553274, 24.991370503754023), (60.05833170992677, 24.9959072674191), (59.9883336543208, 24.993651136921763), (59.918335598714826, 24.991091550275662), (59.848337543108855, 24.99376988063215), (59.778339487502876, 25.004537861861294), (59.7083414318969, 25.022735806683173), (59.638343376290926, 25.03764850885103), (59.56834532068494, 25.042728100906437), (59.49834726507898, 25.05292686625405), (59.428349209473, 25.072308478538194), (59.35835115386701, 25.101453462565196), (59.288353098261055, 25.14685502599031), (59.21835504265506, 25.194501410987957), (59.14835698704909, 25.237160560149384), (59.07835893144311, 25.269155393225653), (59.008360875837134, 25.278971539950906), (58.938362820231184, 25.286861399818786), (58.868364764625184, 25.289396483794494), (58.79836670901922, 25.292789161234097), (58.728368653413256, 25.31196344323027), (58.65837059780727, 25.330702331621687), (58.5883725422013, 25.34372455852737), (58.51837448659532, 25.355875998223553), (58.44837643098934, 25.37448106433818), (58.37837837538336, 25.3898291601108), (58.3083803197774, 25.407429616739147), (58.23838226417141, 25.423778552356442), (58.168384208565456, 25.459665540384258), (58.09838615295947, 25.488812409232064), (58.02838809735349, 25.52333855664244), (57.958390041747506, 25.55739349885288), (57.88839198614154, 25.592096819418437), (57.81839393053556, 25.617219595858707), (57.74839587492958, 25.61759090555627), (57.678397819323614, 25.603554645060296), (57.60839976371764, 25.58137972835088), (57.53840170811167, 25.558594129702335), (57.468403652505685, 25.55317526990296), (57.398405596899714, 25.57383856033095), (57.32840754129375, 25.62183929163897), (57.25661548517795, 25.68886728892076), (57.189084180272964, 25.766435204114927), (57.122201127653035, 25.839296721772037), (57.053497692162864, 25.90373686009573), (56.97425450367756, 25.940669923667425), (56.89913827014654, 25.975001934535417), (56.82871998122786, 26.009982323758546), (56.76978932582578, 26.05179895802248), (56.727519131040545, 26.104524935075535), (56.70185851660558, 26.16735732125701), (56.687159772932766, 26.24926597875307), (56.67404397088626, 26.33299725796251), (56.652510311405585, 26.413175649964376), (56.615294223098616, 26.47100572174324), (56.56047921592493, 26.50926946879958), (56.488779498070684, 26.527529612707852), (56.422753872165, 26.521262583548584), (56.35474014695487, 26.496588394458662), (56.27798934063656, 26.462974250363594), (56.2005028233302, 26.420168776278537), (56.12594603288787, 26.370432816112334), (56.058937938154855, 26.315022602928096), (56.005132073396574, 26.254370703099408), (55.97127062213742, 26.18854666651377), (55.96521155330295, 26.117997384182836), (55.99592880966533, 26.044567153259294), (56.07348554859199, 25.972797449460426)

Record time: 2023-10-14T04:13:23Z
Event time: 2023-10-15T11:27:39.800Z
Status: Underway
Travel distance: 387.31371490280776
Num waypoints: 91
Waypoints: (61.73828504763758, 24.65220697451379), (61.668286992028015, 24.70898997693709), (61.59828893641845, 24.75617033142705), (61.52829088080888, 24.789225581821707), (61.45829282519932, 24.81054679465306), (61.38829476958976, 24.826130133197022), (61.3182967139802, 24.842892684172327), (61.248298658370636, 24.86661253708834), (61.17830060276108, 24.9004931162418), (61.1083025440164, 24.944351764082704), (61.03830448841043, 24.991756892017975), (60.968306432804454, 25.037354476806268), (60.898308377198454, 25.075948067502576), (60.82831032159251, 25.09555774310349), (60.758312265986525, 25.098752514359113), (60.68831421038055, 25.067720824711525), (60.618316154774575, 25.011500389895676), (60.548318099168604, 24.956271370820506), (60.47832004356263, 24.918933070776855), (60.408321987956654, 24.904184348018575), (60.338323932350676, 24.921430458336566), (60.268325876744704, 24.947738787059905), (60.198327821138726, 24.97576230271104), (60.12832976553274, 24.991370503754023), (60.05833170992677, 24.9959072674191), (59.9883336543208, 24.993651136921763), (59.918335598714826, 24.991091550275662), (59.848337543108855, 24.99376988063215), (59.778339487502876, 25.004537861861294), (59.7083414318969, 25.022735806683173), (59.638343376290926, 25.03764850885103), (59.56834532068494, 25.042728100906437), (59.49834726507898, 25.05292686625405), (59.428349209473, 25.072308478538194), (59.35835115386701, 25.101453462565196), (59.288353098261055, 25.14685502599031), (59.21835504265506, 25.194501410987957), (59.14835698704909, 25.237160560149384), (59.07835893144311, 25.269155393225653), (59.008360875837134, 25.278971539950906), (58.938362820231184, 25.286861399818786), (58.868364764625184, 25.289396483794494), (58.79836670901922, 25.292789161234097), (58.728368653413256, 25.31196344323027), (58.65837059780727, 25.330702331621687), (58.5883725422013, 25.34372455852737), (58.51837448659532, 25.355875998223553), (58.44837643098934, 25.37448106433818), (58.37837837538336, 25.3898291601108), (58.3083803197774, 25.407429616739147), (58.23838226417141, 25.423778552356442), (58.168384208565456, 25.459665540384258), (58.09838615295947, 25.488812409232064), (58.02838809735349, 25.52333855664244), (57.958390041747506, 25.55739349885288), (57.88839198614154, 25.592096819418437), (57.81839393053556, 25.617219595858707), (57.74839587492958, 25.61759090555627), (57.678397819323614, 25.603554645060296), (57.60839976371764, 25.58137972835088), (57.53840170811167, 25.558594129702335), (57.468403652505685, 25.55317526990296), (57.398405596899714, 25.57383856033095), (57.32840754129375, 25.62183929163897), (57.25661548517795, 25.68886728892076), (57.189084180272964, 25.766435204114927), (57.122201127653035, 25.839296721772037), (57.053497692162864, 25.90373686009573), (56.97425450367756, 25.940669923667425), (56.89913827014654, 25.975001934535417), (56.82871998122786, 26.009982323758546), (56.76978932582578, 26.05179895802248), (56.727519131040545, 26.104524935075535), (56.70185851660558, 26.16735732125701), (56.687159772932766, 26.24926597875307), (56.67404397088626, 26.33299725796251), (56.652510311405585, 26.413175649964376), (56.615294223098616, 26.47100572174324), (56.56047921592493, 26.50926946879958), (56.488779498070684, 26.527529612707852), (56.422753872165, 26.521262583548584), (56.35474014695487, 26.496588394458662), (56.27798934063656, 26.462974250363594), (56.2005028233302, 26.420168776278537), (56.12594603288787, 26.370432816112334), (56.058937938154855, 26.315022602928096), (56.005132073396574, 26.254370703099408), (55.97127062213742, 26.18854666651377), (55.96521155330295, 26.117997384182836), (55.99592880966533, 26.044567153259294), (56.07348554859199, 25.972797449460426)

Record time: 2023-10-14T07:23:25Z
Event time: 2023-10-15T11:43:42.800Z
Status: Underway
Travel distance: 343.30345572354213
Num waypoints: 80
Waypoints: (60.96830643593233, 24.71529758114809), (60.89830838032278, 24.780913482113196), (60.828310324713215, 24.853352948415903), (60.75831226910365, 24.927627030746272), (60.68831421349408, 24.999803221852712), (60.61831615788452, 25.06681263937412), (60.548318102274955, 25.126298109283436), (60.4783200466654, 25.176503149942523), (60.40832199105584, 25.216201856768397), (60.338323932350676, 25.244669686215705), (60.268325876744704, 25.26248501241523), (60.198327821138726, 25.267777589221012), (60.12832976553274, 25.262792238205595), (60.05833170992677, 25.2507350395494), (59.9883336543208, 25.234467151226497), (59.918335598714826, 25.214399464171237), (59.848337543108855, 25.20198414956308), (59.778339487502876, 25.19858393284028), (59.7083414318969, 25.200510219697655), (59.638343376290926, 25.198715870296265), (59.56834532068494, 25.201051163267195), (59.49834726507898, 25.20509975834512), (59.428349209473, 25.212105637257903), (59.35835115386701, 25.22836033183521), (59.288353098261055, 25.250725615445404), (59.21835504265506, 25.267628688377833), (59.14835698704909, 25.275281060824938), (59.07835893144311, 25.27549216075451), (59.008360875837134, 25.271138224707016), (58.938362820231184, 25.275610904464894), (58.868364764625184, 25.283911655267136), (58.79836670901922, 25.295405292504192), (58.728368653413256, 25.317546282439217), (58.65837059780727, 25.33137521264721), (58.5883725422013, 25.341930209125977), (58.51837448659532, 25.355875998223553), (58.44837643098934, 25.37448106433818), (58.37837837538336, 25.3898291601108), (58.3083803197774, 25.407429616739147), (58.23838226417141, 25.423778552356442), (58.168384208565456, 25.459665540384258), (58.09838615295947, 25.488812409232064), (58.02838809735349, 25.52333855664244), (57.958390041747506, 25.55739349885288), (57.88839198614154, 25.592096819418437), (57.81839393053556, 25.617219595858707), (57.74839587492958, 25.61759090555627), (57.678397819323614, 25.603554645060296), (57.60839976371764, 25.58137972835088), (57.53840170811167, 25.558594129702335), (57.468403652505685, 25.55317526990296), (57.398405596899714, 25.57383856033095), (57.32840754129375, 25.62183929163897), (57.25661548517795, 25.68886728892076), (57.189084180272964, 25.766435204114927), (57.122201127653035, 25.839296721772037), (57.053497692162864, 25.90373686009573), (56.97425450367756, 25.940669923667425), (56.89913827014654, 25.975001934535417), (56.82871998122786, 26.009982323758546), (56.76978932582578, 26.05179895802248), (56.727519131040545, 26.104524935075535), (56.70185851660558, 26.16735732125701), (56.687159772932766, 26.24926597875307), (56.67404397088626, 26.33299725796251), (56.652510311405585, 26.413175649964376), (56.615294223098616, 26.47100572174324), (56.56047921592493, 26.50926946879958), (56.488779498070684, 26.527529612707852), (56.422753872165, 26.521262583548584), (56.35474014695487, 26.496588394458662), (56.27798934063656, 26.462974250363594), (56.2005028233302, 26.420168776278537), (56.12594603288787, 26.370432816112334), (56.058937938154855, 26.315022602928096), (56.005132073396574, 26.254370703099408), (55.97127062213742, 26.18854666651377), (55.96521155330295, 26.117997384182836), (55.99592880966533, 26.044567153259294), (56.07348554859199, 25.972797449460426)

Record time: 2023-10-14T10:27:17Z
Event time: 2023-10-15T11:28:18.400Z
Status: Underway
Travel distance: 300.47894168466524
Num waypoints: 70
Waypoints: (60.26832587983665, 24.858535017607302), (60.19832782422713, 24.913015077438374), (60.12832976861757, 24.994926133801467), (60.058331713008, 25.076018578221706), (59.98833365739843, 25.140972672911364), (59.91833560178886, 25.184012470202887), (59.84833754617931, 25.205936277378697), (59.77833949056975, 25.21156366689775), (59.70834143496019, 25.207599032018884), (59.638343376290926, 25.20091168652801), (59.56834532068494, 25.19464654218954), (59.49834726507898, 25.19884403811065), (59.428349209473, 25.213227105633774), (59.35835115386701, 25.2301546812366), (59.288353098261055, 25.250725615445404), (59.21835504265506, 25.267628688377833), (59.14835698704909, 25.275281060824938), (59.07835893144311, 25.27549216075451), (59.008360875837134, 25.271138224707016), (58.938362820231184, 25.275610904464894), (58.868364764625184, 25.283911655267136), (58.79836670901922, 25.295405292504192), (58.728368653413256, 25.317546282439217), (58.65837059780727, 25.33137521264721), (58.5883725422013, 25.341930209125977), (58.51837448659532, 25.355875998223553), (58.44837643098934, 25.37448106433818), (58.37837837538336, 25.3898291601108), (58.3083803197774, 25.407429616739147), (58.23838226417141, 25.423778552356442), (58.168384208565456, 25.459665540384258), (58.09838615295947, 25.488812409232064), (58.02838809735349, 25.52333855664244), (57.958390041747506, 25.55739349885288), (57.88839198614154, 25.592096819418437), (57.81839393053556, 25.617219595858707), (57.74839587492958, 25.61759090555627), (57.678397819323614, 25.603554645060296), (57.60839976371764, 25.58137972835088), (57.53840170811167, 25.558594129702335), (57.468403652505685, 25.55317526990296), (57.398405596899714, 25.57383856033095), (57.32840754129375, 25.62183929163897), (57.25661548517795, 25.68886728892076), (57.189084180272964, 25.766435204114927), (57.122201127653035, 25.839296721772037), (57.053497692162864, 25.90373686009573), (56.97425450367756, 25.940669923667425), (56.89913827014654, 25.975001934535417), (56.82871998122786, 26.009982323758546), (56.76978932582578, 26.05179895802248), (56.727519131040545, 26.104524935075535), (56.70185851660558, 26.16735732125701), (56.687159772932766, 26.24926597875307), (56.67404397088626, 26.33299725796251), (56.652510311405585, 26.413175649964376), (56.615294223098616, 26.47100572174324), (56.56047921592493, 26.50926946879958), (56.488779498070684, 26.527529612707852), (56.422753872165, 26.521262583548584), (56.35474014695487, 26.496588394458662), (56.27798934063656, 26.462974250363594), (56.2005028233302, 26.420168776278537), (56.12594603288787, 26.370432816112334), (56.058937938154855, 26.315022602928096), (56.005132073396574, 26.254370703099408), (55.97127062213742, 26.18854666651377), (55.96521155330295, 26.117997384182836), (55.99592880966533, 26.044567153259294), (56.07348554859199, 25.972797449460426)

Record time: 2023-10-14T13:32:53Z
Event time: 2023-10-15T10:59:01Z
Status: Underway
Travel distance: 256.24622030237583
Num waypoints: 59
Waypoints: (59.49834726813142, 24.989412998692355), (59.42834921252184, 25.06876654742368), (59.35835115691227, 25.14548683015022), (59.28835310130271, 25.206746955939437), (59.21835504569316, 25.24819136094384), (59.148356990083606, 25.271157205577804), (59.078358934474046, 25.2803138249478), (59.00836087886449, 25.281720232536053), (58.93836282325493, 25.28130067713759), (58.868364764625184, 25.28373825175355), (58.79836670901922, 25.294084033123546), (58.728368653413256, 25.3150790520123), (58.65837059780727, 25.333169562048596), (58.5883725422013, 25.341930209125977), (58.51837448659532, 25.355875998223553), (58.44837643098934, 25.37448106433818), (58.37837837538336, 25.3898291601108), (58.3083803197774, 25.407429616739147), (58.23838226417141, 25.423778552356442), (58.168384208565456, 25.459665540384258), (58.09838615295947, 25.488812409232064), (58.02838809735349, 25.52333855664244), (57.958390041747506, 25.55739349885288), (57.88839198614154, 25.592096819418437), (57.81839393053556, 25.617219595858707), (57.74839587492958, 25.61759090555627), (57.678397819323614, 25.603554645060296), (57.60839976371764, 25.58137972835088), (57.53840170811167, 25.558594129702335), (57.468403652505685, 25.55317526990296), (57.398405596899714, 25.57383856033095), (57.32840754129375, 25.62183929163897), (57.25661548517795, 25.68886728892076), (57.189084180272964, 25.766435204114927), (57.122201127653035, 25.839296721772037), (57.053497692162864, 25.90373686009573), (56.97425450367756, 25.940669923667425), (56.89913827014654, 25.975001934535417), (56.82871998122786, 26.009982323758546), (56.76978932582578, 26.05179895802248), (56.727519131040545, 26.104524935075535), (56.70185851660558, 26.16735732125701), (56.687159772932766, 26.24926597875307), (56.67404397088626, 26.33299725796251), (56.652510311405585, 26.413175649964376), (56.615294223098616, 26.47100572174324), (56.56047921592493, 26.50926946879958), (56.488779498070684, 26.527529612707852), (56.422753872165, 26.521262583548584), (56.35474014695487, 26.496588394458662), (56.27798934063656, 26.462974250363594), (56.2005028233302, 26.420168776278537), (56.12594603288787, 26.370432816112334), (56.058937938154855, 26.315022602928096), (56.005132073396574, 26.254370703099408), (55.97127062213742, 26.18854666651377), (55.96521155330295, 26.117997384182836), (55.99592880966533, 26.044567153259294), (56.07348554859199, 25.972797449460426)

Record time: 2023-10-14T14:59:39Z
Event time: 2023-10-15T10:27:52.750Z
Status: Underway
Travel distance: 235.49784017278617
Num waypoints: 54
Waypoints: (59.14835699008366, 25.063650709692862), (59.07835893447407, 25.138275060266796), (59.0083608788645, 25.2035894241734), (58.93836282325494, 25.25341381670458), (58.86836476764538, 25.287224600372657), (58.79836671203582, 25.307987694918857), (58.72836865642626, 25.32036573576844), (58.658370600816696, 25.329299180932576), (58.58837254520713, 25.33896136635688), (58.51837448659532, 25.352087508416), (58.44837643098934, 25.373808183312665), (58.37837837538336, 25.39162350951219), (58.3083803197774, 25.407429616739147), (58.23838226417141, 25.423778552356442), (58.168384208565456, 25.459665540384258), (58.09838615295947, 25.488812409232064), (58.02838809735349, 25.52333855664244), (57.958390041747506, 25.55739349885288), (57.88839198614154, 25.592096819418437), (57.81839393053556, 25.617219595858707), (57.74839587492958, 25.61759090555627), (57.678397819323614, 25.603554645060296), (57.60839976371764, 25.58137972835088), (57.53840170811167, 25.558594129702335), (57.468403652505685, 25.55317526990296), (57.398405596899714, 25.57383856033095), (57.32840754129375, 25.62183929163897), (57.25661548517795, 25.68886728892076), (57.189084180272964, 25.766435204114927), (57.122201127653035, 25.839296721772037), (57.053497692162864, 25.90373686009573), (56.97425450367756, 25.940669923667425), (56.89913827014654, 25.975001934535417), (56.82871998122786, 26.009982323758546), (56.76978932582578, 26.05179895802248), (56.727519131040545, 26.104524935075535), (56.70185851660558, 26.16735732125701), (56.687159772932766, 26.24926597875307), (56.67404397088626, 26.33299725796251), (56.652510311405585, 26.413175649964376), (56.615294223098616, 26.47100572174324), (56.56047921592493, 26.50926946879958), (56.488779498070684, 26.527529612707852), (56.422753872165, 26.521262583548584), (56.35474014695487, 26.496588394458662), (56.27798934063656, 26.462974250363594), (56.2005028233302, 26.420168776278537), (56.12594603288787, 26.370432816112334), (56.058937938154855, 26.315022602928096), (56.005132073396574, 26.254370703099408), (55.97127062213742, 26.18854666651377), (55.96521155330295, 26.117997384182836), (55.99592880966533, 26.044567153259294), (56.07348554859199, 25.972797449460426)

Record time: 2023-10-14T18:03:03Z
Event time: 2023-10-15T10:14:51Z
Status: Underway
Travel distance: 199.91576673866092
Num waypoints: 44
Waypoints: (58.44837643398792, 25.129211459659054), (58.37837837837836, 25.21353189958537), (58.30838032276879, 25.278635049330827), (58.238382267159224, 25.339671526853202), (58.168384211549665, 25.401874965471723), (58.0983861559401, 25.464076073766346), (58.02838810033054, 25.521674621015016), (57.95839004472098, 25.56906934816886), (57.88839198911141, 25.601545804365347), (57.81839393053556, 25.61662210766518), (57.74839587492958, 25.61741750204269), (57.678397819323614, 25.60223338567965), (57.60839976371764, 25.578912497923962), (57.53840170811167, 25.56038847910372), (57.468403652505685, 25.55317526990296), (57.398405596899714, 25.57383856033095), (57.32840754129375, 25.62183929163897), (57.25661548517795, 25.68886728892076), (57.189084180272964, 25.766435204114927), (57.122201127653035, 25.839296721772037), (57.053497692162864, 25.90373686009573), (56.97425450367756, 25.940669923667425), (56.89913827014654, 25.975001934535417), (56.82871998122786, 26.009982323758546), (56.76978932582578, 26.05179895802248), (56.727519131040545, 26.104524935075535), (56.70185851660558, 26.16735732125701), (56.687159772932766, 26.24926597875307), (56.67404397088626, 26.33299725796251), (56.652510311405585, 26.413175649964376), (56.615294223098616, 26.47100572174324), (56.56047921592493, 26.50926946879958), (56.488779498070684, 26.527529612707852), (56.422753872165, 26.521262583548584), (56.35474014695487, 26.496588394458662), (56.27798934063656, 26.462974250363594), (56.2005028233302, 26.420168776278537), (56.12594603288787, 26.370432816112334), (56.058937938154855, 26.315022602928096), (56.005132073396574, 26.254370703099408), (55.97127062213742, 26.18854666651377), (55.96521155330295, 26.117997384182836), (55.99592880966533, 26.044567153259294), (56.07348554859199, 25.972797449460426)

Record time: 2023-10-14T21:10:54Z
Event time: 2023-10-15T10:07:14Z
Status: Underway
Travel distance: 155.22408207343412
Num waypoints: 34
Waypoints: (57.74601067266888, 25.335477749169257), (57.68246150525593, 25.43639844557685), (57.61036034152379, 25.473060803190958), (57.536712212111304, 25.493033586664186), (57.464856884010516, 25.521389281992214), (57.395593879793985, 25.567261011112397), (57.32816050940535, 25.629475507346275), (57.26106291451322, 25.701262151686002), (57.19276012542828, 25.774038069924647), (57.122201127653035, 25.840269289304725), (57.053497692162864, 25.898154020886782), (56.97425450367756, 25.939997042641902), (56.89913827014654, 25.97679628393681), (56.82871998122786, 26.009982323758546), (56.76978932582578, 26.05179895802248), (56.727519131040545, 26.104524935075535), (56.70185851660558, 26.16735732125701), (56.687159772932766, 26.24926597875307), (56.67404397088626, 26.33299725796251), (56.652510311405585, 26.413175649964376), (56.615294223098616, 26.47100572174324), (56.56047921592493, 26.50926946879958), (56.488779498070684, 26.527529612707852), (56.422753872165, 26.521262583548584), (56.35474014695487, 26.496588394458662), (56.27798934063656, 26.462974250363594), (56.2005028233302, 26.420168776278537), (56.12594603288787, 26.370432816112334), (56.058937938154855, 26.315022602928096), (56.005132073396574, 26.254370703099408), (55.97127062213742, 26.18854666651377), (55.96521155330295, 26.117997384182836), (55.99592880966533, 26.044567153259294), (56.07348554859199, 25.972797449460426)

Record time: 2023-10-14T23:24:24Z
Event time: 2023-10-15T09:28:41.250Z
Status: Underway
Travel distance: 122.32235421166307
Num waypoints: 27
Waypoints: (57.255861774914194, 25.626103511531102), (57.190755088876706, 25.68906167809052), (57.123437766611204, 25.766836420957766), (57.05032771743188, 25.84009042113651), (56.97354992055232, 25.901979894302393), (56.89814724425078, 25.953678895331663), (56.829824377161664, 26.000621551072445), (56.773224871693394, 26.049462221358706), (56.73074129957262, 26.10575358826688), (56.70185851660558, 26.172342672272425), (56.687159772932766, 26.249765456265006), (56.67404397088626, 26.32988164918048), (56.652510311405585, 26.410708419537464), (56.615294223098616, 26.472800071144633), (56.56047921592493, 26.50926946879958), (56.488779498070684, 26.527529612707852), (56.422753872165, 26.521262583548584), (56.35474014695487, 26.496588394458662), (56.27798934063656, 26.462974250363594), (56.2005028233302, 26.420168776278537), (56.12594603288787, 26.370432816112334), (56.058937938154855, 26.315022602928096), (56.005132073396574, 26.254370703099408), (55.97127062213742, 26.18854666651377), (55.96521155330295, 26.117997384182836), (55.99592880966533, 26.044567153259294), (56.07348554859199, 25.972797449460426)

Record time: 2023-10-15T02:03:14Z
Event time: 2023-10-15T09:06:54.750Z
Status: Underway
Travel distance: 85.27861771058315
Num waypoints: 19
Waypoints: (56.915159275518384, 26.120053974984963), (56.82430816251122, 26.172795973017507), (56.76250120166673, 26.24972022191249), (56.71049340327129, 26.333180086931055), (56.65874652931978, 26.409828137085757), (56.60381021643654, 26.470503418358113), (56.54544745825169, 26.509967941252153), (56.48450444723262, 26.526492382683998), (56.42152477618536, 26.521291002308256), (56.3555203141476, 26.492540960730334), (56.280603832770055, 26.454482079194204), (56.20164833742573, 26.412390285155126), (56.12529338925306, 26.367983786288182), (56.057065150323, 26.319396972366434), (56.00324827578314, 26.262640910139375), (55.970669201397286, 26.194185547728164), (55.9664794312989, 26.11474820443336), (55.997938825744704, 26.034288345854616), (56.07219888886817, 25.978208644322265)

Record time: 2023-10-15T05:08:22Z
Event time: 2023-10-15T09:08:43.250Z
Status: Underway
Travel distance: 53.225161987041034
Num waypoints: 12
Waypoints: (56.486717637796744, 26.604894864898963), (56.42562842562838, 26.530891580792037), (56.340309117287475, 26.476039987193786), (56.27481443308777, 26.443191238029577), (56.21666220227368, 26.417139179030855), (56.145293555407385, 26.381093681545785), (56.06058179909167, 26.324790591403683), (55.99437302526587, 26.257238403027387), (55.95779321043807, 26.184588697046628), (55.965412085598224, 26.113105372217156), (56.01422068455495, 26.044775596426334), (56.065577546745445, 25.974300255307842)

Record time: 2023-10-15T07:54:50Z
Event time: 2023-10-15T08:46:03.750Z
Status: Underway
Travel distance: 15.50755939524838
Num waypoints: 4
Waypoints: (56.06844254326268, 26.184364060676778), (55.99844448765313, 26.114352392065342), (55.99844448765313, 26.044340723453907), (56.06844254326268, 25.97432905484247)

Record time: 2023-10-15T09:13:44Z
Event time: 2023-10-15T09:35:29.666Z
Status: Underway
Travel distance: 9.431965442764579
Num waypoints: 3
Waypoints: (55.92844643204356, 26.044340723453907), (55.99844448765313, 25.97432905484247), (56.06844254326268, 25.97432905484247)

Record time: 2023-10-17T21:43:06Z
Event time: 2023-10-17T21:43:06Z
Status: Arrived
Travel distance: N/A
Num waypoints: 0
Waypoints: 

