Record time: 2023-12-10T08:18:33Z
Event time: 2023-12-11T03:20:33Z
Status: Underway
Travel distance: 187.83855291576674
Waypoints: (58.02838810033054, 24.784130688448077), (57.95839004472099, 24.8541423570595), (57.888391989111426, 24.924154025670934), (57.81839393350185, 24.99416569428237), (57.748395877892285, 25.064177362893805), (57.67839782228272, 25.134189031505244), (57.60839976667315, 25.204200700116683), (57.5384017110636, 25.274212368728122), (57.46840365545404, 25.344224037339558), (57.398405596899714, 25.414235704647155), (57.32840754129375, 25.484247373255), (57.25661548517795, 25.554259041862842), (57.189084180272964, 25.624270710470686), (57.122201127653035, 25.694282379078533), (57.053497692162864, 25.764294047686374), (56.97425450367756, 25.834305716294217), (56.89913827014654, 25.904317384902054), (56.82871998122786, 25.976123402911295), (56.76978932582578, 26.04366784109223), (56.727519131040545, 26.112358250319428), (56.70185851660558, 26.178607816610896), (56.687159772932766, 26.254750807280427), (56.67404397088626, 26.330381126692416), (56.652510311405585, 26.40759281075543), (56.615294223098616, 26.470332840717717), (56.56047921592493, 26.511063818200974), (56.488779498070684, 26.527529612707852), (56.422753872165, 26.521262583548584), (56.35474014695487, 26.496588394458662), (56.27798934063656, 26.462974250363594), (56.2005028233302, 26.420168776278537), (56.12594603288787, 26.370432816112334), (56.058937938154855, 26.315022602928096), (56.005132073396574, 26.254370703099408), (55.97127062213742, 26.18854666651377), (55.96521155330295, 26.117997384182836), (55.99592880966533, 26.044567153259294), (56.07348554859199, 25.972797449460426)
Associated file(s): api_response_2023-12-10_14-19-59.json, api_response_2023-12-10_13-19-49.json, api_response_2023-12-10_15-20-08.json, api_response_2023-12-10_12-39-42.json, api_response_2023-12-10_13-59-56.json, api_response_2023-12-10_13-39-52.json, api_response_2023-12-10_12-59-46.json, api_response_2023-12-10_14-40-02.json, api_response_2023-12-10_15-00-05.json

Record time: 2023-12-10T11:34:21Z
Event time: 2023-12-11T03:05:56Z
Status: Underway
Travel distance: 158.2888768898488
Waypoints: (57.40330706552332, 25.064177362893812), (57.318668684324024, 25.134189031505265), (57.255400015080895, 25.2042007001167), (57.19450575827735, 25.274212368728133), (57.127406935634674, 25.344224037339565), (57.052800446992585, 25.414235705951), (56.97395393613697, 25.48424737456244), (56.89643596557493, 25.554259043173882), (56.82628150025705, 25.62427071178532), (56.768592697334476, 25.694282379078533), (56.726337578183774, 25.764294047686374), (56.696127891027515, 25.834305716294217), (56.68757623733684, 25.904317384902054), (56.69029173600768, 25.976123402911295), (56.69792566044595, 26.04366784109223), (56.704688966989764, 26.112358250319428), (56.70547666889428, 26.178607816610896), (56.697360324150836, 26.254750807280427), (56.68020990541157, 26.330381126692416), (56.65420632029091, 26.40759281075543), (56.6120058503154, 26.470332840717717), (56.55669146274771, 26.511063818200974), (56.48810674787951, 26.527529612707852), (56.42454787267482, 26.521262583548584), (56.35474014695487, 26.496588394458662), (56.27798934063656, 26.462974250363594), (56.2005028233302, 26.420168776278537), (56.12594603288787, 26.370432816112334), (56.058937938154855, 26.315022602928096), (56.005132073396574, 26.254370703099408), (55.97127062213742, 26.18854666651377), (55.96521155330295, 26.117997384182836), (55.99592880966533, 26.044567153259294), (56.07348554859199, 25.972797449460426)
Associated file(s): api_response_2023-12-10_16-20-17.json, api_response_2023-12-10_16-00-14.json, api_response_2023-12-10_15-40-11.json
