Record time: 2023-07-13T01:18:34Z
Event time: 2023-07-16T20:49:34Z
Status: Underway
Travel distance: 895.4238660907127
Waypoints: (70.11463424173081, 22.966375618889128), (69.92154932390264, 22.71771025587686), (69.74686507177033, 22.625737559196775), (69.57422533804866, 22.604034224598948), (69.39691241938839, 22.600500275333783), (69.21428824630746, 22.588753758611848), (69.02887813605159, 22.56060704120219), (68.84409710838361, 22.519624704169185), (68.66261876430205, 22.4757630367479), (68.48538672417524, 22.44109112820661), (68.31634324592304, 22.42193054131838), (68.13801022668329, 22.444764300908002), (67.94871583983073, 22.479610982828415), (67.75718265906251, 22.55620487163859), (67.57389231043818, 22.67048997056933), (67.40596822914378, 22.810317672810108), (67.25493686557635, 22.943467760298226), (67.11672768534385, 23.11144999208393), (66.98327230777633, 23.27224579231797), (66.84506312754381, 23.42846224136097), (66.6940317639764, 23.57411953035606), (66.526107682682, 23.711403148601804), (66.34281733405767, 23.840284020852565), (66.15128415328947, 23.972111184663273), (65.96198976643689, 24.08501036355101), (65.78365674719713, 24.157107281032836), (65.61461326894494, 24.1954090713122), (65.42999999664319, 24.220748147902633), (65.24999999665243, 24.25962659722087), (65.06999999666169, 24.34725454175804), (64.8899999966709, 24.456281867099065), (64.70999999668014, 24.570634808269666), (64.52999999668937, 24.668099877587593), (64.34999999669861, 24.746525506874185), (64.16999999670784, 24.77142360890548), (63.98999999671708, 24.770914792106474), (63.80999999672631, 24.757758243446496), (63.62999999673554, 24.747887197545808), (63.449999996744786, 24.735646519124032), (63.269999996754, 24.748270021613628), (63.089999996763254, 24.754613271041222), (62.909999996772484, 24.749999998730246), (62.72999999678173, 24.749999998730246), (62.54999999679096, 24.749999998730246), (62.3699999968002, 24.749999998730246), (62.189999996809426, 24.749999998730246), (62.009999996818664, 24.74538672641927), (61.829999996827894, 24.75172997584686), (61.64999999683714, 24.759740206025473), (61.469999996846376, 24.763069321653244), (61.289999996855585, 24.743908734765014), (61.10999999686484, 24.71979081849219), (60.92999999687408, 24.71704320777756), (60.7499999968833, 24.754797414263713), (60.569999996892555, 24.83763278914168), (60.389999996901764, 24.95493686774651), (60.209999996911016, 25.08506312968626), (60.029999996920246, 25.20236720829109), (59.84999999692947, 25.285202583169056), (59.66999999693871, 25.322956789655205), (59.489999996947944, 25.32020917894058), (59.30999999695718, 25.291477990356775), (59.12999999696641, 25.283273925207112), (58.94999999697565, 25.28365674927494), (58.769999996984886, 25.288715842019325), (58.589999996994116, 25.291536140848095), (58.409999997003354, 25.282348363220347), (58.22999999701258, 25.281606944456083), (58.049999997021835, 25.294467894785218), (57.86999999703106, 25.336840219456626), (57.689999997040296, 25.40659173378876), (57.509999997049526, 25.500756762724567), (57.32077345243681, 25.636271636859497), (57.15253729977119, 25.822021429532953), (56.98470555439985, 26.028796147774734), (56.80977416267944, 26.23070538797591), (56.62172190555441, 26.396683351485006), (56.420458914083625, 26.495375910131088), (56.21756030788431, 26.50168205190961), (56.04328495943412, 26.40494970814621), (55.95487938423123, 26.21882596213852), (56.04616675681281, 25.992761639275923)
Associated file(s): api_response_2023-07-13_05-53-46.json, api_response_2023-07-13_05-43-44.json

Record time: 2023-07-13T01:53:50Z
Event time: 2023-07-16T17:01:12Z
Status: Underway
Travel distance: 895.4238660907127
Waypoints: (70.11463424173081, 22.966375618889128), (69.92154932390264, 22.71771025587686), (69.74686507177033, 22.625737559196775), (69.57422533804866, 22.604034224598948), (69.39691241938839, 22.600500275333783), (69.21428824630746, 22.588753758611848), (69.02887813605159, 22.56060704120219), (68.84409710838361, 22.519624704169185), (68.66261876430205, 22.4757630367479), (68.48538672417524, 22.44109112820661), (68.31634324592304, 22.42193054131838), (68.13801022668329, 22.444764300908002), (67.94871583983073, 22.479610982828415), (67.75718265906251, 22.55620487163859), (67.57389231043818, 22.67048997056933), (67.40596822914378, 22.810317672810108), (67.25493686557635, 22.943467760298226), (67.11672768534385, 23.11144999208393), (66.98327230777633, 23.27224579231797), (66.84506312754381, 23.42846224136097), (66.6940317639764, 23.57411953035606), (66.526107682682, 23.711403148601804), (66.34281733405767, 23.840284020852565), (66.15128415328947, 23.972111184663273), (65.96198976643689, 24.08501036355101), (65.78365674719713, 24.157107281032836), (65.61461326894494, 24.1954090713122), (65.42999999664319, 24.220748147902633), (65.24999999665243, 24.25962659722087), (65.06999999666169, 24.34725454175804), (64.8899999966709, 24.456281867099065), (64.70999999668014, 24.570634808269666), (64.52999999668937, 24.668099877587593), (64.34999999669861, 24.746525506874185), (64.16999999670784, 24.77142360890548), (63.98999999671708, 24.770914792106474), (63.80999999672631, 24.757758243446496), (63.62999999673554, 24.747887197545808), (63.449999996744786, 24.735646519124032), (63.269999996754, 24.748270021613628), (63.089999996763254, 24.754613271041222), (62.909999996772484, 24.749999998730246), (62.72999999678173, 24.749999998730246), (62.54999999679096, 24.749999998730246), (62.3699999968002, 24.749999998730246), (62.189999996809426, 24.749999998730246), (62.009999996818664, 24.74538672641927), (61.829999996827894, 24.75172997584686), (61.64999999683714, 24.759740206025473), (61.469999996846376, 24.763069321653244), (61.289999996855585, 24.743908734765014), (61.10999999686484, 24.71979081849219), (60.92999999687408, 24.71704320777756), (60.7499999968833, 24.754797414263713), (60.569999996892555, 24.83763278914168), (60.389999996901764, 24.95493686774651), (60.209999996911016, 25.08506312968626), (60.029999996920246, 25.20236720829109), (59.84999999692947, 25.285202583169056), (59.66999999693871, 25.322956789655205), (59.489999996947944, 25.32020917894058), (59.30999999695718, 25.291477990356775), (59.12999999696641, 25.283273925207112), (58.94999999697565, 25.28365674927494), (58.769999996984886, 25.288715842019325), (58.589999996994116, 25.291536140848095), (58.409999997003354, 25.282348363220347), (58.22999999701258, 25.281606944456083), (58.049999997021835, 25.294467894785218), (57.86999999703106, 25.336840219456626), (57.689999997040296, 25.40659173378876), (57.509999997049526, 25.500756762724567), (57.32077345243681, 25.636271636859497), (57.15253729977119, 25.822021429532953), (56.98470555439985, 26.028796147774734), (56.80977416267944, 26.23070538797591), (56.62172190555441, 26.396683351485006), (56.420458914083625, 26.495375910131088), (56.21756030788431, 26.50168205190961), (56.04328495943412, 26.40494970814621), (55.95487938423123, 26.21882596213852), (56.04616675681281, 25.992761639275923)
Associated file(s): api_response_2023-07-13_06-03-49.json

Record time: 2023-07-13T02:03:53Z
Event time: 2023-07-16T15:41:05.666Z
Status: Underway
Travel distance: 888.6241900647948
Waypoints: (70.11463424173081, 22.798292240482624), (69.92154932390264, 22.68527056376119), (69.74686507177033, 22.639095079479695), (69.57422533804866, 22.62025407065678), (69.39691241938839, 22.60527081829197), (69.21428824630746, 22.582892805834646), (69.02887813605159, 22.550719959862477), (68.84409710838361, 22.51227192696927), (68.66261876430205, 22.474494386862318), (68.48538672417524, 22.445704400517588), (68.31634324592304, 22.42193054131838), (68.13801022668329, 22.444764300908002), (67.94871583983073, 22.479610982828415), (67.75718265906251, 22.55620487163859), (67.57389231043818, 22.67048997056933), (67.40596822914378, 22.810317672810108), (67.25493686557635, 22.943467760298226), (67.11672768534385, 23.11144999208393), (66.98327230777633, 23.27224579231797), (66.84506312754381, 23.42846224136097), (66.6940317639764, 23.57411953035606), (66.526107682682, 23.711403148601804), (66.34281733405767, 23.840284020852565), (66.15128415328947, 23.972111184663273), (65.96198976643689, 24.08501036355101), (65.78365674719713, 24.157107281032836), (65.61461326894494, 24.1954090713122), (65.42999999664319, 24.220748147902633), (65.24999999665243, 24.25962659722087), (65.06999999666169, 24.34725454175804), (64.8899999966709, 24.456281867099065), (64.70999999668014, 24.570634808269666), (64.52999999668937, 24.668099877587593), (64.34999999669861, 24.746525506874185), (64.16999999670784, 24.77142360890548), (63.98999999671708, 24.770914792106474), (63.80999999672631, 24.757758243446496), (63.62999999673554, 24.747887197545808), (63.449999996744786, 24.735646519124032), (63.269999996754, 24.748270021613628), (63.089999996763254, 24.754613271041222), (62.909999996772484, 24.749999998730246), (62.72999999678173, 24.749999998730246), (62.54999999679096, 24.749999998730246), (62.3699999968002, 24.749999998730246), (62.189999996809426, 24.749999998730246), (62.009999996818664, 24.74538672641927), (61.829999996827894, 24.75172997584686), (61.64999999683714, 24.759740206025473), (61.469999996846376, 24.763069321653244), (61.289999996855585, 24.743908734765014), (61.10999999686484, 24.71979081849219), (60.92999999687408, 24.71704320777756), (60.7499999968833, 24.754797414263713), (60.569999996892555, 24.83763278914168), (60.389999996901764, 24.95493686774651), (60.209999996911016, 25.08506312968626), (60.029999996920246, 25.20236720829109), (59.84999999692947, 25.285202583169056), (59.66999999693871, 25.322956789655205), (59.489999996947944, 25.32020917894058), (59.30999999695718, 25.291477990356775), (59.12999999696641, 25.283273925207112), (58.94999999697565, 25.28365674927494), (58.769999996984886, 25.288715842019325), (58.589999996994116, 25.291536140848095), (58.409999997003354, 25.282348363220347), (58.22999999701258, 25.281606944456083), (58.049999997021835, 25.294467894785218), (57.86999999703106, 25.336840219456626), (57.689999997040296, 25.40659173378876), (57.509999997049526, 25.500756762724567), (57.32077345243681, 25.636271636859497), (57.15253729977119, 25.822021429532953), (56.98470555439985, 26.028796147774734), (56.80977416267944, 26.23070538797591), (56.62172190555441, 26.396683351485006), (56.420458914083625, 26.495375910131088), (56.21756030788431, 26.50168205190961), (56.04328495943412, 26.40494970814621), (55.95487938423123, 26.21882596213852), (56.04616675681281, 25.992761639275923)
Associated file(s): api_response_2023-07-13_06-23-52.json, api_response_2023-07-13_06-33-54.json, api_response_2023-07-13_06-13-50.json

Record time: 2023-07-13T02:31:11Z
Event time: 2023-07-16T15:04:12.200Z
Status: Underway
Travel distance: 888.6241900647948
Waypoints: (70.11463424173081, 22.798292240482624), (69.92154932390264, 22.68527056376119), (69.74686507177033, 22.639095079479695), (69.57422533804866, 22.62025407065678), (69.39691241938839, 22.60527081829197), (69.21428824630746, 22.582892805834646), (69.02887813605159, 22.550719959862477), (68.84409710838361, 22.51227192696927), (68.66261876430205, 22.474494386862318), (68.48538672417524, 22.445704400517588), (68.31634324592304, 22.42193054131838), (68.13801022668329, 22.444764300908002), (67.94871583983073, 22.479610982828415), (67.75718265906251, 22.55620487163859), (67.57389231043818, 22.67048997056933), (67.40596822914378, 22.810317672810108), (67.25493686557635, 22.943467760298226), (67.11672768534385, 23.11144999208393), (66.98327230777633, 23.27224579231797), (66.84506312754381, 23.42846224136097), (66.6940317639764, 23.57411953035606), (66.526107682682, 23.711403148601804), (66.34281733405767, 23.840284020852565), (66.15128415328947, 23.972111184663273), (65.96198976643689, 24.08501036355101), (65.78365674719713, 24.157107281032836), (65.61461326894494, 24.1954090713122), (65.42999999664319, 24.220748147902633), (65.24999999665243, 24.25962659722087), (65.06999999666169, 24.34725454175804), (64.8899999966709, 24.456281867099065), (64.70999999668014, 24.570634808269666), (64.52999999668937, 24.668099877587593), (64.34999999669861, 24.746525506874185), (64.16999999670784, 24.77142360890548), (63.98999999671708, 24.770914792106474), (63.80999999672631, 24.757758243446496), (63.62999999673554, 24.747887197545808), (63.449999996744786, 24.735646519124032), (63.269999996754, 24.748270021613628), (63.089999996763254, 24.754613271041222), (62.909999996772484, 24.749999998730246), (62.72999999678173, 24.749999998730246), (62.54999999679096, 24.749999998730246), (62.3699999968002, 24.749999998730246), (62.189999996809426, 24.749999998730246), (62.009999996818664, 24.74538672641927), (61.829999996827894, 24.75172997584686), (61.64999999683714, 24.759740206025473), (61.469999996846376, 24.763069321653244), (61.289999996855585, 24.743908734765014), (61.10999999686484, 24.71979081849219), (60.92999999687408, 24.71704320777756), (60.7499999968833, 24.754797414263713), (60.569999996892555, 24.83763278914168), (60.389999996901764, 24.95493686774651), (60.209999996911016, 25.08506312968626), (60.029999996920246, 25.20236720829109), (59.84999999692947, 25.285202583169056), (59.66999999693871, 25.322956789655205), (59.489999996947944, 25.32020917894058), (59.30999999695718, 25.291477990356775), (59.12999999696641, 25.283273925207112), (58.94999999697565, 25.28365674927494), (58.769999996984886, 25.288715842019325), (58.589999996994116, 25.291536140848095), (58.409999997003354, 25.282348363220347), (58.22999999701258, 25.281606944456083), (58.049999997021835, 25.294467894785218), (57.86999999703106, 25.336840219456626), (57.689999997040296, 25.40659173378876), (57.509999997049526, 25.500756762724567), (57.32077345243681, 25.636271636859497), (57.15253729977119, 25.822021429532953), (56.98470555439985, 26.028796147774734), (56.80977416267944, 26.23070538797591), (56.62172190555441, 26.396683351485006), (56.420458914083625, 26.495375910131088), (56.21756030788431, 26.50168205190961), (56.04328495943412, 26.40494970814621), (55.95487938423123, 26.21882596213852), (56.04616675681281, 25.992761639275923)
Associated file(s): api_response_2023-07-13_07-14-01.json, api_response_2023-07-13_07-34-05.json, api_response_2023-07-13_07-03-59.json, api_response_2023-07-13_07-24-03.json, api_response_2023-07-13_07-44-07.json, api_response_2023-07-13_06-53-57.json, api_response_2023-07-13_06-43-56.json

Record time: 2023-07-13T03:47:25Z
Event time: 2023-07-16T14:32:25.888Z
Status: Underway
Travel distance: 879.1555075593952
Waypoints: (69.92618356563344, 22.756783274391506), (69.75622442271687, 22.617420511753714), (69.5733166631995, 22.585469195658316), (69.38778023715415, 22.5889253612991), (69.20466278344082, 22.588596458595923), (69.02533779904307, 22.569099656138718), (68.8488886207614, 22.531061437364627), (68.6732782192636, 22.4845184889683), (68.49630480549202, 22.443519881545303), (68.31634324592304, 22.42193054131838), (68.13801022668329, 22.444764300908002), (67.94871583983073, 22.479610982828415), (67.75718265906251, 22.55620487163859), (67.57389231043818, 22.67048997056933), (67.40596822914378, 22.810317672810108), (67.25493686557635, 22.943467760298226), (67.11672768534385, 23.11144999208393), (66.98327230777633, 23.27224579231797), (66.84506312754381, 23.42846224136097), (66.6940317639764, 23.57411953035606), (66.526107682682, 23.711403148601804), (66.34281733405767, 23.840284020852565), (66.15128415328947, 23.972111184663273), (65.96198976643689, 24.08501036355101), (65.78365674719713, 24.157107281032836), (65.61461326894494, 24.1954090713122), (65.42999999664319, 24.220748147902633), (65.24999999665243, 24.25962659722087), (65.06999999666169, 24.34725454175804), (64.8899999966709, 24.456281867099065), (64.70999999668014, 24.570634808269666), (64.52999999668937, 24.668099877587593), (64.34999999669861, 24.746525506874185), (64.16999999670784, 24.77142360890548), (63.98999999671708, 24.770914792106474), (63.80999999672631, 24.757758243446496), (63.62999999673554, 24.747887197545808), (63.449999996744786, 24.735646519124032), (63.269999996754, 24.748270021613628), (63.089999996763254, 24.754613271041222), (62.909999996772484, 24.749999998730246), (62.72999999678173, 24.749999998730246), (62.54999999679096, 24.749999998730246), (62.3699999968002, 24.749999998730246), (62.189999996809426, 24.749999998730246), (62.009999996818664, 24.74538672641927), (61.829999996827894, 24.75172997584686), (61.64999999683714, 24.759740206025473), (61.469999996846376, 24.763069321653244), (61.289999996855585, 24.743908734765014), (61.10999999686484, 24.71979081849219), (60.92999999687408, 24.71704320777756), (60.7499999968833, 24.754797414263713), (60.569999996892555, 24.83763278914168), (60.389999996901764, 24.95493686774651), (60.209999996911016, 25.08506312968626), (60.029999996920246, 25.20236720829109), (59.84999999692947, 25.285202583169056), (59.66999999693871, 25.322956789655205), (59.489999996947944, 25.32020917894058), (59.30999999695718, 25.291477990356775), (59.12999999696641, 25.283273925207112), (58.94999999697565, 25.28365674927494), (58.769999996984886, 25.288715842019325), (58.589999996994116, 25.291536140848095), (58.409999997003354, 25.282348363220347), (58.22999999701258, 25.281606944456083), (58.049999997021835, 25.294467894785218), (57.86999999703106, 25.336840219456626), (57.689999997040296, 25.40659173378876), (57.509999997049526, 25.500756762724567), (57.32077345243681, 25.636271636859497), (57.15253729977119, 25.822021429532953), (56.98470555439985, 26.028796147774734), (56.80977416267944, 26.23070538797591), (56.62172190555441, 26.396683351485006), (56.420458914083625, 26.495375910131088), (56.21756030788431, 26.50168205190961), (56.04328495943412, 26.40494970814621), (55.95487938423123, 26.21882596213852), (56.04616675681281, 25.992761639275923)
Associated file(s): api_response_2023-07-13_08-24-15.json, api_response_2023-07-13_07-54-09.json, api_response_2023-07-13_08-14-13.json, api_response_2023-07-13_08-04-12.json, api_response_2023-07-13_08-34-17.json

Record time: 2023-07-13T04:36:04Z
Event time: 2023-07-16T15:16:26.666Z
Status: Underway
Travel distance: 865.7127429805615
Waypoints: (69.74304863740379, 22.575271978364864), (69.58267601414606, 22.611534595381727), (69.3948598832585, 22.61108839315213), (69.2036498782413, 22.588262181377626), (69.01930427440374, 22.553396615230213), (68.84314361653959, 22.514386637134542), (68.67159799312276, 22.477857085867395), (68.49944795702345, 22.449971472974436), (68.32225909274464, 22.43687392650422), (68.13801022668329, 22.444764300908002), (67.94871583983073, 22.479610982828415), (67.75718265906251, 22.55620487163859), (67.57389231043818, 22.67048997056933), (67.40596822914378, 22.810317672810108), (67.25493686557635, 22.943467760298226), (67.11672768534385, 23.11144999208393), (66.98327230777633, 23.27224579231797), (66.84506312754381, 23.42846224136097), (66.6940317639764, 23.57411953035606), (66.526107682682, 23.711403148601804), (66.34281733405767, 23.840284020852565), (66.15128415328947, 23.972111184663273), (65.96198976643689, 24.08501036355101), (65.78365674719713, 24.157107281032836), (65.61461326894494, 24.1954090713122), (65.42999999664319, 24.220748147902633), (65.24999999665243, 24.25962659722087), (65.06999999666169, 24.34725454175804), (64.8899999966709, 24.456281867099065), (64.70999999668014, 24.570634808269666), (64.52999999668937, 24.668099877587593), (64.34999999669861, 24.746525506874185), (64.16999999670784, 24.77142360890548), (63.98999999671708, 24.770914792106474), (63.80999999672631, 24.757758243446496), (63.62999999673554, 24.747887197545808), (63.449999996744786, 24.735646519124032), (63.269999996754, 24.748270021613628), (63.089999996763254, 24.754613271041222), (62.909999996772484, 24.749999998730246), (62.72999999678173, 24.749999998730246), (62.54999999679096, 24.749999998730246), (62.3699999968002, 24.749999998730246), (62.189999996809426, 24.749999998730246), (62.009999996818664, 24.74538672641927), (61.829999996827894, 24.75172997584686), (61.64999999683714, 24.759740206025473), (61.469999996846376, 24.763069321653244), (61.289999996855585, 24.743908734765014), (61.10999999686484, 24.71979081849219), (60.92999999687408, 24.71704320777756), (60.7499999968833, 24.754797414263713), (60.569999996892555, 24.83763278914168), (60.389999996901764, 24.95493686774651), (60.209999996911016, 25.08506312968626), (60.029999996920246, 25.20236720829109), (59.84999999692947, 25.285202583169056), (59.66999999693871, 25.322956789655205), (59.489999996947944, 25.32020917894058), (59.30999999695718, 25.291477990356775), (59.12999999696641, 25.283273925207112), (58.94999999697565, 25.28365674927494), (58.769999996984886, 25.288715842019325), (58.589999996994116, 25.291536140848095), (58.409999997003354, 25.282348363220347), (58.22999999701258, 25.281606944456083), (58.049999997021835, 25.294467894785218), (57.86999999703106, 25.336840219456626), (57.689999997040296, 25.40659173378876), (57.509999997049526, 25.500756762724567), (57.32077345243681, 25.636271636859497), (57.15253729977119, 25.822021429532953), (56.98470555439985, 26.028796147774734), (56.80977416267944, 26.23070538797591), (56.62172190555441, 26.396683351485006), (56.420458914083625, 26.495375910131088), (56.21756030788431, 26.50168205190961), (56.04328495943412, 26.40494970814621), (55.95487938423123, 26.21882596213852), (56.04616675681281, 25.992761639275923)
Associated file(s): api_response_2023-07-13_09-04-22.json, api_response_2023-07-13_09-14-23.json, api_response_2023-07-13_08-44-18.json, api_response_2023-07-13_08-54-20.json

Record time: 2023-07-13T05:15:02Z
Event time: 2023-07-16T15:51:43.333Z
Status: Underway
Travel distance: 856.2861771058315
Waypoints: (69.56727397545241, 22.580601206573764), (69.39623091325147, 22.610894528812146), (69.21072952434561, 22.602112483021077), (69.0252975195487, 22.56764399955946), (68.8449768107784, 22.520805320672057), (68.66908875536902, 22.47411311934801), (68.49430644036272, 22.438666650350594), (68.31703400677934, 22.42363893341818), (68.13509301386459, 22.43587696863643), (67.94871583983073, 22.479610982828415), (67.75718265906251, 22.55620487163859), (67.57389231043818, 22.67048997056933), (67.40596822914378, 22.810317672810108), (67.25493686557635, 22.943467760298226), (67.11672768534385, 23.11144999208393), (66.98327230777633, 23.27224579231797), (66.84506312754381, 23.42846224136097), (66.6940317639764, 23.57411953035606), (66.526107682682, 23.711403148601804), (66.34281733405767, 23.840284020852565), (66.15128415328947, 23.972111184663273), (65.96198976643689, 24.08501036355101), (65.78365674719713, 24.157107281032836), (65.61461326894494, 24.1954090713122), (65.42999999664319, 24.220748147902633), (65.24999999665243, 24.25962659722087), (65.06999999666169, 24.34725454175804), (64.8899999966709, 24.456281867099065), (64.70999999668014, 24.570634808269666), (64.52999999668937, 24.668099877587593), (64.34999999669861, 24.746525506874185), (64.16999999670784, 24.77142360890548), (63.98999999671708, 24.770914792106474), (63.80999999672631, 24.757758243446496), (63.62999999673554, 24.747887197545808), (63.449999996744786, 24.735646519124032), (63.269999996754, 24.748270021613628), (63.089999996763254, 24.754613271041222), (62.909999996772484, 24.749999998730246), (62.72999999678173, 24.749999998730246), (62.54999999679096, 24.749999998730246), (62.3699999968002, 24.749999998730246), (62.189999996809426, 24.749999998730246), (62.009999996818664, 24.74538672641927), (61.829999996827894, 24.75172997584686), (61.64999999683714, 24.759740206025473), (61.469999996846376, 24.763069321653244), (61.289999996855585, 24.743908734765014), (61.10999999686484, 24.71979081849219), (60.92999999687408, 24.71704320777756), (60.7499999968833, 24.754797414263713), (60.569999996892555, 24.83763278914168), (60.389999996901764, 24.95493686774651), (60.209999996911016, 25.08506312968626), (60.029999996920246, 25.20236720829109), (59.84999999692947, 25.285202583169056), (59.66999999693871, 25.322956789655205), (59.489999996947944, 25.32020917894058), (59.30999999695718, 25.291477990356775), (59.12999999696641, 25.283273925207112), (58.94999999697565, 25.28365674927494), (58.769999996984886, 25.288715842019325), (58.589999996994116, 25.291536140848095), (58.409999997003354, 25.282348363220347), (58.22999999701258, 25.281606944456083), (58.049999997021835, 25.294467894785218), (57.86999999703106, 25.336840219456626), (57.689999997040296, 25.40659173378876), (57.509999997049526, 25.500756762724567), (57.32077345243681, 25.636271636859497), (57.15253729977119, 25.822021429532953), (56.98470555439985, 26.028796147774734), (56.80977416267944, 26.23070538797591), (56.62172190555441, 26.396683351485006), (56.420458914083625, 26.495375910131088), (56.21756030788431, 26.50168205190961), (56.04328495943412, 26.40494970814621), (55.95487938423123, 26.21882596213852), (56.04616675681281, 25.992761639275923)
Associated file(s): api_response_2023-07-13_09-34-27.json, api_response_2023-07-13_10-14-34.json, api_response_2023-07-13_09-54-30.json, api_response_2023-07-13_10-04-32.json, api_response_2023-07-13_09-44-29.json, api_response_2023-07-13_10-24-35.json, api_response_2023-07-13_09-24-25.json

Record time: 2023-07-13T06:22:34Z
Event time: 2023-07-16T15:20:08.333Z
Status: Underway
Travel distance: 846.8596112311016
Waypoints: (69.39418639484083, 22.591225213230686), (69.20398127730394, 22.601859205325574), (69.02537101530856, 22.576434606395093), (68.85097005592334, 22.529962172811707), (68.67576732461238, 22.47831522656909), (68.49701961600117, 22.436343156426283), (68.3140504900941, 22.41640747928878), (68.12795467394365, 22.427340461826507), (67.94120796877105, 22.473826302328725), (67.75718265906251, 22.55620487163859), (67.57389231043818, 22.67048997056933), (67.40596822914378, 22.810317672810108), (67.25493686557635, 22.943467760298226), (67.11672768534385, 23.11144999208393), (66.98327230777633, 23.27224579231797), (66.84506312754381, 23.42846224136097), (66.6940317639764, 23.57411953035606), (66.526107682682, 23.711403148601804), (66.34281733405767, 23.840284020852565), (66.15128415328947, 23.972111184663273), (65.96198976643689, 24.08501036355101), (65.78365674719713, 24.157107281032836), (65.61461326894494, 24.1954090713122), (65.42999999664319, 24.220748147902633), (65.24999999665243, 24.25962659722087), (65.06999999666169, 24.34725454175804), (64.8899999966709, 24.456281867099065), (64.70999999668014, 24.570634808269666), (64.52999999668937, 24.668099877587593), (64.34999999669861, 24.746525506874185), (64.16999999670784, 24.77142360890548), (63.98999999671708, 24.770914792106474), (63.80999999672631, 24.757758243446496), (63.62999999673554, 24.747887197545808), (63.449999996744786, 24.735646519124032), (63.269999996754, 24.748270021613628), (63.089999996763254, 24.754613271041222), (62.909999996772484, 24.749999998730246), (62.72999999678173, 24.749999998730246), (62.54999999679096, 24.749999998730246), (62.3699999968002, 24.749999998730246), (62.189999996809426, 24.749999998730246), (62.009999996818664, 24.74538672641927), (61.829999996827894, 24.75172997584686), (61.64999999683714, 24.759740206025473), (61.469999996846376, 24.763069321653244), (61.289999996855585, 24.743908734765014), (61.10999999686484, 24.71979081849219), (60.92999999687408, 24.71704320777756), (60.7499999968833, 24.754797414263713), (60.569999996892555, 24.83763278914168), (60.389999996901764, 24.95493686774651), (60.209999996911016, 25.08506312968626), (60.029999996920246, 25.20236720829109), (59.84999999692947, 25.285202583169056), (59.66999999693871, 25.322956789655205), (59.489999996947944, 25.32020917894058), (59.30999999695718, 25.291477990356775), (59.12999999696641, 25.283273925207112), (58.94999999697565, 25.28365674927494), (58.769999996984886, 25.288715842019325), (58.589999996994116, 25.291536140848095), (58.409999997003354, 25.282348363220347), (58.22999999701258, 25.281606944456083), (58.049999997021835, 25.294467894785218), (57.86999999703106, 25.336840219456626), (57.689999997040296, 25.40659173378876), (57.509999997049526, 25.500756762724567), (57.32077345243681, 25.636271636859497), (57.15253729977119, 25.822021429532953), (56.98470555439985, 26.028796147774734), (56.80977416267944, 26.23070538797591), (56.62172190555441, 26.396683351485006), (56.420458914083625, 26.495375910131088), (56.21756030788431, 26.50168205190961), (56.04328495943412, 26.40494970814621), (55.95487938423123, 26.21882596213852), (56.04616675681281, 25.992761639275923)
Associated file(s): api_response_2023-07-13_10-34-37.json
