Record time: 2023-11-09T10:12:56Z
Event time: 2023-11-12T01:13:22.285Z
Status: Underway
Travel distance: 822.2483801295896
Waypoints: (68.65092681506134, 21.850246806740177), (68.55020520074892, 22.087433908882875), (68.43989800658355, 22.249072509453114), (68.30385217146564, 22.359183166705407), (68.14072362608451, 22.44035448304555), (67.95805757290226, 22.51215026615597), (67.76739318395967, 22.589951849631053), (67.58039271650414, 22.684235573122535), (67.40599504643966, 22.800285421994893), (67.24859361614875, 22.93834082531397), (67.12134095765482, 23.109720014967312), (66.98327230777633, 23.276859064628947), (66.84506312754381, 23.42846224136097), (66.6940317639764, 23.57411953035606), (66.526107682682, 23.711403148601804), (66.34281733405767, 23.840284020852565), (66.15128415328947, 23.972111184663273), (65.96198976643689, 24.08501036355101), (65.78365674719713, 24.157107281032836), (65.61461326894494, 24.1954090713122), (65.42999999664319, 24.220748147902633), (65.24999999665243, 24.25962659722087), (65.06999999666169, 24.34725454175804), (64.8899999966709, 24.456281867099065), (64.70999999668014, 24.570634808269666), (64.52999999668937, 24.668099877587593), (64.34999999669861, 24.746525506874185), (64.16999999670784, 24.77142360890548), (63.98999999671708, 24.770914792106474), (63.80999999672631, 24.757758243446496), (63.62999999673554, 24.747887197545808), (63.449999996744786, 24.735646519124032), (63.269999996754, 24.748270021613628), (63.089999996763254, 24.754613271041222), (62.909999996772484, 24.749999998730246), (62.72999999678173, 24.749999998730246), (62.54999999679096, 24.749999998730246), (62.3699999968002, 24.749999998730246), (62.189999996809426, 24.749999998730246), (62.009999996818664, 24.74538672641927), (61.829999996827894, 24.75172997584686), (61.64999999683714, 24.759740206025473), (61.469999996846376, 24.763069321653244), (61.289999996855585, 24.743908734765014), (61.10999999686484, 24.71979081849219), (60.92999999687408, 24.71704320777756), (60.7499999968833, 24.754797414263713), (60.569999996892555, 24.83763278914168), (60.389999996901764, 24.95493686774651), (60.209999996911016, 25.08506312968626), (60.029999996920246, 25.20236720829109), (59.84999999692947, 25.285202583169056), (59.66999999693871, 25.322956789655205), (59.489999996947944, 25.32020917894058), (59.30999999695718, 25.291477990356775), (59.12999999696641, 25.283273925207112), (58.94999999697565, 25.28365674927494), (58.769999996984886, 25.288715842019325), (58.589999996994116, 25.291536140848095), (58.409999997003354, 25.282348363220347), (58.22999999701258, 25.281606944456083), (58.049999997021835, 25.294467894785218), (57.86999999703106, 25.336840219456626), (57.689999997040296, 25.40659173378876), (57.509999997049526, 25.500756762724567), (57.32077345243681, 25.636271636859497), (57.15253729977119, 25.822021429532953), (56.98470555439985, 26.028796147774734), (56.80977416267944, 26.23070538797591), (56.62172190555441, 26.396683351485006), (56.420458914083625, 26.495375910131088), (56.21756030788431, 26.50168205190961), (56.04328495943412, 26.40494970814621), (55.95487938423123, 26.21882596213852), (56.04616675681281, 25.992761639275923)
Associated file(s): api_response_2023-11-09_15-27-22.json, api_response_2023-11-09_15-07-19.json, api_response_2023-11-09_14-47-15.json, api_response_2023-11-09_14-27-12.json, api_response_2023-11-09_15-27-22.json, api_response_2023-11-09_15-07-19.json, api_response_2023-11-09_14-47-15.json, api_response_2023-11-09_14-27-12.json

Record time: 2023-11-09T11:31:11Z
Event time: 2023-11-12T01:44:27.333Z
Status: Underway
Travel distance: 811.3142548596112
Waypoints: (68.49598527147907, 22.030341169128356), (68.46546877470352, 22.277268566673605), (68.33136775046192, 22.388315446836113), (68.1462634589263, 22.445235012665357), (67.94524840000489, 22.497482715158046), (67.74944151054221, 22.57049058358522), (67.56918062629254, 22.67285123410713), (67.40689220866628, 22.802411556675935), (67.25963833624984, 22.951276080226148), (67.12134095765482, 23.109720014967312), (66.98327230777633, 23.276859064628947), (66.84506312754381, 23.42846224136097), (66.6940317639764, 23.57411953035606), (66.526107682682, 23.711403148601804), (66.34281733405767, 23.840284020852565), (66.15128415328947, 23.972111184663273), (65.96198976643689, 24.08501036355101), (65.78365674719713, 24.157107281032836), (65.61461326894494, 24.1954090713122), (65.42999999664319, 24.220748147902633), (65.24999999665243, 24.25962659722087), (65.06999999666169, 24.34725454175804), (64.8899999966709, 24.456281867099065), (64.70999999668014, 24.570634808269666), (64.52999999668937, 24.668099877587593), (64.34999999669861, 24.746525506874185), (64.16999999670784, 24.77142360890548), (63.98999999671708, 24.770914792106474), (63.80999999672631, 24.757758243446496), (63.62999999673554, 24.747887197545808), (63.449999996744786, 24.735646519124032), (63.269999996754, 24.748270021613628), (63.089999996763254, 24.754613271041222), (62.909999996772484, 24.749999998730246), (62.72999999678173, 24.749999998730246), (62.54999999679096, 24.749999998730246), (62.3699999968002, 24.749999998730246), (62.189999996809426, 24.749999998730246), (62.009999996818664, 24.74538672641927), (61.829999996827894, 24.75172997584686), (61.64999999683714, 24.759740206025473), (61.469999996846376, 24.763069321653244), (61.289999996855585, 24.743908734765014), (61.10999999686484, 24.71979081849219), (60.92999999687408, 24.71704320777756), (60.7499999968833, 24.754797414263713), (60.569999996892555, 24.83763278914168), (60.389999996901764, 24.95493686774651), (60.209999996911016, 25.08506312968626), (60.029999996920246, 25.20236720829109), (59.84999999692947, 25.285202583169056), (59.66999999693871, 25.322956789655205), (59.489999996947944, 25.32020917894058), (59.30999999695718, 25.291477990356775), (59.12999999696641, 25.283273925207112), (58.94999999697565, 25.28365674927494), (58.769999996984886, 25.288715842019325), (58.589999996994116, 25.291536140848095), (58.409999997003354, 25.282348363220347), (58.22999999701258, 25.281606944456083), (58.049999997021835, 25.294467894785218), (57.86999999703106, 25.336840219456626), (57.689999997040296, 25.40659173378876), (57.509999997049526, 25.500756762724567), (57.32077345243681, 25.636271636859497), (57.15253729977119, 25.822021429532953), (56.98470555439985, 26.028796147774734), (56.80977416267944, 26.23070538797591), (56.62172190555441, 26.396683351485006), (56.420458914083625, 26.495375910131088), (56.21756030788431, 26.50168205190961), (56.04328495943412, 26.40494970814621), (55.95487938423123, 26.21882596213852), (56.04616675681281, 25.992761639275923)
Associated file(s): api_response_2023-11-09_15-47-25.json, api_response_2023-11-09_16-07-28.json, api_response_2023-11-09_16-47-35.json, api_response_2023-11-09_16-27-32.json, api_response_2023-11-09_17-07-38.json, api_response_2023-11-09_15-47-25.json, api_response_2023-11-09_16-07-28.json, api_response_2023-11-09_16-47-35.json, api_response_2023-11-09_16-27-32.json, api_response_2023-11-09_17-07-38.json

Record time: 2023-11-09T13:10:01Z
Event time: 2023-11-12T02:16:11.400Z
Status: Underway
Travel distance: 792.2656587473002
Waypoints: (68.12999999999998, 22.05329070106095), (67.95, 22.054062575410885), (67.77, 22.2039120449345), (67.58999999999997, 22.410056476462053), (67.40999999999998, 22.617084619244018), (67.22999999999999, 22.797641865416878), (67.05000000000001, 22.94424847587467), (66.87000000000002, 23.06225077154643), (66.69000000000004, 23.16390529007946), (66.5099999965878, 23.26359590673489), (66.32999999659702, 23.377309192501038), (66.14999999660627, 23.497099204609572), (65.96999999661551, 23.643410686631952), (65.78999999662473, 23.824152105386982), (65.60999999663396, 24.029554178333775), (65.42999999664319, 24.235528064445155), (65.24999999665243, 24.417897696957006), (65.06999999666169, 24.575907119482217), (64.8899999966709, 24.678222908950644), (64.70999999668014, 24.749563870045385), (64.52999999668937, 24.774500739070895), (64.34999999669861, 24.77046897167306), (64.16999999670784, 24.75436128557886), (63.98999999671708, 24.741543948118213), (63.80999999672631, 24.740259791435008), (63.62999999673554, 24.748270021613628), (63.449999996744786, 24.754613271041222), (63.269999996754, 24.749999998730246), (63.089999996763254, 24.749999998730246), (62.909999996772484, 24.749999998730246), (62.72999999678173, 24.749999998730246), (62.54999999679096, 24.749999998730246), (62.3699999968002, 24.749999998730246), (62.189999996809426, 24.749999998730246), (62.009999996818664, 24.74538672641927), (61.829999996827894, 24.75172997584686), (61.64999999683714, 24.759740206025473), (61.469999996846376, 24.763069321653244), (61.289999996855585, 24.743908734765014), (61.10999999686484, 24.71979081849219), (60.92999999687408, 24.71704320777756), (60.7499999968833, 24.754797414263713), (60.569999996892555, 24.83763278914168), (60.389999996901764, 24.95493686774651), (60.209999996911016, 25.08506312968626), (60.029999996920246, 25.20236720829109), (59.84999999692947, 25.285202583169056), (59.66999999693871, 25.322956789655205), (59.489999996947944, 25.32020917894058), (59.30999999695718, 25.291477990356775), (59.12999999696641, 25.283273925207112), (58.94999999697565, 25.28365674927494), (58.769999996984886, 25.288715842019325), (58.589999996994116, 25.291536140848095), (58.409999997003354, 25.282348363220347), (58.22999999701258, 25.281606944456083), (58.049999997021835, 25.294467894785218), (57.86999999703106, 25.336840219456626), (57.689999997040296, 25.40659173378876), (57.509999997049526, 25.500756762724567), (57.32077345243681, 25.636271636859497), (57.15253729977119, 25.822021429532953), (56.98470555439985, 26.028796147774734), (56.80977416267944, 26.23070538797591), (56.62172190555441, 26.396683351485006), (56.420458914083625, 26.495375910131088), (56.21756030788431, 26.50168205190961), (56.04328495943412, 26.40494970814621), (55.95487938423123, 26.21882596213852), (56.04616675681281, 25.992761639275923)
Associated file(s): api_response_2023-11-09_19-28-03.json, api_response_2023-11-09_18-27-52.json, api_response_2023-11-09_17-47-45.json, api_response_2023-11-09_17-27-42.json, api_response_2023-11-09_19-08-00.json, api_response_2023-11-09_18-47-56.json, api_response_2023-11-09_18-07-49.json, api_response_2023-11-09_20-08-10.json, api_response_2023-11-09_19-48-07.json, api_response_2023-11-09_19-28-03.json, api_response_2023-11-09_18-27-52.json, api_response_2023-11-09_17-47-45.json, api_response_2023-11-09_17-27-42.json, api_response_2023-11-09_19-08-00.json, api_response_2023-11-09_18-47-56.json, api_response_2023-11-09_18-07-49.json, api_response_2023-11-09_20-08-10.json, api_response_2023-11-09_19-48-07.json

Record time: 2023-11-09T16:19:37Z
Event time: 2023-11-12T02:22:16.800Z
Status: Underway
Travel distance: 749.866090712743
Waypoints: (67.41, 22.227079259413358), (67.23, 22.428660287081335), (67.05000000000001, 22.579271528041208), (66.87000000000002, 22.708604975587065), (66.69000000000001, 22.83594610800425), (66.51000000000002, 22.972524137593453), (66.33000000000003, 23.12354727786683), (66.15000000000002, 23.28992302891616), (65.97000000000003, 23.469663480953017), (65.78999999662473, 23.65897563480722), (65.60999999663396, 23.84955417834301), (65.42999999664319, 24.040704535043393), (65.24999999665243, 24.22585569938979), (65.06999999666169, 24.414500739089362), (64.8899999966709, 24.569563870054623), (64.70999999668014, 24.68283618126162), (64.52999999668937, 24.749563870045385), (64.34999999669861, 24.774500739070895), (64.16999999670784, 24.77046897167306), (63.98999999671708, 24.75436128557886), (63.80999999672631, 24.741543948118213), (63.62999999673554, 24.740259791435008), (63.449999996744786, 24.748270021613628), (63.269999996754, 24.754613271041222), (63.089999996763254, 24.749999998730246), (62.909999996772484, 24.749999998730246), (62.72999999678173, 24.749999998730246), (62.54999999679096, 24.749999998730246), (62.3699999968002, 24.749999998730246), (62.189999996809426, 24.749999998730246), (62.009999996818664, 24.74538672641927), (61.829999996827894, 24.75172997584686), (61.64999999683714, 24.759740206025473), (61.469999996846376, 24.763069321653244), (61.289999996855585, 24.743908734765014), (61.10999999686484, 24.71979081849219), (60.92999999687408, 24.71704320777756), (60.7499999968833, 24.754797414263713), (60.569999996892555, 24.83763278914168), (60.389999996901764, 24.95493686774651), (60.209999996911016, 25.08506312968626), (60.029999996920246, 25.20236720829109), (59.84999999692947, 25.285202583169056), (59.66999999693871, 25.322956789655205), (59.489999996947944, 25.32020917894058), (59.30999999695718, 25.291477990356775), (59.12999999696641, 25.283273925207112), (58.94999999697565, 25.28365674927494), (58.769999996984886, 25.288715842019325), (58.589999996994116, 25.291536140848095), (58.409999997003354, 25.282348363220347), (58.22999999701258, 25.281606944456083), (58.049999997021835, 25.294467894785218), (57.86999999703106, 25.336840219456626), (57.689999997040296, 25.40659173378876), (57.509999997049526, 25.500756762724567), (57.32077345243681, 25.636271636859497), (57.15253729977119, 25.822021429532953), (56.98470555439985, 26.028796147774734), (56.80977416267944, 26.23070538797591), (56.62172190555441, 26.396683351485006), (56.420458914083625, 26.495375910131088), (56.21756030788431, 26.50168205190961), (56.04328495943412, 26.40494970814621), (55.95487938423123, 26.21882596213852), (56.04616675681281, 25.992761639275923)
Associated file(s): api_response_2023-11-09_21-08-20.json, api_response_2023-11-09_20-48-17.json, api_response_2023-11-09_20-28-14.json, api_response_2023-11-09_21-08-20.json, api_response_2023-11-09_20-48-17.json, api_response_2023-11-09_20-28-14.json

Record time: 2023-11-09T17:13:25Z
Event time: 2023-11-12T01:47:44.111Z
Status: Underway
Travel distance: 734.2467602591793
Waypoints: (67.23, 22.426025130018747), (67.05000000000003, 22.5728520074891), (66.87000000000003, 22.70898448096528), (66.69000000000003, 22.841962070020454), (66.51000000000003, 22.979016581211244), (66.33000000000004, 23.126042844381377), (66.15000000000005, 23.286834033700874), (65.97000000000006, 23.462581573440715), (65.79000000000006, 23.651639628482993), (65.60999999663396, 23.84955417834301), (65.42999999664319, 24.040704535043393), (65.24999999665243, 24.22585569938979), (65.06999999666169, 24.414500739089362), (64.8899999966709, 24.569563870054623), (64.70999999668014, 24.68283618126162), (64.52999999668937, 24.749563870045385), (64.34999999669861, 24.774500739070895), (64.16999999670784, 24.77046897167306), (63.98999999671708, 24.75436128557886), (63.80999999672631, 24.741543948118213), (63.62999999673554, 24.740259791435008), (63.449999996744786, 24.748270021613628), (63.269999996754, 24.754613271041222), (63.089999996763254, 24.749999998730246), (62.909999996772484, 24.749999998730246), (62.72999999678173, 24.749999998730246), (62.54999999679096, 24.749999998730246), (62.3699999968002, 24.749999998730246), (62.189999996809426, 24.749999998730246), (62.009999996818664, 24.74538672641927), (61.829999996827894, 24.75172997584686), (61.64999999683714, 24.759740206025473), (61.469999996846376, 24.763069321653244), (61.289999996855585, 24.743908734765014), (61.10999999686484, 24.71979081849219), (60.92999999687408, 24.71704320777756), (60.7499999968833, 24.754797414263713), (60.569999996892555, 24.83763278914168), (60.389999996901764, 24.95493686774651), (60.209999996911016, 25.08506312968626), (60.029999996920246, 25.20236720829109), (59.84999999692947, 25.285202583169056), (59.66999999693871, 25.322956789655205), (59.489999996947944, 25.32020917894058), (59.30999999695718, 25.291477990356775), (59.12999999696641, 25.283273925207112), (58.94999999697565, 25.28365674927494), (58.769999996984886, 25.288715842019325), (58.589999996994116, 25.291536140848095), (58.409999997003354, 25.282348363220347), (58.22999999701258, 25.281606944456083), (58.049999997021835, 25.294467894785218), (57.86999999703106, 25.336840219456626), (57.689999997040296, 25.40659173378876), (57.509999997049526, 25.500756762724567), (57.32077345243681, 25.636271636859497), (57.15253729977119, 25.822021429532953), (56.98470555439985, 26.028796147774734), (56.80977416267944, 26.23070538797591), (56.62172190555441, 26.396683351485006), (56.420458914083625, 26.495375910131088), (56.21756030788431, 26.50168205190961), (56.04328495943412, 26.40494970814621), (55.95487938423123, 26.21882596213852), (56.04616675681281, 25.992761639275923)
Associated file(s): api_response_2023-11-09_21-28-24.json, api_response_2023-11-09_21-48-27.json, api_response_2023-11-09_22-08-30.json, api_response_2023-11-09_21-28-24.json, api_response_2023-11-09_21-48-27.json, api_response_2023-11-09_22-08-30.json

Record time: 2023-11-09T18:18:51Z
Event time: 2023-11-12T01:15:28.500Z
Status: Underway
Travel distance: 712.8115550755939
Waypoints: (66.86999999999998, 22.393685791553988), (66.68999999999998, 22.624708383607256), (66.50999999999998, 22.783903224464336), (66.32999999999996, 22.88858065810889), (66.14999999999995, 22.957386066887747), (65.96999999999996, 23.008612053500407), (65.78999999999996, 23.058804767557117), (65.60999999999999, 23.121664376705546), (65.43, 23.207239682326033), (65.24999999665243, 23.321416878598935), (65.06999999666169, 23.47485664168165), (64.8899999966709, 23.645688247541784), (64.70999999668014, 23.829172431137163), (64.52999999668937, 24.03647408680024), (64.34999999669861, 24.244822451306973), (64.16999999670784, 24.41623071620598), (63.98999999671708, 24.564950597743646), (63.80999999672631, 24.68283618126162), (63.62999999673554, 24.749563870045385), (63.449999996744786, 24.774500739070895), (63.269999996754, 24.77046897167306), (63.089999996763254, 24.75436128557886), (62.909999996772484, 24.741543948118213), (62.72999999678173, 24.740259791435008), (62.54999999679096, 24.748270021613628), (62.3699999968002, 24.754613271041222), (62.189999996809426, 24.749999998730246), (62.009999996818664, 24.74538672641927), (61.829999996827894, 24.75172997584686), (61.64999999683714, 24.759740206025473), (61.469999996846376, 24.763069321653244), (61.289999996855585, 24.743908734765014), (61.10999999686484, 24.71979081849219), (60.92999999687408, 24.71704320777756), (60.7499999968833, 24.754797414263713), (60.569999996892555, 24.83763278914168), (60.389999996901764, 24.95493686774651), (60.209999996911016, 25.08506312968626), (60.029999996920246, 25.20236720829109), (59.84999999692947, 25.285202583169056), (59.66999999693871, 25.322956789655205), (59.489999996947944, 25.32020917894058), (59.30999999695718, 25.291477990356775), (59.12999999696641, 25.283273925207112), (58.94999999697565, 25.28365674927494), (58.769999996984886, 25.288715842019325), (58.589999996994116, 25.291536140848095), (58.409999997003354, 25.282348363220347), (58.22999999701258, 25.281606944456083), (58.049999997021835, 25.294467894785218), (57.86999999703106, 25.336840219456626), (57.689999997040296, 25.40659173378876), (57.509999997049526, 25.500756762724567), (57.32077345243681, 25.636271636859497), (57.15253729977119, 25.822021429532953), (56.98470555439985, 26.028796147774734), (56.80977416267944, 26.23070538797591), (56.62172190555441, 26.396683351485006), (56.420458914083625, 26.495375910131088), (56.21756030788431, 26.50168205190961), (56.04328495943412, 26.40494970814621), (55.95487938423123, 26.21882596213852), (56.04616675681281, 25.992761639275923)
Associated file(s): api_response_2023-11-10_00-48-59.json, api_response_2023-11-09_23-48-48.json, api_response_2023-11-10_01-09-02.json, api_response_2023-11-09_23-28-45.json, api_response_2023-11-10_00-28-55.json, api_response_2023-11-09_22-28-34.json, api_response_2023-11-10_00-08-52.json, api_response_2023-11-09_23-08-42.json, api_response_2023-11-09_22-48-38.json, api_response_2023-11-10_00-48-59.json, api_response_2023-11-09_23-48-48.json, api_response_2023-11-10_01-09-02.json, api_response_2023-11-09_23-28-45.json, api_response_2023-11-10_00-28-55.json, api_response_2023-11-09_22-28-34.json, api_response_2023-11-10_00-08-52.json, api_response_2023-11-09_23-08-42.json, api_response_2023-11-09_22-48-38.json

Record time: 2023-11-09T21:19:32Z
Event time: 2023-11-12T01:40:14.375Z
Status: Underway
Travel distance: 673.5129589632829
Waypoints: (66.32999999999998, 22.77650351570625), (66.15000000000002, 22.92396646557102), (65.97000000000001, 23.006246679474764), (65.79, 23.062878121367103), (65.61, 23.122367968281534), (65.42999999999999, 23.203302923432723), (65.25, 23.315524825316004), (65.07000000000002, 23.461375552809), (64.89000000000003, 23.63701122627539), (64.70999999668014, 23.83378570344814), (64.52999999668937, 24.03647408680024), (64.34999999669861, 24.244822451306973), (64.16999999670784, 24.41623071620598), (63.98999999671708, 24.564950597743646), (63.80999999672631, 24.68283618126162), (63.62999999673554, 24.749563870045385), (63.449999996744786, 24.774500739070895), (63.269999996754, 24.77046897167306), (63.089999996763254, 24.75436128557886), (62.909999996772484, 24.741543948118213), (62.72999999678173, 24.740259791435008), (62.54999999679096, 24.748270021613628), (62.3699999968002, 24.754613271041222), (62.189999996809426, 24.749999998730246), (62.009999996818664, 24.74538672641927), (61.829999996827894, 24.75172997584686), (61.64999999683714, 24.759740206025473), (61.469999996846376, 24.763069321653244), (61.289999996855585, 24.743908734765014), (61.10999999686484, 24.71979081849219), (60.92999999687408, 24.71704320777756), (60.7499999968833, 24.754797414263713), (60.569999996892555, 24.83763278914168), (60.389999996901764, 24.95493686774651), (60.209999996911016, 25.08506312968626), (60.029999996920246, 25.20236720829109), (59.84999999692947, 25.285202583169056), (59.66999999693871, 25.322956789655205), (59.489999996947944, 25.32020917894058), (59.30999999695718, 25.291477990356775), (59.12999999696641, 25.283273925207112), (58.94999999697565, 25.28365674927494), (58.769999996984886, 25.288715842019325), (58.589999996994116, 25.291536140848095), (58.409999997003354, 25.282348363220347), (58.22999999701258, 25.281606944456083), (58.049999997021835, 25.294467894785218), (57.86999999703106, 25.336840219456626), (57.689999997040296, 25.40659173378876), (57.509999997049526, 25.500756762724567), (57.32077345243681, 25.636271636859497), (57.15253729977119, 25.822021429532953), (56.98470555439985, 26.028796147774734), (56.80977416267944, 26.23070538797591), (56.62172190555441, 26.396683351485006), (56.420458914083625, 26.495375910131088), (56.21756030788431, 26.50168205190961), (56.04328495943412, 26.40494970814621), (55.95487938423123, 26.21882596213852), (56.04616675681281, 25.992761639275923)
Associated file(s): api_response_2023-11-10_04-09-33.json, api_response_2023-11-10_03-29-26.json, api_response_2023-11-10_03-09-23.json, api_response_2023-11-10_04-29-37.json, api_response_2023-11-10_03-49-30.json, api_response_2023-11-10_02-49-19.json, api_response_2023-11-10_01-29-06.json, api_response_2023-11-10_02-29-16.json, api_response_2023-11-10_02-09-13.json, api_response_2023-11-10_01-49-09.json, api_response_2023-11-10_04-09-33.json, api_response_2023-11-10_03-29-26.json, api_response_2023-11-10_03-09-23.json, api_response_2023-11-10_04-29-37.json, api_response_2023-11-10_03-49-30.json, api_response_2023-11-10_02-49-19.json, api_response_2023-11-10_01-29-06.json, api_response_2023-11-10_02-29-16.json, api_response_2023-11-10_02-09-13.json, api_response_2023-11-10_01-49-09.json

Record time: 2023-11-10T00:26:06Z
Event time: 2023-11-12T01:21:39Z
Status: Underway
Travel distance: 635.1571274298057
Waypoints: (65.61, 22.937395881006875), (65.43000000000002, 23.155043478260872), (65.25000000000001, 23.31773886121954), (65.07000000000001, 23.47432844258984), (64.89, 23.646873065015466), (64.71, 23.83872365055861), (64.53, 24.04147745322384), (64.35000000000002, 24.24081491452415), (64.17000000000003, 24.421217122089097), (63.98999999671708, 24.569563870054623), (63.80999999672631, 24.68283618126162), (63.62999999673554, 24.749563870045385), (63.449999996744786, 24.774500739070895), (63.269999996754, 24.77046897167306), (63.089999996763254, 24.75436128557886), (62.909999996772484, 24.741543948118213), (62.72999999678173, 24.740259791435008), (62.54999999679096, 24.748270021613628), (62.3699999968002, 24.754613271041222), (62.189999996809426, 24.749999998730246), (62.009999996818664, 24.74538672641927), (61.829999996827894, 24.75172997584686), (61.64999999683714, 24.759740206025473), (61.469999996846376, 24.763069321653244), (61.289999996855585, 24.743908734765014), (61.10999999686484, 24.71979081849219), (60.92999999687408, 24.71704320777756), (60.7499999968833, 24.754797414263713), (60.569999996892555, 24.83763278914168), (60.389999996901764, 24.95493686774651), (60.209999996911016, 25.08506312968626), (60.029999996920246, 25.20236720829109), (59.84999999692947, 25.285202583169056), (59.66999999693871, 25.322956789655205), (59.489999996947944, 25.32020917894058), (59.30999999695718, 25.291477990356775), (59.12999999696641, 25.283273925207112), (58.94999999697565, 25.28365674927494), (58.769999996984886, 25.288715842019325), (58.589999996994116, 25.291536140848095), (58.409999997003354, 25.282348363220347), (58.22999999701258, 25.281606944456083), (58.049999997021835, 25.294467894785218), (57.86999999703106, 25.336840219456626), (57.689999997040296, 25.40659173378876), (57.509999997049526, 25.500756762724567), (57.32077345243681, 25.636271636859497), (57.15253729977119, 25.822021429532953), (56.98470555439985, 26.028796147774734), (56.80977416267944, 26.23070538797591), (56.62172190555441, 26.396683351485006), (56.420458914083625, 26.495375910131088), (56.21756030788431, 26.50168205190961), (56.04328495943412, 26.40494970814621), (55.95487938423123, 26.21882596213852), (56.04616675681281, 25.992761639275923)
Associated file(s): api_response_2023-11-10_06-50-01.json, api_response_2023-11-10_06-09-54.json, api_response_2023-11-10_07-30-08.json, api_response_2023-11-10_04-49-41.json, api_response_2023-11-10_05-49-51.json, api_response_2023-11-10_05-09-44.json, api_response_2023-11-10_06-29-58.json, api_response_2023-11-10_05-29-47.json, api_response_2023-11-10_07-10-05.json, api_response_2023-11-10_06-50-01.json, api_response_2023-11-10_06-09-54.json, api_response_2023-11-10_07-30-08.json, api_response_2023-11-10_04-49-41.json, api_response_2023-11-10_05-49-51.json, api_response_2023-11-10_05-09-44.json, api_response_2023-11-10_06-29-58.json, api_response_2023-11-10_05-29-47.json, api_response_2023-11-10_07-10-05.json

Record time: 2023-11-10T03:32:12Z
Event time: 2023-11-12T01:10:37.888Z
Status: Underway
Travel distance: 590.6447084233262
Waypoints: (64.89000000000004, 23.12332723112127), (64.71000000000006, 23.32713501144164), (64.53000000000004, 23.489728631040514), (64.35000000000002, 23.654284829721362), (64.17000000000002, 23.83639520796877), (63.990000000000016, 24.033421187239195), (63.810000000000024, 24.232409745591596), (63.63000000000004, 24.416569928657957), (63.45000000000005, 24.570310135953687), (63.269999996754, 24.68283618126162), (63.089999996763254, 24.749563870045385), (62.909999996772484, 24.774500739070895), (62.72999999678173, 24.77046897167306), (62.54999999679096, 24.75436128557886), (62.3699999968002, 24.741543948118213), (62.189999996809426, 24.740259791435008), (62.009999996818664, 24.74365674930265), (61.829999996827894, 24.756343248157837), (61.64999999683714, 24.759740206025473), (61.469999996846376, 24.763069321653244), (61.289999996855585, 24.743908734765014), (61.10999999686484, 24.71979081849219), (60.92999999687408, 24.71704320777756), (60.7499999968833, 24.754797414263713), (60.569999996892555, 24.83763278914168), (60.389999996901764, 24.95493686774651), (60.209999996911016, 25.08506312968626), (60.029999996920246, 25.20236720829109), (59.84999999692947, 25.285202583169056), (59.66999999693871, 25.322956789655205), (59.489999996947944, 25.32020917894058), (59.30999999695718, 25.291477990356775), (59.12999999696641, 25.283273925207112), (58.94999999697565, 25.28365674927494), (58.769999996984886, 25.288715842019325), (58.589999996994116, 25.291536140848095), (58.409999997003354, 25.282348363220347), (58.22999999701258, 25.281606944456083), (58.049999997021835, 25.294467894785218), (57.86999999703106, 25.336840219456626), (57.689999997040296, 25.40659173378876), (57.509999997049526, 25.500756762724567), (57.32077345243681, 25.636271636859497), (57.15253729977119, 25.822021429532953), (56.98470555439985, 26.028796147774734), (56.80977416267944, 26.23070538797591), (56.62172190555441, 26.396683351485006), (56.420458914083625, 26.495375910131088), (56.21756030788431, 26.50168205190961), (56.04328495943412, 26.40494970814621), (55.95487938423123, 26.21882596213852), (56.04616675681281, 25.992761639275923)
Associated file(s): api_response_2023-11-10_07-50-12.json, api_response_2023-11-10_09-10-25.json, api_response_2023-11-10_08-30-18.json, api_response_2023-11-10_09-30-28.json, api_response_2023-11-10_08-10-15.json, api_response_2023-11-10_08-50-21.json, api_response_2023-11-10_07-50-12.json, api_response_2023-11-10_09-10-25.json, api_response_2023-11-10_08-30-18.json, api_response_2023-11-10_09-30-28.json, api_response_2023-11-10_08-10-15.json, api_response_2023-11-10_08-50-21.json

Record time: 2023-11-10T05:40:32Z
Event time: 2023-11-12T00:25:52.625Z
Status: Underway
Travel distance: 553.2386609071274
Waypoints: (64.35000000000001, 23.32385030164344), (64.17000000000002, 23.441152236322022), (63.99000000000001, 23.541886567383344), (63.81, 23.667642350004282), (63.629999999999995, 23.830034484024527), (63.45, 24.021244944260214), (63.27000000000001, 24.222910598514424), (63.09000000000002, 24.41335761328455), (62.910000000000025, 24.57318244716651), (62.72999999678173, 24.689179430689215), (62.54999999679096, 24.74495059773441), (62.3699999968002, 24.774500739070895), (62.189999996809426, 24.77046897167306), (62.009999996818664, 24.749748013267883), (61.829999996827894, 24.743273925234828), (61.64999999683714, 24.749999998730242), (61.469999996846376, 24.761339344536626), (61.289999996855585, 24.74852200707599), (61.10999999686484, 24.71979081849219), (60.92999999687408, 24.71704320777756), (60.7499999968833, 24.754797414263713), (60.569999996892555, 24.83763278914168), (60.389999996901764, 24.95493686774651), (60.209999996911016, 25.08506312968626), (60.029999996920246, 25.20236720829109), (59.84999999692947, 25.285202583169056), (59.66999999693871, 25.322956789655205), (59.489999996947944, 25.32020917894058), (59.30999999695718, 25.291477990356775), (59.12999999696641, 25.283273925207112), (58.94999999697565, 25.28365674927494), (58.769999996984886, 25.288715842019325), (58.589999996994116, 25.291536140848095), (58.409999997003354, 25.282348363220347), (58.22999999701258, 25.281606944456083), (58.049999997021835, 25.294467894785218), (57.86999999703106, 25.336840219456626), (57.689999997040296, 25.40659173378876), (57.509999997049526, 25.500756762724567), (57.32077345243681, 25.636271636859497), (57.15253729977119, 25.822021429532953), (56.98470555439985, 26.028796147774734), (56.80977416267944, 26.23070538797591), (56.62172190555441, 26.396683351485006), (56.420458914083625, 26.495375910131088), (56.21756030788431, 26.50168205190961), (56.04328495943412, 26.40494970814621), (55.95487938423123, 26.21882596213852), (56.04616675681281, 25.992761639275923)
Associated file(s): api_response_2023-11-10_11-10-46.json, api_response_2023-11-10_11-50-53.json, api_response_2023-11-10_10-10-35.json, api_response_2023-11-10_10-50-43.json, api_response_2023-11-10_10-30-39.json, api_response_2023-11-10_11-30-50.json, api_response_2023-11-10_09-50-32.json, api_response_2023-11-10_11-10-46.json, api_response_2023-11-10_11-50-53.json, api_response_2023-11-10_10-10-35.json, api_response_2023-11-10_10-50-43.json, api_response_2023-11-10_10-30-39.json, api_response_2023-11-10_11-30-50.json, api_response_2023-11-10_09-50-32.json

Record time: 2023-11-10T07:46:47Z
Event time: 2023-11-11T23:17:09.400Z
Status: Underway
Travel distance: 520.768898488121
Waypoints: (63.809999999999995, 23.50314782608695), (63.63, 23.6478013729977), (63.45, 23.835331215506784), (63.27, 24.0398555391035), (63.09, 24.239783550948967), (62.910000000000004, 24.41849244851257), (62.730000000000004, 24.56469522142952), (62.550000000000004, 24.67249928657961), (62.370000000000005, 24.74115595638712), (62.189999996809426, 24.774500739070895), (62.009999996818664, 24.765855699362085), (61.829999996827894, 24.756091262695474), (61.64999999683714, 24.75128415541344), (61.469999996846376, 24.753329114358014), (61.289999996855585, 24.742178757648396), (61.10999999686484, 24.724404090803166), (60.92999999687408, 24.71704320777756), (60.7499999968833, 24.754797414263713), (60.569999996892555, 24.83763278914168), (60.389999996901764, 24.95493686774651), (60.209999996911016, 25.08506312968626), (60.029999996920246, 25.20236720829109), (59.84999999692947, 25.285202583169056), (59.66999999693871, 25.322956789655205), (59.489999996947944, 25.32020917894058), (59.30999999695718, 25.291477990356775), (59.12999999696641, 25.283273925207112), (58.94999999697565, 25.28365674927494), (58.769999996984886, 25.288715842019325), (58.589999996994116, 25.291536140848095), (58.409999997003354, 25.282348363220347), (58.22999999701258, 25.281606944456083), (58.049999997021835, 25.294467894785218), (57.86999999703106, 25.336840219456626), (57.689999997040296, 25.40659173378876), (57.509999997049526, 25.500756762724567), (57.32077345243681, 25.636271636859497), (57.15253729977119, 25.822021429532953), (56.98470555439985, 26.028796147774734), (56.80977416267944, 26.23070538797591), (56.62172190555441, 26.396683351485006), (56.420458914083625, 26.495375910131088), (56.21756030788431, 26.50168205190961), (56.04328495943412, 26.40494970814621), (55.95487938423123, 26.21882596213852), (56.04616675681281, 25.992761639275923)
Associated file(s): api_response_2023-11-10_12-10-56.json, api_response_2023-11-10_12-10-56.json

Record time: 2023-11-10T08:20:17Z
Event time: 2023-11-12T00:16:38.750Z
Status: Underway
Travel distance: 520.768898488121
Waypoints: (63.809999999999995, 23.50314782608695), (63.63, 23.6478013729977), (63.45, 23.835331215506784), (63.27, 24.0398555391035), (63.09, 24.239783550948967), (62.910000000000004, 24.41849244851257), (62.730000000000004, 24.56469522142952), (62.550000000000004, 24.67249928657961), (62.370000000000005, 24.74115595638712), (62.189999996809426, 24.774500739070895), (62.009999996818664, 24.765855699362085), (61.829999996827894, 24.756091262695474), (61.64999999683714, 24.75128415541344), (61.469999996846376, 24.753329114358014), (61.289999996855585, 24.742178757648396), (61.10999999686484, 24.724404090803166), (60.92999999687408, 24.71704320777756), (60.7499999968833, 24.754797414263713), (60.569999996892555, 24.83763278914168), (60.389999996901764, 24.95493686774651), (60.209999996911016, 25.08506312968626), (60.029999996920246, 25.20236720829109), (59.84999999692947, 25.285202583169056), (59.66999999693871, 25.322956789655205), (59.489999996947944, 25.32020917894058), (59.30999999695718, 25.291477990356775), (59.12999999696641, 25.283273925207112), (58.94999999697565, 25.28365674927494), (58.769999996984886, 25.288715842019325), (58.589999996994116, 25.291536140848095), (58.409999997003354, 25.282348363220347), (58.22999999701258, 25.281606944456083), (58.049999997021835, 25.294467894785218), (57.86999999703106, 25.336840219456626), (57.689999997040296, 25.40659173378876), (57.509999997049526, 25.500756762724567), (57.32077345243681, 25.636271636859497), (57.15253729977119, 25.822021429532953), (56.98470555439985, 26.028796147774734), (56.80977416267944, 26.23070538797591), (56.62172190555441, 26.396683351485006), (56.420458914083625, 26.495375910131088), (56.21756030788431, 26.50168205190961), (56.04328495943412, 26.40494970814621), (55.95487938423123, 26.21882596213852), (56.04616675681281, 25.992761639275923)
Associated file(s): api_response_2023-11-10_13-11-06.json, api_response_2023-11-10_13-51-13.json, api_response_2023-11-10_14-11-16.json, api_response_2023-11-10_14-51-22.json, api_response_2023-11-10_13-31-09.json, api_response_2023-11-10_12-31-00.json, api_response_2023-11-10_14-31-19.json, api_response_2023-11-10_15-31-29.json, api_response_2023-11-10_12-51-03.json, api_response_2023-11-10_15-11-26.json, api_response_2023-11-10_13-11-06.json, api_response_2023-11-10_13-51-13.json, api_response_2023-11-10_14-11-16.json, api_response_2023-11-10_14-51-22.json, api_response_2023-11-10_13-31-09.json, api_response_2023-11-10_12-31-00.json, api_response_2023-11-10_14-31-19.json, api_response_2023-11-10_15-31-29.json, api_response_2023-11-10_12-51-03.json, api_response_2023-11-10_15-11-26.json

Record time: 2023-11-10T11:24:48Z
Event time: 2023-11-12T00:16:27.666Z
Status: Underway
Travel distance: 484.8428725701944
Waypoints: (62.99825004860973, 23.59212981651854), (62.9282519930002, 23.66723091252328), (62.85825393739065, 23.735175001256184), (62.78825588178109, 23.802323866958886), (62.71825782617152, 23.871290385302053), (62.64825977056195, 23.942322735780824), (62.57826171495238, 24.014438686872182), (62.50826365934282, 24.086309953954252), (62.43826560373326, 24.156896629987532), (62.36826754492397, 24.225831687715207), (62.29826948931799, 24.29337612589614), (62.22827143371201, 24.360272185721954), (62.15827337810604, 24.43078333184173), (62.08827532250007, 24.505780351465), (62.018277266894074, 24.58205716441131), (61.94827921128813, 24.651842654523172), (61.878281155682146, 24.714622265722266), (61.80828310007616, 24.763589910100553), (61.738285044470175, 24.786577184574675), (61.668286988864196, 24.786381163211495), (61.598288933258225, 24.783308905307855), (61.52829087765227, 24.77931497003312), (61.45829282204629, 24.789146195324776), (61.38829476644031, 24.816592955811178), (61.318296710834325, 24.851614811091903), (61.24829865522835, 24.882569223086698), (61.17830059962238, 24.910683210136224), (61.1083025440164, 24.945024645108223), (61.03830448841043, 24.989962542616585), (60.968306432804454, 25.037354476806268), (60.898308377198454, 25.075948067502576), (60.82831032159251, 25.09555774310349), (60.758312265986525, 25.098752514359113), (60.68831421038055, 25.067720824711525), (60.618316154774575, 25.011500389895676), (60.548318099168604, 24.956271370820506), (60.47832004356263, 24.918933070776855), (60.408321987956654, 24.904184348018575), (60.338323932350676, 24.921430458336566), (60.268325876744704, 24.947738787059905), (60.198327821138726, 24.97576230271104), (60.12832976553274, 24.991370503754023), (60.05833170992677, 24.9959072674191), (59.9883336543208, 24.993651136921763), (59.918335598714826, 24.991091550275662), (59.848337543108855, 24.99376988063215), (59.778339487502876, 25.004537861861294), (59.7083414318969, 25.022735806683173), (59.638343376290926, 25.03764850885103), (59.56834532068494, 25.042728100906437), (59.49834726507898, 25.05292686625405), (59.428349209473, 25.072308478538194), (59.35835115386701, 25.101453462565196), (59.288353098261055, 25.14685502599031), (59.21835504265506, 25.194501410987957), (59.14835698704909, 25.237160560149384), (59.07835893144311, 25.269155393225653), (59.008360875837134, 25.278971539950906), (58.938362820231184, 25.286861399818786), (58.868364764625184, 25.289396483794494), (58.79836670901922, 25.292789161234097), (58.728368653413256, 25.31196344323027), (58.65837059780727, 25.330702331621687), (58.5883725422013, 25.34372455852737), (58.51837448659532, 25.355875998223553), (58.44837643098934, 25.37448106433818), (58.37837837538336, 25.3898291601108), (58.3083803197774, 25.407429616739147), (58.23838226417141, 25.423778552356442), (58.168384208565456, 25.459665540384258), (58.09838615295947, 25.488812409232064), (58.02838809735349, 25.52333855664244), (57.958390041747506, 25.55739349885288), (57.88839198614154, 25.592096819418437), (57.81839393053556, 25.617219595858707), (57.74839587492958, 25.61759090555627), (57.678397819323614, 25.603554645060296), (57.60839976371764, 25.58137972835088), (57.53840170811167, 25.558594129702335), (57.468403652505685, 25.55317526990296), (57.398405596899714, 25.57383856033095), (57.32840754129375, 25.62183929163897), (57.25661548517795, 25.68886728892076), (57.189084180272964, 25.766435204114927), (57.122201127653035, 25.839296721772037), (57.053497692162864, 25.90373686009573), (56.97425450367756, 25.940669923667425), (56.89913827014654, 25.975001934535417), (56.82871998122786, 26.009982323758546), (56.76978932582578, 26.05179895802248), (56.727519131040545, 26.104524935075535), (56.70185851660558, 26.16735732125701), (56.687159772932766, 26.24926597875307), (56.67404397088626, 26.33299725796251), (56.652510311405585, 26.413175649964376), (56.615294223098616, 26.47100572174324), (56.56047921592493, 26.50926946879958), (56.488779498070684, 26.527529612707852), (56.422753872165, 26.521262583548584), (56.35474014695487, 26.496588394458662), (56.27798934063656, 26.462974250363594), (56.2005028233302, 26.420168776278537), (56.12594603288787, 26.370432816112334), (56.058937938154855, 26.315022602928096), (56.005132073396574, 26.254370703099408), (55.97127062213742, 26.18854666651377), (55.96521155330295, 26.117997384182836), (55.99592880966533, 26.044567153259294), (56.07348554859199, 25.972797449460426)
Associated file(s): api_response_2023-11-10_16-51-43.json, api_response_2023-11-10_16-11-36.json, api_response_2023-11-10_15-51-33.json, api_response_2023-11-10_16-31-40.json, api_response_2023-11-10_16-51-43.json, api_response_2023-11-10_16-11-36.json, api_response_2023-11-10_15-51-33.json, api_response_2023-11-10_16-31-40.json

Record time: 2023-11-10T12:57:31Z
Event time: 2023-11-11T23:43:38.625Z
Status: Underway
Travel distance: 463.3488120950324
Waypoints: (62.64825977056196, 23.664448505789046), (62.57826171495237, 23.734166553589326), (62.508263659342795, 23.802071061085435), (62.43826560373323, 23.872318572183136), (62.36826754812367, 23.945005726785265), (62.2982694925141, 24.018051065878307), (62.22827143690454, 24.08870251120816), (62.15827338129498, 24.154670519545014), (62.088275325685416, 24.214886911537366), (62.018277266894074, 24.269889373910075), (61.94827921128813, 24.317535758907724), (61.878281155682146, 24.370644354583145), (61.80828310007616, 24.434798000145268), (61.738285044470175, 24.502131338396623), (61.668286988864196, 24.569792635467138), (61.598288933258225, 24.644354261485653), (61.52829087765227, 24.71055293761554), (61.45829282204629, 24.768778821762353), (61.38829476644031, 24.81841746234537), (61.318296710834325, 24.861817346081114), (61.24829865522835, 24.88873635674358), (61.17830059962238, 24.912379548856027), (61.1083025440164, 24.941735632812605), (61.03830448841043, 24.986174052809027), (60.968306432804454, 25.036681595780745), (60.898308377198454, 25.077742416903963), (60.82831032159251, 25.09555774310349), (60.758312265986525, 25.098752514359113), (60.68831421038055, 25.067720824711525), (60.618316154774575, 25.011500389895676), (60.548318099168604, 24.956271370820506), (60.47832004356263, 24.918933070776855), (60.408321987956654, 24.904184348018575), (60.338323932350676, 24.921430458336566), (60.268325876744704, 24.947738787059905), (60.198327821138726, 24.97576230271104), (60.12832976553274, 24.991370503754023), (60.05833170992677, 24.9959072674191), (59.9883336543208, 24.993651136921763), (59.918335598714826, 24.991091550275662), (59.848337543108855, 24.99376988063215), (59.778339487502876, 25.004537861861294), (59.7083414318969, 25.022735806683173), (59.638343376290926, 25.03764850885103), (59.56834532068494, 25.042728100906437), (59.49834726507898, 25.05292686625405), (59.428349209473, 25.072308478538194), (59.35835115386701, 25.101453462565196), (59.288353098261055, 25.14685502599031), (59.21835504265506, 25.194501410987957), (59.14835698704909, 25.237160560149384), (59.07835893144311, 25.269155393225653), (59.008360875837134, 25.278971539950906), (58.938362820231184, 25.286861399818786), (58.868364764625184, 25.289396483794494), (58.79836670901922, 25.292789161234097), (58.728368653413256, 25.31196344323027), (58.65837059780727, 25.330702331621687), (58.5883725422013, 25.34372455852737), (58.51837448659532, 25.355875998223553), (58.44837643098934, 25.37448106433818), (58.37837837538336, 25.3898291601108), (58.3083803197774, 25.407429616739147), (58.23838226417141, 25.423778552356442), (58.168384208565456, 25.459665540384258), (58.09838615295947, 25.488812409232064), (58.02838809735349, 25.52333855664244), (57.958390041747506, 25.55739349885288), (57.88839198614154, 25.592096819418437), (57.81839393053556, 25.617219595858707), (57.74839587492958, 25.61759090555627), (57.678397819323614, 25.603554645060296), (57.60839976371764, 25.58137972835088), (57.53840170811167, 25.558594129702335), (57.468403652505685, 25.55317526990296), (57.398405596899714, 25.57383856033095), (57.32840754129375, 25.62183929163897), (57.25661548517795, 25.68886728892076), (57.189084180272964, 25.766435204114927), (57.122201127653035, 25.839296721772037), (57.053497692162864, 25.90373686009573), (56.97425450367756, 25.940669923667425), (56.89913827014654, 25.975001934535417), (56.82871998122786, 26.009982323758546), (56.76978932582578, 26.05179895802248), (56.727519131040545, 26.104524935075535), (56.70185851660558, 26.16735732125701), (56.687159772932766, 26.24926597875307), (56.67404397088626, 26.33299725796251), (56.652510311405585, 26.413175649964376), (56.615294223098616, 26.47100572174324), (56.56047921592493, 26.50926946879958), (56.488779498070684, 26.527529612707852), (56.422753872165, 26.521262583548584), (56.35474014695487, 26.496588394458662), (56.27798934063656, 26.462974250363594), (56.2005028233302, 26.420168776278537), (56.12594603288787, 26.370432816112334), (56.058937938154855, 26.315022602928096), (56.005132073396574, 26.254370703099408), (55.97127062213742, 26.18854666651377), (55.96521155330295, 26.117997384182836), (55.99592880966533, 26.044567153259294), (56.07348554859199, 25.972797449460426)
Associated file(s): api_response_2023-11-10_19-52-13.json, api_response_2023-11-10_19-12-06.json, api_response_2023-11-10_19-32-09.json, api_response_2023-11-10_17-51-53.json, api_response_2023-11-10_18-11-56.json, api_response_2023-11-10_17-11-46.json, api_response_2023-11-10_18-31-59.json, api_response_2023-11-10_17-31-49.json, api_response_2023-11-10_18-52-03.json, api_response_2023-11-10_19-52-13.json, api_response_2023-11-10_19-12-06.json, api_response_2023-11-10_19-32-09.json, api_response_2023-11-10_17-51-53.json, api_response_2023-11-10_18-11-56.json, api_response_2023-11-10_17-11-46.json, api_response_2023-11-10_18-31-59.json, api_response_2023-11-10_17-31-49.json, api_response_2023-11-10_18-52-03.json

Record time: 2023-11-10T15:57:52Z
Event time: 2023-11-11T23:33:29.272Z
Status: Underway
Travel distance: 417.3099352051836
Waypoints: (61.87828115885673, 23.803967327887968), (61.808283103247156, 23.873978996499414), (61.73828504763758, 23.943990665110853), (61.668286992028015, 24.014002333722285), (61.59828893641845, 24.084014002333717), (61.52829088080889, 24.154025670945153), (61.45829282519933, 24.22403733955659), (61.38829476958977, 24.29404900816803), (61.3182967139802, 24.36406067677947), (61.24829865522835, 24.43407234413735), (61.17830059962238, 24.50408401274519), (61.1083025440164, 24.57409568135304), (61.03830448841043, 24.645901699362266), (60.968306432804454, 24.7134461375432), (60.898308377198454, 24.778547847967623), (60.82831032159251, 24.85332057391571), (60.758312265986525, 24.928965971894094), (60.68831421038055, 25.001627698546432), (60.618316154774575, 25.070516013957604), (60.548318099168604, 25.125287021578426), (60.47832004356263, 25.17339330285122), (60.408321987956654, 25.214229830299256), (60.338323932350676, 25.244669686215705), (60.268325876744704, 25.26248501241523), (60.198327821138726, 25.267777589221012), (60.12832976553274, 25.262792238205595), (60.05833170992677, 25.2507350395494), (59.9883336543208, 25.234467151226497), (59.918335598714826, 25.214399464171237), (59.848337543108855, 25.20198414956308), (59.778339487502876, 25.19858393284028), (59.7083414318969, 25.200510219697655), (59.638343376290926, 25.198715870296265), (59.56834532068494, 25.201051163267195), (59.49834726507898, 25.20509975834512), (59.428349209473, 25.212105637257903), (59.35835115386701, 25.22836033183521), (59.288353098261055, 25.250725615445404), (59.21835504265506, 25.267628688377833), (59.14835698704909, 25.275281060824938), (59.07835893144311, 25.27549216075451), (59.008360875837134, 25.271138224707016), (58.938362820231184, 25.275610904464894), (58.868364764625184, 25.283911655267136), (58.79836670901922, 25.295405292504192), (58.728368653413256, 25.317546282439217), (58.65837059780727, 25.33137521264721), (58.5883725422013, 25.341930209125977), (58.51837448659532, 25.355875998223553), (58.44837643098934, 25.37448106433818), (58.37837837538336, 25.3898291601108), (58.3083803197774, 25.407429616739147), (58.23838226417141, 25.423778552356442), (58.168384208565456, 25.459665540384258), (58.09838615295947, 25.488812409232064), (58.02838809735349, 25.52333855664244), (57.958390041747506, 25.55739349885288), (57.88839198614154, 25.592096819418437), (57.81839393053556, 25.617219595858707), (57.74839587492958, 25.61759090555627), (57.678397819323614, 25.603554645060296), (57.60839976371764, 25.58137972835088), (57.53840170811167, 25.558594129702335), (57.468403652505685, 25.55317526990296), (57.398405596899714, 25.57383856033095), (57.32840754129375, 25.62183929163897), (57.25661548517795, 25.68886728892076), (57.189084180272964, 25.766435204114927), (57.122201127653035, 25.839296721772037), (57.053497692162864, 25.90373686009573), (56.97425450367756, 25.940669923667425), (56.89913827014654, 25.975001934535417), (56.82871998122786, 26.009982323758546), (56.76978932582578, 26.05179895802248), (56.727519131040545, 26.104524935075535), (56.70185851660558, 26.16735732125701), (56.687159772932766, 26.24926597875307), (56.67404397088626, 26.33299725796251), (56.652510311405585, 26.413175649964376), (56.615294223098616, 26.47100572174324), (56.56047921592493, 26.50926946879958), (56.488779498070684, 26.527529612707852), (56.422753872165, 26.521262583548584), (56.35474014695487, 26.496588394458662), (56.27798934063656, 26.462974250363594), (56.2005028233302, 26.420168776278537), (56.12594603288787, 26.370432816112334), (56.058937938154855, 26.315022602928096), (56.005132073396574, 26.254370703099408), (55.97127062213742, 26.18854666651377), (55.96521155330295, 26.117997384182836), (55.99592880966533, 26.044567153259294), (56.07348554859199, 25.972797449460426)
Associated file(s): api_response_2023-11-10_21-52-34.json, api_response_2023-11-10_23-12-47.json, api_response_2023-11-10_21-12-26.json, api_response_2023-11-10_22-32-41.json, api_response_2023-11-10_20-12-16.json, api_response_2023-11-10_20-52-23.json, api_response_2023-11-10_22-52-44.json, api_response_2023-11-10_20-32-19.json, api_response_2023-11-10_21-32-30.json, api_response_2023-11-10_22-12-37.json, api_response_2023-11-10_21-52-34.json, api_response_2023-11-10_23-12-47.json, api_response_2023-11-10_21-12-26.json, api_response_2023-11-10_22-32-41.json, api_response_2023-11-10_20-12-16.json, api_response_2023-11-10_20-52-23.json, api_response_2023-11-10_22-52-44.json, api_response_2023-11-10_20-32-19.json, api_response_2023-11-10_21-32-30.json, api_response_2023-11-10_22-12-37.json

Record time: 2023-11-10T19:12:11Z
Event time: 2023-11-11T23:35:01.363Z
Status: Underway
Travel distance: 371.127969762419
Waypoints: (61.10830254715147, 23.875716252965386), (61.038304491541886, 23.938727434393485), (60.96830643593231, 24.01404598160274), (60.89830838032274, 24.09095086253612), (60.82831032471317, 24.161519061613976), (60.75831226910361, 24.220595988047556), (60.68831421349406, 24.265672208558627), (60.6183161578845, 24.296666504505453), (60.54831810227495, 24.31561525341495), (60.47832004356263, 24.326268133673103), (60.408321987956654, 24.331841548778055), (60.338323932350676, 24.34154272143452), (60.268325876744704, 24.36200999049934), (60.198327821138726, 24.39577655512741), (60.12832976553274, 24.441021678426136), (60.05833170992677, 24.495053836293444), (59.9883336543208, 24.56301858951273), (59.918335598714826, 24.63994378081416), (59.848337543108855, 24.72099672966712), (59.778339487502876, 24.787246295958607), (59.7083414318969, 24.851026747002376), (59.638343376290926, 24.91907066269525), (59.56834532068494, 24.995862031719906), (59.49834726507898, 25.07213884466622), (59.428349209473, 25.143718684179476), (59.35835115386701, 25.202236715550253), (59.288353098261055, 25.250555981573427), (59.21835504265506, 25.277158342341522), (59.14835698704909, 25.28324254388321), (59.07835893144311, 25.277188499474313), (59.008360875837134, 25.2678492124114), (58.938362820231184, 25.271822414657336), (58.868364764625184, 25.283238774241614), (58.79836670901922, 25.297199641905586), (58.728368653413256, 25.317546282439217), (58.65837059780727, 25.33137521264721), (58.5883725422013, 25.341930209125977), (58.51837448659532, 25.355875998223553), (58.44837643098934, 25.37448106433818), (58.37837837538336, 25.3898291601108), (58.3083803197774, 25.407429616739147), (58.23838226417141, 25.423778552356442), (58.168384208565456, 25.459665540384258), (58.09838615295947, 25.488812409232064), (58.02838809735349, 25.52333855664244), (57.958390041747506, 25.55739349885288), (57.88839198614154, 25.592096819418437), (57.81839393053556, 25.617219595858707), (57.74839587492958, 25.61759090555627), (57.678397819323614, 25.603554645060296), (57.60839976371764, 25.58137972835088), (57.53840170811167, 25.558594129702335), (57.468403652505685, 25.55317526990296), (57.398405596899714, 25.57383856033095), (57.32840754129375, 25.62183929163897), (57.25661548517795, 25.68886728892076), (57.189084180272964, 25.766435204114927), (57.122201127653035, 25.839296721772037), (57.053497692162864, 25.90373686009573), (56.97425450367756, 25.940669923667425), (56.89913827014654, 25.975001934535417), (56.82871998122786, 26.009982323758546), (56.76978932582578, 26.05179895802248), (56.727519131040545, 26.104524935075535), (56.70185851660558, 26.16735732125701), (56.687159772932766, 26.24926597875307), (56.67404397088626, 26.33299725796251), (56.652510311405585, 26.413175649964376), (56.615294223098616, 26.47100572174324), (56.56047921592493, 26.50926946879958), (56.488779498070684, 26.527529612707852), (56.422753872165, 26.521262583548584), (56.35474014695487, 26.496588394458662), (56.27798934063656, 26.462974250363594), (56.2005028233302, 26.420168776278537), (56.12594603288787, 26.370432816112334), (56.058937938154855, 26.315022602928096), (56.005132073396574, 26.254370703099408), (55.97127062213742, 26.18854666651377), (55.96521155330295, 26.117997384182836), (55.99592880966533, 26.044567153259294), (56.07348554859199, 25.972797449460426)
Associated file(s): api_response_2023-11-11_02-13-18.json, api_response_2023-11-11_01-33-12.json, api_response_2023-11-11_01-53-15.json, api_response_2023-11-10_23-52-54.json, api_response_2023-11-11_00-12-58.json, api_response_2023-11-11_01-13-08.json, api_response_2023-11-10_23-32-50.json, api_response_2023-11-11_00-33-02.json, api_response_2023-11-11_00-53-05.json, api_response_2023-11-11_02-13-18.json, api_response_2023-11-11_01-33-12.json, api_response_2023-11-11_01-53-15.json, api_response_2023-11-10_23-52-54.json, api_response_2023-11-11_00-12-58.json, api_response_2023-11-11_01-13-08.json, api_response_2023-11-10_23-32-50.json, api_response_2023-11-11_00-33-02.json, api_response_2023-11-11_00-53-05.json

Record time: 2023-11-10T22:16:41Z
Event time: 2023-11-11T23:51:12.600Z
Status: Underway
Travel distance: 331.7224622030238
Waypoints: (60.408321991055786, 24.014002333722278), (60.33832393544621, 24.08401400233372), (60.268325879836645, 24.154025670945156), (60.198327824227086, 24.22403733955659), (60.128329768617526, 24.294049008168027), (60.058331713007966, 24.364060676779463), (59.98833365739841, 24.434072345390902), (59.91833560178885, 24.50408401400234), (59.84833754617928, 24.574095682613777), (59.778339487502876, 24.64410734996088), (59.7083414318969, 24.715913367970117), (59.638343376290926, 24.78345780615105), (59.56834532068494, 24.850353865976857), (59.49834726507898, 24.92086501209664), (59.428349209473, 24.995862031719906), (59.35835115386701, 25.070344495264827), (59.288353098261055, 25.146185914606388), (59.21835504265506, 25.207146673733682), (59.14835698704909, 25.24758927363457), (59.07835893144311, 25.269057382544062), (59.008360875837134, 25.27568252765529), (58.938362820231184, 25.283072910011224), (58.868364764625184, 25.28872360276897), (58.79836670901922, 25.29458351063549), (58.728368653413256, 25.31196344323027), (58.65837059780727, 25.330702331621687), (58.5883725422013, 25.34372455852737), (58.51837448659532, 25.355875998223553), (58.44837643098934, 25.37448106433818), (58.37837837538336, 25.3898291601108), (58.3083803197774, 25.407429616739147), (58.23838226417141, 25.423778552356442), (58.168384208565456, 25.459665540384258), (58.09838615295947, 25.488812409232064), (58.02838809735349, 25.52333855664244), (57.958390041747506, 25.55739349885288), (57.88839198614154, 25.592096819418437), (57.81839393053556, 25.617219595858707), (57.74839587492958, 25.61759090555627), (57.678397819323614, 25.603554645060296), (57.60839976371764, 25.58137972835088), (57.53840170811167, 25.558594129702335), (57.468403652505685, 25.55317526990296), (57.398405596899714, 25.57383856033095), (57.32840754129375, 25.62183929163897), (57.25661548517795, 25.68886728892076), (57.189084180272964, 25.766435204114927), (57.122201127653035, 25.839296721772037), (57.053497692162864, 25.90373686009573), (56.97425450367756, 25.940669923667425), (56.89913827014654, 25.975001934535417), (56.82871998122786, 26.009982323758546), (56.76978932582578, 26.05179895802248), (56.727519131040545, 26.104524935075535), (56.70185851660558, 26.16735732125701), (56.687159772932766, 26.24926597875307), (56.67404397088626, 26.33299725796251), (56.652510311405585, 26.413175649964376), (56.615294223098616, 26.47100572174324), (56.56047921592493, 26.50926946879958), (56.488779498070684, 26.527529612707852), (56.422753872165, 26.521262583548584), (56.35474014695487, 26.496588394458662), (56.27798934063656, 26.462974250363594), (56.2005028233302, 26.420168776278537), (56.12594603288787, 26.370432816112334), (56.058937938154855, 26.315022602928096), (56.005132073396574, 26.254370703099408), (55.97127062213742, 26.18854666651377), (55.96521155330295, 26.117997384182836), (55.99592880966533, 26.044567153259294), (56.07348554859199, 25.972797449460426)
Associated file(s): api_response_2023-11-11_02-33-21.json, api_response_2023-11-11_03-53-35.json, api_response_2023-11-11_04-53-44.json, api_response_2023-11-11_03-33-31.json, api_response_2023-11-11_04-33-41.json, api_response_2023-11-11_02-53-25.json, api_response_2023-11-11_04-13-38.json, api_response_2023-11-11_03-13-28.json, api_response_2023-11-11_05-13-47.json, api_response_2023-11-11_02-33-21.json, api_response_2023-11-11_03-53-35.json, api_response_2023-11-11_04-53-44.json, api_response_2023-11-11_03-33-31.json, api_response_2023-11-11_04-33-41.json, api_response_2023-11-11_02-53-25.json, api_response_2023-11-11_04-13-38.json, api_response_2023-11-11_03-13-28.json, api_response_2023-11-11_05-13-47.json

Record time: 2023-11-11T01:28:37Z
Event time: 2023-11-11T23:35:51.875Z
Status: Underway
Travel distance: 288.86879049676025
Waypoints: (59.63834337935052, 24.15402567094516), (59.56834532374097, 24.224037339556602), (59.49834726813141, 24.294049008168034), (59.428349212521844, 24.364060676779467), (59.358351156912285, 24.4340723453909), (59.288353101302725, 24.504084014002334), (59.21835504569317, 24.57409568261377), (59.148356990083606, 24.64410735122521), (59.078358934474046, 24.71411901983665), (59.008360875837134, 24.78413068717657), (58.938362820231184, 24.855936705185805), (58.868364764625184, 24.923481143366736), (58.79836670901922, 24.98858285379115), (58.728368653413256, 25.06335557973924), (58.65837059780727, 25.13900097771762), (58.5883725422013, 25.209868354968563), (58.51837448659532, 25.279429551405258), (58.44837643098934, 25.343372097037804), (58.37837837538336, 25.38916004872688), (58.3083803197774, 25.420074879484876), (58.23838226417141, 25.434207265841625), (58.168384208565456, 25.45956752970267), (58.09838615295947, 25.48552339693645), (58.02838809735349, 25.519550066834885), (57.958390041747506, 25.556720617827356), (57.88839198614154, 25.593891168819827), (57.81839393053556, 25.617219595858707), (57.74839587492958, 25.61759090555627), (57.678397819323614, 25.603554645060296), (57.60839976371764, 25.58137972835088), (57.53840170811167, 25.558594129702335), (57.468403652505685, 25.55317526990296), (57.398405596899714, 25.57383856033095), (57.32840754129375, 25.62183929163897), (57.25661548517795, 25.68886728892076), (57.189084180272964, 25.766435204114927), (57.122201127653035, 25.839296721772037), (57.053497692162864, 25.90373686009573), (56.97425450367756, 25.940669923667425), (56.89913827014654, 25.975001934535417), (56.82871998122786, 26.009982323758546), (56.76978932582578, 26.05179895802248), (56.727519131040545, 26.104524935075535), (56.70185851660558, 26.16735732125701), (56.687159772932766, 26.24926597875307), (56.67404397088626, 26.33299725796251), (56.652510311405585, 26.413175649964376), (56.615294223098616, 26.47100572174324), (56.56047921592493, 26.50926946879958), (56.488779498070684, 26.527529612707852), (56.422753872165, 26.521262583548584), (56.35474014695487, 26.496588394458662), (56.27798934063656, 26.462974250363594), (56.2005028233302, 26.420168776278537), (56.12594603288787, 26.370432816112334), (56.058937938154855, 26.315022602928096), (56.005132073396574, 26.254370703099408), (55.97127062213742, 26.18854666651377), (55.96521155330295, 26.117997384182836), (55.99592880966533, 26.044567153259294), (56.07348554859199, 25.972797449460426)
Associated file(s): api_response_2023-11-11_07-14-07.json, api_response_2023-11-11_08-14-17.json, api_response_2023-11-11_06-13-57.json, api_response_2023-11-11_05-33-51.json, api_response_2023-11-11_07-54-14.json, api_response_2023-11-11_06-34-00.json, api_response_2023-11-11_05-53-54.json, api_response_2023-11-11_07-34-10.json, api_response_2023-11-11_08-34-21.json, api_response_2023-11-11_06-54-03.json, api_response_2023-11-11_07-14-07.json, api_response_2023-11-11_08-14-17.json, api_response_2023-11-11_06-13-57.json, api_response_2023-11-11_05-33-51.json, api_response_2023-11-11_07-54-14.json, api_response_2023-11-11_06-34-00.json, api_response_2023-11-11_05-53-54.json, api_response_2023-11-11_07-34-10.json, api_response_2023-11-11_08-34-21.json, api_response_2023-11-11_06-54-03.json

Record time: 2023-11-11T04:33:13Z
Event time: 2023-11-11T23:33:15.250Z
Status: Underway
Travel distance: 242.40712742980563
Waypoints: (58.86836476764533, 24.29553342449107), (58.79836671203578, 24.361639664443068), (58.72836865642622, 24.43278231691968), (58.65837060081665, 24.504947399006557), (58.588372545207086, 24.576171612819603), (58.51837448959752, 24.645920731605194), (58.44837643398795, 24.714551294919733), (58.37837837837839, 24.782855612888547), (58.308380322768826, 24.85169007954416), (58.23838226417141, 24.921686793965346), (58.168384208565456, 24.992844433619453), (58.09838615295947, 25.06220960869297), (58.02838809735349, 25.137853121850554), (57.958390041747506, 25.208498090247126), (57.88839198614154, 25.27765028057027), (57.81839393053556, 25.341289370054056), (57.74839587492958, 25.39483524415502), (57.678397819323614, 25.436755543562928), (57.60839976371764, 25.469560849583107), (57.53840170811167, 25.50072824632828), (57.468403652505685, 25.531066321921543), (57.398405596899714, 25.568076663146027), (57.32840754129375, 25.62458924518585), (57.25661548517795, 25.69632929446709), (57.189084180272964, 25.771247151616762), (57.122201127653035, 25.83847493990333), (57.053497692162864, 25.898154020886782), (56.97425450367756, 25.939997042641902), (56.89913827014654, 25.97679628393681), (56.82871998122786, 26.009982323758546), (56.76978932582578, 26.05179895802248), (56.727519131040545, 26.104524935075535), (56.70185851660558, 26.16735732125701), (56.687159772932766, 26.24926597875307), (56.67404397088626, 26.33299725796251), (56.652510311405585, 26.413175649964376), (56.615294223098616, 26.47100572174324), (56.56047921592493, 26.50926946879958), (56.488779498070684, 26.527529612707852), (56.422753872165, 26.521262583548584), (56.35474014695487, 26.496588394458662), (56.27798934063656, 26.462974250363594), (56.2005028233302, 26.420168776278537), (56.12594603288787, 26.370432816112334), (56.058937938154855, 26.315022602928096), (56.005132073396574, 26.254370703099408), (55.97127062213742, 26.18854666651377), (55.96521155330295, 26.117997384182836), (55.99592880966533, 26.044567153259294), (56.07348554859199, 25.972797449460426)
Associated file(s): api_response_2023-11-11_09-34-31.json, api_response_2023-11-11_08-54-24.json, api_response_2023-11-11_09-54-34.json, api_response_2023-11-11_10-14-37.json, api_response_2023-11-11_09-14-27.json, api_response_2023-11-11_09-34-31.json, api_response_2023-11-11_08-54-24.json, api_response_2023-11-11_09-54-34.json, api_response_2023-11-11_10-14-37.json, api_response_2023-11-11_09-14-27.json

Record time: 2023-11-11T06:20:05Z
Event time: 2023-11-12T00:05:08.625Z
Status: Underway
Travel distance: 221.93736501079914
Waypoints: (58.44837643398792, 24.364060676779452), (58.37837837837836, 24.4340723453909), (58.30838032276879, 24.504084014002334), (58.238382267159224, 24.574095682613766), (58.168384211549665, 24.6441073512252), (58.0983861559401, 24.714119019836634), (58.02838810033054, 24.784130688448077), (57.95839004472098, 24.854142357059516), (57.88839198911141, 24.92415402567096), (57.81839393053556, 24.994165693000095), (57.74839587492958, 25.064177361607943), (57.678397819323614, 25.134189030215786), (57.60839976371764, 25.204200698823634), (57.53840170811167, 25.27421236743147), (57.468403652505685, 25.344224036039307), (57.398405596899714, 25.414235704647155), (57.32840754129375, 25.484247373255), (57.25661548517795, 25.554259041862842), (57.189084180272964, 25.624270710470686), (57.122201127653035, 25.694282379078533), (57.053497692162864, 25.764294047686374), (56.97425450367756, 25.834305716294217), (56.89913827014654, 25.904317384902054), (56.82871998122786, 25.976123402911295), (56.76978932582578, 26.04366784109223), (56.727519131040545, 26.112358250319428), (56.70185851660558, 26.178607816610896), (56.687159772932766, 26.254750807280427), (56.67404397088626, 26.330381126692416), (56.652510311405585, 26.40759281075543), (56.615294223098616, 26.470332840717717), (56.56047921592493, 26.511063818200974), (56.488779498070684, 26.527529612707852), (56.422753872165, 26.521262583548584), (56.35474014695487, 26.496588394458662), (56.27798934063656, 26.462974250363594), (56.2005028233302, 26.420168776278537), (56.12594603288787, 26.370432816112334), (56.058937938154855, 26.315022602928096), (56.005132073396574, 26.254370703099408), (55.97127062213742, 26.18854666651377), (55.96521155330295, 26.117997384182836), (55.99592880966533, 26.044567153259294), (56.07348554859199, 25.972797449460426)
Associated file(s): api_response_2023-11-11_10-34-41.json, api_response_2023-11-11_11-14-47.json, api_response_2023-11-11_10-54-44.json, api_response_2023-11-11_11-34-51.json, api_response_2023-11-11_10-34-41.json, api_response_2023-11-11_11-14-47.json, api_response_2023-11-11_10-54-44.json, api_response_2023-11-11_11-34-51.json

Record time: 2023-11-11T07:33:18Z
Event time: 2023-11-12T00:40:17Z
Status: Underway
Travel distance: 213.4708423326134
Waypoints: (58.23838226715925, 24.434072345390906), (58.168384211549714, 24.50408401400234), (58.09838615594015, 24.574095682613777), (58.028388100330574, 24.644107351225212), (57.958390044721, 24.714119019836648), (57.88839198911143, 24.784130688448087), (57.81839393350187, 24.854142357059523), (57.748395877892314, 24.924154025670962), (57.67839782228276, 24.9941656942824), (57.60839976371764, 25.064177361607943), (57.53840170811167, 25.134189030215786), (57.468403652505685, 25.204200698823634), (57.398405596899714, 25.27421236743147), (57.32840754129375, 25.344224036039307), (57.25661548517795, 25.414235704647155), (57.189084180272964, 25.484247373255), (57.122201127653035, 25.554259041862842), (57.051703691653046, 25.624270710470686), (56.976721254378546, 25.694282379078533), (56.90225327313259, 25.764294047686374), (56.82642660032404, 25.834305716294217), (56.767271694858245, 25.904317384902054), (56.7243702078768, 25.976123402911295), (56.69979127021982, 26.04366784109223), (56.69187279317966, 26.112358250319428), (56.693728980681925, 26.178607816610896), (56.69499156507433, 26.254750807280427), (56.685292278704594, 26.330381126692416), (56.65799407346814, 26.40759281075543), (56.612678600506584, 26.470332840717717), (56.5548974622379, 26.511063818200974), (56.48810674787951, 26.527529612707852), (56.42454787267482, 26.521262583548584), (56.35474014695487, 26.496588394458662), (56.27798934063656, 26.462974250363594), (56.2005028233302, 26.420168776278537), (56.12594603288787, 26.370432816112334), (56.058937938154855, 26.315022602928096), (56.005132073396574, 26.254370703099408), (55.97127062213742, 26.18854666651377), (55.96521155330295, 26.117997384182836), (55.99592880966533, 26.044567153259294), (56.07348554859199, 25.972797449460426)
Associated file(s): api_response_2023-11-11_12-14-58.json, api_response_2023-11-11_11-54-54.json, api_response_2023-11-11_12-55-05.json, api_response_2023-11-11_12-35-02.json, api_response_2023-11-11_13-15-08.json, api_response_2023-11-11_12-14-58.json, api_response_2023-11-11_11-54-54.json, api_response_2023-11-11_12-55-05.json, api_response_2023-11-11_12-35-02.json, api_response_2023-11-11_13-15-08.json

Record time: 2023-11-11T09:18:43Z
Event time: 2023-11-12T01:11:53.666Z
Status: Underway
Travel distance: 196.31263498920086
Waypoints: (57.818711960864974, 24.574095682613777), (57.74753013673713, 24.644107351225223), (57.678468495030074, 24.71411901983666), (57.60917969092079, 24.784130688448087), (57.53901427292599, 24.854142357059523), (57.46825823268541, 24.924154025670955), (57.39753714050671, 24.994165694282394), (57.32738686667207, 25.064177362893833), (57.25799088850637, 25.13418903150527), (57.189084180272964, 25.204200698823634), (57.122201127653035, 25.27421236743147), (57.051703691653046, 25.344224036039307), (56.976721254378546, 25.414235704647155), (56.90045927262277, 25.484247373255), (56.82889335102503, 25.554259041862842), (56.768592697334476, 25.624270710470686), (56.72454357767396, 25.694282379078533), (56.70038864223831, 25.764294047686374), (56.6864304891121, 25.834305716294217), (56.68914410332861, 25.904317384902054), (56.69655566215748, 25.976123402911295), (56.702910042114496, 26.04366784109223), (56.705188347383775, 26.112358250319428), (56.70236166590823, 26.178607816610896), (56.694893573449846, 26.254750807280427), (56.68200390592139, 26.330381126692416), (56.65420632029091, 26.40759281075543), (56.6120058503154, 26.470332840717717), (56.55669146274771, 26.511063818200974), (56.48810674787951, 26.527529612707852), (56.42454787267482, 26.521262583548584), (56.35474014695487, 26.496588394458662), (56.27798934063656, 26.462974250363594), (56.2005028233302, 26.420168776278537), (56.12594603288787, 26.370432816112334), (56.058937938154855, 26.315022602928096), (56.005132073396574, 26.254370703099408), (55.97127062213742, 26.18854666651377), (55.96521155330295, 26.117997384182836), (55.99592880966533, 26.044567153259294), (56.07348554859199, 25.972797449460426)
Associated file(s): api_response_2023-11-11_15-15-28.json, api_response_2023-11-11_13-55-15.json, api_response_2023-11-11_13-35-12.json, api_response_2023-11-11_14-55-25.json, api_response_2023-11-11_15-35-31.json, api_response_2023-11-11_15-55-35.json, api_response_2023-11-11_14-35-21.json, api_response_2023-11-11_16-15-38.json, api_response_2023-11-11_14-15-18.json, api_response_2023-11-11_15-15-28.json, api_response_2023-11-11_13-55-15.json, api_response_2023-11-11_13-35-12.json, api_response_2023-11-11_14-55-25.json, api_response_2023-11-11_15-35-31.json, api_response_2023-11-11_15-55-35.json, api_response_2023-11-11_14-35-21.json, api_response_2023-11-11_16-15-38.json, api_response_2023-11-11_14-15-18.json

Record time: 2023-11-11T12:23:45Z
Event time: 2023-11-12T00:46:49.400Z
Status: Underway
Travel distance: 156.6803455723542
Waypoints: (57.33100243782961, 25.064177362893812), (57.25174605815998, 25.134189031505265), (57.18851696245751, 25.2042007001167), (57.12452466275661, 25.274212368728133), (57.053705927291944, 25.344224037339565), (56.977086841439174, 25.414235705951), (56.89970455158796, 25.48424737456244), (56.82808869194715, 25.554259043173882), (56.76830249428208, 25.62427071178532), (56.72454357767396, 25.694282379078533), (56.70038864223831, 25.764294047686374), (56.6864304891121, 25.834305716294217), (56.68914410332861, 25.904317384902054), (56.69655566215748, 25.976123402911295), (56.702910042114496, 26.04366784109223), (56.705188347383775, 26.112358250319428), (56.70236166590823, 26.178607816610896), (56.694893573449846, 26.254750807280427), (56.68200390592139, 26.330381126692416), (56.65420632029091, 26.40759281075543), (56.6120058503154, 26.470332840717717), (56.55669146274771, 26.511063818200974), (56.48810674787951, 26.527529612707852), (56.42454787267482, 26.521262583548584), (56.35474014695487, 26.496588394458662), (56.27798934063656, 26.462974250363594), (56.2005028233302, 26.420168776278537), (56.12594603288787, 26.370432816112334), (56.058937938154855, 26.315022602928096), (56.005132073396574, 26.254370703099408), (55.97127062213742, 26.18854666651377), (55.96521155330295, 26.117997384182836), (55.99592880966533, 26.044567153259294), (56.07348554859199, 25.972797449460426)
Associated file(s): api_response_2023-11-11_17-35-51.json, api_response_2023-11-11_16-55-44.json, api_response_2023-11-11_18-36-00.json, api_response_2023-11-11_17-15-47.json, api_response_2023-11-11_18-15-57.json, api_response_2023-11-11_18-56-04.json, api_response_2023-11-11_17-55-54.json, api_response_2023-11-11_16-35-41.json, api_response_2023-11-11_17-35-51.json, api_response_2023-11-11_16-55-44.json, api_response_2023-11-11_18-36-00.json, api_response_2023-11-11_17-15-47.json, api_response_2023-11-11_18-15-57.json, api_response_2023-11-11_18-56-04.json, api_response_2023-11-11_17-55-54.json, api_response_2023-11-11_16-35-41.json

Record time: 2023-11-11T15:05:56Z
Event time: 2023-11-12T00:29:25.250Z
Status: Underway
Travel distance: 120.90712742980561
Waypoints: (57.044609477857755, 25.559189425961115), (56.98888440487641, 25.61536168932947), (56.907014412699255, 25.690747644584423), (56.826358009102314, 25.768676308772083), (56.76191356599559, 25.84188289714034), (56.71939267596886, 25.90929746546005), (56.69793810075326, 25.973333406822306), (56.692486311598685, 26.037675802911888), (56.69577462156693, 26.105569629756804), (56.699992906831724, 26.178607816610896), (56.69997594674287, 26.254750807280427), (56.68579165909861, 26.330381126692416), (56.65487907048209, 26.40759281075543), (56.610211849805594, 26.470332840717717), (56.55669146274771, 26.511063818200974), (56.48810674787951, 26.527529612707852), (56.42454787267482, 26.521262583548584), (56.35474014695487, 26.496588394458662), (56.27798934063656, 26.462974250363594), (56.2005028233302, 26.420168776278537), (56.12594603288787, 26.370432816112334), (56.058937938154855, 26.315022602928096), (56.005132073396574, 26.254370703099408), (55.97127062213742, 26.18854666651377), (55.96521155330295, 26.117997384182836), (55.99592880966533, 26.044567153259294), (56.07348554859199, 25.972797449460426)
Associated file(s): api_response_2023-11-11_19-36-12.json, api_response_2023-11-11_19-56-15.json, api_response_2023-11-11_19-16-08.json, api_response_2023-11-11_19-36-12.json, api_response_2023-11-11_19-56-15.json, api_response_2023-11-11_19-16-08.json

Record time: 2023-11-11T15:59:45Z
Event time: 2023-11-12T00:12:55.800Z
Status: Underway
Travel distance: 107.59233261339092
Waypoints: (56.9802287407279, 25.75922850743483), (56.9089162496798, 25.84249680612119), (56.82906118458411, 25.909256644810796), (56.76371470459, 25.971486916423608), (56.72117269154352, 26.036270691851893), (56.69982162426414, 26.106633022805777), (56.69225705345481, 26.18235895404041), (56.688674677245615, 26.26079174496468), (56.679534017371054, 26.337611300631604), (56.65749469307412, 26.40759281075543), (56.61579360349262, 26.470332840717717), (56.55736421293889, 26.511063818200974), (56.486312747369695, 26.527529612707852), (56.42454787267482, 26.521262583548584), (56.35474014695487, 26.496588394458662), (56.27798934063656, 26.462974250363594), (56.2005028233302, 26.420168776278537), (56.12594603288787, 26.370432816112334), (56.058937938154855, 26.315022602928096), (56.005132073396574, 26.254370703099408), (55.97127062213742, 26.18854666651377), (55.96521155330295, 26.117997384182836), (55.99592880966533, 26.044567153259294), (56.07348554859199, 25.972797449460426)
Associated file(s): api_response_2023-11-11_22-16-39.json, api_response_2023-11-11_20-36-21.json, api_response_2023-11-11_21-56-35.json, api_response_2023-11-11_22-56-46.json, api_response_2023-11-11_20-16-18.json, api_response_2023-11-11_21-16-28.json, api_response_2023-11-11_22-36-42.json, api_response_2023-11-11_21-36-31.json, api_response_2023-11-11_20-56-25.json, api_response_2023-11-11_22-16-39.json, api_response_2023-11-11_20-36-21.json, api_response_2023-11-11_21-56-35.json, api_response_2023-11-11_22-56-46.json, api_response_2023-11-11_20-16-18.json, api_response_2023-11-11_21-16-28.json, api_response_2023-11-11_22-36-42.json, api_response_2023-11-11_21-36-31.json, api_response_2023-11-11_20-56-25.json

Record time: 2023-11-11T19:05:13Z
Event time: 2023-11-12T00:08:07.500Z
Status: Underway
Travel distance: 65.96922246220302
Waypoints: (56.69970864705477, 26.39305685662224), (56.624109413382634, 26.469904625288617), (56.5611128303513, 26.52648964771675), (56.49204830441882, 26.541511636540356), (56.417499291633405, 26.521848375351293), (56.344100520771555, 26.484840215508424), (56.27610288618988, 26.445885055686997), (56.215206744931706, 26.41548184173962), (56.13708273781427, 26.377082967528384), (56.05990286837563, 26.324484406858293), (55.994434553358346, 26.25889422469038), (55.95844668121216, 26.1855637886576), (55.965723969376796, 26.112395539477564), (56.013522658955516, 26.044290703209604), (56.06580032087287, 25.974570819356572)
Associated file(s): api_response_2023-11-11_23-56-55.json, api_response_2023-11-11_23-36-52.json, api_response_2023-11-11_23-16-49.json, api_response_2023-11-11_23-56-55.json, api_response_2023-11-11_23-36-52.json, api_response_2023-11-11_23-16-49.json

Record time: 2023-11-11T20:04:44Z
Event time: 2023-11-12T00:26:09.250Z
Status: Underway
Travel distance: 59.75053995680346
Waypoints: (56.62603481834167, 26.601424520979734), (56.566072206760936, 26.54471823735328), (56.4846384126069, 26.529670480525013), (56.41148969433711, 26.515227513923346), (56.34841809552815, 26.48916393511078), (56.2859382878538, 26.453351713836284), (56.215206744931706, 26.41314756367207), (56.13708273781427, 26.377082967528384), (56.05990286837563, 26.324484406858293), (55.994434553358346, 26.25889422469038), (55.95844668121216, 26.1855637886576), (55.965723969376796, 26.112395539477564), (56.013522658955516, 26.044290703209604), (56.06580032087287, 25.974570819356572)
Associated file(s): api_response_2023-11-12_00-37-02.json, api_response_2023-11-12_00-16-59.json, api_response_2023-11-12_00-37-02.json, api_response_2023-11-12_00-16-59.json

Record time: 2023-11-11T20:54:47Z
Event time: 2023-11-12T00:41:13.250Z
Status: Underway
Travel distance: 51.15550755939525
Waypoints: (56.41858510923254, 26.604521110938833), (56.3475427935859, 26.603900960960445), (56.280416453078296, 26.53571710281161), (56.206763487338996, 26.46296371850631), (56.13767915926195, 26.394779860357495), (56.07339190073009, 26.324387397899688), (55.984357854861514, 26.254375729288256), (55.95684812951, 26.184364060676774), (55.97567744330337, 26.114352392065353), (56.00739684192927, 26.044340723453928), (56.06701756342054, 25.97432905484251)
Associated file(s): api_response_2023-11-12_00-57-05.json, api_response_2023-11-12_01-17-08.json, api_response_2023-11-12_01-37-12.json, api_response_2023-11-12_00-57-05.json, api_response_2023-11-12_01-17-08.json, api_response_2023-11-12_01-37-12.json

Record time: 2023-11-11T21:44:06Z
Event time: 2023-11-12T00:57:41.250Z
Status: Underway
Travel distance: 43.734341252699785
Waypoints: (56.2784367100914, 26.534422403733956), (56.208438654481824, 26.46441073512252), (56.13844059887225, 26.394399066511085), (56.06844254326268, 26.32438739789965), (55.99844448765313, 26.254375729288213), (55.92844643204356, 26.184364060676778), (55.99844448765313, 26.114352392065342), (55.99844448765313, 26.044340723453907), (56.06844254326268, 25.97432905484247)
Associated file(s): api_response_2023-11-12_02-37-22.json, api_response_2023-11-12_02-17-19.json, api_response_2023-11-12_01-57-15.json, api_response_2023-11-12_02-37-22.json, api_response_2023-11-12_02-17-19.json, api_response_2023-11-12_01-57-15.json

Record time: 2023-11-11T22:56:10Z
Event time: 2023-11-12T00:42:04.750Z
Status: Underway
Travel distance: 25.359071274298056
Waypoints: (56.13844059887225, 26.32438739789965), (56.06844254326268, 26.254375729288213), (56.06844254326268, 26.184364060676778), (55.99844448765313, 26.114352392065342), (55.99844448765313, 26.044340723453907), (56.06844254326268, 25.97432905484247)
Associated file(s): api_response_2023-11-12_03-17-29.json, api_response_2023-11-12_02-57-26.json, api_response_2023-11-12_03-17-29.json, api_response_2023-11-12_02-57-26.json

Record time: 2023-11-11T23:29:25Z
Event time: 2023-11-12T00:26:54.800Z
Status: Underway
Travel distance: 15.50755939524838
Waypoints: (56.06844254326268, 26.184364060676778), (55.99844448765313, 26.114352392065342), (55.99844448765313, 26.044340723453907), (56.06844254326268, 25.97432905484247)
Associated file(s): api_response_2023-11-12_04-17-39.json, api_response_2023-11-12_03-57-35.json, api_response_2023-11-12_03-37-32.json, api_response_2023-11-12_04-17-39.json, api_response_2023-11-12_03-57-35.json, api_response_2023-11-12_03-37-32.json

Record time: 2023-11-12T00:25:05Z
Event time: 2023-11-12T00:46:04.500Z
Status: Underway
Travel distance: 9.857451403887689
Waypoints: (55.99844448765313, 26.114352392065342), (55.99844448765313, 26.044340723453907), (56.06844254326268, 25.97432905484247)
Associated file(s): api_response_2023-11-12_04-37-42.json, api_response_2023-11-12_04-57-45.json, api_response_2023-11-12_04-37-42.json, api_response_2023-11-12_04-57-45.json

Record time: 2023-11-12T11:53:32Z
Event time: 2023-11-12T11:53:32Z
Status: Arrived
Travel distance: N/A
Waypoints: 
Associated file(s): api_response_2023-11-12_21-00-24.json, api_response_2023-11-13_01-01-04.json, api_response_2023-11-12_17-59-55.json, api_response_2023-11-12_17-39-52.json, api_response_2023-11-13_01-41-11.json, api_response_2023-11-12_16-39-41.json, api_response_2023-11-12_21-40-31.json, api_response_2023-11-13_00-20-58.json, api_response_2023-11-12_23-00-45.json, api_response_2023-11-13_03-01-24.json, api_response_2023-11-12_16-19-38.json, api_response_2023-11-12_23-40-51.json, api_response_2023-11-12_20-20-18.json, api_response_2023-11-12_21-20-27.json, api_response_2023-11-12_15-59-35.json, api_response_2023-11-12_19-00-04.json, api_response_2023-11-13_03-41-31.json, api_response_2023-11-12_19-40-11.json, api_response_2023-11-12_18-40-01.json, api_response_2023-11-12_18-19-58.json, api_response_2023-11-13_02-41-21.json, api_response_2023-11-12_17-19-48.json, api_response_2023-11-12_22-40-41.json, api_response_2023-11-12_22-00-34.json, api_response_2023-11-13_02-01-14.json, api_response_2023-11-13_01-21-08.json, api_response_2023-11-12_16-59-45.json, api_response_2023-11-13_00-41-01.json, api_response_2023-11-12_20-40-21.json, api_response_2023-11-12_23-20-48.json, api_response_2023-11-12_22-20-37.json, api_response_2023-11-13_00-00-54.json, api_response_2023-11-13_02-21-17.json, api_response_2023-11-13_03-21-28.json, api_response_2023-11-12_20-00-14.json, api_response_2023-11-12_19-20-08.json, api_response_2023-11-12_21-00-24.json, api_response_2023-11-13_01-01-04.json, api_response_2023-11-12_17-59-55.json, api_response_2023-11-12_17-39-52.json, api_response_2023-11-13_01-41-11.json, api_response_2023-11-12_16-39-41.json, api_response_2023-11-12_21-40-31.json, api_response_2023-11-13_00-20-58.json, api_response_2023-11-12_23-00-45.json, api_response_2023-11-13_03-01-24.json, api_response_2023-11-12_16-19-38.json, api_response_2023-11-12_23-40-51.json, api_response_2023-11-12_20-20-18.json, api_response_2023-11-12_21-20-27.json, api_response_2023-11-12_15-59-35.json, api_response_2023-11-12_19-00-04.json, api_response_2023-11-13_03-41-31.json, api_response_2023-11-12_19-40-11.json, api_response_2023-11-12_18-40-01.json, api_response_2023-11-12_18-19-58.json, api_response_2023-11-13_02-41-21.json, api_response_2023-11-12_17-19-48.json, api_response_2023-11-12_22-40-41.json, api_response_2023-11-12_22-00-34.json, api_response_2023-11-13_02-01-14.json, api_response_2023-11-13_01-21-08.json, api_response_2023-11-12_16-59-45.json, api_response_2023-11-13_00-41-01.json, api_response_2023-11-12_20-40-21.json, api_response_2023-11-12_23-20-48.json, api_response_2023-11-12_22-20-37.json, api_response_2023-11-13_00-00-54.json, api_response_2023-11-13_02-21-17.json, api_response_2023-11-13_03-21-28.json, api_response_2023-11-12_20-00-14.json, api_response_2023-11-12_19-20-08.json
