Record time: 2023-06-12T22:07:48Z
Event time: 2023-06-13T22:09:21.750Z
Status: Underway
Travel distance: 319.33153347732184
Waypoints: (50.748590316935626, 26.88264794704533), (50.81858837254521, 26.819689780485927), (50.888586428154774, 26.74191503761868), (50.95858448376434, 26.668661037439932), (51.02858253937391, 26.606771564274048), (51.098580594983474, 26.55507256324478), (51.168578650593055, 26.508129907504006), (51.23857670620263, 26.459289237217753), (51.3085747618122, 26.402997870309584), (51.37857281478584, 26.336408783610114), (51.448570870391826, 26.260780349018926), (51.5185689259978, 26.176402576275155), (51.58856698160376, 26.09672177696444), (51.658565037209755, 26.033983631822945), (51.728563092815726, 26.003146078717737), (51.79856114842171, 25.987313583999587), (51.86855920402767, 25.990253904447243), (51.93855725963364, 26.005439905631075), (52.00855531523963, 26.024885601822408), (52.0785533708456, 26.05009696484027), (52.14855142645157, 26.067209252881476), (52.21854948205756, 26.07545345905972), (52.288547537663526, 26.082118185407744), (52.358545593269504, 26.097066699170803), (52.428543648875475, 26.109417929871764), (52.49854170448145, 26.128995563519084), (52.568539760087425, 26.145791201665926), (52.6385378156934, 26.163894905447815), (52.708535871299375, 26.17781430705419), (52.778533926905354, 26.186827520118744), (52.848531982511325, 26.1820513842121), (52.91853003811731, 26.15781258872692), (52.98852809372327, 26.138189719380406), (53.058526149329246, 26.12642089830658), (53.12852420493523, 26.121567484747143), (53.198522260541196, 26.117714911032394), (53.268520316147175, 26.101235922779914), (53.33851837175316, 26.078199642965), (53.40851642735913, 26.047456330899777), (53.47851448296509, 26.012449554185455), (53.54851253857108, 25.98066582103876), (53.618510594177046, 25.96649573826601), (53.688508649783024, 25.96307855815601), (53.758506705388996, 25.968844224982536), (53.828504760994974, 25.976945184779996), (53.89850281660096, 25.97991189271885), (53.96850087220693, 25.97500193453542), (54.038498927812924, 25.972534704108508), (54.10849698341888, 25.972534704108508), (54.17849503902486, 25.976796283936814), (54.24849309463083, 25.977444662291937), (54.31849115023681, 25.973829575997957), (54.38848920584279, 25.96934370249448), (54.45848726144877, 25.968063909171427), (54.528485317054745, 25.970966533203086), (54.59848337266071, 25.986495571772476), (54.668481428266695, 26.003398644704912), (54.73847948387265, 26.017887262192822), (54.80847753947863, 26.02965608326665), (54.8784755950846, 26.04143809808608), (54.94847365069058, 26.048364814525275), (55.018471706296545, 26.05344252175988), (55.08846976190252, 26.066383701371176), (55.15846781750851, 26.09144050908346), (55.22846587311449, 26.11901920702584), (55.29846392872046, 26.129958706947768), (55.36846198432644, 26.106328708580925), (55.43846003993242, 26.066851136929515), (55.5084580983862, 26.047141190198378), (55.57845615399576, 26.034574541614095), (55.648454209605326, 26.032127153209657), (55.718452265214886, 26.03980262327932), (55.78845032082445, 26.053909358939187), (55.85844837643401, 26.06651322416689), (55.92844643204357, 26.06506566465783), (55.998444487653124, 26.032207309497796), (56.06844254326265, 25.945747049652102)
Associated file(s): api_response_2023-06-13_02-57-43.json, api_response_2023-06-13_03-07-45.json, api_response_2023-06-13_02-37-39.json, api_response_2023-06-13_03-37-51.json, api_response_2023-06-13_03-27-49.json, api_response_2023-06-13_02-27-37.json, api_response_2023-06-13_02-47-41.json, api_response_2023-06-13_02-17-35.json, api_response_2023-06-13_03-17-47.json

Record time: 2023-06-12T23:46:47Z
Event time: 2023-06-13T22:58:14.666Z
Status: Underway
Travel distance: 302.5847732181426
Waypoints: (51.098580594983474, 27.019573701226737), (51.16857865059305, 26.963401437858398), (51.23857670620261, 26.888015482603443), (51.308574761812174, 26.81008681841578), (51.37857281742174, 26.736880230047518), (51.448570873031315, 26.66946566172781), (51.51856892864089, 26.60542972036556), (51.58856698425046, 26.541087324275985), (51.65856503986003, 26.473193497431076), (51.728563092815726, 26.400155307879484), (51.79856114842171, 26.32580666661135), (51.86855920402767, 26.245914767371058), (51.93855725963364, 26.16984905435432), (52.00855531523963, 26.106462530857705), (52.0785533708456, 26.07136339792419), (52.14855142645157, 26.057325252607427), (52.21854948205756, 26.06026557305509), (52.288547537663526, 26.07545157423892), (52.358545593269504, 26.098485969233035), (52.428543648875475, 26.115174172594294), (52.49854170448145, 26.130989703925252), (52.568539760087425, 26.146464082691445), (52.6385378156934, 26.162100556046422), (52.708535871299375, 26.17781430705419), (52.778533926905354, 26.186827520118744), (52.848531982511325, 26.1820513842121), (52.91853003811731, 26.15781258872692), (52.98852809372327, 26.138189719380406), (53.058526149329246, 26.12642089830658), (53.12852420493523, 26.121567484747143), (53.198522260541196, 26.117714911032394), (53.268520316147175, 26.101235922779914), (53.33851837175316, 26.078199642965), (53.40851642735913, 26.047456330899777), (53.47851448296509, 26.012449554185455), (53.54851253857108, 25.98066582103876), (53.618510594177046, 25.96649573826601), (53.688508649783024, 25.96307855815601), (53.758506705388996, 25.968844224982536), (53.828504760994974, 25.976945184779996), (53.89850281660096, 25.97991189271885), (53.96850087220693, 25.97500193453542), (54.038498927812924, 25.972534704108508), (54.10849698341888, 25.972534704108508), (54.17849503902486, 25.976796283936814), (54.24849309463083, 25.977444662291937), (54.31849115023681, 25.973829575997957), (54.38848920584279, 25.96934370249448), (54.45848726144877, 25.968063909171427), (54.528485317054745, 25.970966533203086), (54.59848337266071, 25.986495571772476), (54.668481428266695, 26.003398644704912), (54.73847948387265, 26.017887262192822), (54.80847753947863, 26.02965608326665), (54.8784755950846, 26.04143809808608), (54.94847365069058, 26.048364814525275), (55.018471706296545, 26.05344252175988), (55.08846976190252, 26.066383701371176), (55.15846781750851, 26.09144050908346), (55.22846587311449, 26.11901920702584), (55.29846392872046, 26.129958706947768), (55.36846198432644, 26.106328708580925), (55.43846003993242, 26.066851136929515), (55.5084580983862, 26.047141190198378), (55.57845615399576, 26.034574541614095), (55.648454209605326, 26.032127153209657), (55.718452265214886, 26.03980262327932), (55.78845032082445, 26.053909358939187), (55.85844837643401, 26.06651322416689), (55.92844643204357, 26.06506566465783), (55.998444487653124, 26.032207309497796), (56.06844254326265, 25.945747049652102)
Associated file(s): api_response_2023-06-13_03-57-55.json, api_response_2023-06-13_04-07-57.json, api_response_2023-06-13_03-47-53.json

Record time: 2023-06-13T00:10:17Z
Event time: 2023-06-13T23:28:35.800Z
Status: Underway
Travel distance: 300.5707343412527
Waypoints: (51.16320247374031, 27.019573701226737), (51.249278579374234, 26.963401437858398), (51.31462054809892, 26.888015482603443), (51.36932263077808, 26.81008681841578), (51.420478084775404, 26.736880230047518), (51.472698341118914, 26.66946566172781), (51.528595424806184, 26.60542972036556), (51.58922762825029, 26.541087324275985), (51.65450843786669, 26.473193497431076), (51.72357871114718, 26.400155307879484), (51.798061768027694, 26.32580666661135), (51.87167420701372, 26.245914767371058), (51.94102401033463, 26.16984905435432), (52.00676131472982, 26.106462530857705), (52.0785533708456, 26.07136339792419), (52.14855142645157, 26.057325252607427), (52.21854948205756, 26.06026557305509), (52.288547537663526, 26.07545157423892), (52.358545593269504, 26.098485969233035), (52.428543648875475, 26.115174172594294), (52.49854170448145, 26.130989703925252), (52.568539760087425, 26.146464082691445), (52.6385378156934, 26.162100556046422), (52.708535871299375, 26.17781430705419), (52.778533926905354, 26.186827520118744), (52.848531982511325, 26.1820513842121), (52.91853003811731, 26.15781258872692), (52.98852809372327, 26.138189719380406), (53.058526149329246, 26.12642089830658), (53.12852420493523, 26.121567484747143), (53.198522260541196, 26.117714911032394), (53.268520316147175, 26.101235922779914), (53.33851837175316, 26.078199642965), (53.40851642735913, 26.047456330899777), (53.47851448296509, 26.012449554185455), (53.54851253857108, 25.98066582103876), (53.618510594177046, 25.96649573826601), (53.688508649783024, 25.96307855815601), (53.758506705388996, 25.968844224982536), (53.828504760994974, 25.976945184779996), (53.89850281660096, 25.97991189271885), (53.96850087220693, 25.97500193453542), (54.038498927812924, 25.972534704108508), (54.10849698341888, 25.972534704108508), (54.17849503902486, 25.976796283936814), (54.24849309463083, 25.977444662291937), (54.31849115023681, 25.973829575997957), (54.38848920584279, 25.96934370249448), (54.45848726144877, 25.968063909171427), (54.528485317054745, 25.970966533203086), (54.59848337266071, 25.986495571772476), (54.668481428266695, 26.003398644704912), (54.73847948387265, 26.017887262192822), (54.80847753947863, 26.02965608326665), (54.8784755950846, 26.04143809808608), (54.94847365069058, 26.048364814525275), (55.018471706296545, 26.05344252175988), (55.08846976190252, 26.066383701371176), (55.15846781750851, 26.09144050908346), (55.22846587311449, 26.11901920702584), (55.29846392872046, 26.129958706947768), (55.36846198432644, 26.106328708580925), (55.43846003993242, 26.066851136929515), (55.5084580983862, 26.047141190198378), (55.57845615399576, 26.034574541614095), (55.648454209605326, 26.032127153209657), (55.718452265214886, 26.03980262327932), (55.78845032082445, 26.053909358939187), (55.85844837643401, 26.06651322416689), (55.92844643204357, 26.06506566465783), (55.998444487653124, 26.032207309497796), (56.06844254326265, 25.945747049652102)
Associated file(s): api_response_2023-06-13_04-17-59.json, api_response_2023-06-13_04-28-01.json

Record time: 2023-06-13T00:30:32Z
Event time: 2023-06-14T00:05:31.500Z
Status: Underway
Travel distance: 292.34935205183587
Waypoints: (51.23857670620259, 27.02415570059124), (51.308574761812146, 26.957292105372392), (51.378572817421706, 26.880648346370318), (51.44857087303127, 26.809547759667012), (51.518568928640846, 26.74887083170274), (51.58856698425041, 26.696909280847628), (51.65856503985999, 26.648585519809952), (51.72856309546956, 26.598037498881073), (51.79856115107913, 26.540568930017084), (51.86855920402767, 26.47396489039889), (51.93855725963364, 26.397688077452575), (52.00855531523963, 26.315131041601393), (52.0785533708456, 26.244197695622454), (52.14855142645157, 26.18518207156053), (52.21854948205756, 26.14177087889999), (52.288547537663526, 26.10953667358215), (52.358545593269504, 26.10035194182482), (52.428543648875475, 26.102355506334987), (52.49854170448145, 26.11923973105942), (52.568539760087425, 26.144094862946123), (52.6385378156934, 26.167183917743433), (52.708535871299375, 26.18160279686175), (52.778533926905354, 26.187500401144266), (52.848531982511325, 26.180257034810708), (52.91853003811731, 26.15781258872692), (52.98852809372327, 26.138189719380406), (53.058526149329246, 26.12642089830658), (53.12852420493523, 26.121567484747143), (53.198522260541196, 26.117714911032394), (53.268520316147175, 26.101235922779914), (53.33851837175316, 26.078199642965), (53.40851642735913, 26.047456330899777), (53.47851448296509, 26.012449554185455), (53.54851253857108, 25.98066582103876), (53.618510594177046, 25.96649573826601), (53.688508649783024, 25.96307855815601), (53.758506705388996, 25.968844224982536), (53.828504760994974, 25.976945184779996), (53.89850281660096, 25.97991189271885), (53.96850087220693, 25.97500193453542), (54.038498927812924, 25.972534704108508), (54.10849698341888, 25.972534704108508), (54.17849503902486, 25.976796283936814), (54.24849309463083, 25.977444662291937), (54.31849115023681, 25.973829575997957), (54.38848920584279, 25.96934370249448), (54.45848726144877, 25.968063909171427), (54.528485317054745, 25.970966533203086), (54.59848337266071, 25.986495571772476), (54.668481428266695, 26.003398644704912), (54.73847948387265, 26.017887262192822), (54.80847753947863, 26.02965608326665), (54.8784755950846, 26.04143809808608), (54.94847365069058, 26.048364814525275), (55.018471706296545, 26.05344252175988), (55.08846976190252, 26.066383701371176), (55.15846781750851, 26.09144050908346), (55.22846587311449, 26.11901920702584), (55.29846392872046, 26.129958706947768), (55.36846198432644, 26.106328708580925), (55.43846003993242, 26.066851136929515), (55.5084580983862, 26.047141190198378), (55.57845615399576, 26.034574541614095), (55.648454209605326, 26.032127153209657), (55.718452265214886, 26.03980262327932), (55.78845032082445, 26.053909358939187), (55.85844837643401, 26.06651322416689), (55.92844643204357, 26.06506566465783), (55.998444487653124, 26.032207309497796), (56.06844254326265, 25.945747049652102)
Associated file(s): api_response_2023-06-13_06-18-21.json, api_response_2023-06-13_04-38-02.json, api_response_2023-06-13_05-48-16.json, api_response_2023-06-13_04-48-04.json, api_response_2023-06-13_06-38-25.json, api_response_2023-06-13_05-08-08.json, api_response_2023-06-13_06-28-23.json, api_response_2023-06-13_06-48-27.json, api_response_2023-06-13_05-18-10.json, api_response_2023-06-13_05-38-14.json, api_response_2023-06-13_06-08-19.json, api_response_2023-06-13_05-58-18.json, api_response_2023-06-13_05-28-12.json, api_response_2023-06-13_04-58-06.json

Record time: 2023-06-13T02:50:31Z
Event time: 2023-06-13T23:32:57.666Z
Status: Underway
Travel distance: 256.3147948164147
Waypoints: (51.79856115107914, 27.026706822678616), (51.86855920668872, 27.021169002128612), (51.938557262298296, 27.02163964759392), (52.00855531790786, 27.025263769604763), (52.07855337351744, 27.029094022472176), (52.148551429127004, 27.030414704983492), (52.21854948473658, 27.02699017978378), (52.288547540346144, 27.01723771144317), (52.35854559595571, 27.000324723210152), (52.428543648875475, 26.976190471066783), (52.49854170448145, 26.942823488448276), (52.568539760087425, 26.909096505057004), (52.6385378156934, 26.8696208182264), (52.708535871299375, 26.825140932172378), (52.778533926905354, 26.787193835010395), (52.848531982511325, 26.74739961346463), (52.91853003811731, 26.703564336124142), (52.98852809372327, 26.655708736017722), (53.058526149329246, 26.62055494328101), (53.12852420493523, 26.57962794443458), (53.198522260541196, 26.53886680981853), (53.268520316147175, 26.48946565665629), (53.33851837175316, 26.438956228863766), (53.40851642735913, 26.385674229674773), (53.47851448296509, 26.337475592182788), (53.54851253857108, 26.288562607607687), (53.618510594177046, 26.229243527397), (53.688508649783024, 26.16899711535282), (53.758506705388996, 26.103275298885276), (53.828504760994974, 26.04830826990128), (53.89850281660096, 26.007232370211664), (53.96850087220693, 25.974998164893822), (54.038498927812924, 25.961683790764173), (54.10849698341888, 25.962105990623325), (54.17849503902486, 25.976894294618404), (54.24849309463083, 25.980733674587555), (54.31849115023681, 25.97761806580552), (54.38848920584279, 25.970016583520003), (54.45848726144877, 25.966269559770033), (54.528485317054745, 25.970966533203086), (54.59848337266071, 25.986495571772476), (54.668481428266695, 26.003398644704912), (54.73847948387265, 26.017887262192822), (54.80847753947863, 26.02965608326665), (54.8784755950846, 26.04143809808608), (54.94847365069058, 26.048364814525275), (55.018471706296545, 26.05344252175988), (55.08846976190252, 26.066383701371176), (55.15846781750851, 26.09144050908346), (55.22846587311449, 26.11901920702584), (55.29846392872046, 26.129958706947768), (55.36846198432644, 26.106328708580925), (55.43846003993242, 26.066851136929515), (55.5084580983862, 26.047141190198378), (55.57845615399576, 26.034574541614095), (55.648454209605326, 26.032127153209657), (55.718452265214886, 26.03980262327932), (55.78845032082445, 26.053909358939187), (55.85844837643401, 26.06651322416689), (55.92844643204357, 26.06506566465783), (55.998444487653124, 26.032207309497796), (56.06844254326265, 25.945747049652102)
Associated file(s): api_response_2023-06-13_08-28-46.json, api_response_2023-06-13_07-18-32.json, api_response_2023-06-13_09-38-59.json, api_response_2023-06-13_07-38-36.json, api_response_2023-06-13_08-08-42.json, api_response_2023-06-13_08-58-51.json, api_response_2023-06-13_06-58-29.json, api_response_2023-06-13_08-48-50.json, api_response_2023-06-13_07-58-40.json, api_response_2023-06-13_08-18-44.json, api_response_2023-06-13_07-48-38.json, api_response_2023-06-13_09-49-01.json, api_response_2023-06-13_09-18-55.json, api_response_2023-06-13_09-28-57.json, api_response_2023-06-13_07-08-30.json, api_response_2023-06-13_08-38-48.json, api_response_2023-06-13_07-28-34.json, api_response_2023-06-13_09-08-53.json

Record time: 2023-06-13T05:56:20Z
Event time: 2023-06-13T23:19:19.500Z
Status: Underway
Travel distance: 220.88714902807774
Waypoints: (52.4985417071748, 27.02333251367427), (52.56853976278436, 26.95347173353524), (52.63853781839393, 26.888557579911808), (52.708535874003495, 26.8314857372683), (52.77853392961306, 26.78237460662042), (52.84853198522264, 26.73959931822606), (52.918530040832216, 26.700657241296614), (52.98852809644179, 26.66286499072877), (53.058526152051364, 26.62388693085678), (53.12852420493523, 26.582095174861493), (53.198522260541196, 26.53707246041714), (53.268520316147175, 26.48946565665629), (53.33851837175316, 26.438956228863766), (53.40851642735913, 26.385674229674773), (53.47851448296509, 26.337475592182788), (53.54851253857108, 26.288562607607687), (53.618510594177046, 26.229243527397), (53.688508649783024, 26.16899711535282), (53.758506705388996, 26.103275298885276), (53.828504760994974, 26.04830826990128), (53.89850281660096, 26.007232370211664), (53.96850087220693, 25.974998164893822), (54.038498927812924, 25.961683790764173), (54.10849698341888, 25.962105990623325), (54.17849503902486, 25.976894294618404), (54.24849309463083, 25.980733674587555), (54.31849115023681, 25.97761806580552), (54.38848920584279, 25.970016583520003), (54.45848726144877, 25.966269559770033), (54.528485317054745, 25.970966533203086), (54.59848337266071, 25.986495571772476), (54.668481428266695, 26.003398644704912), (54.73847948387265, 26.017887262192822), (54.80847753947863, 26.02965608326665), (54.8784755950846, 26.04143809808608), (54.94847365069058, 26.048364814525275), (55.018471706296545, 26.05344252175988), (55.08846976190252, 26.066383701371176), (55.15846781750851, 26.09144050908346), (55.22846587311449, 26.11901920702584), (55.29846392872046, 26.129958706947768), (55.36846198432644, 26.106328708580925), (55.43846003993242, 26.066851136929515), (55.5084580983862, 26.047141190198378), (55.57845615399576, 26.034574541614095), (55.648454209605326, 26.032127153209657), (55.718452265214886, 26.03980262327932), (55.78845032082445, 26.053909358939187), (55.85844837643401, 26.06651322416689), (55.92844643204357, 26.06506566465783), (55.998444487653124, 26.032207309497796), (56.06844254326265, 25.945747049652102)
Associated file(s): api_response_2023-06-13_11-03-12.json, api_response_2023-06-13_11-33-17.json, api_response_2023-06-13_10-19-06.json, api_response_2023-06-13_11-13-13.json, api_response_2023-06-13_10-43-05.json, api_response_2023-06-13_10-29-08.json, api_response_2023-06-13_11-53-21.json, api_response_2023-06-13_09-59-03.json, api_response_2023-06-13_10-39-10.json, api_response_2023-06-13_12-03-23.json, api_response_2023-06-13_11-43-19.json, api_response_2023-06-13_10-53-10.json, api_response_2023-06-13_11-23-15.json, api_response_2023-06-13_10-09-04.json

Record time: 2023-06-13T08:11:42Z
Event time: 2023-06-13T23:49:22.142Z
Status: Underway
Travel distance: 190.5961123110151
Waypoints: (52.918530040832195, 26.673638283726156), (52.98852809644179, 26.66788568499022), (53.058526152051364, 26.630400243267545), (53.12852420766093, 26.58136744691442), (53.1985222632705, 26.531202815670973), (53.26852031888007, 26.48358382339984), (53.33851837448964, 26.438035306777373), (53.40851643009921, 26.392068359937337), (53.478514485708786, 26.34287271506711), (53.54851253857108, 26.288562607607687), (53.618510594177046, 26.229243527397), (53.688508649783024, 26.16899711535282), (53.758506705388996, 26.103275298885276), (53.828504760994974, 26.04830826990128), (53.89850281660096, 26.007232370211664), (53.96850087220693, 25.974998164893822), (54.038498927812924, 25.961683790764173), (54.10849698341888, 25.962105990623325), (54.17849503902486, 25.976894294618404), (54.24849309463083, 25.980733674587555), (54.31849115023681, 25.97761806580552), (54.38848920584279, 25.970016583520003), (54.45848726144877, 25.966269559770033), (54.528485317054745, 25.970966533203086), (54.59848337266071, 25.986495571772476), (54.668481428266695, 26.003398644704912), (54.73847948387265, 26.017887262192822), (54.80847753947863, 26.02965608326665), (54.8784755950846, 26.04143809808608), (54.94847365069058, 26.048364814525275), (55.018471706296545, 26.05344252175988), (55.08846976190252, 26.066383701371176), (55.15846781750851, 26.09144050908346), (55.22846587311449, 26.11901920702584), (55.29846392872046, 26.129958706947768), (55.36846198432644, 26.106328708580925), (55.43846003993242, 26.066851136929515), (55.5084580983862, 26.047141190198378), (55.57845615399576, 26.034574541614095), (55.648454209605326, 26.032127153209657), (55.718452265214886, 26.03980262327932), (55.78845032082445, 26.053909358939187), (55.85844837643401, 26.06651322416689), (55.92844643204357, 26.06506566465783), (55.998444487653124, 26.032207309497796), (56.06844254326265, 25.945747049652102)
Associated file(s): api_response_2023-06-13_13-43-41.json, api_response_2023-06-13_13-03-34.json, api_response_2023-06-13_12-53-32.json, api_response_2023-06-13_14-03-45.json, api_response_2023-06-13_15-03-56.json, api_response_2023-06-13_14-33-51.json, api_response_2023-06-13_13-33-40.json, api_response_2023-06-13_12-33-28.json, api_response_2023-06-13_14-23-49.json, api_response_2023-06-13_13-23-38.json, api_response_2023-06-13_12-23-27.json, api_response_2023-06-13_14-53-55.json, api_response_2023-06-13_13-13-36.json, api_response_2023-06-13_13-53-43.json, api_response_2023-06-13_15-13-59.json, api_response_2023-06-13_12-43-30.json, api_response_2023-06-13_14-43-53.json, api_response_2023-06-13_14-13-47.json, api_response_2023-06-13_12-13-24.json

Record time: 2023-06-13T11:21:13Z
Event time: 2023-06-13T23:27:32.200Z
Status: Underway
Travel distance: 152.17710583153348
Waypoints: (53.54851254131831, 26.387052720422552), (53.618510596927905, 26.33929467406902), (53.68850865253748, 26.259181965212132), (53.758506708147046, 26.17343921095234), (53.828504763756605, 26.097821371334796), (53.89850281936617, 26.039815639965997), (53.968500874975746, 26.00102479991522), (54.03849893058531, 25.979232044900794), (54.10849698619488, 25.97014726576117), (54.17849503902486, 25.96883480087854), (54.24849309463083, 25.975748323572134), (54.31849115023681, 25.977118588293575), (54.38848920584279, 25.973132192302042), (54.45848726144877, 25.96873679019695), (54.528485317054745, 25.9691721838017), (54.59848337266071, 25.986495571772476), (54.668481428266695, 26.003398644704912), (54.73847948387265, 26.017887262192822), (54.80847753947863, 26.02965608326665), (54.8784755950846, 26.04143809808608), (54.94847365069058, 26.048364814525275), (55.018471706296545, 26.05344252175988), (55.08846976190252, 26.066383701371176), (55.15846781750851, 26.09144050908346), (55.22846587311449, 26.11901920702584), (55.29846392872046, 26.129958706947768), (55.36846198432644, 26.106328708580925), (55.43846003993242, 26.066851136929515), (55.5084580983862, 26.047141190198378), (55.57845615399576, 26.034574541614095), (55.648454209605326, 26.032127153209657), (55.718452265214886, 26.03980262327932), (55.78845032082445, 26.053909358939187), (55.85844837643401, 26.06651322416689), (55.92844643204357, 26.06506566465783), (55.998444487653124, 26.032207309497796), (56.06844254326265, 25.945747049652102)
Associated file(s): api_response_2023-06-13_16-34-14.json, api_response_2023-06-13_15-24-01.json, api_response_2023-06-13_15-54-06.json, api_response_2023-06-13_16-14-10.json, api_response_2023-06-13_16-44-15.json, api_response_2023-06-13_16-24-12.json, api_response_2023-06-13_16-54-18.json, api_response_2023-06-13_15-44-04.json, api_response_2023-06-13_15-34-03.json, api_response_2023-06-13_16-04-08.json

Record time: 2023-06-13T13:00:03Z
Event time: 2023-06-13T22:56:04.500Z
Status: Underway
Travel distance: 130.09071274298057
Waypoints: (53.89850281936617, 26.261651000497878), (53.9685008749757, 26.17335289187129), (54.03849893058526, 26.102925111943023), (54.10849698619483, 26.047515412800827), (54.178495041804396, 26.00580390584276), (54.24849309741398, 25.977166578306186), (54.31849115302355, 25.96102766884094), (54.38848920863313, 25.95640090212666), (54.458487264242706, 25.961619582534205), (54.528485317054745, 25.974255545498703), (54.59848337266071, 25.990284061580038), (54.668481428266695, 26.004071525730435), (54.73847948387265, 26.016092912791432), (54.80847753947863, 26.02965608326665), (54.8784755950846, 26.04143809808608), (54.94847365069058, 26.048364814525275), (55.018471706296545, 26.05344252175988), (55.08846976190252, 26.066383701371176), (55.15846781750851, 26.09144050908346), (55.22846587311449, 26.11901920702584), (55.29846392872046, 26.129958706947768), (55.36846198432644, 26.106328708580925), (55.43846003993242, 26.066851136929515), (55.5084580983862, 26.047141190198378), (55.57845615399576, 26.034574541614095), (55.648454209605326, 26.032127153209657), (55.718452265214886, 26.03980262327932), (55.78845032082445, 26.053909358939187), (55.85844837643401, 26.06651322416689), (55.92844643204357, 26.06506566465783), (55.998444487653124, 26.032207309497796), (56.06844254326265, 25.945747049652102)
Associated file(s): api_response_2023-06-13_18-14-32.json, api_response_2023-06-13_17-44-27.json, api_response_2023-06-13_17-24-23.json, api_response_2023-06-13_17-54-29.json, api_response_2023-06-13_17-04-20.json, api_response_2023-06-13_17-34-25.json, api_response_2023-06-13_18-24-34.json, api_response_2023-06-13_17-14-21.json, api_response_2023-06-13_18-04-31.json

Record time: 2023-06-13T14:32:53Z
Event time: 2023-06-13T22:39:16Z
Status: Underway
Travel distance: 107.70626349892008
Waypoints: (54.24849309741396, 26.257642843393267), (54.318491153023565, 26.1840325721023), (54.38848920863313, 26.17085445338106), (54.45848726424269, 26.182682680580154), (54.528485319852244, 26.19704110835574), (54.598483375461804, 26.201730011329065), (54.66848143107137, 26.192370916512544), (54.738479486680944, 26.170169509502383), (54.80847754229052, 26.13989661443777), (54.8784755950846, 26.108087246387118), (54.94847365069058, 26.07775294043545), (55.018471706296545, 26.05658828767471), (55.08846976190252, 26.058050908615346), (55.15846781750851, 26.083305622511606), (55.22846587311449, 26.11600160892539), (55.29846392872046, 26.130780488816473), (55.36846198432644, 26.111911547789873), (55.43846003993242, 26.067524017955037), (55.5084580983862, 26.046722508671362), (55.57845615399576, 26.033553665553093), (55.648454209605326, 26.03125852497666), (55.718452265214886, 26.039657172229347), (55.78845032082445, 26.054522039930692), (55.85844837643401, 26.067293300091745), (55.92844643204357, 26.0651363511494), (55.998444487653124, 26.03134139997603), (56.06844254326265, 25.946065138864192)
Associated file(s): api_response_2023-06-13_20-45-01.json, api_response_2023-06-13_20-14-55.json, api_response_2023-06-13_18-34-36.json, api_response_2023-06-13_21-15-07.json, api_response_2023-06-13_19-34-48.json, api_response_2023-06-13_21-25-09.json, api_response_2023-06-13_20-04-53.json, api_response_2023-06-13_20-24-57.json, api_response_2023-06-13_18-54-40.json, api_response_2023-06-13_19-14-44.json, api_response_2023-06-13_19-44-50.json, api_response_2023-06-13_18-44-38.json, api_response_2023-06-13_21-35-11.json, api_response_2023-06-13_19-54-51.json, api_response_2023-06-13_20-34-59.json, api_response_2023-06-13_20-55-03.json, api_response_2023-06-13_19-04-42.json, api_response_2023-06-13_21-05-05.json, api_response_2023-06-13_19-24-46.json

Record time: 2023-06-13T17:43:46Z
Event time: 2023-06-13T22:49:43.750Z
Status: Underway
Travel distance: 64.17818574514038
Waypoints: (55.01847170911911, 26.122935865987955), (55.088469764728764, 26.092893707258746), (55.15846782033833, 26.113797167353574), (55.228465875947876, 26.13463393378932), (55.29846393155742, 26.1334701294385), (55.36846198716698, 26.108341626041426), (55.43846004277655, 26.069250805117512), (55.50845809783134, 26.031268766015494), (55.578456153440214, 25.995015204504988), (55.648454209605255, 26.008178865724286), (55.718452265214815, 26.0489814905644), (55.78845032082438, 26.090336561213828), (55.85844837643395, 26.099416902896557), (55.92844643204353, 26.056567894283912), (55.99844448765311, 25.981922683708387), (56.0684425432627, 25.969719411439616)
Associated file(s): api_response_2023-06-13_22-25-20.json, api_response_2023-06-13_21-45-12.json, api_response_2023-06-13_21-55-14.json, api_response_2023-06-13_22-15-18.json, api_response_2023-06-13_22-05-16.json, api_response_2023-06-13_22-35-22.json

Record time: 2023-06-13T18:44:53Z
Event time: 2023-06-13T23:06:33.500Z
Status: Underway
Travel distance: 56.836933045356375
Waypoints: (55.22846587594787, 26.11664195506602), (55.29846393155744, 26.102962176131232), (55.368461987167, 26.133907276058405), (55.438460042776576, 26.105453335874078), (55.50845809838614, 26.03506727331285), (55.578456154037184, 25.979973763643358), (55.6484542096468, 25.976143425541615), (55.71845226525644, 26.04434072347333), (55.788450320824374, 26.10407095821329), (55.85844837643393, 26.11435239206531), (55.92844643204349, 26.05535654543819), (55.998444487653074, 25.966495581431367), (56.06844254326263, 25.976042627151074)
Associated file(s): api_response_2023-06-13_23-35-33.json, api_response_2023-06-13_23-45-34.json, api_response_2023-06-13_23-05-27.json, api_response_2023-06-13_23-15-29.json, api_response_2023-06-13_23-55-36.json, api_response_2023-06-13_22-55-25.json, api_response_2023-06-13_23-25-31.json, api_response_2023-06-14_00-05-38.json, api_response_2023-06-13_22-45-24.json

Record time: 2023-06-13T20:12:14Z
Event time: 2023-06-13T22:49:56.250Z
Status: Underway
Travel distance: 32.06047516198704
Waypoints: (55.57845615399572, 26.184364060676778), (55.64845420960529, 26.184364060676778), (55.718452265214864, 26.114352392065342), (55.78845032082444, 26.044340723453907), (55.858448376433984, 26.044340723453907), (55.92844643204356, 26.044340723453907), (55.99844448765313, 25.97432905484247), (56.06844254326268, 25.97432905484247)
Associated file(s): api_response_2023-06-14_02-06-00.json, api_response_2023-06-14_00-35-44.json, api_response_2023-06-14_02-36-05.json, api_response_2023-06-14_00-15-40.json, api_response_2023-06-14_02-26-04.json, api_response_2023-06-14_01-05-49.json, api_response_2023-06-14_01-45-56.json, api_response_2023-06-14_00-45-45.json, api_response_2023-06-14_00-25-42.json, api_response_2023-06-14_02-56-09.json, api_response_2023-06-14_01-55-58.json, api_response_2023-06-14_01-25-53.json, api_response_2023-06-14_00-55-47.json, api_response_2023-06-14_02-46-07.json, api_response_2023-06-14_01-35-55.json, api_response_2023-06-14_02-16-02.json, api_response_2023-06-14_01-15-51.json

Record time: 2023-06-13T22:56:33Z
Event time: 2023-06-13T23:09:03Z
Status: Underway
Travel distance: 5.65280777537797
Waypoints: (55.99844448765313, 26.044340723453907), (56.06844254326268, 25.97432905484247)
Associated file(s): api_response_2023-06-14_03-16-13.json, api_response_2023-06-14_03-06-11.json

Record time: 2023-06-13T23:20:36Z
Event time: 2023-06-13T23:28:34.333Z
Status: Underway
Travel distance: 5.65280777537797
Waypoints: (55.99844448765313, 26.044340723453907), (56.06844254326268, 25.97432905484247)
Associated file(s): api_response_2023-06-14_03-36-16.json, api_response_2023-06-14_03-46-18.json, api_response_2023-06-14_03-26-14.json

Record time: 2023-06-13T23:47:13Z
Event time: 2023-06-13T23:47:13Z
Status: Arrived
Travel distance: N/A
Waypoints: 
Associated file(s): api_response_2023-06-14_10-37-31.json, api_response_2023-06-14_08-07-06.json, api_response_2023-06-14_05-36-38.json, api_response_2023-06-14_06-16-45.json, api_response_2023-06-14_04-06-22.json, api_response_2023-06-14_06-46-51.json, api_response_2023-06-14_15-38-23.json, api_response_2023-06-14_13-58-06.json, api_response_2023-06-14_13-28-01.json, api_response_2023-06-14_04-36-27.json, api_response_2023-06-14_07-47-02.json, api_response_2023-06-14_09-17-18.json, api_response_2023-06-14_08-47-13.json, api_response_2023-06-14_11-57-45.json, api_response_2023-06-14_13-07-57.json, api_response_2023-06-14_14-28-11.json, api_response_2023-06-14_06-06-44.json, api_response_2023-06-14_07-16-57.json, api_response_2023-06-14_10-27-30.json, api_response_2023-06-14_12-17-48.json, api_response_2023-06-14_14-58-16.json, api_response_2023-06-14_07-57-04.json, api_response_2023-06-14_09-27-20.json, api_response_2023-06-14_10-17-28.json, api_response_2023-06-14_15-18-20.json, api_response_2023-06-14_12-27-50.json, api_response_2023-06-14_08-27-09.json, api_response_2023-06-14_05-56-42.json, api_response_2023-06-14_14-18-09.json, api_response_2023-06-14_04-16-24.json, api_response_2023-06-14_14-08-08.json, api_response_2023-06-14_07-26-58.json, api_response_2023-06-14_03-56-20.json, api_response_2023-06-14_09-37-21.json, api_response_2023-06-14_06-26-47.json, api_response_2023-06-14_08-57-15.json, api_response_2023-06-14_11-47-43.json, api_response_2023-06-14_04-56-31.json, api_response_2023-06-14_11-07-36.json, api_response_2023-06-14_08-37-11.json, api_response_2023-06-14_10-07-26.json, api_response_2023-06-14_09-57-25.json, api_response_2023-06-14_05-46-40.json, api_response_2023-06-14_15-08-18.json, api_response_2023-06-14_05-16-35.json, api_response_2023-06-14_12-57-55.json, api_response_2023-06-14_12-37-52.json, api_response_2023-06-14_11-17-38.json, api_response_2023-06-14_04-46-29.json, api_response_2023-06-14_12-47-54.json, api_response_2023-06-14_10-47-33.json, api_response_2023-06-14_06-36-49.json, api_response_2023-06-14_07-37-00.json, api_response_2023-06-14_09-47-23.json, api_response_2023-06-14_05-06-33.json, api_response_2023-06-14_11-37-41.json, api_response_2023-06-14_04-26-25.json, api_response_2023-06-14_05-26-36.json, api_response_2023-06-14_08-17-08.json, api_response_2023-06-14_13-48-04.json, api_response_2023-06-14_15-28-21.json, api_response_2023-06-14_12-07-47.json, api_response_2023-06-14_06-56-53.json, api_response_2023-06-14_13-38-02.json, api_response_2023-06-14_11-27-40.json, api_response_2023-06-14_14-48-14.json, api_response_2023-06-14_13-17-59.json, api_response_2023-06-14_07-06-55.json, api_response_2023-06-14_10-57-35.json, api_response_2023-06-14_09-07-16.json, api_response_2023-06-14_14-38-13.json
