Record time: 2023-08-17T05:31:19Z
Event time: 2023-08-17T15:10:31.800Z
Status: Underway
Travel distance: 122.91036717062634
Num waypoints: 29
Waypoints: (56.699182251756184, 25.413917616738903), (56.69670191014216, 25.485113284084203), (56.69826457960847, 25.554188356682292), (56.69973730920964, 25.623490635860435), (56.69972902903157, 25.69366969940521), (56.69850698895926, 25.76443950005814), (56.69709693174031, 25.8351743458526), (56.69656700034447, 25.905338262292045), (56.69749537961905, 25.974747736369498), (56.69962166933128, 26.04366784109223), (56.70140059420655, 26.112358250319428), (56.70168891571706, 26.178607816610896), (56.69668757395966, 26.254750807280427), (56.68200390592139, 26.330381126692416), (56.65420632029091, 26.40759281075543), (56.6120058503154, 26.470332840717717), (56.55669146274771, 26.511063818200974), (56.48810674787951, 26.527529612707852), (56.42454787267482, 26.521262583548584), (56.35474014695487, 26.496588394458662), (56.27798934063656, 26.462974250363594), (56.2005028233302, 26.420168776278537), (56.12594603288787, 26.370432816112334), (56.058937938154855, 26.315022602928096), (56.005132073396574, 26.254370703099408), (55.97127062213742, 26.18854666651377), (55.96521155330295, 26.117997384182836), (55.99592880966533, 26.044567153259294), (56.07348554859199, 25.972797449460426)

Record time: 2023-08-17T05:45:48Z
Event time: 2023-08-17T14:50:51.200Z
Status: Underway
Travel distance: 118.64686825053995
Num waypoints: 28
Waypoints: (56.69857473794717, 25.484830538117905), (56.69775947732583, 25.55348149176657), (56.69883415307054, 25.623529097627927), (56.69925406659708, 25.694328746988425), (56.698598299336595, 25.765152899019323), (56.69755078828639, 25.835450055154578), (56.69707983460021, 25.905000822253086), (56.697816045218175, 25.973971064545236), (56.69962870753629, 26.042862144363788), (56.70140059420655, 26.112358250319428), (56.70168891571706, 26.178607816610896), (56.69668757395966, 26.254750807280427), (56.68200390592139, 26.330381126692416), (56.65420632029091, 26.40759281075543), (56.6120058503154, 26.470332840717717), (56.55669146274771, 26.511063818200974), (56.48810674787951, 26.527529612707852), (56.42454787267482, 26.521262583548584), (56.35474014695487, 26.496588394458662), (56.27798934063656, 26.462974250363594), (56.2005028233302, 26.420168776278537), (56.12594603288787, 26.370432816112334), (56.058937938154855, 26.315022602928096), (56.005132073396574, 26.254370703099408), (55.97127062213742, 26.18854666651377), (55.96521155330295, 26.117997384182836), (55.99592880966533, 26.044567153259294), (56.07348554859199, 25.972797449460426)

Record time: 2023-08-17T06:11:11Z
Event time: 2023-08-17T14:33:18.500Z
Status: Underway
Travel distance: 114.18736501079914
Num waypoints: 27
Waypoints: (56.69738300903701, 25.559189425961115), (56.70009594941851, 25.61536168932947), (56.69958064824073, 25.690747644584423), (56.697823577324975, 25.768676308772083), (56.69645504662661, 25.84188289714034), (56.696478596595114, 25.90929746546005), (56.69809819371321, 25.973333406822306), (56.70064322921504, 26.037675802911888), (56.702591320983416, 26.105569629756804), (56.70168891571706, 26.178607816610896), (56.69668757395966, 26.254750807280427), (56.68200390592139, 26.330381126692416), (56.65420632029091, 26.40759281075543), (56.6120058503154, 26.470332840717717), (56.55669146274771, 26.511063818200974), (56.48810674787951, 26.527529612707852), (56.42454787267482, 26.521262583548584), (56.35474014695487, 26.496588394458662), (56.27798934063656, 26.462974250363594), (56.2005028233302, 26.420168776278537), (56.12594603288787, 26.370432816112334), (56.058937938154855, 26.315022602928096), (56.005132073396574, 26.254370703099408), (55.97127062213742, 26.18854666651377), (55.96521155330295, 26.117997384182836), (55.99592880966533, 26.044567153259294), (56.07348554859199, 25.972797449460426)

Record time: 2023-08-17T06:46:13Z
Event time: 2023-08-17T14:48:23Z
Status: Underway
Travel distance: 106.94708423326134
Num waypoints: 25
Waypoints: (56.7617579214899, 25.69534850358007), (56.71545678755072, 25.761124808506853), (56.69392457852773, 25.834941587618548), (56.68880990682954, 25.9074616956936), (56.692975915672136, 25.97628884010598), (56.700433004059775, 26.04290380461502), (56.70627682823794, 26.110188737244744), (56.70663157961838, 26.180539502252813), (56.69859853917629, 26.25456609618901), (56.68020990541157, 26.330381126692416), (56.65420632029091, 26.40759281075543), (56.6120058503154, 26.470332840717717), (56.55669146274771, 26.511063818200974), (56.48810674787951, 26.527529612707852), (56.42454787267482, 26.521262583548584), (56.35474014695487, 26.496588394458662), (56.27798934063656, 26.462974250363594), (56.2005028233302, 26.420168776278537), (56.12594603288787, 26.370432816112334), (56.058937938154855, 26.315022602928096), (56.005132073396574, 26.254370703099408), (55.97127062213742, 26.18854666651377), (55.96521155330295, 26.117997384182836), (55.99592880966533, 26.044567153259294), (56.07348554859199, 25.972797449460426)

Record time: 2023-08-17T07:32:47Z
Event time: 2023-08-17T15:04:08.333Z
Status: Underway
Travel distance: 99.09665226781857
Num waypoints: 23
Waypoints: (56.764801315212054, 25.826849263726867), (56.70974375021261, 25.918322827051863), (56.69128948324092, 25.979638572189423), (56.6923526809457, 26.03660449361555), (56.69996410043145, 26.10137023187993), (56.704789234289514, 26.1764368413756), (56.700651732101306, 26.258116001952956), (56.6840620984136, 26.339438674378115), (56.6537516671859, 26.41251319963567), (56.610211849805594, 26.470332840717717), (56.55669146274771, 26.511063818200974), (56.48810674787951, 26.527529612707852), (56.42454787267482, 26.521262583548584), (56.35474014695487, 26.496588394458662), (56.27798934063656, 26.462974250363594), (56.2005028233302, 26.420168776278537), (56.12594603288787, 26.370432816112334), (56.058937938154855, 26.315022602928096), (56.005132073396574, 26.254370703099408), (55.97127062213742, 26.18854666651377), (55.96521155330295, 26.117997384182836), (55.99592880966533, 26.044567153259294), (56.07348554859199, 25.972797449460426)

Record time: 2023-08-17T10:39:51Z
Event time: 2023-08-17T15:10:35Z
Status: Underway
Travel distance: 58.30237580993521
Num waypoints: 14
Waypoints: (56.62603481834167, 26.532513297742987), (56.566072206760936, 26.54022475207326), (56.4846384126069, 26.53498096312868), (56.41148969433711, 26.51563601258519), (56.34841809552815, 26.48630444447807), (56.2859382878538, 26.451717719189027), (56.215206744931706, 26.414314702705845), (56.13708273781427, 26.377082967528384), (56.05990286837563, 26.324484406858293), (55.994434553358346, 26.25889422469038), (55.95844668121216, 26.1855637886576), (55.965723969376796, 26.112395539477564), (56.013522658955516, 26.044290703209604), (56.06580032087287, 25.974570819356572)

Record time: 2023-08-17T11:15:10Z
Event time: 2023-08-17T15:25:38Z
Status: Underway
Travel distance: 59.75053995680346
Num waypoints: 14
Waypoints: (56.62603481834167, 26.601424520979734), (56.566072206760936, 26.54471823735328), (56.4846384126069, 26.529670480525013), (56.41148969433711, 26.515227513923346), (56.34841809552815, 26.48916393511078), (56.2859382878538, 26.453351713836284), (56.215206744931706, 26.41314756367207), (56.13708273781427, 26.377082967528384), (56.05990286837563, 26.324484406858293), (55.994434553358346, 26.25889422469038), (55.95844668121216, 26.1855637886576), (55.965723969376796, 26.112395539477564), (56.013522658955516, 26.044290703209604), (56.06580032087287, 25.974570819356572)

Record time: 2023-08-17T11:50:20Z
Event time: 2023-08-17T15:53:13Z
Status: Underway
Travel distance: 53.225161987041034
Num waypoints: 12
Waypoints: (56.486717637796744, 26.604894864898963), (56.42562842562838, 26.530891580792037), (56.340309117287475, 26.476039987193786), (56.27481443308777, 26.443191238029577), (56.21666220227368, 26.417139179030855), (56.145293555407385, 26.381093681545785), (56.06058179909167, 26.324790591403683), (55.99437302526587, 26.257238403027387), (55.95779321043807, 26.184588697046628), (55.965412085598224, 26.113105372217156), (56.01422068455495, 26.044775596426334), (56.065577546745445, 25.974300255307842)

Record time: 2023-08-17T12:53:39Z
Event time: 2023-08-17T16:11:02Z
Status: Underway
Travel distance: 43.734341252699785
Num waypoints: 9
Waypoints: (56.2784367100914, 26.534422403733956), (56.208438654481824, 26.46441073512252), (56.13844059887225, 26.394399066511085), (56.06844254326268, 26.32438739789965), (55.99844448765313, 26.254375729288213), (55.92844643204356, 26.184364060676778), (55.99844448765313, 26.114352392065342), (55.99844448765313, 26.044340723453907), (56.06844254326268, 25.97432905484247)

Record time: 2023-08-20T08:58:42Z
Event time: 2023-08-20T08:58:42Z
Status: Arrived
Travel distance: N/A
Num waypoints: 0
Waypoints: 

