Record time: 2024-02-14T08:48:05Z
Event time: 2024-02-16T03:30:58Z
Status: Underway
Travel distance: 503.85637149028076
Waypoints: (48.50999999999999, 29.802598127730363), (48.690000000000005, 29.592066652797982), (48.870000000000005, 29.411240827714472), (49.05000000000001, 29.25061965515975), (49.23000000000001, 29.102403039684773), (49.41000000000001, 28.96018359010757), (49.59000000000001, 28.818720317184507), (49.77000000000002, 28.67379422655687), (49.95000000000002, 28.52214580697268), (50.12999999742817, 28.361494412328778), (50.30999999741891, 28.189160585443013), (50.48999999740969, 27.999294385425827), (50.674613269711415, 27.800705611711418), (50.84365674796363, 27.610839411694243), (51.02198976720337, 27.438505584808482), (51.21128415405597, 27.25674168658117), (51.40281733482418, 27.123010094179897), (51.586107683448496, 26.994478124877023), (51.754031764742884, 26.85044420376448), (51.90506312831031, 26.692497777604856), (52.04327230854282, 26.511111857571095), (52.176727686110326, 26.349564946824234), (52.31493686634284, 26.22947449051057), (52.465968229910274, 26.15799299906182), (52.63389231120466, 26.131805894473047), (52.817182659829, 26.138250907260442), (53.008715840597205, 26.153239196396832), (53.19801022744979, 26.135018709118185), (53.37634324668954, 26.098001075522028), (53.54538672494172, 26.045961231669537), (53.72999999724346, 26.00430125051674), (53.90999999723422, 25.971979269094252), (54.089999997225, 26.000128952764904), (54.26999999721577, 26.013396956533235), (54.44999999720652, 26.04049993136022), (54.630000000000074, 26.02514044958943), (54.810000000000066, 25.99393033199131), (54.99000000000006, 25.959340657619375), (55.170000000000044, 25.938356436079708), (55.35000000000003, 25.946780283654935), (55.530000000000015, 25.991274528567406), (55.71, 26.05914174671745), (55.88999999999997, 26.10584372789692), (56.069999999999936, 26.040258872477857)
Associated file(s): api_response_2024-02-14_15-49-25.json, api_response_2024-02-14_13-49-06.json, api_response_2024-02-14_13-08-59.json, api_response_2024-02-14_14-09-09.json, api_response_2024-02-14_15-09-19.json, api_response_2024-02-14_14-29-13.json, api_response_2024-02-14_12-48-56.json, api_response_2024-02-14_15-29-21.json, api_response_2024-02-14_13-29-03.json, api_response_2024-02-14_14-49-15.json

Record time: 2024-02-14T12:00:44Z
Event time: 2024-02-16T03:13:40.428Z
Status: Underway
Travel distance: 469.707343412527
Waypoints: (48.92864087108691, 29.396918292290092), (48.99863892669651, 29.36055339366769), (49.06863698230607, 29.314602125109758), (49.13863503791562, 29.25968202244928), (49.20863309352518, 29.197339838173573), (49.278631149134746, 29.129590137292492), (49.34862920474431, 29.058537202285958), (49.418627260353894, 28.986080247130857), (49.48862531596347, 28.913701940407318), (49.55862336903051, 28.84234023600456), (49.628621424636464, 28.776590147225026), (49.69861948024245, 28.70478412921579), (49.76861753584842, 28.634772460607945), (49.8386155914544, 28.564760792000104), (49.90861364706036, 28.494749123392264), (49.97861170266634, 28.424737454784427), (50.04860975827232, 28.354725786176576), (50.11860781387829, 28.284714117568733), (50.18860586948427, 28.21470244896089), (50.25860392509024, 28.14469078035304), (50.32860198069622, 28.074679111745205), (50.3986000363022, 28.00466744313736), (50.46859809190816, 27.934655774529514), (50.53859614751414, 27.86464410592167), (50.60859420312011, 27.794632437313826), (50.6785922587261, 27.724620768705986), (50.74859031433206, 27.652814750696745), (50.818588369938055, 27.58527031251582), (50.888586425544034, 27.51837425269001), (50.958584481149984, 27.447863106570225), (51.028582536755984, 27.372866086946964), (51.09858059236195, 27.296589274000652), (51.16857864796792, 27.22500943448739), (51.2385767035739, 27.164697053715216), (51.308574759179876, 27.120639367520347), (51.37857281478584, 27.094685385107375), (51.448570870391826, 27.08498609727171), (51.5185689259978, 27.088348617578518), (51.58856698160376, 27.09035218208868), (51.658565037209755, 27.094689154748977), (51.728563092815726, 27.098803718554898), (51.79856114842171, 27.10196833267773), (51.86855920402767, 27.096519315745564), (51.93855725963364, 27.09476266276017), (52.00855531523963, 27.082848710484758), (52.0785533708456, 27.072225860457195), (52.14855142645157, 27.054755456464033), (52.21854948205756, 27.039435633003414), (52.288547537663526, 27.01932836471136), (52.358545593269504, 26.993255638587993), (52.428543648875475, 26.971205120051362), (52.49854170448145, 26.942324010936332), (52.568539760087425, 26.91221211383904), (52.6385378156934, 26.87208804865331), (52.708535871299375, 26.823346582770984), (52.778533926905354, 26.787193835010395), (52.848531982511325, 26.74739961346463), (52.91853003811731, 26.703564336124142), (52.98852809372327, 26.655708736017722), (53.058526149329246, 26.62055494328101), (53.12852420493523, 26.57962794443458), (53.198522260541196, 26.53886680981853), (53.268520316147175, 26.48946565665629), (53.33851837175316, 26.438956228863766), (53.40851642735913, 26.385674229674773), (53.47851448296509, 26.337475592182788), (53.54851253857108, 26.288562607607687), (53.618510594177046, 26.229243527397), (53.688508649783024, 26.16899711535282), (53.758506705388996, 26.103275298885276), (53.828504760994974, 26.04830826990128), (53.89850281660096, 26.007232370211664), (53.96850087220693, 25.974998164893822), (54.038498927812924, 25.961683790764173), (54.10849698341888, 25.962105990623325), (54.17849503902486, 25.976894294618404), (54.24849309463083, 25.980733674587555), (54.31849115023681, 25.97761806580552), (54.38848920584279, 25.970016583520003), (54.45848726144877, 25.966269559770033), (54.528485317054745, 25.970966533203086), (54.59848337266071, 25.986495571772476), (54.668481428266695, 26.003398644704912), (54.73847948387265, 26.017887262192822), (54.80847753947863, 26.02965608326665), (54.8784755950846, 26.04143809808608), (54.94847365069058, 26.048364814525275), (55.018471706296545, 26.05344252175988), (55.08846976190252, 26.066383701371176), (55.15846781750851, 26.09144050908346), (55.22846587311449, 26.11901920702584), (55.29846392872046, 26.129958706947768), (55.36846198432644, 26.106328708580925), (55.43846003993242, 26.066851136929515), (55.5084580983862, 26.047141190198378), (55.57845615399576, 26.034574541614095), (55.648454209605326, 26.032127153209657), (55.718452265214886, 26.03980262327932), (55.78845032082445, 26.053909358939187), (55.85844837643401, 26.06651322416689), (55.92844643204357, 26.06506566465783), (55.998444487653124, 26.032207309497796), (56.06844254326265, 25.945747049652102)
Associated file(s): api_response_2024-02-14_16-09-28.json, api_response_2024-02-14_17-09-37.json, api_response_2024-02-14_18-49-53.json, api_response_2024-02-14_18-09-47.json, api_response_2024-02-14_17-49-44.json, api_response_2024-02-14_16-29-31.json, api_response_2024-02-14_17-29-41.json, api_response_2024-02-14_16-49-34.json, api_response_2024-02-14_18-29-50.json

Record time: 2024-02-14T15:08:05Z
Event time: 2024-02-16T03:37:41Z
Status: Underway
Travel distance: 435.6976241900648
Waypoints: (49.48862531596344, 29.194865810968487), (49.558623371573034, 29.12485414235705), (49.6286214271826, 29.054842473745612), (49.69861948279216, 28.984830805134177), (49.76861753840171, 28.91481913652274), (49.83861559401128, 28.84480746791131), (49.908613649620854, 28.774795799299877), (49.97861170523043, 28.70478413068845), (50.048609760839994, 28.634772462077017), (50.11860781387829, 28.564760792000104), (50.18860586948427, 28.494749123392264), (50.25860392509024, 28.424737454784427), (50.32860198069622, 28.354725786176576), (50.3986000363022, 28.284714117568733), (50.46859809190816, 28.21470244896089), (50.53859614751414, 28.14469078035304), (50.60859420312011, 28.074679111745205), (50.6785922587261, 28.00466744313736), (50.74859031433206, 27.934655774529514), (50.818588369938055, 27.86464410592167), (50.888586425544034, 27.794632437313826), (50.958584481149984, 27.724620768705986), (51.028582536755984, 27.652814750696745), (51.09858059236195, 27.58527031251582), (51.16857864796792, 27.51837425269001), (51.2385767035739, 27.447863106570225), (51.308574759179876, 27.372866086946964), (51.37857281478584, 27.296589274000652), (51.448570870391826, 27.22500943448739), (51.5185689259978, 27.16649140311661), (51.58856698160376, 27.11817213709344), (51.658565037209755, 27.091569776325343), (51.728563092815726, 27.08548557478365), (51.79856114842171, 27.093333968593935), (51.86855920402767, 27.096617326427154), (51.93855725963364, 27.098051675055785), (52.00855531523963, 27.08663720029232), (52.0785533708456, 27.072898741482717), (52.14855142645157, 27.05296110706264), (52.21854948205756, 27.039435633003414), (52.288547537663526, 27.01932836471136), (52.358545593269504, 26.993255638587993), (52.428543648875475, 26.971205120051362), (52.49854170448145, 26.942324010936332), (52.568539760087425, 26.91221211383904), (52.6385378156934, 26.87208804865331), (52.708535871299375, 26.823346582770984), (52.778533926905354, 26.787193835010395), (52.848531982511325, 26.74739961346463), (52.91853003811731, 26.703564336124142), (52.98852809372327, 26.655708736017722), (53.058526149329246, 26.62055494328101), (53.12852420493523, 26.57962794443458), (53.198522260541196, 26.53886680981853), (53.268520316147175, 26.48946565665629), (53.33851837175316, 26.438956228863766), (53.40851642735913, 26.385674229674773), (53.47851448296509, 26.337475592182788), (53.54851253857108, 26.288562607607687), (53.618510594177046, 26.229243527397), (53.688508649783024, 26.16899711535282), (53.758506705388996, 26.103275298885276), (53.828504760994974, 26.04830826990128), (53.89850281660096, 26.007232370211664), (53.96850087220693, 25.974998164893822), (54.038498927812924, 25.961683790764173), (54.10849698341888, 25.962105990623325), (54.17849503902486, 25.976894294618404), (54.24849309463083, 25.980733674587555), (54.31849115023681, 25.97761806580552), (54.38848920584279, 25.970016583520003), (54.45848726144877, 25.966269559770033), (54.528485317054745, 25.970966533203086), (54.59848337266071, 25.986495571772476), (54.668481428266695, 26.003398644704912), (54.73847948387265, 26.017887262192822), (54.80847753947863, 26.02965608326665), (54.8784755950846, 26.04143809808608), (54.94847365069058, 26.048364814525275), (55.018471706296545, 26.05344252175988), (55.08846976190252, 26.066383701371176), (55.15846781750851, 26.09144050908346), (55.22846587311449, 26.11901920702584), (55.29846392872046, 26.129958706947768), (55.36846198432644, 26.106328708580925), (55.43846003993242, 26.066851136929515), (55.5084580983862, 26.047141190198378), (55.57845615399576, 26.034574541614095), (55.648454209605326, 26.032127153209657), (55.718452265214886, 26.03980262327932), (55.78845032082445, 26.053909358939187), (55.85844837643401, 26.06651322416689), (55.92844643204357, 26.06506566465783), (55.998444487653124, 26.032207309497796), (56.06844254326265, 25.945747049652102)
Associated file(s): api_response_2024-02-14_20-30-09.json, api_response_2024-02-14_19-30-00.json, api_response_2024-02-14_20-50-12.json, api_response_2024-02-14_21-10-15.json, api_response_2024-02-14_20-10-06.json, api_response_2024-02-14_21-50-21.json, api_response_2024-02-14_22-10-24.json, api_response_2024-02-14_21-30-18.json, api_response_2024-02-14_19-50-03.json, api_response_2024-02-14_19-09-56.json

Record time: 2024-02-14T18:12:34Z
Event time: 2024-02-16T03:30:18Z
Status: Underway
Travel distance: 398.30885529157666
Waypoints: (49.97861170523038, 28.77479579929988), (50.04860976083998, 28.704784130688452), (50.11860781644955, 28.63477246207702), (50.18860587205911, 28.564760793465584), (50.25860392766867, 28.494749124854152), (50.32860198327823, 28.42473745624272), (50.39860003888781, 28.35472578763129), (50.46859809449738, 28.284714119019856), (50.538596150106954, 28.214702450408424), (50.60859420312011, 28.14469078035304), (50.6785922587261, 28.074679111745205), (50.74859031433206, 28.00466744313736), (50.818588369938055, 27.934655774529514), (50.888586425544034, 27.86464410592167), (50.958584481149984, 27.794632437313826), (51.028582536755984, 27.724620768705986), (51.09858059236195, 27.652814750696745), (51.16857864796792, 27.58527031251582), (51.2385767035739, 27.51837425269001), (51.308574759179876, 27.447863106570225), (51.37857281478584, 27.372866086946964), (51.448570870391826, 27.296589274000652), (51.5185689259978, 27.226803783888776), (51.58856698160376, 27.162229823288307), (51.658565037209755, 27.117523758738315), (51.728563092815726, 27.09518486261932), (51.79856114842171, 27.091765797688517), (51.86855920402767, 27.090352182088683), (51.93855725963364, 27.093066324040368), (52.00855531523963, 27.086137722780375), (52.0785533708456, 27.07601435026475), (52.14855142645157, 27.055428337489555), (52.21854948205756, 27.037641283602028), (52.288547537663526, 27.01932836471136), (52.358545593269504, 26.993255638587993), (52.428543648875475, 26.971205120051362), (52.49854170448145, 26.942324010936332), (52.568539760087425, 26.91221211383904), (52.6385378156934, 26.87208804865331), (52.708535871299375, 26.823346582770984), (52.778533926905354, 26.787193835010395), (52.848531982511325, 26.74739961346463), (52.91853003811731, 26.703564336124142), (52.98852809372327, 26.655708736017722), (53.058526149329246, 26.62055494328101), (53.12852420493523, 26.57962794443458), (53.198522260541196, 26.53886680981853), (53.268520316147175, 26.48946565665629), (53.33851837175316, 26.438956228863766), (53.40851642735913, 26.385674229674773), (53.47851448296509, 26.337475592182788), (53.54851253857108, 26.288562607607687), (53.618510594177046, 26.229243527397), (53.688508649783024, 26.16899711535282), (53.758506705388996, 26.103275298885276), (53.828504760994974, 26.04830826990128), (53.89850281660096, 26.007232370211664), (53.96850087220693, 25.974998164893822), (54.038498927812924, 25.961683790764173), (54.10849698341888, 25.962105990623325), (54.17849503902486, 25.976894294618404), (54.24849309463083, 25.980733674587555), (54.31849115023681, 25.97761806580552), (54.38848920584279, 25.970016583520003), (54.45848726144877, 25.966269559770033), (54.528485317054745, 25.970966533203086), (54.59848337266071, 25.986495571772476), (54.668481428266695, 26.003398644704912), (54.73847948387265, 26.017887262192822), (54.80847753947863, 26.02965608326665), (54.8784755950846, 26.04143809808608), (54.94847365069058, 26.048364814525275), (55.018471706296545, 26.05344252175988), (55.08846976190252, 26.066383701371176), (55.15846781750851, 26.09144050908346), (55.22846587311449, 26.11901920702584), (55.29846392872046, 26.129958706947768), (55.36846198432644, 26.106328708580925), (55.43846003993242, 26.066851136929515), (55.5084580983862, 26.047141190198378), (55.57845615399576, 26.034574541614095), (55.648454209605326, 26.032127153209657), (55.718452265214886, 26.03980262327932), (55.78845032082445, 26.053909358939187), (55.85844837643401, 26.06651322416689), (55.92844643204357, 26.06506566465783), (55.998444487653124, 26.032207309497796), (56.06844254326265, 25.945747049652102)
Associated file(s): api_response_2024-02-14_23-10-33.json, api_response_2024-02-14_22-30-27.json, api_response_2024-02-14_22-50-30.json

Record time: 2024-02-14T19:20:51Z
Event time: 2024-02-16T02:34:35.750Z
Status: Underway
Travel distance: 387.1231101511879
Waypoints: (50.118607816449554, 28.63477246207701), (50.188605872059114, 28.564760793465584), (50.25860392766867, 28.49474912485415), (50.32860198327825, 28.424737456242717), (50.398600038887814, 28.35472578763128), (50.46859809449739, 28.284714119019846), (50.538596150106954, 28.21470245040841), (50.60859420571653, 28.144690781796974), (50.678592261326095, 28.07467911318554), (50.74859031433206, 28.00466744313736), (50.818588369938055, 27.934655774529514), (50.888586425544034, 27.86464410592167), (50.958584481149984, 27.794632437313826), (51.028582536755984, 27.724620768705986), (51.09858059236195, 27.652814750696745), (51.16857864796792, 27.58527031251582), (51.2385767035739, 27.51837425269001), (51.308574759179876, 27.447863106570225), (51.37857281478584, 27.372866086946964), (51.448570870391826, 27.296589274000652), (51.5185689259978, 27.226803783888776), (51.58856698160376, 27.162229823288307), (51.658565037209755, 27.117523758738315), (51.728563092815726, 27.09518486261932), (51.79856114842171, 27.091765797688517), (51.86855920402767, 27.090352182088683), (51.93855725963364, 27.093066324040368), (52.00855531523963, 27.086137722780375), (52.0785533708456, 27.07601435026475), (52.14855142645157, 27.055428337489555), (52.21854948205756, 27.037641283602028), (52.288547537663526, 27.01932836471136), (52.358545593269504, 26.993255638587993), (52.428543648875475, 26.971205120051362), (52.49854170448145, 26.942324010936332), (52.568539760087425, 26.91221211383904), (52.6385378156934, 26.87208804865331), (52.708535871299375, 26.823346582770984), (52.778533926905354, 26.787193835010395), (52.848531982511325, 26.74739961346463), (52.91853003811731, 26.703564336124142), (52.98852809372327, 26.655708736017722), (53.058526149329246, 26.62055494328101), (53.12852420493523, 26.57962794443458), (53.198522260541196, 26.53886680981853), (53.268520316147175, 26.48946565665629), (53.33851837175316, 26.438956228863766), (53.40851642735913, 26.385674229674773), (53.47851448296509, 26.337475592182788), (53.54851253857108, 26.288562607607687), (53.618510594177046, 26.229243527397), (53.688508649783024, 26.16899711535282), (53.758506705388996, 26.103275298885276), (53.828504760994974, 26.04830826990128), (53.89850281660096, 26.007232370211664), (53.96850087220693, 25.974998164893822), (54.038498927812924, 25.961683790764173), (54.10849698341888, 25.962105990623325), (54.17849503902486, 25.976894294618404), (54.24849309463083, 25.980733674587555), (54.31849115023681, 25.97761806580552), (54.38848920584279, 25.970016583520003), (54.45848726144877, 25.966269559770033), (54.528485317054745, 25.970966533203086), (54.59848337266071, 25.986495571772476), (54.668481428266695, 26.003398644704912), (54.73847948387265, 26.017887262192822), (54.80847753947863, 26.02965608326665), (54.8784755950846, 26.04143809808608), (54.94847365069058, 26.048364814525275), (55.018471706296545, 26.05344252175988), (55.08846976190252, 26.066383701371176), (55.15846781750851, 26.09144050908346), (55.22846587311449, 26.11901920702584), (55.29846392872046, 26.129958706947768), (55.36846198432644, 26.106328708580925), (55.43846003993242, 26.066851136929515), (55.5084580983862, 26.047141190198378), (55.57845615399576, 26.034574541614095), (55.648454209605326, 26.032127153209657), (55.718452265214886, 26.03980262327932), (55.78845032082445, 26.053909358939187), (55.85844837643401, 26.06651322416689), (55.92844643204357, 26.06506566465783), (55.998444487653124, 26.032207309497796), (56.06844254326265, 25.945747049652102)
Associated file(s): api_response_2024-02-15_01-10-52.json, api_response_2024-02-15_00-30-45.json, api_response_2024-02-15_03-11-15.json, api_response_2024-02-15_03-51-21.json, api_response_2024-02-15_00-50-49.json, api_response_2024-02-14_23-30-36.json, api_response_2024-02-15_02-11-03.json, api_response_2024-02-15_02-31-06.json, api_response_2024-02-15_01-50-59.json, api_response_2024-02-15_03-31-18.json, api_response_2024-02-15_01-30-55.json, api_response_2024-02-14_23-50-39.json, api_response_2024-02-15_00-10-42.json, api_response_2024-02-15_02-51-10.json

Record time: 2024-02-14T23:52:45Z
Event time: 2024-02-16T02:40:45Z
Status: Underway
Travel distance: 332.7526997840173
Waypoints: (50.818588372545214, 28.002849791933638), (50.888586428154795, 27.938802781532864), (50.958584483764355, 27.865088353902177), (51.028582539373915, 27.79149087083476), (51.098580594983474, 27.72136274314421), (51.16857865059304, 27.65417270838597), (51.23857670620261, 27.587600809176422), (51.30857476181218, 27.519180072109542), (51.378572817421755, 27.447484887271237), (51.448570870391826, 27.372866086946964), (51.5185689259978, 27.298383623402046), (51.58856698160376, 27.222542204060474), (51.658565037209755, 27.161581444933184), (51.728563092815726, 27.121138845032295), (51.79856114842171, 27.101465085524186), (51.86855920402767, 27.088784011183265), (51.93855725963364, 27.086801179701897), (52.00855531523963, 27.081152371764954), (52.0785533708456, 27.075514872752812), (52.14855142645157, 27.058543946271588), (52.21854948205756, 27.040108514028937), (52.288547537663526, 27.017534015309966), (52.358545593269504, 26.993255638587993), (52.428543648875475, 26.971205120051362), (52.49854170448145, 26.942324010936332), (52.568539760087425, 26.91221211383904), (52.6385378156934, 26.87208804865331), (52.708535871299375, 26.823346582770984), (52.778533926905354, 26.787193835010395), (52.848531982511325, 26.74739961346463), (52.91853003811731, 26.703564336124142), (52.98852809372327, 26.655708736017722), (53.058526149329246, 26.62055494328101), (53.12852420493523, 26.57962794443458), (53.198522260541196, 26.53886680981853), (53.268520316147175, 26.48946565665629), (53.33851837175316, 26.438956228863766), (53.40851642735913, 26.385674229674773), (53.47851448296509, 26.337475592182788), (53.54851253857108, 26.288562607607687), (53.618510594177046, 26.229243527397), (53.688508649783024, 26.16899711535282), (53.758506705388996, 26.103275298885276), (53.828504760994974, 26.04830826990128), (53.89850281660096, 26.007232370211664), (53.96850087220693, 25.974998164893822), (54.038498927812924, 25.961683790764173), (54.10849698341888, 25.962105990623325), (54.17849503902486, 25.976894294618404), (54.24849309463083, 25.980733674587555), (54.31849115023681, 25.97761806580552), (54.38848920584279, 25.970016583520003), (54.45848726144877, 25.966269559770033), (54.528485317054745, 25.970966533203086), (54.59848337266071, 25.986495571772476), (54.668481428266695, 26.003398644704912), (54.73847948387265, 26.017887262192822), (54.80847753947863, 26.02965608326665), (54.8784755950846, 26.04143809808608), (54.94847365069058, 26.048364814525275), (55.018471706296545, 26.05344252175988), (55.08846976190252, 26.066383701371176), (55.15846781750851, 26.09144050908346), (55.22846587311449, 26.11901920702584), (55.29846392872046, 26.129958706947768), (55.36846198432644, 26.106328708580925), (55.43846003993242, 26.066851136929515), (55.5084580983862, 26.047141190198378), (55.57845615399576, 26.034574541614095), (55.648454209605326, 26.032127153209657), (55.718452265214886, 26.03980262327932), (55.78845032082445, 26.053909358939187), (55.85844837643401, 26.06651322416689), (55.92844643204357, 26.06506566465783), (55.998444487653124, 26.032207309497796), (56.06844254326265, 25.945747049652102)
Associated file(s): api_response_2024-02-15_04-51-31.json, api_response_2024-02-15_06-31-47.json, api_response_2024-02-15_04-11-24.json, api_response_2024-02-15_06-11-44.json, api_response_2024-02-15_06-51-50.json, api_response_2024-02-15_04-31-28.json, api_response_2024-02-15_05-31-37.json, api_response_2024-02-15_05-11-34.json, api_response_2024-02-15_05-51-40.json

Record time: 2024-02-15T02:53:16Z
Event time: 2024-02-16T02:43:28.333Z
Status: Underway
Travel distance: 295.04211663066957
Waypoints: (51.30857476181214, 27.577524899874945), (51.378572817421734, 27.52739477798688), (51.44857087303131, 27.45120872201396), (51.518568928640875, 27.367812369744776), (51.588566984250434, 27.289209459464374), (51.65856503986, 27.22207251382534), (51.72856309546957, 27.169082005026105), (51.79856115107914, 27.13009400129651), (51.86855920668871, 27.10313629469049), (51.93855725963364, 27.08523300879648), (52.00855531523963, 27.074887227426483), (52.0785533708456, 27.07052952173739), (52.14855142645157, 27.05804446875965), (52.21854948205756, 27.043224122810976), (52.288547537663526, 27.020001245736882), (52.358545593269504, 26.991461289186606), (52.428543648875475, 26.971205120051362), (52.49854170448145, 26.942324010936332), (52.568539760087425, 26.91221211383904), (52.6385378156934, 26.87208804865331), (52.708535871299375, 26.823346582770984), (52.778533926905354, 26.787193835010395), (52.848531982511325, 26.74739961346463), (52.91853003811731, 26.703564336124142), (52.98852809372327, 26.655708736017722), (53.058526149329246, 26.62055494328101), (53.12852420493523, 26.57962794443458), (53.198522260541196, 26.53886680981853), (53.268520316147175, 26.48946565665629), (53.33851837175316, 26.438956228863766), (53.40851642735913, 26.385674229674773), (53.47851448296509, 26.337475592182788), (53.54851253857108, 26.288562607607687), (53.618510594177046, 26.229243527397), (53.688508649783024, 26.16899711535282), (53.758506705388996, 26.103275298885276), (53.828504760994974, 26.04830826990128), (53.89850281660096, 26.007232370211664), (53.96850087220693, 25.974998164893822), (54.038498927812924, 25.961683790764173), (54.10849698341888, 25.962105990623325), (54.17849503902486, 25.976894294618404), (54.24849309463083, 25.980733674587555), (54.31849115023681, 25.97761806580552), (54.38848920584279, 25.970016583520003), (54.45848726144877, 25.966269559770033), (54.528485317054745, 25.970966533203086), (54.59848337266071, 25.986495571772476), (54.668481428266695, 26.003398644704912), (54.73847948387265, 26.017887262192822), (54.80847753947863, 26.02965608326665), (54.8784755950846, 26.04143809808608), (54.94847365069058, 26.048364814525275), (55.018471706296545, 26.05344252175988), (55.08846976190252, 26.066383701371176), (55.15846781750851, 26.09144050908346), (55.22846587311449, 26.11901920702584), (55.29846392872046, 26.129958706947768), (55.36846198432644, 26.106328708580925), (55.43846003993242, 26.066851136929515), (55.5084580983862, 26.047141190198378), (55.57845615399576, 26.034574541614095), (55.648454209605326, 26.032127153209657), (55.718452265214886, 26.03980262327932), (55.78845032082445, 26.053909358939187), (55.85844837643401, 26.06651322416689), (55.92844643204357, 26.06506566465783), (55.998444487653124, 26.032207309497796), (56.06844254326265, 25.945747049652102)
Associated file(s): api_response_2024-02-15_07-51-59.json, api_response_2024-02-15_08-32-05.json, api_response_2024-02-15_08-12-02.json, api_response_2024-02-15_07-31-56.json, api_response_2024-02-15_07-11-53.json
