MMSI: 518100969
Record time: 2024-01-05T01:54:52Z
Event time: 2024-01-05T10:40:00.800Z
Status: Underway
Travel distance: 107.59233261339092
Num waypoints: 24
Waypoints: (56.9802287407279, 25.75922850743483), (56.9089162496798, 25.84249680612119), (56.82906118458411, 25.909256644810796), (56.76371470459, 25.971486916423608), (56.72117269154352, 26.036270691851893), (56.69982162426414, 26.106633022805777), (56.69225705345481, 26.18235895404041), (56.688674677245615, 26.26079174496468), (56.679534017371054, 26.337611300631604), (56.65749469307412, 26.40759281075543), (56.61579360349262, 26.470332840717717), (56.55736421293889, 26.511063818200974), (56.486312747369695, 26.527529612707852), (56.42454787267482, 26.521262583548584), (56.35474014695487, 26.496588394458662), (56.27798934063656, 26.462974250363594), (56.2005028233302, 26.420168776278537), (56.12594603288787, 26.370432816112334), (56.058937938154855, 26.315022602928096), (56.005132073396574, 26.254370703099408), (55.97127062213742, 26.18854666651377), (55.96521155330295, 26.117997384182836), (55.99592880966533, 26.044567153259294), (56.07348554859199, 25.972797449460426)
Day of Week: Friday

MMSI: 518100969
Record time: 2024-01-05T02:29:47Z
Event time: 2024-01-05T11:04:07Z
Status: Underway
Travel distance: 103.4951403887689
Num waypoints: 23
Waypoints: (56.98204196267181, 25.826849263726867), (56.905217191485555, 25.918322827051863), (56.82787385273403, 25.979638572189423), (56.76644678645896, 26.03660449361555), (56.72537251206494, 26.10137023187993), (56.70129664947329, 26.1764368413756), (56.68662027370142, 26.258116001952956), (56.672385202867815, 26.339438674378115), (56.65049821962251, 26.41251319963567), (56.615294223098616, 26.470332840717717), (56.56047921592493, 26.511063818200974), (56.488779498070684, 26.527529612707852), (56.422753872165, 26.521262583548584), (56.35474014695487, 26.496588394458662), (56.27798934063656, 26.462974250363594), (56.2005028233302, 26.420168776278537), (56.12594603288787, 26.370432816112334), (56.058937938154855, 26.315022602928096), (56.005132073396574, 26.254370703099408), (55.97127062213742, 26.18854666651377), (55.96521155330295, 26.117997384182836), (55.99592880966533, 26.044567153259294), (56.07348554859199, 25.972797449460426)
Day of Week: Friday

MMSI: 518100969
Record time: 2024-01-05T02:42:08Z
Event time: 2024-01-05T11:27:56Z
Status: Underway
Travel distance: 102.10043196544277
Num waypoints: 23
Waypoints: (56.91556492429678, 25.826849263726867), (56.82389887616502, 25.918322827051863), (56.76008728992267, 25.979638572189423), (56.72201340942956, 26.03660449361555), (56.70327428720118, 26.10137023187993), (56.69534922599145, 26.1764368413756), (56.689376630768294, 26.258116001952956), (56.677539271082196, 26.339438674378115), (56.65405795382761, 26.41251319963567), (56.61579360349262, 26.470332840717717), (56.55736421293889, 26.511063818200974), (56.486312747369695, 26.527529612707852), (56.42454787267482, 26.521262583548584), (56.35474014695487, 26.496588394458662), (56.27798934063656, 26.462974250363594), (56.2005028233302, 26.420168776278537), (56.12594603288787, 26.370432816112334), (56.058937938154855, 26.315022602928096), (56.005132073396574, 26.254370703099408), (55.97127062213742, 26.18854666651377), (55.96521155330295, 26.117997384182836), (55.99592880966533, 26.044567153259294), (56.07348554859199, 25.972797449460426)
Day of Week: Friday

MMSI: 518100969
Record time: 2024-01-05T03:32:13Z
Event time: 2024-01-05T11:47:28.666Z
Status: Underway
Travel distance: 95.5
Num waypoints: 22
Waypoints: (56.916806162961244, 25.964996107630853), (56.82067122849435, 25.997706087412872), (56.76034846387005, 26.04047929679278), (56.72549127266021, 26.09950051820435), (56.70564752899488, 26.173292737529867), (56.691220837709565, 26.255684794449515), (56.67420490619253, 26.33829746107642), (56.648691027932415, 26.41254794887732), (56.6111486777661, 26.471172843878882), (56.56047921592493, 26.50926946879958), (56.488779498070684, 26.527529612707852), (56.422753872165, 26.521262583548584), (56.35474014695487, 26.496588394458662), (56.27798934063656, 26.462974250363594), (56.2005028233302, 26.420168776278537), (56.12594603288787, 26.370432816112334), (56.058937938154855, 26.315022602928096), (56.005132073396574, 26.254370703099408), (55.97127062213742, 26.18854666651377), (55.96521155330295, 26.117997384182836), (55.99592880966533, 26.044567153259294), (56.07348554859199, 25.972797449460426)
Day of Week: Friday

MMSI: 518100969
Record time: 2024-01-05T03:44:58Z
Event time: 2024-01-05T12:08:04.333Z
Status: Underway
Travel distance: 95.5
Num waypoints: 22
Waypoints: (56.916806162961244, 25.964996107630853), (56.82067122849435, 25.997706087412872), (56.76034846387005, 26.04047929679278), (56.72549127266021, 26.09950051820435), (56.70564752899488, 26.173292737529867), (56.691220837709565, 26.255684794449515), (56.67420490619253, 26.33829746107642), (56.648691027932415, 26.41254794887732), (56.6111486777661, 26.471172843878882), (56.56047921592493, 26.50926946879958), (56.488779498070684, 26.527529612707852), (56.422753872165, 26.521262583548584), (56.35474014695487, 26.496588394458662), (56.27798934063656, 26.462974250363594), (56.2005028233302, 26.420168776278537), (56.12594603288787, 26.370432816112334), (56.058937938154855, 26.315022602928096), (56.005132073396574, 26.254370703099408), (55.97127062213742, 26.18854666651377), (55.96521155330295, 26.117997384182836), (55.99592880966533, 26.044567153259294), (56.07348554859199, 25.972797449460426)
Day of Week: Friday

MMSI: 518100969
Record time: 2024-01-05T04:27:15Z
Event time: 2024-01-05T12:26:14.500Z
Status: Underway
Travel distance: 83.74568034557235
Num waypoints: 19
Waypoints: (56.84442628272519, 26.120053974984963), (56.75057417621794, 26.172795973017507), (56.71277516337361, 26.24972022191249), (56.68820030869973, 26.333180086931055), (56.65610829327583, 26.409828137085757), (56.610141982942096, 26.470503418358113), (56.552043048361625, 26.509967941252153), (56.486784636956315, 26.526492382683998), (56.41912209693101, 26.521291002308256), (56.352458075882254, 26.492540960730334), (56.28225273029754, 26.454482079194204), (56.20439649997152, 26.412390285155126), (56.1271621397842, 26.367983786288182), (56.05673537081749, 26.319396972366434), (56.0009837898454, 26.262640910139375), (55.96844868606028, 26.194185547728164), (55.96684689989077, 26.11474820443336), (56.00108272369718, 26.034288345854616), (56.0707698443445, 25.978208644322265)
Day of Week: Friday

Number of Journeys: 0
