Record time: 2023-07-28T17:22:15Z
Event time: 2023-07-30T17:38:58.666Z
Status: Underway
Travel distance: 537.1727861771059
Num waypoints: 47
Waypoints: (47.96999999999999, 29.950848928645733), (48.150000000000006, 30.0224080715623), (48.33000000000001, 29.940876794870217), (48.510000000000005, 29.783611551781096), (48.690000000000005, 29.600075943171102), (48.870000000000005, 29.418327404887478), (49.05000000000001, 29.250755692066715), (49.23000000000002, 29.099073160464517), (49.41000000000002, 28.958556844797414), (49.58999999745587, 28.821542332617458), (49.76999999744665, 28.689676401812537), (49.9499999974374, 28.534031765934138), (50.12999999742817, 28.361494412328778), (50.30999999741891, 28.189160585443013), (50.48999999740969, 27.999294385425827), (50.674613269711415, 27.800705611711418), (50.84365674796363, 27.610839411694243), (51.02198976720337, 27.438505584808482), (51.21128415405597, 27.25674168658117), (51.40281733482418, 27.123010094179897), (51.586107683448496, 26.994478124877023), (51.754031764742884, 26.85044420376448), (51.90506312831031, 26.692497777604856), (52.04327230854282, 26.511111857571095), (52.176727686110326, 26.349564946824234), (52.31493686634284, 26.22947449051057), (52.465968229910274, 26.15799299906182), (52.63389231120466, 26.131805894473047), (52.817182659829, 26.138250907260442), (53.008715840597205, 26.153239196396832), (53.19801022744979, 26.135018709118185), (53.37634324668954, 26.098001075522028), (53.54538672494172, 26.045961231669537), (53.72999999724346, 26.00430125051674), (53.90999999723422, 25.971979269094252), (54.089999997225, 26.000128952764904), (54.26999999721577, 26.013396956533235), (54.44999999720652, 26.04049993136022), (54.630000000000074, 26.02514044958943), (54.810000000000066, 25.99393033199131), (54.99000000000006, 25.959340657619375), (55.170000000000044, 25.938356436079708), (55.35000000000003, 25.946780283654935), (55.530000000000015, 25.991274528567406), (55.71, 26.05914174671745), (55.88999999999997, 26.10584372789692), (56.069999999999936, 26.040258872477857)

Record time: 2023-07-28T18:33:08Z
Event time: 2023-07-30T18:12:53.142Z
Status: Underway
Travel distance: 526.616090712743
Num waypoints: 46
Waypoints: (48.14999999999998, 29.972640649053453), (48.329999999999984, 29.95802895776991), (48.509999999999984, 29.808077724886488), (48.68999999999999, 29.609899910669473), (48.87, 29.412437523709276), (49.05000000000001, 29.2370556712637), (49.23000000000002, 29.086683816493082), (49.41000000000003, 28.953504242587382), (49.59000000000003, 28.82518772378515), (49.76999999744665, 28.689676401812537), (49.9499999974374, 28.534031765934138), (50.12999999742817, 28.361494412328778), (50.30999999741891, 28.189160585443013), (50.48999999740969, 27.999294385425827), (50.674613269711415, 27.800705611711418), (50.84365674796363, 27.610839411694243), (51.02198976720337, 27.438505584808482), (51.21128415405597, 27.25674168658117), (51.40281733482418, 27.123010094179897), (51.586107683448496, 26.994478124877023), (51.754031764742884, 26.85044420376448), (51.90506312831031, 26.692497777604856), (52.04327230854282, 26.511111857571095), (52.176727686110326, 26.349564946824234), (52.31493686634284, 26.22947449051057), (52.465968229910274, 26.15799299906182), (52.63389231120466, 26.131805894473047), (52.817182659829, 26.138250907260442), (53.008715840597205, 26.153239196396832), (53.19801022744979, 26.135018709118185), (53.37634324668954, 26.098001075522028), (53.54538672494172, 26.045961231669537), (53.72999999724346, 26.00430125051674), (53.90999999723422, 25.971979269094252), (54.089999997225, 26.000128952764904), (54.26999999721577, 26.013396956533235), (54.44999999720652, 26.04049993136022), (54.630000000000074, 26.02514044958943), (54.810000000000066, 25.99393033199131), (54.99000000000006, 25.959340657619375), (55.170000000000044, 25.938356436079708), (55.35000000000003, 25.946780283654935), (55.530000000000015, 25.991274528567406), (55.71, 26.05914174671745), (55.88999999999997, 26.10584372789692), (56.069999999999936, 26.040258872477857)

Record time: 2023-07-28T19:39:18Z
Event time: 2023-07-30T18:53:03.666Z
Status: Underway
Travel distance: 517.5583153347732
Num waypoints: 45
Waypoints: (48.329999999999984, 29.96807680465986), (48.51000000000002, 29.799903557312234), (48.69000000000001, 29.604371384867637), (48.87, 29.41398751330778), (49.04999999999999, 29.242619513209885), (49.22999999999999, 29.09152065982206), (49.41, 28.954441361250126), (49.59, 28.821826654755924), (49.77000000000001, 28.68409977116704), (49.9499999974374, 28.534031765934138), (50.12999999742817, 28.361494412328778), (50.30999999741891, 28.189160585443013), (50.48999999740969, 27.999294385425827), (50.674613269711415, 27.800705611711418), (50.84365674796363, 27.610839411694243), (51.02198976720337, 27.438505584808482), (51.21128415405597, 27.25674168658117), (51.40281733482418, 27.123010094179897), (51.586107683448496, 26.994478124877023), (51.754031764742884, 26.85044420376448), (51.90506312831031, 26.692497777604856), (52.04327230854282, 26.511111857571095), (52.176727686110326, 26.349564946824234), (52.31493686634284, 26.22947449051057), (52.465968229910274, 26.15799299906182), (52.63389231120466, 26.131805894473047), (52.817182659829, 26.138250907260442), (53.008715840597205, 26.153239196396832), (53.19801022744979, 26.135018709118185), (53.37634324668954, 26.098001075522028), (53.54538672494172, 26.045961231669537), (53.72999999724346, 26.00430125051674), (53.90999999723422, 25.971979269094252), (54.089999997225, 26.000128952764904), (54.26999999721577, 26.013396956533235), (54.44999999720652, 26.04049993136022), (54.630000000000074, 26.02514044958943), (54.810000000000066, 25.99393033199131), (54.99000000000006, 25.959340657619375), (55.170000000000044, 25.938356436079708), (55.35000000000003, 25.946780283654935), (55.530000000000015, 25.991274528567406), (55.71, 26.05914174671745), (55.88999999999997, 26.10584372789692), (56.069999999999936, 26.040258872477857)

Record time: 2023-07-28T19:54:28Z
Event time: 2023-07-30T19:24:36.375Z
Status: Underway
Travel distance: 511.95140388768897
Num waypoints: 45
Waypoints: (48.329999999999984, 29.79999342625335), (48.51000000000002, 29.767463865196554), (48.69000000000001, 29.617728905150546), (48.87, 29.430207359365603), (49.04999999999999, 29.247390056168065), (49.22999999999999, 29.085659707044854), (49.41, 28.944554279910406), (49.59, 28.814473877555997), (49.77000000000001, 28.682831121281446), (49.9499999974374, 28.538645038245114), (50.12999999742817, 28.361494412328778), (50.30999999741891, 28.189160585443013), (50.48999999740969, 27.999294385425827), (50.674613269711415, 27.800705611711418), (50.84365674796363, 27.610839411694243), (51.02198976720337, 27.438505584808482), (51.21128415405597, 27.25674168658117), (51.40281733482418, 27.123010094179897), (51.586107683448496, 26.994478124877023), (51.754031764742884, 26.85044420376448), (51.90506312831031, 26.692497777604856), (52.04327230854282, 26.511111857571095), (52.176727686110326, 26.349564946824234), (52.31493686634284, 26.22947449051057), (52.465968229910274, 26.15799299906182), (52.63389231120466, 26.131805894473047), (52.817182659829, 26.138250907260442), (53.008715840597205, 26.153239196396832), (53.19801022744979, 26.135018709118185), (53.37634324668954, 26.098001075522028), (53.54538672494172, 26.045961231669537), (53.72999999724346, 26.00430125051674), (53.90999999723422, 25.971979269094252), (54.089999997225, 26.000128952764904), (54.26999999721577, 26.013396956533235), (54.44999999720652, 26.04049993136022), (54.630000000000074, 26.02514044958943), (54.810000000000066, 25.99393033199131), (54.99000000000006, 25.959340657619375), (55.170000000000044, 25.938356436079708), (55.35000000000003, 25.946780283654935), (55.530000000000015, 25.991274528567406), (55.71, 26.05914174671745), (55.88999999999997, 26.10584372789692), (56.069999999999936, 26.040258872477857)

Record time: 2023-07-28T21:04:08Z
Event time: 2023-07-30T19:58:34.555Z
Status: Underway
Travel distance: 503.85637149028076
Num waypoints: 44
Waypoints: (48.50999999999999, 29.802598127730363), (48.690000000000005, 29.592066652797982), (48.870000000000005, 29.411240827714472), (49.05000000000001, 29.25061965515975), (49.23000000000001, 29.102403039684773), (49.41000000000001, 28.96018359010757), (49.59000000000001, 28.818720317184507), (49.77000000000002, 28.67379422655687), (49.95000000000002, 28.52214580697268), (50.12999999742817, 28.361494412328778), (50.30999999741891, 28.189160585443013), (50.48999999740969, 27.999294385425827), (50.674613269711415, 27.800705611711418), (50.84365674796363, 27.610839411694243), (51.02198976720337, 27.438505584808482), (51.21128415405597, 27.25674168658117), (51.40281733482418, 27.123010094179897), (51.586107683448496, 26.994478124877023), (51.754031764742884, 26.85044420376448), (51.90506312831031, 26.692497777604856), (52.04327230854282, 26.511111857571095), (52.176727686110326, 26.349564946824234), (52.31493686634284, 26.22947449051057), (52.465968229910274, 26.15799299906182), (52.63389231120466, 26.131805894473047), (52.817182659829, 26.138250907260442), (53.008715840597205, 26.153239196396832), (53.19801022744979, 26.135018709118185), (53.37634324668954, 26.098001075522028), (53.54538672494172, 26.045961231669537), (53.72999999724346, 26.00430125051674), (53.90999999723422, 25.971979269094252), (54.089999997225, 26.000128952764904), (54.26999999721577, 26.013396956533235), (54.44999999720652, 26.04049993136022), (54.630000000000074, 26.02514044958943), (54.810000000000066, 25.99393033199131), (54.99000000000006, 25.959340657619375), (55.170000000000044, 25.938356436079708), (55.35000000000003, 25.946780283654935), (55.530000000000015, 25.991274528567406), (55.71, 26.05914174671745), (55.88999999999997, 26.10584372789692), (56.069999999999936, 26.040258872477857)

Record time: 2023-07-29T00:04:49Z
Event time: 2023-07-30T20:28:54.777Z
Status: Underway
Travel distance: 473.6376889848812
Num waypoints: 104
Waypoints: (48.92400675808146, 29.47212541803219), (48.94125595649064, 29.405082582066854), (48.99344447976555, 29.356376653621474), (49.0623294396042, 29.310418108512934), (49.136779878297425, 29.259092621850414), (49.210912289627544, 29.199571660194284), (49.28247601840939, 29.13243670789603), (49.35148853867391, 29.06011712761935), (49.419120610494126, 28.985641655042304), (49.48683131291471, 28.911703526257284), (49.55862336903051, 28.84234023600456), (49.628621424636464, 28.776590147225026), (49.69861948024245, 28.70478412921579), (49.76861753584842, 28.634772460607945), (49.8386155914544, 28.564760792000104), (49.90861364706036, 28.494749123392264), (49.97861170266634, 28.424737454784427), (50.04860975827232, 28.354725786176576), (50.11860781387829, 28.284714117568733), (50.18860586948427, 28.21470244896089), (50.25860392509024, 28.14469078035304), (50.32860198069622, 28.074679111745205), (50.3986000363022, 28.00466744313736), (50.46859809190816, 27.934655774529514), (50.53859614751414, 27.86464410592167), (50.60859420312011, 27.794632437313826), (50.6785922587261, 27.724620768705986), (50.74859031433206, 27.652814750696745), (50.818588369938055, 27.58527031251582), (50.888586425544034, 27.51837425269001), (50.958584481149984, 27.447863106570225), (51.028582536755984, 27.372866086946964), (51.09858059236195, 27.296589274000652), (51.16857864796792, 27.22500943448739), (51.2385767035739, 27.164697053715216), (51.308574759179876, 27.120639367520347), (51.37857281478584, 27.094685385107375), (51.448570870391826, 27.08498609727171), (51.5185689259978, 27.088348617578518), (51.58856698160376, 27.09035218208868), (51.658565037209755, 27.094689154748977), (51.728563092815726, 27.098803718554898), (51.79856114842171, 27.10196833267773), (51.86855920402767, 27.096519315745564), (51.93855725963364, 27.09476266276017), (52.00855531523963, 27.082848710484758), (52.0785533708456, 27.072225860457195), (52.14855142645157, 27.054755456464033), (52.21854948205756, 27.039435633003414), (52.288547537663526, 27.01932836471136), (52.358545593269504, 26.993255638587993), (52.428543648875475, 26.971205120051362), (52.49854170448145, 26.942324010936332), (52.568539760087425, 26.91221211383904), (52.6385378156934, 26.87208804865331), (52.708535871299375, 26.823346582770984), (52.778533926905354, 26.787193835010395), (52.848531982511325, 26.74739961346463), (52.91853003811731, 26.703564336124142), (52.98852809372327, 26.655708736017722), (53.058526149329246, 26.62055494328101), (53.12852420493523, 26.57962794443458), (53.198522260541196, 26.53886680981853), (53.268520316147175, 26.48946565665629), (53.33851837175316, 26.438956228863766), (53.40851642735913, 26.385674229674773), (53.47851448296509, 26.337475592182788), (53.54851253857108, 26.288562607607687), (53.618510594177046, 26.229243527397), (53.688508649783024, 26.16899711535282), (53.758506705388996, 26.103275298885276), (53.828504760994974, 26.04830826990128), (53.89850281660096, 26.007232370211664), (53.96850087220693, 25.974998164893822), (54.038498927812924, 25.961683790764173), (54.10849698341888, 25.962105990623325), (54.17849503902486, 25.976894294618404), (54.24849309463083, 25.980733674587555), (54.31849115023681, 25.97761806580552), (54.38848920584279, 25.970016583520003), (54.45848726144877, 25.966269559770033), (54.528485317054745, 25.970966533203086), (54.59848337266071, 25.986495571772476), (54.668481428266695, 26.003398644704912), (54.73847948387265, 26.017887262192822), (54.80847753947863, 26.02965608326665), (54.8784755950846, 26.04143809808608), (54.94847365069058, 26.048364814525275), (55.018471706296545, 26.05344252175988), (55.08846976190252, 26.066383701371176), (55.15846781750851, 26.09144050908346), (55.22846587311449, 26.11901920702584), (55.29846392872046, 26.129958706947768), (55.36846198432644, 26.106328708580925), (55.43846003993242, 26.066851136929515), (55.5084580983862, 26.047141190198378), (55.57845615399576, 26.034574541614095), (55.648454209605326, 26.032127153209657), (55.718452265214886, 26.03980262327932), (55.78845032082445, 26.053909358939187), (55.85844837643401, 26.06651322416689), (55.92844643204357, 26.06506566465783), (55.998444487653124, 26.032207309497796), (56.06844254326265, 25.945747049652102)

Record time: 2023-07-29T03:14:08Z
Event time: 2023-07-30T20:45:36.777Z
Status: Underway
Travel distance: 441.2775377969762
Num waypoints: 96
Waypoints: (49.418627260353865, 29.26487747957992), (49.48862531596346, 29.194865810968498), (49.558623371573034, 29.124854142357066), (49.628621427182594, 29.054842473745627), (49.698619482792154, 28.98483080513419), (49.76861753840172, 28.91481913652276), (49.838615594011294, 28.844807467911327), (49.90861364962087, 28.774795799299895), (49.97861170523044, 28.704784130688463), (50.04860975827232, 28.634772460607945), (50.11860781387829, 28.564760792000104), (50.18860586948427, 28.494749123392264), (50.25860392509024, 28.424737454784427), (50.32860198069622, 28.354725786176576), (50.3986000363022, 28.284714117568733), (50.46859809190816, 28.21470244896089), (50.53859614751414, 28.14469078035304), (50.60859420312011, 28.074679111745205), (50.6785922587261, 28.00466744313736), (50.74859031433206, 27.934655774529514), (50.818588369938055, 27.86464410592167), (50.888586425544034, 27.794632437313826), (50.958584481149984, 27.724620768705986), (51.028582536755984, 27.652814750696745), (51.09858059236195, 27.58527031251582), (51.16857864796792, 27.51837425269001), (51.2385767035739, 27.447863106570225), (51.308574759179876, 27.372866086946964), (51.37857281478584, 27.296589274000652), (51.448570870391826, 27.22500943448739), (51.5185689259978, 27.16649140311661), (51.58856698160376, 27.11817213709344), (51.658565037209755, 27.091569776325343), (51.728563092815726, 27.08548557478365), (51.79856114842171, 27.093333968593935), (51.86855920402767, 27.096617326427154), (51.93855725963364, 27.098051675055785), (52.00855531523963, 27.08663720029232), (52.0785533708456, 27.072898741482717), (52.14855142645157, 27.05296110706264), (52.21854948205756, 27.039435633003414), (52.288547537663526, 27.01932836471136), (52.358545593269504, 26.993255638587993), (52.428543648875475, 26.971205120051362), (52.49854170448145, 26.942324010936332), (52.568539760087425, 26.91221211383904), (52.6385378156934, 26.87208804865331), (52.708535871299375, 26.823346582770984), (52.778533926905354, 26.787193835010395), (52.848531982511325, 26.74739961346463), (52.91853003811731, 26.703564336124142), (52.98852809372327, 26.655708736017722), (53.058526149329246, 26.62055494328101), (53.12852420493523, 26.57962794443458), (53.198522260541196, 26.53886680981853), (53.268520316147175, 26.48946565665629), (53.33851837175316, 26.438956228863766), (53.40851642735913, 26.385674229674773), (53.47851448296509, 26.337475592182788), (53.54851253857108, 26.288562607607687), (53.618510594177046, 26.229243527397), (53.688508649783024, 26.16899711535282), (53.758506705388996, 26.103275298885276), (53.828504760994974, 26.04830826990128), (53.89850281660096, 26.007232370211664), (53.96850087220693, 25.974998164893822), (54.038498927812924, 25.961683790764173), (54.10849698341888, 25.962105990623325), (54.17849503902486, 25.976894294618404), (54.24849309463083, 25.980733674587555), (54.31849115023681, 25.97761806580552), (54.38848920584279, 25.970016583520003), (54.45848726144877, 25.966269559770033), (54.528485317054745, 25.970966533203086), (54.59848337266071, 25.986495571772476), (54.668481428266695, 26.003398644704912), (54.73847948387265, 26.017887262192822), (54.80847753947863, 26.02965608326665), (54.8784755950846, 26.04143809808608), (54.94847365069058, 26.048364814525275), (55.018471706296545, 26.05344252175988), (55.08846976190252, 26.066383701371176), (55.15846781750851, 26.09144050908346), (55.22846587311449, 26.11901920702584), (55.29846392872046, 26.129958706947768), (55.36846198432644, 26.106328708580925), (55.43846003993242, 26.066851136929515), (55.5084580983862, 26.047141190198378), (55.57845615399576, 26.034574541614095), (55.648454209605326, 26.032127153209657), (55.718452265214886, 26.03980262327932), (55.78845032082445, 26.053909358939187), (55.85844837643401, 26.06651322416689), (55.92844643204357, 26.06506566465783), (55.998444487653124, 26.032207309497796), (56.06844254326265, 25.945747049652102)

Record time: 2023-07-29T06:20:15Z
Event time: 2023-07-30T20:52:03.666Z
Status: Underway
Travel distance: 407.12365010799135
Num waypoints: 90
Waypoints: (49.91659462201909, 28.914819136522738), (49.952952449885416, 28.84480746791131), (49.99889478372266, 28.774795799299877), (50.053804207770916, 28.704784130688445), (50.116134270291944, 28.63477246207701), (50.183870797986, 28.56476079346558), (50.25490991752783, 28.49474912485415), (50.327352784221894, 28.42473745624272), (50.39971701777672, 28.35472578763129), (50.47106484260915, 28.284714117568733), (50.53680214700433, 28.21470244896089), (50.60859420312011, 28.14469078035304), (50.6785922587261, 28.074679111745205), (50.74859031433206, 28.00466744313736), (50.818588369938055, 27.934655774529514), (50.888586425544034, 27.86464410592167), (50.958584481149984, 27.794632437313826), (51.028582536755984, 27.724620768705986), (51.09858059236195, 27.652814750696745), (51.16857864796792, 27.58527031251582), (51.2385767035739, 27.51837425269001), (51.308574759179876, 27.447863106570225), (51.37857281478584, 27.372866086946964), (51.448570870391826, 27.296589274000652), (51.5185689259978, 27.226803783888776), (51.58856698160376, 27.162229823288307), (51.658565037209755, 27.117523758738315), (51.728563092815726, 27.09518486261932), (51.79856114842171, 27.091765797688517), (51.86855920402767, 27.090352182088683), (51.93855725963364, 27.093066324040368), (52.00855531523963, 27.086137722780375), (52.0785533708456, 27.07601435026475), (52.14855142645157, 27.055428337489555), (52.21854948205756, 27.037641283602028), (52.288547537663526, 27.01932836471136), (52.358545593269504, 26.993255638587993), (52.428543648875475, 26.971205120051362), (52.49854170448145, 26.942324010936332), (52.568539760087425, 26.91221211383904), (52.6385378156934, 26.87208804865331), (52.708535871299375, 26.823346582770984), (52.778533926905354, 26.787193835010395), (52.848531982511325, 26.74739961346463), (52.91853003811731, 26.703564336124142), (52.98852809372327, 26.655708736017722), (53.058526149329246, 26.62055494328101), (53.12852420493523, 26.57962794443458), (53.198522260541196, 26.53886680981853), (53.268520316147175, 26.48946565665629), (53.33851837175316, 26.438956228863766), (53.40851642735913, 26.385674229674773), (53.47851448296509, 26.337475592182788), (53.54851253857108, 26.288562607607687), (53.618510594177046, 26.229243527397), (53.688508649783024, 26.16899711535282), (53.758506705388996, 26.103275298885276), (53.828504760994974, 26.04830826990128), (53.89850281660096, 26.007232370211664), (53.96850087220693, 25.974998164893822), (54.038498927812924, 25.961683790764173), (54.10849698341888, 25.962105990623325), (54.17849503902486, 25.976894294618404), (54.24849309463083, 25.980733674587555), (54.31849115023681, 25.97761806580552), (54.38848920584279, 25.970016583520003), (54.45848726144877, 25.966269559770033), (54.528485317054745, 25.970966533203086), (54.59848337266071, 25.986495571772476), (54.668481428266695, 26.003398644704912), (54.73847948387265, 26.017887262192822), (54.80847753947863, 26.02965608326665), (54.8784755950846, 26.04143809808608), (54.94847365069058, 26.048364814525275), (55.018471706296545, 26.05344252175988), (55.08846976190252, 26.066383701371176), (55.15846781750851, 26.09144050908346), (55.22846587311449, 26.11901920702584), (55.29846392872046, 26.129958706947768), (55.36846198432644, 26.106328708580925), (55.43846003993242, 26.066851136929515), (55.5084580983862, 26.047141190198378), (55.57845615399576, 26.034574541614095), (55.648454209605326, 26.032127153209657), (55.718452265214886, 26.03980262327932), (55.78845032082445, 26.053909358939187), (55.85844837643401, 26.06651322416689), (55.92844643204357, 26.06506566465783), (55.998444487653124, 26.032207309497796), (56.06844254326265, 25.945747049652102)

Record time: 2023-07-29T09:20:38Z
Event time: 2023-07-30T20:53:58.142Z
Status: Underway
Travel distance: 375.8201943844492
Num waypoints: 83
Waypoints: (50.32860198327819, 28.63477246207701), (50.39860003888778, 28.564760793465584), (50.468598094497345, 28.49474912485415), (50.53859615010691, 28.424737456242717), (50.60859420571648, 28.35472578763128), (50.67859226132605, 28.284714119019846), (50.748590316935626, 28.21470245040841), (50.8185883725452, 28.144690781796974), (50.888586428154774, 28.07467911318554), (50.958584481149984, 28.00466744313736), (51.028582536755984, 27.934655774529514), (51.09858059236195, 27.86464410592167), (51.16857864796792, 27.794632437313826), (51.2385767035739, 27.724620768705986), (51.308574759179876, 27.652814750696745), (51.37857281478584, 27.58527031251582), (51.448570870391826, 27.51837425269001), (51.5185689259978, 27.44965745597161), (51.58856698160376, 27.370398856520055), (51.658565037209755, 27.29347366521862), (51.728563092815726, 27.22550891199933), (51.79856114842171, 27.171476754132026), (51.86855920402767, 27.12443728143191), (51.93855725963364, 27.09493229663215), (52.00855531523963, 27.07331905652107), (52.0785533708456, 27.06426437739892), (52.14855142645157, 27.05305911774423), (52.21854948205756, 27.04272464529903), (52.288547537663526, 27.02311685451892), (52.358545593269504, 26.993928519613515), (52.428543648875475, 26.96941077064997), (52.49854170448145, 26.942324010936332), (52.568539760087425, 26.91221211383904), (52.6385378156934, 26.87208804865331), (52.708535871299375, 26.823346582770984), (52.778533926905354, 26.787193835010395), (52.848531982511325, 26.74739961346463), (52.91853003811731, 26.703564336124142), (52.98852809372327, 26.655708736017722), (53.058526149329246, 26.62055494328101), (53.12852420493523, 26.57962794443458), (53.198522260541196, 26.53886680981853), (53.268520316147175, 26.48946565665629), (53.33851837175316, 26.438956228863766), (53.40851642735913, 26.385674229674773), (53.47851448296509, 26.337475592182788), (53.54851253857108, 26.288562607607687), (53.618510594177046, 26.229243527397), (53.688508649783024, 26.16899711535282), (53.758506705388996, 26.103275298885276), (53.828504760994974, 26.04830826990128), (53.89850281660096, 26.007232370211664), (53.96850087220693, 25.974998164893822), (54.038498927812924, 25.961683790764173), (54.10849698341888, 25.962105990623325), (54.17849503902486, 25.976894294618404), (54.24849309463083, 25.980733674587555), (54.31849115023681, 25.97761806580552), (54.38848920584279, 25.970016583520003), (54.45848726144877, 25.966269559770033), (54.528485317054745, 25.970966533203086), (54.59848337266071, 25.986495571772476), (54.668481428266695, 26.003398644704912), (54.73847948387265, 26.017887262192822), (54.80847753947863, 26.02965608326665), (54.8784755950846, 26.04143809808608), (54.94847365069058, 26.048364814525275), (55.018471706296545, 26.05344252175988), (55.08846976190252, 26.066383701371176), (55.15846781750851, 26.09144050908346), (55.22846587311449, 26.11901920702584), (55.29846392872046, 26.129958706947768), (55.36846198432644, 26.106328708580925), (55.43846003993242, 26.066851136929515), (55.5084580983862, 26.047141190198378), (55.57845615399576, 26.034574541614095), (55.648454209605326, 26.032127153209657), (55.718452265214886, 26.03980262327932), (55.78845032082445, 26.053909358939187), (55.85844837643401, 26.06651322416689), (55.92844643204357, 26.06506566465783), (55.998444487653124, 26.032207309497796), (56.06844254326265, 25.945747049652102)

Record time: 2023-07-29T12:21:59Z
Event time: 2023-07-30T21:03:00Z
Status: Underway
Travel distance: 347.91630669546436
Num waypoints: 78
Waypoints: (50.67859226132608, 28.28651662455498), (50.748590316935655, 28.211415528550255), (50.818588372545214, 28.14347143981735), (50.88858642815478, 28.07632257411464), (50.95858448376434, 28.007356055771474), (51.028582539373915, 27.9363237052927), (51.09858059498349, 27.86420775420135), (51.16857865059307, 27.79233648711929), (51.23857670620264, 27.721749811086017), (51.308574759179876, 27.652814750696745), (51.37857281478584, 27.58527031251582), (51.448570870391826, 27.51837425269001), (51.5185689259978, 27.44965745597161), (51.58856698160376, 27.370398856520055), (51.658565037209755, 27.29347366521862), (51.728563092815726, 27.22550891199933), (51.79856114842171, 27.171476754132026), (51.86855920402767, 27.12443728143191), (51.93855725963364, 27.09493229663215), (52.00855531523963, 27.07331905652107), (52.0785533708456, 27.06426437739892), (52.14855142645157, 27.05305911774423), (52.21854948205756, 27.04272464529903), (52.288547537663526, 27.02311685451892), (52.358545593269504, 26.993928519613515), (52.428543648875475, 26.96941077064997), (52.49854170448145, 26.942324010936332), (52.568539760087425, 26.91221211383904), (52.6385378156934, 26.87208804865331), (52.708535871299375, 26.823346582770984), (52.778533926905354, 26.787193835010395), (52.848531982511325, 26.74739961346463), (52.91853003811731, 26.703564336124142), (52.98852809372327, 26.655708736017722), (53.058526149329246, 26.62055494328101), (53.12852420493523, 26.57962794443458), (53.198522260541196, 26.53886680981853), (53.268520316147175, 26.48946565665629), (53.33851837175316, 26.438956228863766), (53.40851642735913, 26.385674229674773), (53.47851448296509, 26.337475592182788), (53.54851253857108, 26.288562607607687), (53.618510594177046, 26.229243527397), (53.688508649783024, 26.16899711535282), (53.758506705388996, 26.103275298885276), (53.828504760994974, 26.04830826990128), (53.89850281660096, 26.007232370211664), (53.96850087220693, 25.974998164893822), (54.038498927812924, 25.961683790764173), (54.10849698341888, 25.962105990623325), (54.17849503902486, 25.976894294618404), (54.24849309463083, 25.980733674587555), (54.31849115023681, 25.97761806580552), (54.38848920584279, 25.970016583520003), (54.45848726144877, 25.966269559770033), (54.528485317054745, 25.970966533203086), (54.59848337266071, 25.986495571772476), (54.668481428266695, 26.003398644704912), (54.73847948387265, 26.017887262192822), (54.80847753947863, 26.02965608326665), (54.8784755950846, 26.04143809808608), (54.94847365069058, 26.048364814525275), (55.018471706296545, 26.05344252175988), (55.08846976190252, 26.066383701371176), (55.15846781750851, 26.09144050908346), (55.22846587311449, 26.11901920702584), (55.29846392872046, 26.129958706947768), (55.36846198432644, 26.106328708580925), (55.43846003993242, 26.066851136929515), (55.5084580983862, 26.047141190198378), (55.57845615399576, 26.034574541614095), (55.648454209605326, 26.032127153209657), (55.718452265214886, 26.03980262327932), (55.78845032082445, 26.053909358939187), (55.85844837643401, 26.06651322416689), (55.92844643204357, 26.06506566465783), (55.998444487653124, 26.032207309497796), (56.06844254326265, 25.945747049652102)

Record time: 2023-07-29T15:29:27Z
Event time: 2023-07-30T21:08:41Z
Status: Underway
Travel distance: 318.24136069114473
Num waypoints: 73
Waypoints: (51.028582539373886, 27.871686346171085), (51.09858059498345, 27.782208511071122), (51.16857865059302, 27.718920775027478), (51.23857670620259, 27.6603702790433), (51.30857476181217, 27.59605591537943), (51.378572817421734, 27.52324053013555), (51.44857087303131, 27.444197011579497), (51.51856892864087, 27.3638882642247), (51.588566984250434, 27.28808106865571), (51.658565037209755, 27.22189382570535), (51.728563092815726, 27.16519653122716), (51.79856114842171, 27.12741906793716), (51.86855920402767, 27.098483299018934), (51.93855725963364, 27.08523300879648), (52.00855531523963, 27.074887227426483), (52.0785533708456, 27.07052952173739), (52.14855142645157, 27.05804446875965), (52.21854948205756, 27.043224122810976), (52.288547537663526, 27.020001245736882), (52.358545593269504, 26.991461289186606), (52.428543648875475, 26.971205120051362), (52.49854170448145, 26.942324010936332), (52.568539760087425, 26.91221211383904), (52.6385378156934, 26.87208804865331), (52.708535871299375, 26.823346582770984), (52.778533926905354, 26.787193835010395), (52.848531982511325, 26.74739961346463), (52.91853003811731, 26.703564336124142), (52.98852809372327, 26.655708736017722), (53.058526149329246, 26.62055494328101), (53.12852420493523, 26.57962794443458), (53.198522260541196, 26.53886680981853), (53.268520316147175, 26.48946565665629), (53.33851837175316, 26.438956228863766), (53.40851642735913, 26.385674229674773), (53.47851448296509, 26.337475592182788), (53.54851253857108, 26.288562607607687), (53.618510594177046, 26.229243527397), (53.688508649783024, 26.16899711535282), (53.758506705388996, 26.103275298885276), (53.828504760994974, 26.04830826990128), (53.89850281660096, 26.007232370211664), (53.96850087220693, 25.974998164893822), (54.038498927812924, 25.961683790764173), (54.10849698341888, 25.962105990623325), (54.17849503902486, 25.976894294618404), (54.24849309463083, 25.980733674587555), (54.31849115023681, 25.97761806580552), (54.38848920584279, 25.970016583520003), (54.45848726144877, 25.966269559770033), (54.528485317054745, 25.970966533203086), (54.59848337266071, 25.986495571772476), (54.668481428266695, 26.003398644704912), (54.73847948387265, 26.017887262192822), (54.80847753947863, 26.02965608326665), (54.8784755950846, 26.04143809808608), (54.94847365069058, 26.048364814525275), (55.018471706296545, 26.05344252175988), (55.08846976190252, 26.066383701371176), (55.15846781750851, 26.09144050908346), (55.22846587311449, 26.11901920702584), (55.29846392872046, 26.129958706947768), (55.36846198432644, 26.106328708580925), (55.43846003993242, 26.066851136929515), (55.5084580983862, 26.047141190198378), (55.57845615399576, 26.034574541614095), (55.648454209605326, 26.032127153209657), (55.718452265214886, 26.03980262327932), (55.78845032082445, 26.053909358939187), (55.85844837643401, 26.06651322416689), (55.92844643204357, 26.06506566465783), (55.998444487653124, 26.032207309497796), (56.06844254326265, 25.945747049652102)

Record time: 2023-07-29T18:34:28Z
Event time: 2023-07-30T21:13:00.818Z
Status: Underway
Travel distance: 287.9157667386609
Num waypoints: 68
Waypoints: (51.37857281742175, 27.443790524271886), (51.448570873031315, 27.380763030576517), (51.51856892864088, 27.299616411837228), (51.58856698425044, 27.22296337723219), (51.65856503986001, 27.16231975348029), (51.728563095469575, 27.121204072646535), (51.79856115107915, 27.097821556961076), (51.86855920668872, 27.087332500651872), (51.938557262298296, 27.083705048790947), (52.00855531523963, 27.081152371764954), (52.0785533708456, 27.075514872752812), (52.14855142645157, 27.058543946271588), (52.21854948205756, 27.040108514028937), (52.288547537663526, 27.017534015309966), (52.358545593269504, 26.993255638587993), (52.428543648875475, 26.971205120051362), (52.49854170448145, 26.942324010936332), (52.568539760087425, 26.91221211383904), (52.6385378156934, 26.87208804865331), (52.708535871299375, 26.823346582770984), (52.778533926905354, 26.787193835010395), (52.848531982511325, 26.74739961346463), (52.91853003811731, 26.703564336124142), (52.98852809372327, 26.655708736017722), (53.058526149329246, 26.62055494328101), (53.12852420493523, 26.57962794443458), (53.198522260541196, 26.53886680981853), (53.268520316147175, 26.48946565665629), (53.33851837175316, 26.438956228863766), (53.40851642735913, 26.385674229674773), (53.47851448296509, 26.337475592182788), (53.54851253857108, 26.288562607607687), (53.618510594177046, 26.229243527397), (53.688508649783024, 26.16899711535282), (53.758506705388996, 26.103275298885276), (53.828504760994974, 26.04830826990128), (53.89850281660096, 26.007232370211664), (53.96850087220693, 25.974998164893822), (54.038498927812924, 25.961683790764173), (54.10849698341888, 25.962105990623325), (54.17849503902486, 25.976894294618404), (54.24849309463083, 25.980733674587555), (54.31849115023681, 25.97761806580552), (54.38848920584279, 25.970016583520003), (54.45848726144877, 25.966269559770033), (54.528485317054745, 25.970966533203086), (54.59848337266071, 25.986495571772476), (54.668481428266695, 26.003398644704912), (54.73847948387265, 26.017887262192822), (54.80847753947863, 26.02965608326665), (54.8784755950846, 26.04143809808608), (54.94847365069058, 26.048364814525275), (55.018471706296545, 26.05344252175988), (55.08846976190252, 26.066383701371176), (55.15846781750851, 26.09144050908346), (55.22846587311449, 26.11901920702584), (55.29846392872046, 26.129958706947768), (55.36846198432644, 26.106328708580925), (55.43846003993242, 26.066851136929515), (55.5084580983862, 26.047141190198378), (55.57845615399576, 26.034574541614095), (55.648454209605326, 26.032127153209657), (55.718452265214886, 26.03980262327932), (55.78845032082445, 26.053909358939187), (55.85844837643401, 26.06651322416689), (55.92844643204357, 26.06506566465783), (55.998444487653124, 26.032207309497796), (56.06844254326265, 25.945747049652102)

Record time: 2023-07-29T21:44:27Z
Event time: 2023-07-30T21:15:12.600Z
Status: Underway
Travel distance: 254.0097192224622
Num waypoints: 60
Waypoints: (51.93855726229831, 27.240935828948405), (52.00855531790788, 27.14887638335674), (52.07855337351744, 27.08952885948366), (52.148551429127, 27.05264325912475), (52.218549484736556, 27.029222989907513), (52.28854754034613, 27.01179722189694), (52.358545595955704, 26.994593348698718), (52.42854365156528, 26.973609553060015), (52.49854170717485, 26.94658747696789), (52.568539760087425, 26.912884994864562), (52.6385378156934, 26.870293699251924), (52.708535871299375, 26.823346582770984), (52.778533926905354, 26.787193835010395), (52.848531982511325, 26.74739961346463), (52.91853003811731, 26.703564336124142), (52.98852809372327, 26.655708736017722), (53.058526149329246, 26.62055494328101), (53.12852420493523, 26.57962794443458), (53.198522260541196, 26.53886680981853), (53.268520316147175, 26.48946565665629), (53.33851837175316, 26.438956228863766), (53.40851642735913, 26.385674229674773), (53.47851448296509, 26.337475592182788), (53.54851253857108, 26.288562607607687), (53.618510594177046, 26.229243527397), (53.688508649783024, 26.16899711535282), (53.758506705388996, 26.103275298885276), (53.828504760994974, 26.04830826990128), (53.89850281660096, 26.007232370211664), (53.96850087220693, 25.974998164893822), (54.038498927812924, 25.961683790764173), (54.10849698341888, 25.962105990623325), (54.17849503902486, 25.976894294618404), (54.24849309463083, 25.980733674587555), (54.31849115023681, 25.97761806580552), (54.38848920584279, 25.970016583520003), (54.45848726144877, 25.966269559770033), (54.528485317054745, 25.970966533203086), (54.59848337266071, 25.986495571772476), (54.668481428266695, 26.003398644704912), (54.73847948387265, 26.017887262192822), (54.80847753947863, 26.02965608326665), (54.8784755950846, 26.04143809808608), (54.94847365069058, 26.048364814525275), (55.018471706296545, 26.05344252175988), (55.08846976190252, 26.066383701371176), (55.15846781750851, 26.09144050908346), (55.22846587311449, 26.11901920702584), (55.29846392872046, 26.129958706947768), (55.36846198432644, 26.106328708580925), (55.43846003993242, 26.066851136929515), (55.5084580983862, 26.047141190198378), (55.57845615399576, 26.034574541614095), (55.648454209605326, 26.032127153209657), (55.718452265214886, 26.03980262327932), (55.78845032082445, 26.053909358939187), (55.85844837643401, 26.06651322416689), (55.92844643204357, 26.06506566465783), (55.998444487653124, 26.032207309497796), (56.06844254326265, 25.945747049652102)

Record time: 2023-07-30T00:56:48Z
Event time: 2023-07-30T21:26:47.875Z
Status: Underway
Travel distance: 223.8326133909287
Num waypoints: 53
Waypoints: (52.428543651565256, 27.022991121223207), (52.49854170717484, 26.951606309254867), (52.56853976278441, 26.903508972311037), (52.63853781839397, 26.86475726228238), (52.708535874003545, 26.82764431826554), (52.77853392961311, 26.78879874416105), (52.848531985222685, 26.74757949528013), (52.91853004083225, 26.704765173960478), (52.98852809644182, 26.661537734190965), (53.058526149329246, 26.61876059387962), (53.12852420493523, 26.57962794443458), (53.198522260541196, 26.53886680981853), (53.268520316147175, 26.48946565665629), (53.33851837175316, 26.438956228863766), (53.40851642735913, 26.385674229674773), (53.47851448296509, 26.337475592182788), (53.54851253857108, 26.288562607607687), (53.618510594177046, 26.229243527397), (53.688508649783024, 26.16899711535282), (53.758506705388996, 26.103275298885276), (53.828504760994974, 26.04830826990128), (53.89850281660096, 26.007232370211664), (53.96850087220693, 25.974998164893822), (54.038498927812924, 25.961683790764173), (54.10849698341888, 25.962105990623325), (54.17849503902486, 25.976894294618404), (54.24849309463083, 25.980733674587555), (54.31849115023681, 25.97761806580552), (54.38848920584279, 25.970016583520003), (54.45848726144877, 25.966269559770033), (54.528485317054745, 25.970966533203086), (54.59848337266071, 25.986495571772476), (54.668481428266695, 26.003398644704912), (54.73847948387265, 26.017887262192822), (54.80847753947863, 26.02965608326665), (54.8784755950846, 26.04143809808608), (54.94847365069058, 26.048364814525275), (55.018471706296545, 26.05344252175988), (55.08846976190252, 26.066383701371176), (55.15846781750851, 26.09144050908346), (55.22846587311449, 26.11901920702584), (55.29846392872046, 26.129958706947768), (55.36846198432644, 26.106328708580925), (55.43846003993242, 26.066851136929515), (55.5084580983862, 26.047141190198378), (55.57845615399576, 26.034574541614095), (55.648454209605326, 26.032127153209657), (55.718452265214886, 26.03980262327932), (55.78845032082445, 26.053909358939187), (55.85844837643401, 26.06651322416689), (55.92844643204357, 26.06506566465783), (55.998444487653124, 26.032207309497796), (56.06844254326265, 25.945747049652102)

Record time: 2023-07-30T04:12:17Z
Event time: 2023-07-30T21:50:54Z
Status: Underway
Travel distance: 192.52375809935205
Num waypoints: 45
Waypoints: (52.98852809644176, 26.808550055478705), (53.058526152051364, 26.75594202251239), (53.12852420766093, 26.678653974645137), (53.19852226327049, 26.597694381533397), (53.26852031888005, 26.52297483037434), (53.33851837448962, 26.456977887182425), (53.40851643009919, 26.397847260490792), (53.478514485708764, 26.341900267477495), (53.54851254131834, 26.28556260251659), (53.618510594177046, 26.22672540680849), (53.688508649783024, 26.166703288439486), (53.758506705388996, 26.106390907667315), (53.828504760994974, 26.050775500328193), (53.89850281660096, 26.00543802081027), (53.96850087220693, 25.974998164893822), (54.038498927812924, 25.961683790764173), (54.10849698341888, 25.962105990623325), (54.17849503902486, 25.976894294618404), (54.24849309463083, 25.980733674587555), (54.31849115023681, 25.97761806580552), (54.38848920584279, 25.970016583520003), (54.45848726144877, 25.966269559770033), (54.528485317054745, 25.970966533203086), (54.59848337266071, 25.986495571772476), (54.668481428266695, 26.003398644704912), (54.73847948387265, 26.017887262192822), (54.80847753947863, 26.02965608326665), (54.8784755950846, 26.04143809808608), (54.94847365069058, 26.048364814525275), (55.018471706296545, 26.05344252175988), (55.08846976190252, 26.066383701371176), (55.15846781750851, 26.09144050908346), (55.22846587311449, 26.11901920702584), (55.29846392872046, 26.129958706947768), (55.36846198432644, 26.106328708580925), (55.43846003993242, 26.066851136929515), (55.5084580983862, 26.047141190198378), (55.57845615399576, 26.034574541614095), (55.648454209605326, 26.032127153209657), (55.718452265214886, 26.03980262327932), (55.78845032082445, 26.053909358939187), (55.85844837643401, 26.06651322416689), (55.92844643204357, 26.06506566465783), (55.998444487653124, 26.032207309497796), (56.06844254326265, 25.945747049652102)

Record time: 2023-07-30T07:22:34Z
Event time: 2023-07-30T22:19:11.200Z
Status: Underway
Travel distance: 161.62473002159828
Num waypoints: 39
Waypoints: (53.40851643009917, 26.459296839328307), (53.47851448570876, 26.403033304940617), (53.548512541318324, 26.330092876115614), (53.618510596927884, 26.25054238074544), (53.68850865253745, 26.17277963790395), (53.75850670814701, 26.10327014838096), (53.828504763756584, 26.046404036783553), (53.898502819366165, 26.004473245204373), (53.96850087497574, 25.977768978456997), (54.038498927812924, 25.96479939954621), (54.10849698341888, 25.964573221050234), (54.17849503902486, 25.97509994521701), (54.24849309463083, 25.980733674587555), (54.31849115023681, 25.97761806580552), (54.38848920584279, 25.970016583520003), (54.45848726144877, 25.966269559770033), (54.528485317054745, 25.970966533203086), (54.59848337266071, 25.986495571772476), (54.668481428266695, 26.003398644704912), (54.73847948387265, 26.017887262192822), (54.80847753947863, 26.02965608326665), (54.8784755950846, 26.04143809808608), (54.94847365069058, 26.048364814525275), (55.018471706296545, 26.05344252175988), (55.08846976190252, 26.066383701371176), (55.15846781750851, 26.09144050908346), (55.22846587311449, 26.11901920702584), (55.29846392872046, 26.129958706947768), (55.36846198432644, 26.106328708580925), (55.43846003993242, 26.066851136929515), (55.5084580983862, 26.047141190198378), (55.57845615399576, 26.034574541614095), (55.648454209605326, 26.032127153209657), (55.718452265214886, 26.03980262327932), (55.78845032082445, 26.053909358939187), (55.85844837643401, 26.06651322416689), (55.92844643204357, 26.06506566465783), (55.998444487653124, 26.032207309497796), (56.06844254326265, 25.945747049652102)

Record time: 2023-07-30T10:33:26Z
Event time: 2023-07-30T22:17:21Z
Status: Underway
Travel distance: 130.09071274298057
Num waypoints: 32
Waypoints: (53.89850281936617, 26.261651000497878), (53.9685008749757, 26.17335289187129), (54.03849893058526, 26.102925111943023), (54.10849698619483, 26.047515412800827), (54.178495041804396, 26.00580390584276), (54.24849309741398, 25.977166578306186), (54.31849115302355, 25.96102766884094), (54.38848920863313, 25.95640090212666), (54.458487264242706, 25.961619582534205), (54.528485317054745, 25.974255545498703), (54.59848337266071, 25.990284061580038), (54.668481428266695, 26.004071525730435), (54.73847948387265, 26.016092912791432), (54.80847753947863, 26.02965608326665), (54.8784755950846, 26.04143809808608), (54.94847365069058, 26.048364814525275), (55.018471706296545, 26.05344252175988), (55.08846976190252, 26.066383701371176), (55.15846781750851, 26.09144050908346), (55.22846587311449, 26.11901920702584), (55.29846392872046, 26.129958706947768), (55.36846198432644, 26.106328708580925), (55.43846003993242, 26.066851136929515), (55.5084580983862, 26.047141190198378), (55.57845615399576, 26.034574541614095), (55.648454209605326, 26.032127153209657), (55.718452265214886, 26.03980262327932), (55.78845032082445, 26.053909358939187), (55.85844837643401, 26.06651322416689), (55.92844643204357, 26.06506566465783), (55.998444487653124, 26.032207309497796), (56.06844254326265, 25.945747049652102)

Record time: 2023-07-30T12:37:49Z
Event time: 2023-07-30T22:00:14.500Z
Status: Underway
Travel distance: 105.42656587473002
Num waypoints: 27
Waypoints: (54.24849309741396, 26.106941379488635), (54.318491153023565, 26.069597356441726), (54.38848920863313, 26.03330951843213), (54.45848726424269, 26.00728041734158), (54.528485319852244, 25.994344737979414), (54.598483375461804, 25.99330100989412), (54.66848143107137, 26.000836386374157), (54.738479486680944, 26.01304449063811), (54.80847754229052, 26.02653632921412), (54.8784755950846, 26.03914427117275), (54.94847365069058, 26.05148042330731), (55.018471706296545, 26.055909752186793), (55.08846976190252, 26.064589351969783), (55.15846781750851, 26.09144050908346), (55.22846587311449, 26.11901920702584), (55.29846392872046, 26.129958706947768), (55.36846198432644, 26.106328708580925), (55.43846003993242, 26.066851136929515), (55.5084580983862, 26.047141190198378), (55.57845615399576, 26.034574541614095), (55.648454209605326, 26.032127153209657), (55.718452265214886, 26.03980262327932), (55.78845032082445, 26.053909358939187), (55.85844837643401, 26.06651322416689), (55.92844643204357, 26.06506566465783), (55.998444487653124, 26.032207309497796), (56.06844254326265, 25.945747049652102)

Record time: 2023-07-30T15:20:59Z
Event time: 2023-07-30T22:15:16Z
Status: Underway
Travel distance: 77.06911447084234
Num waypoints: 20
Waypoints: (54.73847948668091, 26.044264405346254), (54.80847754229049, 26.049666290335537), (54.87847559790006, 26.037476628757542), (54.94847365350962, 26.03415907570559), (55.01847170911919, 26.047006773917456), (55.08846976472876, 26.071711040179355), (55.15846782033833, 26.09856845718409), (55.228465875947904, 26.11732637084339), (55.29846393155748, 26.120666793054387), (55.36846198432644, 26.106328708580925), (55.43846003993242, 26.066851136929515), (55.5084580983862, 26.047141190198378), (55.57845615399576, 26.034574541614095), (55.648454209605326, 26.032127153209657), (55.718452265214886, 26.03980262327932), (55.78845032082445, 26.053909358939187), (55.85844837643401, 26.06651322416689), (55.92844643204357, 26.06506566465783), (55.998444487653124, 26.032207309497796), (56.06844254326265, 25.945747049652102)

Record time: 2023-07-30T16:51:38Z
Event time: 2023-07-30T22:30:28.500Z
Status: Underway
Travel distance: 65.08963282937366
Num waypoints: 16
Waypoints: (55.01847170911911, 26.047758217700878), (55.088469764728764, 26.042512761414837), (55.15846782033833, 26.09265638898856), (55.228465875947876, 26.1335212612438), (55.29846393155742, 26.14024731676127), (55.36846198716698, 26.113904988769075), (55.43846004277655, 26.06975656536549), (55.50845809783134, 26.027656192815762), (55.578456153440214, 25.99646023378488), (55.648454209605255, 26.010707666964077), (55.718452265214815, 26.050245891184268), (55.78845032082438, 26.089173312643446), (55.85844837643395, 26.097039829731052), (55.92844643204353, 26.056011558011082), (55.99844448765311, 25.984704365072144), (56.0684425432627, 25.968686215504423)

Record time: 2023-07-30T17:32:18Z
Event time: 2023-07-30T22:51:29.500Z
Status: Underway
Travel distance: 64.6792656587473
Num waypoints: 15
Waypoints: (55.08846976472876, 26.049426114958198), (55.15846782033832, 26.097678977297186), (55.22846587594789, 26.122955116203205), (55.29846393155745, 26.130368722715115), (55.36846198716702, 26.117047422197857), (55.43846004277658, 26.083320135651856), (55.50845809867343, 26.038377704161583), (55.57845615428335, 25.98623387312141), (55.64845420989328, 25.986562794121838), (55.71845226521487, 26.0350642417829), (55.78845032082444, 26.097916952398883), (55.858448376434005, 26.12035785291183), (55.92844643204356, 26.06327187015818), (55.998444487653096, 25.95768898690394), (56.06844254326259, 25.97835568450907)

Record time: 2023-07-30T20:32:27Z
Event time: 2023-07-30T22:48:22.750Z
Status: Underway
Travel distance: 30.16306695464363
Num waypoints: 7
Waypoints: (55.64845420960529, 25.97432905484247), (55.718452265214864, 26.044340723453907), (55.78845032082444, 26.114352392065342), (55.858448376433984, 26.114352392065342), (55.92844643204356, 26.044340723453907), (55.99844448765313, 25.97432905484247), (56.06844254326268, 25.97432905484247)

Record time: 2023-07-30T21:17:59Z
Event time: 2023-07-30T22:27:19Z
Status: Underway
Travel distance: 16.99244060475162
Num waypoints: 5
Waypoints: (55.78845032082444, 25.904317386231043), (55.858448376433984, 25.97432905484247), (55.92844643204356, 25.97432905484247), (55.99844448765313, 25.97432905484247), (56.06844254326268, 25.97432905484247)

Record time: 2023-07-30T21:30:48Z
Event time: 2023-07-30T22:42:21.250Z
Status: Underway
Travel distance: 16.99244060475162
Num waypoints: 5
Waypoints: (55.78845032082444, 25.904317386231043), (55.858448376433984, 25.97432905484247), (55.92844643204356, 25.97432905484247), (55.99844448765313, 25.97432905484247), (56.06844254326268, 25.97432905484247)

Record time: 2023-07-30T21:42:19Z
Event time: 2023-07-30T22:59:56.250Z
Status: Underway
Travel distance: 16.99244060475162
Num waypoints: 5
Waypoints: (55.78845032082444, 25.904317386231043), (55.858448376433984, 25.97432905484247), (55.92844643204356, 25.97432905484247), (55.99844448765313, 25.97432905484247), (56.06844254326268, 25.97432905484247)

