MMSI: 538002629
Record time: 2023-09-06T03:04:14Z
Event time: 2023-09-06T23:21:16.428Z
Status: Underway
Travel distance: 259.02645788336935
Num waypoints: 63
Waypoints: (51.72856309546959, 25.202359744237224), (51.798561151079156, 25.281716011679777), (51.868559206688715, 25.32718662808743), (51.938557262298275, 25.365700542270076), (52.00855531790784, 25.412203954802386), (52.078553373517416, 25.472451737628422), (52.14855142912699, 25.545546287679077), (52.218549484736556, 25.626223814502332), (52.28854754034613, 25.706888061906312), (52.358545593269504, 25.779391462292615), (52.428543648875475, 25.842474529640462), (52.49854170448145, 25.87401323608319), (52.568539760087425, 25.883976398830825), (52.6385378156934, 25.874793551894296), (52.708535871299375, 25.86223687572616), (52.778533926905354, 25.85881969561616), (52.848531982511325, 25.87167228864986), (52.91853003811731, 25.900240517512135), (52.98852809372327, 25.93622363140074), (53.058526149329246, 25.9666220212596), (53.12852420493523, 25.98101451288672), (53.198522260541196, 25.984433577817523), (53.268520316147175, 25.98407546186556), (53.33851837175316, 25.969918572838413), (53.40851642735913, 25.96874621430095), (53.47851448296509, 25.97365617248438), (53.54851253857108, 25.976123402911288), (53.618510594177046, 25.9743290535099), (53.688508649783024, 25.9743290535099), (53.758506705388996, 25.9743290535099), (53.828504760994974, 25.9743290535099), (53.89850281660096, 25.9743290535099), (53.96850087220693, 25.9743290535099), (54.038498927812924, 25.9743290535099), (54.10849698341888, 25.972534704108508), (54.17849503902486, 25.976796283936814), (54.24849309463083, 25.977444662291937), (54.31849115023681, 25.973829575997957), (54.38848920584279, 25.96934370249448), (54.45848726144877, 25.968063909171427), (54.528485317054745, 25.970966533203086), (54.59848337266071, 25.986495571772476), (54.668481428266695, 26.003398644704912), (54.73847948387265, 26.017887262192822), (54.80847753947863, 26.02965608326665), (54.8784755950846, 26.04143809808608), (54.94847365069058, 26.048364814525275), (55.018471706296545, 26.05344252175988), (55.08846976190252, 26.066383701371176), (55.15846781750851, 26.09144050908346), (55.22846587311449, 26.11901920702584), (55.29846392872046, 26.129958706947768), (55.36846198432644, 26.106328708580925), (55.43846003993242, 26.066851136929515), (55.5084580983862, 26.047141190198378), (55.57845615399576, 26.034574541614095), (55.648454209605326, 26.032127153209657), (55.718452265214886, 26.03980262327932), (55.78845032082445, 26.053909358939187), (55.85844837643401, 26.06651322416689), (55.92844643204357, 26.06506566465783), (55.998444487653124, 26.032207309497796), (56.06844254326265, 25.945747049652102)
Day of Week: Wednesday

MMSI: 538002629
Record time: 2023-09-06T03:40:08Z
Event time: 2023-09-06T23:54:29Z
Status: Underway
Travel distance: 253.5377969762419
Num waypoints: 62
Waypoints: (51.79856115107914, 25.271912339040764), (51.86855920668872, 25.337988867363073), (51.938557262298296, 25.37144805770146), (52.00855531790786, 25.408571596695822), (52.07855337351744, 25.464398298161036), (52.148551429127004, 25.53958447383436), (52.21854948473658, 25.626248008747517), (52.288547540346144, 25.712796141223517), (52.35854559595571, 25.787736947498168), (52.428543648875475, 25.842474529640462), (52.49854170448145, 25.87401323608319), (52.568539760087425, 25.883976398830825), (52.6385378156934, 25.874793551894296), (52.708535871299375, 25.86223687572616), (52.778533926905354, 25.85881969561616), (52.848531982511325, 25.87167228864986), (52.91853003811731, 25.900240517512135), (52.98852809372327, 25.93622363140074), (53.058526149329246, 25.9666220212596), (53.12852420493523, 25.98101451288672), (53.198522260541196, 25.984433577817523), (53.268520316147175, 25.98407546186556), (53.33851837175316, 25.969918572838413), (53.40851642735913, 25.96874621430095), (53.47851448296509, 25.97365617248438), (53.54851253857108, 25.976123402911288), (53.618510594177046, 25.9743290535099), (53.688508649783024, 25.9743290535099), (53.758506705388996, 25.9743290535099), (53.828504760994974, 25.9743290535099), (53.89850281660096, 25.9743290535099), (53.96850087220693, 25.9743290535099), (54.038498927812924, 25.9743290535099), (54.10849698341888, 25.972534704108508), (54.17849503902486, 25.976796283936814), (54.24849309463083, 25.977444662291937), (54.31849115023681, 25.973829575997957), (54.38848920584279, 25.96934370249448), (54.45848726144877, 25.968063909171427), (54.528485317054745, 25.970966533203086), (54.59848337266071, 25.986495571772476), (54.668481428266695, 26.003398644704912), (54.73847948387265, 26.017887262192822), (54.80847753947863, 26.02965608326665), (54.8784755950846, 26.04143809808608), (54.94847365069058, 26.048364814525275), (55.018471706296545, 26.05344252175988), (55.08846976190252, 26.066383701371176), (55.15846781750851, 26.09144050908346), (55.22846587311449, 26.11901920702584), (55.29846392872046, 26.129958706947768), (55.36846198432644, 26.106328708580925), (55.43846003993242, 26.066851136929515), (55.5084580983862, 26.047141190198378), (55.57845615399576, 26.034574541614095), (55.648454209605326, 26.032127153209657), (55.718452265214886, 26.03980262327932), (55.78845032082445, 26.053909358939187), (55.85844837643401, 26.06651322416689), (55.92844643204357, 26.06506566465783), (55.998444487653124, 26.032207309497796), (56.06844254326265, 25.945747049652102)
Day of Week: Wednesday

MMSI: 538002629
Record time: 2023-09-06T06:42:04Z
Event time: 2023-09-07T00:17:50Z
Status: Underway
Travel distance: 226.7149028077754
Num waypoints: 56
Waypoints: (52.21854948473652, 25.769273951178267), (52.28854754034612, 25.824932572320755), (52.3585455959557, 25.89993082564875), (52.42854365156525, 25.98080620725178), (52.498541707174816, 26.056486165993626), (52.56853976278438, 26.11881151824843), (52.63853781839396, 26.16281332807621), (52.70853587400354, 26.186743252837736), (52.77853392961311, 26.19185735424878), (52.848531982511325, 26.18195337353051), (52.91853003811731, 26.154523576431302), (52.98852809372327, 26.13440122957285), (53.058526149329246, 26.125748017281058), (53.12852420493523, 26.123361834148533), (53.198522260541196, 26.117714911032394), (53.268520316147175, 26.101235922779914), (53.33851837175316, 26.078199642965), (53.40851642735913, 26.047456330899777), (53.47851448296509, 26.012449554185455), (53.54851253857108, 25.98066582103876), (53.618510594177046, 25.96649573826601), (53.688508649783024, 25.96307855815601), (53.758506705388996, 25.968844224982536), (53.828504760994974, 25.976945184779996), (53.89850281660096, 25.97991189271885), (53.96850087220693, 25.97500193453542), (54.038498927812924, 25.972534704108508), (54.10849698341888, 25.972534704108508), (54.17849503902486, 25.976796283936814), (54.24849309463083, 25.977444662291937), (54.31849115023681, 25.973829575997957), (54.38848920584279, 25.96934370249448), (54.45848726144877, 25.968063909171427), (54.528485317054745, 25.970966533203086), (54.59848337266071, 25.986495571772476), (54.668481428266695, 26.003398644704912), (54.73847948387265, 26.017887262192822), (54.80847753947863, 26.02965608326665), (54.8784755950846, 26.04143809808608), (54.94847365069058, 26.048364814525275), (55.018471706296545, 26.05344252175988), (55.08846976190252, 26.066383701371176), (55.15846781750851, 26.09144050908346), (55.22846587311449, 26.11901920702584), (55.29846392872046, 26.129958706947768), (55.36846198432644, 26.106328708580925), (55.43846003993242, 26.066851136929515), (55.5084580983862, 26.047141190198378), (55.57845615399576, 26.034574541614095), (55.648454209605326, 26.032127153209657), (55.718452265214886, 26.03980262327932), (55.78845032082445, 26.053909358939187), (55.85844837643401, 26.06651322416689), (55.92844643204357, 26.06506566465783), (55.998444487653124, 26.032207309497796), (56.06844254326265, 25.945747049652102)
Day of Week: Wednesday

MMSI: 538002629
Record time: 2023-09-06T09:47:54Z
Event time: 2023-09-07T00:48:18.666Z
Status: Underway
Travel distance: 189.71166306695466
Num waypoints: 49
Waypoints: (52.70853587400349, 26.182585440961606), (52.77853392961309, 26.19485770338327), (52.84853198522266, 26.17823686237423), (52.918530040832216, 26.155973210585053), (52.98852809644177, 26.138461620400722), (53.058526152051336, 26.127619605694637), (53.12852420766091, 26.120556313997614), (53.19852226327049, 26.112532449082035), (53.268520318880064, 26.09921112396106), (53.33851837175316, 26.078199642965), (53.40851642735913, 26.047456330899777), (53.47851448296509, 26.012449554185455), (53.54851253857108, 25.98066582103876), (53.618510594177046, 25.96649573826601), (53.688508649783024, 25.96307855815601), (53.758506705388996, 25.968844224982536), (53.828504760994974, 25.976945184779996), (53.89850281660096, 25.97991189271885), (53.96850087220693, 25.97500193453542), (54.038498927812924, 25.972534704108508), (54.10849698341888, 25.972534704108508), (54.17849503902486, 25.976796283936814), (54.24849309463083, 25.977444662291937), (54.31849115023681, 25.973829575997957), (54.38848920584279, 25.96934370249448), (54.45848726144877, 25.968063909171427), (54.528485317054745, 25.970966533203086), (54.59848337266071, 25.986495571772476), (54.668481428266695, 26.003398644704912), (54.73847948387265, 26.017887262192822), (54.80847753947863, 26.02965608326665), (54.8784755950846, 26.04143809808608), (54.94847365069058, 26.048364814525275), (55.018471706296545, 26.05344252175988), (55.08846976190252, 26.066383701371176), (55.15846781750851, 26.09144050908346), (55.22846587311449, 26.11901920702584), (55.29846392872046, 26.129958706947768), (55.36846198432644, 26.106328708580925), (55.43846003993242, 26.066851136929515), (55.5084580983862, 26.047141190198378), (55.57845615399576, 26.034574541614095), (55.648454209605326, 26.032127153209657), (55.718452265214886, 26.03980262327932), (55.78845032082445, 26.053909358939187), (55.85844837643401, 26.06651322416689), (55.92844643204357, 26.06506566465783), (55.998444487653124, 26.032207309497796), (56.06844254326265, 25.945747049652102)
Day of Week: Wednesday

MMSI: 538002629
Record time: 2023-09-06T12:57:35Z
Event time: 2023-09-07T00:46:41.333Z
Status: Underway
Travel distance: 149.40442764578833
Num waypoints: 39
Waypoints: (53.40851643009917, 25.974329054842475), (53.47851448570876, 25.974329054842478), (53.548512541318324, 25.974329054842478), (53.618510596927884, 25.974329054842475), (53.68850865253745, 25.974329054842475), (53.75850670814701, 25.974329054842475), (53.828504763756584, 25.97432905484248), (53.898502819366165, 25.97432905484249), (53.96850087497574, 25.974329054842496), (54.038498927812924, 25.9743290535099), (54.10849698341888, 25.972534704108508), (54.17849503902486, 25.976796283936814), (54.24849309463083, 25.977444662291937), (54.31849115023681, 25.973829575997957), (54.38848920584279, 25.96934370249448), (54.45848726144877, 25.968063909171427), (54.528485317054745, 25.970966533203086), (54.59848337266071, 25.986495571772476), (54.668481428266695, 26.003398644704912), (54.73847948387265, 26.017887262192822), (54.80847753947863, 26.02965608326665), (54.8784755950846, 26.04143809808608), (54.94847365069058, 26.048364814525275), (55.018471706296545, 26.05344252175988), (55.08846976190252, 26.066383701371176), (55.15846781750851, 26.09144050908346), (55.22846587311449, 26.11901920702584), (55.29846392872046, 26.129958706947768), (55.36846198432644, 26.106328708580925), (55.43846003993242, 26.066851136929515), (55.5084580983862, 26.047141190198378), (55.57845615399576, 26.034574541614095), (55.648454209605326, 26.032127153209657), (55.718452265214886, 26.03980262327932), (55.78845032082445, 26.053909358939187), (55.85844837643401, 26.06651322416689), (55.92844643204357, 26.06506566465783), (55.998444487653124, 26.032207309497796), (56.06844254326265, 25.945747049652102)
Day of Week: Wednesday

MMSI: 538002629
Record time: 2023-09-06T15:11:17Z
Event time: 2023-09-07T01:03:08.250Z
Status: Underway
Travel distance: 128.33423326133908
Num waypoints: 32
Waypoints: (53.89850281936617, 25.76282186688558), (53.9685008749757, 25.83842903156351), (54.03849893058526, 25.90789390794932), (54.10849698619483, 25.956357939635552), (54.178495041804396, 25.98079076314437), (54.24849309741398, 25.98554240780402), (54.31849115302355, 25.978647916088573), (54.38848920863313, 25.968884384421028), (54.458487264242706, 25.963580424439662), (54.528485317054745, 25.96717804339553), (54.59848337266071, 25.98582269074696), (54.668481428266695, 26.005192994106302), (54.73847948387265, 26.017887262192822), (54.80847753947863, 26.02965608326665), (54.8784755950846, 26.04143809808608), (54.94847365069058, 26.048364814525275), (55.018471706296545, 26.05344252175988), (55.08846976190252, 26.066383701371176), (55.15846781750851, 26.09144050908346), (55.22846587311449, 26.11901920702584), (55.29846392872046, 26.129958706947768), (55.36846198432644, 26.106328708580925), (55.43846003993242, 26.066851136929515), (55.5084580983862, 26.047141190198378), (55.57845615399576, 26.034574541614095), (55.648454209605326, 26.032127153209657), (55.718452265214886, 26.03980262327932), (55.78845032082445, 26.053909358939187), (55.85844837643401, 26.06651322416689), (55.92844643204357, 26.06506566465783), (55.998444487653124, 26.032207309497796), (56.06844254326265, 25.945747049652102)
Day of Week: Wednesday

MMSI: 538002629
Record time: 2023-09-06T16:04:16Z
Event time: 2023-09-07T01:20:03.200Z
Status: Underway
Travel distance: 122.27969762419006
Num waypoints: 30
Waypoints: (54.03849893058528, 25.686658725764328), (54.10849698619484, 25.774206470095766), (54.178495041804396, 25.847919458408747), (54.24849309741396, 25.90407636905494), (54.31849115302353, 25.94290740719296), (54.388489208633096, 25.96715920223132), (54.45848726424267, 25.980887014659896), (54.528485319852244, 25.98847425226982), (54.59848337546181, 25.993879295761854), (54.668481428266695, 26.000109632409295), (54.73847948387265, 26.014098772385264), (54.80847753947863, 26.028983202241132), (54.8784755950846, 26.043232447487473), (54.94847365069058, 26.048364814525275), (55.018471706296545, 26.05344252175988), (55.08846976190252, 26.066383701371176), (55.15846781750851, 26.09144050908346), (55.22846587311449, 26.11901920702584), (55.29846392872046, 26.129958706947768), (55.36846198432644, 26.106328708580925), (55.43846003993242, 26.066851136929515), (55.5084580983862, 26.047141190198378), (55.57845615399576, 26.034574541614095), (55.648454209605326, 26.032127153209657), (55.718452265214886, 26.03980262327932), (55.78845032082445, 26.053909358939187), (55.85844837643401, 26.06651322416689), (55.92844643204357, 26.06506566465783), (55.998444487653124, 26.032207309497796), (56.06844254326265, 25.945747049652102)
Day of Week: Wednesday

MMSI: 538002629
Record time: 2023-09-06T19:07:35Z
Event time: 2023-09-07T01:18:10.250Z
Status: Underway
Travel distance: 83.66036717062634
Num waypoints: 20
Waypoints: (54.73847948668091, 25.69765785456303), (54.80847754229049, 25.760890610955098), (54.87847559790006, 25.74950485400614), (54.94847365350962, 25.716764248741924), (55.01847170911919, 25.692064031988963), (55.08846976472876, 25.687858859706562), (55.15846782033833, 25.70555419136099), (55.228465875947904, 25.740361211341792), (55.29846393155748, 25.785115287420272), (55.36846198432644, 25.833057964924766), (55.43846003993242, 25.870262442691626), (55.5084580983862, 25.923258955686766), (55.57845615399576, 25.97513117174754), (55.648454209605326, 26.021199082155096), (55.718452265214886, 26.056503723384953), (55.78845032082445, 26.076317964871023), (55.85844837643401, 26.076809777445074), (55.92844643204357, 26.055857983778925), (55.998444487653124, 26.014020490829342), (56.06844254326265, 25.955655004285642)
Day of Week: Wednesday

MMSI: 538002629
Record time: 2023-09-06T22:13:05Z
Event time: 2023-09-07T01:29:39Z
Status: Underway
Travel distance: 45.25269978401728
Num waypoints: 10
Waypoints: (55.4384600427766, 25.8343057176196), (55.50845809838617, 25.904317386231043), (55.57845615399572, 25.97432905484247), (55.64845420960529, 25.97432905484247), (55.718452265214864, 26.044340723453907), (55.78845032082444, 26.114352392065342), (55.858448376433984, 26.114352392065342), (55.92844643204356, 26.044340723453907), (55.99844448765313, 25.97432905484247), (56.06844254326268, 25.97432905484247)
Day of Week: Wednesday

MMSI: 538002629
Record time: 2023-09-06T23:31:25Z
Event time: 2023-09-07T01:10:49.500Z
Status: Underway
Travel distance: 22.639308855291578
Num waypoints: 6
Waypoints: (55.718452265214864, 25.97432905484247), (55.78845032082444, 26.044340723453907), (55.858448376433984, 26.044340723453907), (55.92844643204356, 26.044340723453907), (55.99844448765313, 25.97432905484247), (56.06844254326268, 25.97432905484247)
Day of Week: Wednesday

MMSI: 538002629
Record time: 2023-09-06T23:52:35Z
Event time: 2023-09-07T00:52:34.750Z
Status: Underway
Travel distance: 15.117170626349893
Num waypoints: 5
Waypoints: (55.78845032082444, 25.97432905484247), (55.858448376433984, 25.97432905484247), (55.92844643204356, 25.97432905484247), (55.99844448765313, 25.97432905484247), (56.06844254326268, 25.97432905484247)
Day of Week: Wednesday

MMSI: 538002629
Record time: 2023-09-07T01:25:54Z
Event time: 2023-09-07T01:25:54Z
Status: Arrived
Travel distance: N/A
Num waypoints: 0
Waypoints: 
Day of Week: Thursday

Number of Journeys: 1
