Record time: 2023-07-22T21:45:52Z
Event time: 2023-07-23T14:24:44.400Z
Status: Underway
Travel distance: 138.9865010799136
Waypoints: (56.77677510368027, 25.204200700116676), (56.671640072499464, 25.274212368728115), (56.644437334859404, 25.34422403733955), (56.65374178807692, 25.41423570595099), (56.67407363967318, 25.48424737456243), (56.691834770084235, 25.554259043173868), (56.70176445098138, 25.624270711785307), (56.70391441920133, 25.694282380396743), (56.70114330628614, 25.76429404900818), (56.69713042072417, 25.834305716294217), (56.69219503486787, 25.904317384902054), (56.69578492034181, 25.976123402911295), (56.70141566984108, 26.04366784109223), (56.70140059420655, 26.112358250319428), (56.70168891571706, 26.178607816610896), (56.69668757395966, 26.254750807280427), (56.68200390592139, 26.330381126692416), (56.65420632029091, 26.40759281075543), (56.6120058503154, 26.470332840717717), (56.55669146274771, 26.511063818200974), (56.48810674787951, 26.527529612707852), (56.42454787267482, 26.521262583548584), (56.35474014695487, 26.496588394458662), (56.27798934063656, 26.462974250363594), (56.2005028233302, 26.420168776278537), (56.12594603288787, 26.370432816112334), (56.058937938154855, 26.315022602928096), (56.005132073396574, 26.254370703099408), (55.97127062213742, 26.18854666651377), (55.96521155330295, 26.117997384182836), (55.99592880966533, 26.044567153259294), (56.07348554859199, 25.972797449460426)
Associated file(s): api_response_2023-07-23_01-49-48.json, api_response_2023-07-23_01-59-49.json

Record time: 2023-07-22T21:57:53Z
Event time: 2023-07-23T12:49:41Z
Status: Underway
Travel distance: 144.0988120950324
Waypoints: (56.848128561623156, 25.134189031505244), (56.747781609075965, 25.20420070011668), (56.68720366649524, 25.27421236872811), (56.659387219188766, 25.34422403733955), (56.655286715120305, 25.414235705950986), (56.66546915844605, 25.484247374562425), (56.68140458383094, 25.554259043173865), (56.69639641154504, 25.624270711785304), (56.70615168333991, 25.694282380396743), (56.70899117619554, 25.764294047686374), (56.69713042072417, 25.834305716294217), (56.69219503486787, 25.904317384902054), (56.69578492034181, 25.976123402911295), (56.70141566984108, 26.04366784109223), (56.70140059420655, 26.112358250319428), (56.70168891571706, 26.178607816610896), (56.69668757395966, 26.254750807280427), (56.68200390592139, 26.330381126692416), (56.65420632029091, 26.40759281075543), (56.6120058503154, 26.470332840717717), (56.55669146274771, 26.511063818200974), (56.48810674787951, 26.527529612707852), (56.42454787267482, 26.521262583548584), (56.35474014695487, 26.496588394458662), (56.27798934063656, 26.462974250363594), (56.2005028233302, 26.420168776278537), (56.12594603288787, 26.370432816112334), (56.058937938154855, 26.315022602928096), (56.005132073396574, 26.254370703099408), (55.97127062213742, 26.18854666651377), (55.96521155330295, 26.117997384182836), (55.99592880966533, 26.044567153259294), (56.07348554859199, 25.972797449460426)
Associated file(s): api_response_2023-07-23_02-09-51.json

Record time: 2023-07-22T22:12:22Z
Event time: 2023-07-23T11:18:49.400Z
Status: Underway
Travel distance: 144.0988120950324
Waypoints: (56.848128561623156, 25.134189031505244), (56.747781609075965, 25.20420070011668), (56.68720366649524, 25.27421236872811), (56.659387219188766, 25.34422403733955), (56.655286715120305, 25.414235705950986), (56.66546915844605, 25.484247374562425), (56.68140458383094, 25.554259043173865), (56.69639641154504, 25.624270711785304), (56.70615168333991, 25.694282380396743), (56.70899117619554, 25.764294047686374), (56.69713042072417, 25.834305716294217), (56.69219503486787, 25.904317384902054), (56.69578492034181, 25.976123402911295), (56.70141566984108, 26.04366784109223), (56.70140059420655, 26.112358250319428), (56.70168891571706, 26.178607816610896), (56.69668757395966, 26.254750807280427), (56.68200390592139, 26.330381126692416), (56.65420632029091, 26.40759281075543), (56.6120058503154, 26.470332840717717), (56.55669146274771, 26.511063818200974), (56.48810674787951, 26.527529612707852), (56.42454787267482, 26.521262583548584), (56.35474014695487, 26.496588394458662), (56.27798934063656, 26.462974250363594), (56.2005028233302, 26.420168776278537), (56.12594603288787, 26.370432816112334), (56.058937938154855, 26.315022602928096), (56.005132073396574, 26.254370703099408), (55.97127062213742, 26.18854666651377), (55.96521155330295, 26.117997384182836), (55.99592880966533, 26.044567153259294), (56.07348554859199, 25.972797449460426)
Associated file(s): api_response_2023-07-23_02-19-53.json, api_response_2023-07-23_02-39-57.json, api_response_2023-07-23_02-49-59.json, api_response_2023-07-23_02-29-55.json

Record time: 2023-07-22T22:53:30Z
Event time: 2023-07-23T12:32:09Z
Status: Underway
Travel distance: 150.116090712743
Waypoints: (56.97875043771029, 25.064177362893812), (56.91352784060091, 25.134189031505265), (56.82978482646283, 25.2042007001167), (56.75555924885337, 25.274212368728133), (56.703798251158354, 25.344224037339565), (56.67696632273369, 25.414235705951), (56.67098211241938, 25.48424737456244), (56.67848399942556, 25.554259043173882), (56.691424421590966, 25.62427071178532), (56.70299295810444, 25.694282379078533), (56.70849179580153, 25.764294047686374), (56.70024542371022, 25.834305716294217), (56.69466178556886, 25.904317384902054), (56.693990919832004, 25.976123402911295), (56.70141566984108, 26.04366784109223), (56.70140059420655, 26.112358250319428), (56.70168891571706, 26.178607816610896), (56.69668757395966, 26.254750807280427), (56.68200390592139, 26.330381126692416), (56.65420632029091, 26.40759281075543), (56.6120058503154, 26.470332840717717), (56.55669146274771, 26.511063818200974), (56.48810674787951, 26.527529612707852), (56.42454787267482, 26.521262583548584), (56.35474014695487, 26.496588394458662), (56.27798934063656, 26.462974250363594), (56.2005028233302, 26.420168776278537), (56.12594603288787, 26.370432816112334), (56.058937938154855, 26.315022602928096), (56.005132073396574, 26.254370703099408), (55.97127062213742, 26.18854666651377), (55.96521155330295, 26.117997384182836), (55.99592880966533, 26.044567153259294), (56.07348554859199, 25.972797449460426)
Associated file(s): api_response_2023-07-23_03-00-01.json

Record time: 2023-07-22T23:07:01Z
Event time: 2023-07-23T13:05:34.600Z
Status: Underway
Travel distance: 150.72246220302375
Waypoints: (57.04565151256955, 25.064177362893812), (56.987213499206675, 25.134189031505265), (56.9058588082073, 25.2042007001167), (56.82695947552612, 25.274212368728133), (56.76388356311777, 25.344224037339565), (56.721339123122554, 25.414235705951), (56.698264950788875, 25.48424737456244), (56.690268126132466, 25.554259043173882), (56.69160834433234, 25.62427071178532), (56.69672903195464, 25.694282379078533), (56.703507414132986, 25.764294047686374), (56.69974604331621, 25.834305716294217), (56.69777678855491, 25.904317384902054), (56.69645767053299, 25.976123402911295), (56.69962166933128, 26.04366784109223), (56.70140059420655, 26.112358250319428), (56.70168891571706, 26.178607816610896), (56.69668757395966, 26.254750807280427), (56.68200390592139, 26.330381126692416), (56.65420632029091, 26.40759281075543), (56.6120058503154, 26.470332840717717), (56.55669146274771, 26.511063818200974), (56.48810674787951, 26.527529612707852), (56.42454787267482, 26.521262583548584), (56.35474014695487, 26.496588394458662), (56.27798934063656, 26.462974250363594), (56.2005028233302, 26.420168776278537), (56.12594603288787, 26.370432816112334), (56.058937938154855, 26.315022602928096), (56.005132073396574, 26.254370703099408), (55.97127062213742, 26.18854666651377), (55.96521155330295, 26.117997384182836), (55.99592880966533, 26.044567153259294), (56.07348554859199, 25.972797449460426)
Associated file(s): api_response_2023-07-23_03-10-04.json

Record time: 2023-07-22T23:17:11Z
Event time: 2023-07-23T13:40:08.400Z
Status: Underway
Travel distance: 150.72246220302375
Waypoints: (57.04565151256955, 25.064177362893812), (56.987213499206675, 25.134189031505265), (56.9058588082073, 25.2042007001167), (56.82695947552612, 25.274212368728133), (56.76388356311777, 25.344224037339565), (56.721339123122554, 25.414235705951), (56.698264950788875, 25.48424737456244), (56.690268126132466, 25.554259043173882), (56.69160834433234, 25.62427071178532), (56.69672903195464, 25.694282379078533), (56.703507414132986, 25.764294047686374), (56.69974604331621, 25.834305716294217), (56.69777678855491, 25.904317384902054), (56.69645767053299, 25.976123402911295), (56.69962166933128, 26.04366784109223), (56.70140059420655, 26.112358250319428), (56.70168891571706, 26.178607816610896), (56.69668757395966, 26.254750807280427), (56.68200390592139, 26.330381126692416), (56.65420632029091, 26.40759281075543), (56.6120058503154, 26.470332840717717), (56.55669146274771, 26.511063818200974), (56.48810674787951, 26.527529612707852), (56.42454787267482, 26.521262583548584), (56.35474014695487, 26.496588394458662), (56.27798934063656, 26.462974250363594), (56.2005028233302, 26.420168776278537), (56.12594603288787, 26.370432816112334), (56.058937938154855, 26.315022602928096), (56.005132073396574, 26.254370703099408), (55.97127062213742, 26.18854666651377), (55.96521155330295, 26.117997384182836), (55.99592880966533, 26.044567153259294), (56.07348554859199, 25.972797449460426)
Associated file(s): api_response_2023-07-23_03-20-05.json, api_response_2023-07-23_03-30-07.json

Record time: 2023-07-22T23:31:41Z
Event time: 2023-07-23T14:18:52.600Z
Status: Underway
Travel distance: 156.23866090712744
Waypoints: (57.11255258742871, 24.99416569428238), (57.06089915781238, 25.064177362893815), (56.98193278995173, 25.134189031505247), (56.89835970219883, 25.20420070011668), (56.82396887507717, 25.274212368728115), (56.76571192351139, 25.34422403733955), (56.725547789158334, 25.41423570595099), (56.702052252839344, 25.484247374562432), (56.69179226707369, 25.55425904317387), (56.69046510580484, 25.624270710470686), (56.69672903195464, 25.694282379078533), (56.703507414132986, 25.764294047686374), (56.69974604331621, 25.834305716294217), (56.69777678855491, 25.904317384902054), (56.69645767053299, 25.976123402911295), (56.69962166933128, 26.04366784109223), (56.70140059420655, 26.112358250319428), (56.70168891571706, 26.178607816610896), (56.69668757395966, 26.254750807280427), (56.68200390592139, 26.330381126692416), (56.65420632029091, 26.40759281075543), (56.6120058503154, 26.470332840717717), (56.55669146274771, 26.511063818200974), (56.48810674787951, 26.527529612707852), (56.42454787267482, 26.521262583548584), (56.35474014695487, 26.496588394458662), (56.27798934063656, 26.462974250363594), (56.2005028233302, 26.420168776278537), (56.12594603288787, 26.370432816112334), (56.058937938154855, 26.315022602928096), (56.005132073396574, 26.254370703099408), (55.97127062213742, 26.18854666651377), (55.96521155330295, 26.117997384182836), (55.99592880966533, 26.044567153259294), (56.07348554859199, 25.972797449460426)
Associated file(s): api_response_2023-07-23_03-40-09.json, api_response_2023-07-23_03-50-11.json

Record time: 2023-07-22T23:53:10Z
Event time: 2023-07-23T14:58:22.166Z
Status: Underway
Travel distance: 157.62634989200865
Waypoints: (57.18329853156252, 24.99416569428238), (57.127045937002634, 25.064177362893815), (57.054119690644825, 25.134189031505247), (56.97458466299686, 25.20420070011668), (56.8968370402687, 25.274212368728115), (56.82734106610436, 25.34422403733955), (56.770486011499294, 25.41423570595099), (56.728563372903125, 25.484247374562432), (56.70186429850783, 25.55425904317387), (56.68889723981308, 25.624270710470686), (56.69046510580484, 25.694282379078533), (56.69852303246445, 25.764294047686374), (56.69924666292219, 25.834305716294217), (56.700891791540954, 25.904317384902054), (56.69892442123398, 25.976123402911295), (56.697827668821475, 26.04366784109223), (56.70140059420655, 26.112358250319428), (56.70168891571706, 26.178607816610896), (56.69668757395966, 26.254750807280427), (56.68200390592139, 26.330381126692416), (56.65420632029091, 26.40759281075543), (56.6120058503154, 26.470332840717717), (56.55669146274771, 26.511063818200974), (56.48810674787951, 26.527529612707852), (56.42454787267482, 26.521262583548584), (56.35474014695487, 26.496588394458662), (56.27798934063656, 26.462974250363594), (56.2005028233302, 26.420168776278537), (56.12594603288787, 26.370432816112334), (56.058937938154855, 26.315022602928096), (56.005132073396574, 26.254370703099408), (55.97127062213742, 26.18854666651377), (55.96521155330295, 26.117997384182836), (55.99592880966533, 26.044567153259294), (56.07348554859199, 25.972797449460426)
Associated file(s): api_response_2023-07-23_04-10-15.json, api_response_2023-07-23_04-00-13.json

Record time: 2023-07-23T00:18:28Z
Event time: 2023-07-23T15:42:53.333Z
Status: Underway
Travel distance: 163.42872570194385
Waypoints: (57.2569038096259, 24.924154025670944), (57.18908418320699, 24.99416569428238), (57.12228216211927, 25.064177362893812), (57.050929183855686, 25.13418903150524), (56.9755199176745, 25.20420070011667), (56.90009369140445, 25.274212368728104), (56.83015122719725, 25.344224037339544), (56.77100668622717, 25.414235705950983), (56.72657502233803, 25.484247374562425), (56.6985946417285, 25.554259041862842), (56.68889723981308, 25.624270710470686), (56.69046510580484, 25.694282379078533), (56.69852303246445, 25.764294047686374), (56.69924666292219, 25.834305716294217), (56.700891791540954, 25.904317384902054), (56.69892442123398, 25.976123402911295), (56.697827668821475, 26.04366784109223), (56.70140059420655, 26.112358250319428), (56.70168891571706, 26.178607816610896), (56.69668757395966, 26.254750807280427), (56.68200390592139, 26.330381126692416), (56.65420632029091, 26.40759281075543), (56.6120058503154, 26.470332840717717), (56.55669146274771, 26.511063818200974), (56.48810674787951, 26.527529612707852), (56.42454787267482, 26.521262583548584), (56.35474014695487, 26.496588394458662), (56.27798934063656, 26.462974250363594), (56.2005028233302, 26.420168776278537), (56.12594603288787, 26.370432816112334), (56.058937938154855, 26.315022602928096), (56.005132073396574, 26.254370703099408), (55.97127062213742, 26.18854666651377), (55.96521155330295, 26.117997384182836), (55.99592880966533, 26.044567153259294), (56.07348554859199, 25.972797449460426)
Associated file(s): api_response_2023-07-23_04-30-19.json, api_response_2023-07-23_04-40-20.json, api_response_2023-07-23_04-20-17.json

Record time: 2023-07-23T00:40:12Z
Event time: 2023-07-23T16:18:11.857Z
Status: Underway
Travel distance: 169.32451403887688
Waypoints: (57.33100243782961, 24.854142357059523), (57.25174605815998, 24.924154025670955), (57.18851696245751, 24.994165694282387), (57.12452466275661, 25.06417736289382), (57.053705927291944, 25.134189031505255), (56.977086841439174, 25.20420070011669), (56.89970455158796, 25.274212368728126), (56.82808869194715, 25.344224037339565), (56.76830249428208, 25.414235705951004), (56.72454357767396, 25.484247373255), (56.6985946417285, 25.554259041862842), (56.68889723981308, 25.624270710470686), (56.69046510580484, 25.694282379078533), (56.69852303246445, 25.764294047686374), (56.69924666292219, 25.834305716294217), (56.700891791540954, 25.904317384902054), (56.69892442123398, 25.976123402911295), (56.697827668821475, 26.04366784109223), (56.70140059420655, 26.112358250319428), (56.70168891571706, 26.178607816610896), (56.69668757395966, 26.254750807280427), (56.68200390592139, 26.330381126692416), (56.65420632029091, 26.40759281075543), (56.6120058503154, 26.470332840717717), (56.55669146274771, 26.511063818200974), (56.48810674787951, 26.527529612707852), (56.42454787267482, 26.521262583548584), (56.35474014695487, 26.496588394458662), (56.27798934063656, 26.462974250363594), (56.2005028233302, 26.420168776278537), (56.12594603288787, 26.370432816112334), (56.058937938154855, 26.315022602928096), (56.005132073396574, 26.254370703099408), (55.97127062213742, 26.18854666651377), (55.96521155330295, 26.117997384182836), (55.99592880966533, 26.044567153259294), (56.07348554859199, 25.972797449460426)
Associated file(s): api_response_2023-07-23_04-50-22.json, api_response_2023-07-23_05-00-24.json

Record time: 2023-07-23T01:03:12Z
Event time: 2023-07-23T16:54:19.428Z
Status: Underway
Travel distance: 170.89686825053997
Waypoints: (57.40330706552332, 24.854142357059523), (57.318668684324024, 24.924154025670955), (57.255400015080895, 24.994165694282387), (57.19450575827735, 25.06417736289382), (57.127406935634674, 25.134189031505255), (57.052800446992585, 25.20420070011669), (56.97395393613697, 25.274212368728126), (56.89643596557493, 25.344224037339565), (56.82628150025705, 25.414235705951004), (56.768592697334476, 25.484247373255), (56.72454357767396, 25.554259041862842), (56.6985946417285, 25.624270710470686), (56.68889723981308, 25.694282379078533), (56.69225910631465, 25.764294047686374), (56.69426228125366, 25.834305716294217), (56.70039241114694, 25.904317384902054), (56.70203942422002, 25.976123402911295), (56.700294419522464, 26.04366784109223), (56.699606593696736, 26.112358250319428), (56.70168891571706, 26.178607816610896), (56.69668757395966, 26.254750807280427), (56.68200390592139, 26.330381126692416), (56.65420632029091, 26.40759281075543), (56.6120058503154, 26.470332840717717), (56.55669146274771, 26.511063818200974), (56.48810674787951, 26.527529612707852), (56.42454787267482, 26.521262583548584), (56.35474014695487, 26.496588394458662), (56.27798934063656, 26.462974250363594), (56.2005028233302, 26.420168776278537), (56.12594603288787, 26.370432816112334), (56.058937938154855, 26.315022602928096), (56.005132073396574, 26.254370703099408), (55.97127062213742, 26.18854666651377), (55.96521155330295, 26.117997384182836), (55.99592880966533, 26.044567153259294), (56.07348554859199, 25.972797449460426)
Associated file(s): api_response_2023-07-23_05-30-30.json, api_response_2023-07-23_05-40-31.json, api_response_2023-07-23_05-10-26.json, api_response_2023-07-23_05-20-28.json

Record time: 2023-07-23T01:35:08Z
Event time: 2023-07-23T17:39:35.166Z
Status: Underway
Travel distance: 176.52159827213822
Waypoints: (57.472741292401174, 24.784130688448077), (57.39091351200074, 24.8541423570595), (57.324598559538856, 24.924154025670934), (57.2617001227539, 24.99416569428237), (57.1957083542074, 25.064177362893805), (57.12440016314142, 25.134189031505244), (57.048659735521575, 25.204200700116683), (56.97141928226531, 25.274212368728122), (56.89672001565568, 25.344224037339558), (56.82889335102503, 25.414235704647155), (56.768592697334476, 25.484247373255), (56.72454357767396, 25.554259041862842), (56.6985946417285, 25.624270710470686), (56.68889723981308, 25.694282379078533), (56.69225910631465, 25.764294047686374), (56.69426228125366, 25.834305716294217), (56.70039241114694, 25.904317384902054), (56.70203942422002, 25.976123402911295), (56.700294419522464, 26.04366784109223), (56.699606593696736, 26.112358250319428), (56.70168891571706, 26.178607816610896), (56.69668757395966, 26.254750807280427), (56.68200390592139, 26.330381126692416), (56.65420632029091, 26.40759281075543), (56.6120058503154, 26.470332840717717), (56.55669146274771, 26.511063818200974), (56.48810674787951, 26.527529612707852), (56.42454787267482, 26.521262583548584), (56.35474014695487, 26.496588394458662), (56.27798934063656, 26.462974250363594), (56.2005028233302, 26.420168776278537), (56.12594603288787, 26.370432816112334), (56.058937938154855, 26.315022602928096), (56.005132073396574, 26.254370703099408), (55.97127062213742, 26.18854666651377), (55.96521155330295, 26.117997384182836), (55.99592880966533, 26.044567153259294), (56.07348554859199, 25.972797449460426)
Associated file(s): api_response_2023-07-23_05-50-33.json, api_response_2023-07-23_06-00-35.json

Record time: 2023-07-23T01:59:13Z
Event time: 2023-07-23T18:14:33.666Z
Status: Underway
Travel distance: 182.05885529157666
Waypoints: (57.53988001408117, 24.714119019836637), (57.46672867251043, 24.784130688448087), (57.396196379812416, 24.854142357059523), (57.327955754878055, 24.92415402567096), (57.26047901919825, 24.99416569428239), (57.192015463318185, 25.064177362893826), (57.12133373339283, 25.13418903150526), (57.048228937843724, 25.204200700116697), (56.97379457411687, 25.274212368728133), (56.90045927262277, 25.344224036039307), (56.82889335102503, 25.414235704647155), (56.768592697334476, 25.484247373255), (56.72454357767396, 25.554259041862842), (56.6985946417285, 25.624270710470686), (56.68889723981308, 25.694282379078533), (56.69225910631465, 25.764294047686374), (56.69426228125366, 25.834305716294217), (56.70039241114694, 25.904317384902054), (56.70203942422002, 25.976123402911295), (56.700294419522464, 26.04366784109223), (56.699606593696736, 26.112358250319428), (56.70168891571706, 26.178607816610896), (56.69668757395966, 26.254750807280427), (56.68200390592139, 26.330381126692416), (56.65420632029091, 26.40759281075543), (56.6120058503154, 26.470332840717717), (56.55669146274771, 26.511063818200974), (56.48810674787951, 26.527529612707852), (56.42454787267482, 26.521262583548584), (56.35474014695487, 26.496588394458662), (56.27798934063656, 26.462974250363594), (56.2005028233302, 26.420168776278537), (56.12594603288787, 26.370432816112334), (56.058937938154855, 26.315022602928096), (56.005132073396574, 26.254370703099408), (55.97127062213742, 26.18854666651377), (55.96521155330295, 26.117997384182836), (55.99592880966533, 26.044567153259294), (56.07348554859199, 25.972797449460426)
Associated file(s): api_response_2023-07-23_06-10-37.json, api_response_2023-07-23_06-20-39.json

Record time: 2023-07-23T02:24:23Z
Event time: 2023-07-23T18:54:32Z
Status: Underway
Travel distance: 187.63120950323975
Waypoints: (57.606582467455304, 24.644107351225205), (57.54254791029397, 24.714119019836648), (57.46884781562607, 24.78413068844808), (57.39526464278285, 24.854142357059516), (57.32515015073836, 24.92415402567095), (57.25797318034621, 24.994165694282387), (57.19141422531307, 25.064177362893826), (57.12300679190885, 25.134189031505265), (57.0513255474137, 25.204200700116704), (56.976721254378546, 25.27421236743147), (56.90045927262277, 25.344224036039307), (56.82889335102503, 25.414235704647155), (56.768592697334476, 25.484247373255), (56.72454357767396, 25.554259041862842), (56.6985946417285, 25.624270710470686), (56.68889723981308, 25.694282379078533), (56.69225910631465, 25.764294047686374), (56.69426228125366, 25.834305716294217), (56.70039241114694, 25.904317384902054), (56.70203942422002, 25.976123402911295), (56.700294419522464, 26.04366784109223), (56.699606593696736, 26.112358250319428), (56.70168891571706, 26.178607816610896), (56.69668757395966, 26.254750807280427), (56.68200390592139, 26.330381126692416), (56.65420632029091, 26.40759281075543), (56.6120058503154, 26.470332840717717), (56.55669146274771, 26.511063818200974), (56.48810674787951, 26.527529612707852), (56.42454787267482, 26.521262583548584), (56.35474014695487, 26.496588394458662), (56.27798934063656, 26.462974250363594), (56.2005028233302, 26.420168776278537), (56.12594603288787, 26.370432816112334), (56.058937938154855, 26.315022602928096), (56.005132073396574, 26.254370703099408), (55.97127062213742, 26.18854666651377), (55.96521155330295, 26.117997384182836), (55.99592880966533, 26.044567153259294), (56.07348554859199, 25.972797449460426)
Associated file(s): api_response_2023-07-23_06-40-43.json, api_response_2023-07-23_06-50-44.json, api_response_2023-07-23_06-30-41.json, api_response_2023-07-23_07-00-46.json

Record time: 2023-07-23T03:02:35Z
Event time: 2023-07-23T19:39:54.571Z
Status: Underway
Travel distance: 190.54103671706264
Waypoints: (57.74601067266888, 24.644107351225205), (57.68246150525593, 24.714119019836648), (57.61036034152379, 24.78413068844808), (57.536712212111304, 24.854142357059516), (57.464856884010516, 24.92415402567095), (57.395593879793985, 24.994165694282387), (57.32816050940535, 25.064177362893826), (57.26106291451322, 25.134189031505265), (57.19276012542828, 25.204200700116704), (57.122201127653035, 25.27421236743147), (57.051703691653046, 25.344224036039307), (56.976721254378546, 25.414235704647155), (56.90045927262277, 25.484247373255), (56.82889335102503, 25.554259041862842), (56.768592697334476, 25.624270710470686), (56.72454357767396, 25.694282379078533), (56.70038864223831, 25.764294047686374), (56.6864304891121, 25.834305716294217), (56.68914410332861, 25.904317384902054), (56.69655566215748, 25.976123402911295), (56.702910042114496, 26.04366784109223), (56.705188347383775, 26.112358250319428), (56.70236166590823, 26.178607816610896), (56.694893573449846, 26.254750807280427), (56.68200390592139, 26.330381126692416), (56.65420632029091, 26.40759281075543), (56.6120058503154, 26.470332840717717), (56.55669146274771, 26.511063818200974), (56.48810674787951, 26.527529612707852), (56.42454787267482, 26.521262583548584), (56.35474014695487, 26.496588394458662), (56.27798934063656, 26.462974250363594), (56.2005028233302, 26.420168776278537), (56.12594603288787, 26.370432816112334), (56.058937938154855, 26.315022602928096), (56.005132073396574, 26.254370703099408), (55.97127062213742, 26.18854666651377), (55.96521155330295, 26.117997384182836), (55.99592880966533, 26.044567153259294), (56.07348554859199, 25.972797449460426)
Associated file(s): api_response_2023-07-23_07-10-48.json, api_response_2023-07-23_07-20-49.json

Record time: 2023-07-23T03:27:50Z
Event time: 2023-07-23T20:17:41.285Z
Status: Underway
Travel distance: 196.31263498920086
Waypoints: (57.818711960864974, 24.574095682613777), (57.74753013673713, 24.644107351225223), (57.678468495030074, 24.71411901983666), (57.60917969092079, 24.784130688448087), (57.53901427292599, 24.854142357059523), (57.46825823268541, 24.924154025670955), (57.39753714050671, 24.994165694282394), (57.32738686667207, 25.064177362893833), (57.25799088850637, 25.13418903150527), (57.189084180272964, 25.204200698823634), (57.122201127653035, 25.27421236743147), (57.051703691653046, 25.344224036039307), (56.976721254378546, 25.414235704647155), (56.90045927262277, 25.484247373255), (56.82889335102503, 25.554259041862842), (56.768592697334476, 25.624270710470686), (56.72454357767396, 25.694282379078533), (56.70038864223831, 25.764294047686374), (56.6864304891121, 25.834305716294217), (56.68914410332861, 25.904317384902054), (56.69655566215748, 25.976123402911295), (56.702910042114496, 26.04366784109223), (56.705188347383775, 26.112358250319428), (56.70236166590823, 26.178607816610896), (56.694893573449846, 26.254750807280427), (56.68200390592139, 26.330381126692416), (56.65420632029091, 26.40759281075543), (56.6120058503154, 26.470332840717717), (56.55669146274771, 26.511063818200974), (56.48810674787951, 26.527529612707852), (56.42454787267482, 26.521262583548584), (56.35474014695487, 26.496588394458662), (56.27798934063656, 26.462974250363594), (56.2005028233302, 26.420168776278537), (56.12594603288787, 26.370432816112334), (56.058937938154855, 26.315022602928096), (56.005132073396574, 26.254370703099408), (55.97127062213742, 26.18854666651377), (55.96521155330295, 26.117997384182836), (55.99592880966533, 26.044567153259294), (56.07348554859199, 25.972797449460426)
Associated file(s): api_response_2023-07-23_07-30-51.json, api_response_2023-07-23_07-50-55.json, api_response_2023-07-23_07-40-53.json

Record time: 2023-07-23T03:49:13Z
Event time: 2023-07-23T20:58:50.857Z
Status: Underway
Travel distance: 202.05831533477323
Waypoints: (57.890194144169094, 24.50408401400233), (57.815107650749646, 24.574095682613777), (57.74717677300034, 24.644107351225212), (57.68004096365883, 24.714119019836644), (57.61108785509951, 24.78413068844808), (57.54006931608301, 24.854142357059516), (57.46796738714821, 24.92415402567095), (57.39611009464657, 24.994165694282394), (57.325537143419076, 25.064177362893833), (57.25661548517795, 25.134189030215786), (57.189084180272964, 25.204200698823634), (57.122201127653035, 25.27421236743147), (57.051703691653046, 25.344224036039307), (56.976721254378546, 25.414235704647155), (56.90045927262277, 25.484247373255), (56.82889335102503, 25.554259041862842), (56.768592697334476, 25.624270710470686), (56.72454357767396, 25.694282379078533), (56.70038864223831, 25.764294047686374), (56.6864304891121, 25.834305716294217), (56.68914410332861, 25.904317384902054), (56.69655566215748, 25.976123402911295), (56.702910042114496, 26.04366784109223), (56.705188347383775, 26.112358250319428), (56.70236166590823, 26.178607816610896), (56.694893573449846, 26.254750807280427), (56.68200390592139, 26.330381126692416), (56.65420632029091, 26.40759281075543), (56.6120058503154, 26.470332840717717), (56.55669146274771, 26.511063818200974), (56.48810674787951, 26.527529612707852), (56.42454787267482, 26.521262583548584), (56.35474014695487, 26.496588394458662), (56.27798934063656, 26.462974250363594), (56.2005028233302, 26.420168776278537), (56.12594603288787, 26.370432816112334), (56.058937938154855, 26.315022602928096), (56.005132073396574, 26.254370703099408), (55.97127062213742, 26.18854666651377), (55.96521155330295, 26.117997384182836), (55.99592880966533, 26.044567153259294), (56.07348554859199, 25.972797449460426)
Associated file(s): api_response_2023-07-23_08-10-58.json, api_response_2023-07-23_08-00-56.json

Record time: 2023-07-23T04:14:32Z
Event time: 2023-07-23T21:41:31.571Z
Status: Underway
Travel distance: 203.47300215982722
Waypoints: (57.95839004472096, 24.50408401400233), (57.888391989111405, 24.574095682613777), (57.81839393350184, 24.644107351225212), (57.74839587789227, 24.714119019836644), (57.678397822282705, 24.78413068844808), (57.608399766673145, 24.854142357059516), (57.53840171106358, 24.92415402567095), (57.46840365545402, 24.994165694282394), (57.39840559984446, 25.064177362893833), (57.32840754129375, 25.134189030215786), (57.25661548517795, 25.204200698823634), (57.189084180272964, 25.27421236743147), (57.122201127653035, 25.344224036039307), (57.051703691653046, 25.414235704647155), (56.976721254378546, 25.484247373255), (56.90045927262277, 25.554259041862842), (56.82889335102503, 25.624270710470686), (56.768592697334476, 25.694282379078533), (56.726337578183774, 25.764294047686374), (56.696127891027515, 25.834305716294217), (56.68757623733684, 25.904317384902054), (56.69029173600768, 25.976123402911295), (56.69792566044595, 26.04366784109223), (56.704688966989764, 26.112358250319428), (56.70547666889428, 26.178607816610896), (56.697360324150836, 26.254750807280427), (56.68020990541157, 26.330381126692416), (56.65420632029091, 26.40759281075543), (56.6120058503154, 26.470332840717717), (56.55669146274771, 26.511063818200974), (56.48810674787951, 26.527529612707852), (56.42454787267482, 26.521262583548584), (56.35474014695487, 26.496588394458662), (56.27798934063656, 26.462974250363594), (56.2005028233302, 26.420168776278537), (56.12594603288787, 26.370432816112334), (56.058937938154855, 26.315022602928096), (56.005132073396574, 26.254370703099408), (55.97127062213742, 26.18854666651377), (55.96521155330295, 26.117997384182836), (55.99592880966533, 26.044567153259294), (56.07348554859199, 25.972797449460426)
Associated file(s): api_response_2023-07-23_08-21-00.json, api_response_2023-07-23_08-31-02.json, api_response_2023-07-23_08-41-03.json

Record time: 2023-07-23T04:40:02Z
Event time: 2023-07-23T22:27:26.857Z
Status: Underway
Travel distance: 209.158747300216
Waypoints: (58.02838810033054, 24.434072345390906), (57.95839004472099, 24.50408401400234), (57.888391989111426, 24.574095682613777), (57.81839393350185, 24.644107351225212), (57.748395877892285, 24.714119019836648), (57.67839782228272, 24.784130688448087), (57.60839976667315, 24.854142357059523), (57.5384017110636, 24.924154025670962), (57.46840365545404, 24.9941656942824), (57.398405596899714, 25.064177361607943), (57.32840754129375, 25.134189030215786), (57.25661548517795, 25.204200698823634), (57.189084180272964, 25.27421236743147), (57.122201127653035, 25.344224036039307), (57.051703691653046, 25.414235704647155), (56.976721254378546, 25.484247373255), (56.90045927262277, 25.554259041862842), (56.82889335102503, 25.624270710470686), (56.768592697334476, 25.694282379078533), (56.726337578183774, 25.764294047686374), (56.696127891027515, 25.834305716294217), (56.68757623733684, 25.904317384902054), (56.69029173600768, 25.976123402911295), (56.69792566044595, 26.04366784109223), (56.704688966989764, 26.112358250319428), (56.70547666889428, 26.178607816610896), (56.697360324150836, 26.254750807280427), (56.68020990541157, 26.330381126692416), (56.65420632029091, 26.40759281075543), (56.6120058503154, 26.470332840717717), (56.55669146274771, 26.511063818200974), (56.48810674787951, 26.527529612707852), (56.42454787267482, 26.521262583548584), (56.35474014695487, 26.496588394458662), (56.27798934063656, 26.462974250363594), (56.2005028233302, 26.420168776278537), (56.12594603288787, 26.370432816112334), (56.058937938154855, 26.315022602928096), (56.005132073396574, 26.254370703099408), (55.97127062213742, 26.18854666651377), (55.96521155330295, 26.117997384182836), (55.99592880966533, 26.044567153259294), (56.07348554859199, 25.972797449460426)
Associated file(s): api_response_2023-07-23_09-01-07.json, api_response_2023-07-23_08-51-05.json

Record time: 2023-07-23T05:06:32Z
Event time: 2023-07-23T23:11:54.714Z
Status: Underway
Travel distance: 210.63066954643628
Waypoints: (58.09838615594015, 24.434072345390906), (58.02838810033058, 24.50408401400234), (57.95839004472101, 24.574095682613777), (57.88839198911143, 24.644107351225212), (57.818393933501866, 24.714119019836648), (57.7483958778923, 24.784130688448087), (57.67839782228274, 24.854142357059523), (57.60839976667318, 24.924154025670962), (57.53840171106363, 24.9941656942824), (57.468403652505685, 25.064177361607943), (57.398405596899714, 25.134189030215786), (57.32840754129375, 25.204200698823634), (57.25661548517795, 25.27421236743147), (57.189084180272964, 25.344224036039307), (57.122201127653035, 25.414235704647155), (57.051703691653046, 25.484247373255), (56.976721254378546, 25.554259041862842), (56.90045927262277, 25.624270710470686), (56.82889335102503, 25.694282379078533), (56.77038669784429, 25.764294047686374), (56.72207682697298, 25.834305716294217), (56.697273639252266, 25.904317384902054), (56.688723870015906, 25.976123402911295), (56.69166173429616, 26.04366784109223), (56.69970458532122, 26.112358250319428), (56.70497728850026, 26.178607816610896), (56.700475327136886, 26.254750807280427), (56.68267665611256, 26.330381126692416), (56.6524123197811, 26.40759281075543), (56.6120058503154, 26.470332840717717), (56.55669146274771, 26.511063818200974), (56.48810674787951, 26.527529612707852), (56.42454787267482, 26.521262583548584), (56.35474014695487, 26.496588394458662), (56.27798934063656, 26.462974250363594), (56.2005028233302, 26.420168776278537), (56.12594603288787, 26.370432816112334), (56.058937938154855, 26.315022602928096), (56.005132073396574, 26.254370703099408), (55.97127062213742, 26.18854666651377), (55.96521155330295, 26.117997384182836), (55.99592880966533, 26.044567153259294), (56.07348554859199, 25.972797449460426)
Associated file(s): api_response_2023-07-23_09-31-12.json, api_response_2023-07-23_09-21-10.json, api_response_2023-07-23_09-11-08.json

Record time: 2023-07-23T05:33:49Z
Event time: 2023-07-24T00:00:31.428Z
Status: Underway
Travel distance: 216.31695464362852
Waypoints: (58.16838421154968, 24.364060676779452), (58.09838615594011, 24.4340723453909), (58.02838810033054, 24.504084014002334), (57.958390044720964, 24.574095682613766), (57.8883919891114, 24.6441073512252), (57.81839393350183, 24.714119019836634), (57.74839587789227, 24.784130688448077), (57.67839782228271, 24.854142357059516), (57.60839976667315, 24.92415402567096), (57.53840170811167, 24.994165693000095), (57.468403652505685, 25.064177361607943), (57.398405596899714, 25.134189030215786), (57.32840754129375, 25.204200698823634), (57.25661548517795, 25.27421236743147), (57.189084180272964, 25.344224036039307), (57.122201127653035, 25.414235704647155), (57.051703691653046, 25.484247373255), (56.976721254378546, 25.554259041862842), (56.90045927262277, 25.624270710470686), (56.82889335102503, 25.694282379078533), (56.77038669784429, 25.764294047686374), (56.72207682697298, 25.834305716294217), (56.697273639252266, 25.904317384902054), (56.688723870015906, 25.976123402911295), (56.69166173429616, 26.04366784109223), (56.69970458532122, 26.112358250319428), (56.70497728850026, 26.178607816610896), (56.700475327136886, 26.254750807280427), (56.68267665611256, 26.330381126692416), (56.6524123197811, 26.40759281075543), (56.6120058503154, 26.470332840717717), (56.55669146274771, 26.511063818200974), (56.48810674787951, 26.527529612707852), (56.42454787267482, 26.521262583548584), (56.35474014695487, 26.496588394458662), (56.27798934063656, 26.462974250363594), (56.2005028233302, 26.420168776278537), (56.12594603288787, 26.370432816112334), (56.058937938154855, 26.315022602928096), (56.005132073396574, 26.254370703099408), (55.97127062213742, 26.18854666651377), (55.96521155330295, 26.117997384182836), (55.99592880966533, 26.044567153259294), (56.07348554859199, 25.972797449460426)
Associated file(s): api_response_2023-07-23_10-01-17.json, api_response_2023-07-23_09-41-14.json, api_response_2023-07-23_09-51-16.json

Record time: 2023-07-23T06:03:33Z
Event time: 2023-07-24T00:52:35.857Z
Status: Underway
Travel distance: 222.00539956803456
Waypoints: (58.23838226715925, 24.294049008168038), (58.168384211549714, 24.364060676779474), (58.09838615594015, 24.434072345390906), (58.028388100330574, 24.50408401400234), (57.958390044721, 24.574095682613773), (57.88839198911143, 24.644107351225212), (57.81839393350187, 24.71411901983665), (57.748395877892314, 24.78413068844809), (57.67839782228276, 24.85414235705953), (57.60839976371764, 24.92415402439226), (57.53840170811167, 24.994165693000095), (57.468403652505685, 25.064177361607943), (57.398405596899714, 25.134189030215786), (57.32840754129375, 25.204200698823634), (57.25661548517795, 25.27421236743147), (57.189084180272964, 25.344224036039307), (57.122201127653035, 25.414235704647155), (57.051703691653046, 25.484247373255), (56.976721254378546, 25.554259041862842), (56.90045927262277, 25.624270710470686), (56.82889335102503, 25.694282379078533), (56.77038669784429, 25.764294047686374), (56.72207682697298, 25.834305716294217), (56.697273639252266, 25.904317384902054), (56.688723870015906, 25.976123402911295), (56.69166173429616, 26.04366784109223), (56.69970458532122, 26.112358250319428), (56.70497728850026, 26.178607816610896), (56.700475327136886, 26.254750807280427), (56.68267665611256, 26.330381126692416), (56.6524123197811, 26.40759281075543), (56.6120058503154, 26.470332840717717), (56.55669146274771, 26.511063818200974), (56.48810674787951, 26.527529612707852), (56.42454787267482, 26.521262583548584), (56.35474014695487, 26.496588394458662), (56.27798934063656, 26.462974250363594), (56.2005028233302, 26.420168776278537), (56.12594603288787, 26.370432816112334), (56.058937938154855, 26.315022602928096), (56.005132073396574, 26.254370703099408), (55.97127062213742, 26.18854666651377), (55.96521155330295, 26.117997384182836), (55.99592880966533, 26.044567153259294), (56.07348554859199, 25.972797449460426)
Associated file(s): api_response_2023-07-23_10-11-19.json, api_response_2023-07-23_10-21-21.json

Record time: 2023-07-23T06:27:13Z
Event time: 2023-07-24T01:38:40.428Z
Status: Underway
Travel distance: 227.6949244060475
Waypoints: (58.30838032276879, 24.22403733955657), (58.23838226715925, 24.294049008168024), (58.16838421154969, 24.364060676779463), (58.098386155940126, 24.434072345390895), (58.02838810033056, 24.504084014002327), (57.95839004472099, 24.574095682613763), (57.888391989111426, 24.644107351225202), (57.818393933501866, 24.71411901983664), (57.7483958778923, 24.784130688448077), (57.678397819323614, 24.854142355784415), (57.60839976371764, 24.92415402439226), (57.53840170811167, 24.994165693000095), (57.468403652505685, 25.064177361607943), (57.398405596899714, 25.134189030215786), (57.32840754129375, 25.204200698823634), (57.25661548517795, 25.27421236743147), (57.189084180272964, 25.344224036039307), (57.122201127653035, 25.414235704647155), (57.051703691653046, 25.484247373255), (56.976721254378546, 25.554259041862842), (56.90045927262277, 25.624270710470686), (56.82889335102503, 25.694282379078533), (56.77038669784429, 25.764294047686374), (56.72207682697298, 25.834305716294217), (56.697273639252266, 25.904317384902054), (56.688723870015906, 25.976123402911295), (56.69166173429616, 26.04366784109223), (56.69970458532122, 26.112358250319428), (56.70497728850026, 26.178607816610896), (56.700475327136886, 26.254750807280427), (56.68267665611256, 26.330381126692416), (56.6524123197811, 26.40759281075543), (56.6120058503154, 26.470332840717717), (56.55669146274771, 26.511063818200974), (56.48810674787951, 26.527529612707852), (56.42454787267482, 26.521262583548584), (56.35474014695487, 26.496588394458662), (56.27798934063656, 26.462974250363594), (56.2005028233302, 26.420168776278537), (56.12594603288787, 26.370432816112334), (56.058937938154855, 26.315022602928096), (56.005132073396574, 26.254370703099408), (55.97127062213742, 26.18854666651377), (55.96521155330295, 26.117997384182836), (55.99592880966533, 26.044567153259294), (56.07348554859199, 25.972797449460426)
Associated file(s): api_response_2023-07-23_10-41-24.json, api_response_2023-07-23_10-31-23.json, api_response_2023-07-23_10-51-26.json

Record time: 2023-07-23T06:52:53Z
Event time: 2023-07-24T02:15:57.714Z
Status: Underway
Travel distance: 233.38606911447084
Waypoints: (58.378378378378386, 24.15402567094516), (58.30838032276882, 24.224037339556602), (58.23838226715926, 24.294049008168034), (58.1683842115497, 24.364060676779467), (58.09838615594013, 24.4340723453909), (58.028388100330574, 24.504084014002334), (57.95839004472101, 24.57409568261377), (57.88839198911144, 24.64410735122521), (57.818393933501866, 24.71411901983665), (57.74839587492958, 24.78413068717657), (57.678397819323614, 24.854142355784415), (57.60839976371764, 24.92415402439226), (57.53840170811167, 24.994165693000095), (57.468403652505685, 25.064177361607943), (57.398405596899714, 25.134189030215786), (57.32840754129375, 25.204200698823634), (57.25661548517795, 25.27421236743147), (57.189084180272964, 25.344224036039307), (57.122201127653035, 25.414235704647155), (57.051703691653046, 25.484247373255), (56.976721254378546, 25.554259041862842), (56.90045927262277, 25.624270710470686), (56.82889335102503, 25.694282379078533), (56.77038669784429, 25.764294047686374), (56.72207682697298, 25.834305716294217), (56.697273639252266, 25.904317384902054), (56.688723870015906, 25.976123402911295), (56.69166173429616, 26.04366784109223), (56.69970458532122, 26.112358250319428), (56.70497728850026, 26.178607816610896), (56.700475327136886, 26.254750807280427), (56.68267665611256, 26.330381126692416), (56.6524123197811, 26.40759281075543), (56.6120058503154, 26.470332840717717), (56.55669146274771, 26.511063818200974), (56.48810674787951, 26.527529612707852), (56.42454787267482, 26.521262583548584), (56.35474014695487, 26.496588394458662), (56.27798934063656, 26.462974250363594), (56.2005028233302, 26.420168776278537), (56.12594603288787, 26.370432816112334), (56.058937938154855, 26.315022602928096), (56.005132073396574, 26.254370703099408), (55.97127062213742, 26.18854666651377), (55.96521155330295, 26.117997384182836), (55.99592880966533, 26.044567153259294), (56.07348554859199, 25.972797449460426)
Associated file(s): api_response_2023-07-23_11-21-31.json, api_response_2023-07-23_11-11-29.json, api_response_2023-07-23_11-01-28.json

Record time: 2023-07-23T07:21:49Z
Event time: 2023-07-24T02:46:15Z
Status: Underway
Travel distance: 233.38606911447084
Waypoints: (58.378378378378386, 24.15402567094516), (58.30838032276882, 24.224037339556602), (58.23838226715926, 24.294049008168034), (58.1683842115497, 24.364060676779467), (58.09838615594013, 24.4340723453909), (58.028388100330574, 24.504084014002334), (57.95839004472101, 24.57409568261377), (57.88839198911144, 24.64410735122521), (57.818393933501866, 24.71411901983665), (57.74839587492958, 24.78413068717657), (57.678397819323614, 24.854142355784415), (57.60839976371764, 24.92415402439226), (57.53840170811167, 24.994165693000095), (57.468403652505685, 25.064177361607943), (57.398405596899714, 25.134189030215786), (57.32840754129375, 25.204200698823634), (57.25661548517795, 25.27421236743147), (57.189084180272964, 25.344224036039307), (57.122201127653035, 25.414235704647155), (57.051703691653046, 25.484247373255), (56.976721254378546, 25.554259041862842), (56.90045927262277, 25.624270710470686), (56.82889335102503, 25.694282379078533), (56.77038669784429, 25.764294047686374), (56.72207682697298, 25.834305716294217), (56.697273639252266, 25.904317384902054), (56.688723870015906, 25.976123402911295), (56.69166173429616, 26.04366784109223), (56.69970458532122, 26.112358250319428), (56.70497728850026, 26.178607816610896), (56.700475327136886, 26.254750807280427), (56.68267665611256, 26.330381126692416), (56.6524123197811, 26.40759281075543), (56.6120058503154, 26.470332840717717), (56.55669146274771, 26.511063818200974), (56.48810674787951, 26.527529612707852), (56.42454787267482, 26.521262583548584), (56.35474014695487, 26.496588394458662), (56.27798934063656, 26.462974250363594), (56.2005028233302, 26.420168776278537), (56.12594603288787, 26.370432816112334), (56.058937938154855, 26.315022602928096), (56.005132073396574, 26.254370703099408), (55.97127062213742, 26.18854666651377), (55.96521155330295, 26.117997384182836), (55.99592880966533, 26.044567153259294), (56.07348554859199, 25.972797449460426)
Associated file(s): api_response_2023-07-23_12-31-44.json, api_response_2023-07-23_14-01-59.json, api_response_2023-07-23_12-11-40.json, api_response_2023-07-23_13-01-49.json, api_response_2023-07-23_11-51-36.json, api_response_2023-07-23_12-41-45.json, api_response_2023-07-23_13-41-56.json, api_response_2023-07-23_12-21-42.json, api_response_2023-07-23_13-51-57.json, api_response_2023-07-23_12-51-47.json, api_response_2023-07-23_13-21-52.json, api_response_2023-07-23_14-12-01.json, api_response_2023-07-23_11-41-35.json, api_response_2023-07-23_14-22-03.json, api_response_2023-07-23_13-11-50.json, api_response_2023-07-23_12-01-38.json, api_response_2023-07-23_13-31-54.json, api_response_2023-07-23_11-31-33.json

Record time: 2023-07-23T10:27:13Z
Event time: 2023-07-24T03:01:30.714Z
Status: Underway
Travel distance: 209.18088552915768
Waypoints: (58.23838226715925, 24.50408401400233), (58.168384211549714, 24.574095682613777), (58.09838615594015, 24.644107351225212), (58.028388100330574, 24.714119019836644), (57.958390044721, 24.78413068844808), (57.88839198911143, 24.854142357059516), (57.81839393350187, 24.92415402567095), (57.748395877892314, 24.994165694282394), (57.67839782228276, 25.064177362893833), (57.60839976371764, 25.134189030215786), (57.53840170811167, 25.204200698823634), (57.468403652505685, 25.27421236743147), (57.398405596899714, 25.344224036039307), (57.32840754129375, 25.414235704647155), (57.25661548517795, 25.484247373255), (57.189084180272964, 25.554259041862842), (57.122201127653035, 25.624270710470686), (57.051703691653046, 25.694282379078533), (56.97851525488835, 25.764294047686374), (56.89799252192179, 25.834305716294217), (56.8275723485488, 25.904317384902054), (56.7684193275373, 25.976123402911295), (56.72574020616527, 26.04366784109223), (56.70157019509508, 26.112358250319428), (56.692161114690165, 26.178607816610896), (56.68872763892453, 26.254750807280427), (56.68030789703606, 26.330381126692416), (56.65749469307412, 26.40759281075543), (56.61579360349262, 26.470332840717717), (56.55736421293889, 26.511063818200974), (56.486312747369695, 26.527529612707852), (56.42454787267482, 26.521262583548584), (56.35474014695487, 26.496588394458662), (56.27798934063656, 26.462974250363594), (56.2005028233302, 26.420168776278537), (56.12594603288787, 26.370432816112334), (56.058937938154855, 26.315022602928096), (56.005132073396574, 26.254370703099408), (55.97127062213742, 26.18854666651377), (55.96521155330295, 26.117997384182836), (55.99592880966533, 26.044567153259294), (56.07348554859199, 25.972797449460426)
Associated file(s): api_response_2023-07-23_16-12-22.json, api_response_2023-07-23_14-42-06.json, api_response_2023-07-23_15-22-13.json, api_response_2023-07-23_15-52-18.json, api_response_2023-07-23_15-12-11.json, api_response_2023-07-23_15-02-10.json, api_response_2023-07-23_15-32-15.json, api_response_2023-07-23_16-42-27.json, api_response_2023-07-23_16-22-23.json, api_response_2023-07-23_14-32-04.json, api_response_2023-07-23_16-02-20.json, api_response_2023-07-23_14-52-08.json, api_response_2023-07-23_16-32-25.json, api_response_2023-07-23_15-42-16.json

Record time: 2023-07-23T12:42:01Z
Event time: 2023-07-24T03:33:14.500Z
Status: Underway
Travel distance: 186.3477321814255
Waypoints: (57.74601067266888, 24.714119019836637), (57.68246150525593, 24.784130688448087), (57.61036034152379, 24.854142357059523), (57.536712212111304, 24.92415402567096), (57.464856884010516, 24.99416569428239), (57.395593879793985, 25.064177362893826), (57.32816050940535, 25.13418903150526), (57.26106291451322, 25.204200700116697), (57.19276012542828, 25.274212368728133), (57.122201127653035, 25.344224036039307), (57.051703691653046, 25.414235704647155), (56.976721254378546, 25.484247373255), (56.90045927262277, 25.554259041862842), (56.82889335102503, 25.624270710470686), (56.768592697334476, 25.694282379078533), (56.726337578183774, 25.764294047686374), (56.696127891027515, 25.834305716294217), (56.68757623733684, 25.904317384902054), (56.69029173600768, 25.976123402911295), (56.69792566044595, 26.04366784109223), (56.704688966989764, 26.112358250319428), (56.70547666889428, 26.178607816610896), (56.697360324150836, 26.254750807280427), (56.68020990541157, 26.330381126692416), (56.65420632029091, 26.40759281075543), (56.6120058503154, 26.470332840717717), (56.55669146274771, 26.511063818200974), (56.48810674787951, 26.527529612707852), (56.42454787267482, 26.521262583548584), (56.35474014695487, 26.496588394458662), (56.27798934063656, 26.462974250363594), (56.2005028233302, 26.420168776278537), (56.12594603288787, 26.370432816112334), (56.058937938154855, 26.315022602928096), (56.005132073396574, 26.254370703099408), (55.97127062213742, 26.18854666651377), (55.96521155330295, 26.117997384182836), (55.99592880966533, 26.044567153259294), (56.07348554859199, 25.972797449460426)
Associated file(s): api_response_2023-07-23_17-02-31.json, api_response_2023-07-23_19-02-53.json, api_response_2023-07-23_17-22-34.json, api_response_2023-07-23_18-32-48.json, api_response_2023-07-23_19-22-57.json, api_response_2023-07-23_19-12-55.json, api_response_2023-07-23_19-43-00.json, api_response_2023-07-23_17-42-38.json, api_response_2023-07-23_18-42-49.json, api_response_2023-07-23_17-52-40.json, api_response_2023-07-23_18-52-51.json, api_response_2023-07-23_16-52-29.json, api_response_2023-07-23_19-53-02.json, api_response_2023-07-23_18-02-42.json, api_response_2023-07-23_17-32-36.json, api_response_2023-07-23_19-32-58.json, api_response_2023-07-23_18-12-43.json, api_response_2023-07-23_17-12-32.json, api_response_2023-07-23_18-22-46.json

Record time: 2023-07-23T15:50:51Z
Event time: 2023-07-24T03:50:13.400Z
Status: Underway
Travel distance: 147.76133909287256
Waypoints: (57.110750432371056, 25.134189031505244), (57.064185440564664, 25.20420070011668), (56.98315189484373, 25.27421236872811), (56.89671656082275, 25.34422403733955), (56.821280786650824, 25.414235705950986), (56.76404431849196, 25.484247374562425), (56.72598405746416, 25.554259043173865), (56.70434775803726, 25.624270711785304), (56.69466266788955, 25.694282380396743), (56.69225910631465, 25.764294047686374), (56.69426228125366, 25.834305716294217), (56.70039241114694, 25.904317384902054), (56.70203942422002, 25.976123402911295), (56.700294419522464, 26.04366784109223), (56.699606593696736, 26.112358250319428), (56.70168891571706, 26.178607816610896), (56.69668757395966, 26.254750807280427), (56.68200390592139, 26.330381126692416), (56.65420632029091, 26.40759281075543), (56.6120058503154, 26.470332840717717), (56.55669146274771, 26.511063818200974), (56.48810674787951, 26.527529612707852), (56.42454787267482, 26.521262583548584), (56.35474014695487, 26.496588394458662), (56.27798934063656, 26.462974250363594), (56.2005028233302, 26.420168776278537), (56.12594603288787, 26.370432816112334), (56.058937938154855, 26.315022602928096), (56.005132073396574, 26.254370703099408), (55.97127062213742, 26.18854666651377), (55.96521155330295, 26.117997384182836), (55.99592880966533, 26.044567153259294), (56.07348554859199, 25.972797449460426)
Associated file(s): api_response_2023-07-23_20-43-12.json, api_response_2023-07-23_20-13-06.json, api_response_2023-07-23_21-03-15.json, api_response_2023-07-23_20-53-14.json, api_response_2023-07-23_20-23-08.json, api_response_2023-07-23_21-33-21.json, api_response_2023-07-23_20-33-10.json, api_response_2023-07-23_21-23-19.json, api_response_2023-07-23_21-13-17.json, api_response_2023-07-23_20-03-04.json, api_response_2023-07-23_21-43-23.json

Record time: 2023-07-23T17:45:40Z
Event time: 2023-07-24T03:33:03Z
Status: Underway
Travel distance: 128.21328293736502
Waypoints: (56.764531050200205, 25.342421531804433), (56.70948280468394, 25.417522627809177), (56.69287622803877, 25.485466716542085), (56.693166268400034, 25.55261558224479), (56.697910730481915, 25.621582100587958), (56.70120402568839, 25.69261445106673), (56.701463692072366, 25.76473040215809), (56.69956968414291, 25.836601669240157), (56.69735643252073, 25.907188345273433), (56.69645767053299, 25.976123402911295), (56.69962166933128, 26.04366784109223), (56.70140059420655, 26.112358250319428), (56.70168891571706, 26.178607816610896), (56.69668757395966, 26.254750807280427), (56.68200390592139, 26.330381126692416), (56.65420632029091, 26.40759281075543), (56.6120058503154, 26.470332840717717), (56.55669146274771, 26.511063818200974), (56.48810674787951, 26.527529612707852), (56.42454787267482, 26.521262583548584), (56.35474014695487, 26.496588394458662), (56.27798934063656, 26.462974250363594), (56.2005028233302, 26.420168776278537), (56.12594603288787, 26.370432816112334), (56.058937938154855, 26.315022602928096), (56.005132073396574, 26.254370703099408), (55.97127062213742, 26.18854666651377), (55.96521155330295, 26.117997384182836), (55.99592880966533, 26.044567153259294), (56.07348554859199, 25.972797449460426)
Associated file(s): api_response_2023-07-23_22-43-34.json, api_response_2023-07-23_22-33-32.json, api_response_2023-07-23_22-03-26.json, api_response_2023-07-23_22-13-28.json, api_response_2023-07-23_21-53-24.json, api_response_2023-07-23_22-23-30.json

Record time: 2023-07-23T18:46:52Z
Event time: 2023-07-24T03:15:35Z
Status: Underway
Travel distance: 111.06425485961122
Waypoints: (56.761746854603665, 25.626989617193313), (56.71496188416331, 25.688491913897444), (56.69464030569829, 25.763178874791393), (56.68976559927074, 25.838273728041166), (56.69280371652081, 25.909046944217845), (56.698701870087966, 25.97576433445841), (56.70405730081181, 26.041152154972014), (56.70645602271209, 26.108379217891606), (56.70398154574828, 26.179556008471014), (56.694893573449846, 26.254750807280427), (56.68200390592139, 26.330381126692416), (56.65420632029091, 26.40759281075543), (56.6120058503154, 26.470332840717717), (56.55669146274771, 26.511063818200974), (56.48810674787951, 26.527529612707852), (56.42454787267482, 26.521262583548584), (56.35474014695487, 26.496588394458662), (56.27798934063656, 26.462974250363594), (56.2005028233302, 26.420168776278537), (56.12594603288787, 26.370432816112334), (56.058937938154855, 26.315022602928096), (56.005132073396574, 26.254370703099408), (55.97127062213742, 26.18854666651377), (55.96521155330295, 26.117997384182836), (55.99592880966533, 26.044567153259294), (56.07348554859199, 25.972797449460426)
Associated file(s): api_response_2023-07-24_01-54-10.json, api_response_2023-07-23_23-23-41.json, api_response_2023-07-23_23-53-47.json, api_response_2023-07-24_00-03-49.json, api_response_2023-07-24_01-14-02.json, api_response_2023-07-23_23-13-39.json, api_response_2023-07-24_00-43-57.json, api_response_2023-07-23_23-03-38.json, api_response_2023-07-24_01-34-06.json, api_response_2023-07-24_00-53-58.json, api_response_2023-07-24_01-04-00.json, api_response_2023-07-24_00-23-53.json, api_response_2023-07-24_01-24-04.json, api_response_2023-07-23_22-53-36.json, api_response_2023-07-24_00-33-55.json, api_response_2023-07-24_01-44-08.json, api_response_2023-07-23_23-33-43.json, api_response_2023-07-24_00-13-51.json, api_response_2023-07-23_23-43-45.json

Record time: 2023-07-23T21:54:01Z
Event time: 2023-07-24T03:26:38.750Z
Status: Underway
Travel distance: 74.94168466522679
Waypoints: (56.77144262332584, 26.25849406273593), (56.685234491680404, 26.310948625596538), (56.64963700467191, 26.401576971568783), (56.61379780015773, 26.479125023655413), (56.560696631703635, 26.5233595930353), (56.49214554709357, 26.533288611529727), (56.417285357749115, 26.517657285184598), (56.34457839849548, 26.48772016870364), (56.28060383199353, 26.449593626934195), (56.21253951643006, 26.4136123978649), (56.135173245002385, 26.369627929970534), (56.05823206241939, 26.320063425669762), (55.9947687145495, 26.261796510421004), (55.960384816121234, 26.192710216329196), (55.96659278847394, 26.114470217529686), (56.01131719509334, 26.035988454216046), (56.06653547549366, 25.977573145575878)
Associated file(s): api_response_2023-07-24_03-24-27.json, api_response_2023-07-24_02-24-15.json, api_response_2023-07-24_03-04-23.json, api_response_2023-07-24_02-44-19.json, api_response_2023-07-24_03-14-25.json, api_response_2023-07-24_02-54-21.json, api_response_2023-07-24_02-14-14.json, api_response_2023-07-24_02-34-17.json, api_response_2023-07-24_02-04-12.json

Record time: 2023-07-23T23:30:41Z
Event time: 2023-07-24T03:44:50Z
Status: Underway
Travel distance: 59.75053995680346
Waypoints: (56.62603481834167, 26.601424520979734), (56.566072206760936, 26.54471823735328), (56.4846384126069, 26.529670480525013), (56.41148969433711, 26.515227513923346), (56.34841809552815, 26.48916393511078), (56.2859382878538, 26.453351713836284), (56.215206744931706, 26.41314756367207), (56.13708273781427, 26.377082967528384), (56.05990286837563, 26.324484406858293), (55.994434553358346, 26.25889422469038), (55.95844668121216, 26.1855637886576), (55.965723969376796, 26.112395539477564), (56.013522658955516, 26.044290703209604), (56.06580032087287, 25.974570819356572)
Associated file(s): api_response_2023-07-24_04-04-35.json, api_response_2023-07-24_03-44-31.json, api_response_2023-07-24_03-54-33.json, api_response_2023-07-24_03-34-29.json

Record time: 2023-07-24T00:05:49Z
Event time: 2023-07-24T04:00:29.750Z
Status: Underway
Travel distance: 53.225161987041034
Waypoints: (56.486717637796744, 26.604894864898963), (56.42562842562838, 26.530891580792037), (56.340309117287475, 26.476039987193786), (56.27481443308777, 26.443191238029577), (56.21666220227368, 26.417139179030855), (56.145293555407385, 26.381093681545785), (56.06058179909167, 26.324790591403683), (55.99437302526587, 26.257238403027387), (55.95779321043807, 26.184588697046628), (55.965412085598224, 26.113105372217156), (56.01422068455495, 26.044775596426334), (56.065577546745445, 25.974300255307842)
Associated file(s): api_response_2023-07-24_04-34-41.json, api_response_2023-07-24_04-14-37.json, api_response_2023-07-24_04-44-43.json, api_response_2023-07-24_04-54-44.json, api_response_2023-07-24_04-24-39.json

Record time: 2023-07-24T01:04:09Z
Event time: 2023-07-24T04:18:44.750Z
Status: Underway
Travel distance: 43.734341252699785
Waypoints: (56.2784367100914, 26.534422403733956), (56.208438654481824, 26.46441073512252), (56.13844059887225, 26.394399066511085), (56.06844254326268, 26.32438739789965), (55.99844448765313, 26.254375729288213), (55.92844643204356, 26.184364060676778), (55.99844448765313, 26.114352392065342), (55.99844448765313, 26.044340723453907), (56.06844254326268, 25.97432905484247)
Associated file(s): api_response_2023-07-24_05-34-52.json, api_response_2023-07-24_06-14-59.json, api_response_2023-07-24_07-15-10.json, api_response_2023-07-24_05-44-54.json, api_response_2023-07-24_07-45-15.json, api_response_2023-07-24_06-55-06.json, api_response_2023-07-24_07-25-12.json, api_response_2023-07-24_06-25-01.json, api_response_2023-07-24_05-04-46.json, api_response_2023-07-24_07-35-13.json, api_response_2023-07-24_06-35-03.json, api_response_2023-07-24_07-55-17.json, api_response_2023-07-24_05-14-48.json, api_response_2023-07-24_06-45-05.json, api_response_2023-07-24_05-24-50.json, api_response_2023-07-24_08-05-18.json, api_response_2023-07-24_07-05-08.json, api_response_2023-07-24_05-54-56.json, api_response_2023-07-24_06-04-57.json

Record time: 2023-07-24T04:08:47Z
Event time: 2023-07-24T04:16:37Z
Status: Underway
Travel distance: 5.65280777537797
Waypoints: (55.99844448765313, 26.044340723453907), (56.06844254326268, 25.97432905484247)
Associated file(s): api_response_2023-07-24_08-15-20.json, api_response_2023-07-24_08-25-22.json, api_response_2023-07-24_08-35-23.json

Record time: 2023-07-24T04:36:09Z
Event time: 2023-07-24T04:36:59.250Z
Status: Underway
Travel distance: 5.65280777537797
Waypoints: (55.99844448765313, 26.044340723453907), (56.06844254326268, 25.97432905484247)
Associated file(s): api_response_2023-07-24_08-45-25.json, api_response_2023-07-24_08-55-27.json

Record time: 2023-07-24T05:37:13Z
Event time: 2023-07-24T05:37:13Z
Status: Arrived
Travel distance: N/A
Waypoints: 
Associated file(s): api_response_2023-07-24_17-36-56.json, api_response_2023-07-24_21-17-36.json, api_response_2023-07-24_16-36-45.json, api_response_2023-07-24_20-17-25.json, api_response_2023-07-24_12-56-07.json, api_response_2023-07-24_13-26-13.json, api_response_2023-07-24_12-05-58.json, api_response_2023-07-24_18-17-03.json, api_response_2023-07-24_11-25-52.json, api_response_2023-07-24_16-06-40.json, api_response_2023-07-24_13-56-18.json, api_response_2023-07-24_20-47-31.json, api_response_2023-07-24_11-45-55.json, api_response_2023-07-24_14-56-28.json, api_response_2023-07-24_10-55-47.json, api_response_2023-07-24_19-37-18.json, api_response_2023-07-24_17-16-52.json, api_response_2023-07-24_11-35-53.json, api_response_2023-07-24_15-46-37.json, api_response_2023-07-24_12-46-06.json, api_response_2023-07-24_14-26-23.json, api_response_2023-07-24_20-07-24.json, api_response_2023-07-24_18-37-07.json, api_response_2023-07-24_14-16-21.json, api_response_2023-07-24_19-57-22.json, api_response_2023-07-24_16-56-48.json, api_response_2023-07-24_16-26-43.json, api_response_2023-07-24_13-36-15.json, api_response_2023-07-24_18-57-11.json, api_response_2023-07-24_10-05-38.json, api_response_2023-07-24_14-36-25.json, api_response_2023-07-24_09-55-37.json, api_response_2023-07-24_21-27-38.json, api_response_2023-07-24_11-15-50.json, api_response_2023-07-24_13-16-11.json, api_response_2023-07-24_20-27-27.json, api_response_2023-07-24_14-06-20.json, api_response_2023-07-24_18-47-09.json, api_response_2023-07-24_17-56-59.json, api_response_2023-07-24_19-47-20.json, api_response_2023-07-24_15-06-30.json, api_response_2023-07-24_12-36-04.json, api_response_2023-07-24_10-15-40.json, api_response_2023-07-24_15-36-35.json, api_response_2023-07-24_09-45-35.json, api_response_2023-07-24_20-37-29.json, api_response_2023-07-24_13-06-09.json, api_response_2023-07-24_16-46-47.json, api_response_2023-07-24_15-16-31.json, api_response_2023-07-24_19-17-15.json, api_response_2023-07-24_11-05-48.json, api_response_2023-07-24_12-16-00.json, api_response_2023-07-24_17-46-58.json, api_response_2023-07-24_12-26-02.json, api_response_2023-07-24_13-46-16.json, api_response_2023-07-24_15-26-33.json, api_response_2023-07-24_21-07-34.json, api_response_2023-07-24_17-26-54.json, api_response_2023-07-24_15-56-38.json, api_response_2023-07-24_11-55-57.json, api_response_2023-07-24_20-57-33.json, api_response_2023-07-24_10-35-43.json, api_response_2023-07-24_16-16-42.json, api_response_2023-07-24_18-07-01.json, api_response_2023-07-24_17-06-50.json, api_response_2023-07-24_19-07-13.json, api_response_2023-07-24_10-25-42.json, api_response_2023-07-24_10-45-45.json, api_response_2023-07-24_18-27-05.json, api_response_2023-07-24_19-27-16.json, api_response_2023-07-24_14-46-26.json
