Record time: 2023-08-17T06:59:03Z
Event time: 2023-08-18T09:33:39.333Z
Status: Underway
Travel distance: 371.25107991360693
Waypoints: (61.248298658370615, 24.295692469097123), (61.178300602761034, 24.360859588518217), (61.10830254715146, 24.433046980029467), (61.038304491541886, 24.50595942783296), (60.96830643593232, 24.576908320731345), (60.89830838032275, 24.645606120744237), (60.82831032471319, 24.713127449883316), (60.75831226910363, 24.781036795086152), (60.68831421349407, 24.850682831308724), (60.618316154774575, 24.92265936149803), (60.548318099168604, 24.993394801292993), (60.47832004356263, 25.06902323588418), (60.408321987956654, 25.144218161691416), (60.338323932350676, 25.209016415967064), (60.268325876744704, 25.25435389548498), (60.198327821138726, 25.275610904464898), (60.12832976553274, 25.274042733559483), (60.05833170992677, 25.25621986807676), (59.9883336543208, 25.2318510199564), (59.918335598714826, 25.208816624962285), (59.848337543108855, 25.201311268537562), (59.778339487502876, 25.20037828224167), (59.7083414318969, 25.200510219697655), (59.638343376290926, 25.198715870296265), (59.56834532068494, 25.201051163267195), (59.49834726507898, 25.20509975834512), (59.428349209473, 25.212105637257903), (59.35835115386701, 25.22836033183521), (59.288353098261055, 25.250725615445404), (59.21835504265506, 25.267628688377833), (59.14835698704909, 25.275281060824938), (59.07835893144311, 25.27549216075451), (59.008360875837134, 25.271138224707016), (58.938362820231184, 25.275610904464894), (58.868364764625184, 25.283911655267136), (58.79836670901922, 25.295405292504192), (58.728368653413256, 25.317546282439217), (58.65837059780727, 25.33137521264721), (58.5883725422013, 25.341930209125977), (58.51837448659532, 25.355875998223553), (58.44837643098934, 25.37448106433818), (58.37837837538336, 25.3898291601108), (58.3083803197774, 25.407429616739147), (58.23838226417141, 25.423778552356442), (58.168384208565456, 25.459665540384258), (58.09838615295947, 25.488812409232064), (58.02838809735349, 25.52333855664244), (57.958390041747506, 25.55739349885288), (57.88839198614154, 25.592096819418437), (57.81839393053556, 25.617219595858707), (57.74839587492958, 25.61759090555627), (57.678397819323614, 25.603554645060296), (57.60839976371764, 25.58137972835088), (57.53840170811167, 25.558594129702335), (57.468403652505685, 25.55317526990296), (57.398405596899714, 25.57383856033095), (57.32840754129375, 25.62183929163897), (57.25661548517795, 25.68886728892076), (57.189084180272964, 25.766435204114927), (57.122201127653035, 25.839296721772037), (57.053497692162864, 25.90373686009573), (56.97425450367756, 25.940669923667425), (56.89913827014654, 25.975001934535417), (56.82871998122786, 26.009982323758546), (56.76978932582578, 26.05179895802248), (56.727519131040545, 26.104524935075535), (56.70185851660558, 26.16735732125701), (56.687159772932766, 26.24926597875307), (56.67404397088626, 26.33299725796251), (56.652510311405585, 26.413175649964376), (56.615294223098616, 26.47100572174324), (56.56047921592493, 26.50926946879958), (56.488779498070684, 26.527529612707852), (56.422753872165, 26.521262583548584), (56.35474014695487, 26.496588394458662), (56.27798934063656, 26.462974250363594), (56.2005028233302, 26.420168776278537), (56.12594603288787, 26.370432816112334), (56.058937938154855, 26.315022602928096), (56.005132073396574, 26.254370703099408), (55.97127062213742, 26.18854666651377), (55.96521155330295, 26.117997384182836), (55.99592880966533, 26.044567153259294), (56.07348554859199, 25.972797449460426)
Associated file(s): api_response_2023-08-17_12-22-45.json, api_response_2023-08-17_11-52-41.json, api_response_2023-08-17_11-12-34.json, api_response_2023-08-17_11-02-32.json, api_response_2023-08-17_11-32-37.json, api_response_2023-08-17_11-22-36.json, api_response_2023-08-17_12-42-49.json, api_response_2023-08-17_12-12-44.json, api_response_2023-08-17_12-52-51.json, api_response_2023-08-17_12-32-47.json, api_response_2023-08-17_12-02-42.json, api_response_2023-08-17_11-42-39.json

Record time: 2023-08-17T08:55:00Z
Event time: 2023-08-18T08:59:42Z
Status: Underway
Travel distance: 341.0523758099352
Waypoints: (60.75831226910362, 24.286760920176917), (60.68831421349404, 24.3778659039387), (60.61831615788448, 24.439043360345337), (60.548318102274926, 24.496298676014764), (60.47832004666537, 24.561552914137852), (60.40832199105581, 24.636909106358903), (60.33832393544625, 24.718336135029016), (60.268325879836674, 24.798770205832284), (60.19832782422711, 24.870633910784836), (60.12832976553274, 24.927772880327833), (60.05833170992677, 24.97312543841215), (59.9883336543208, 24.9916268393828), (59.918335598714826, 24.990151024696573), (59.848337543108855, 24.99177574022598), (59.778339487502876, 25.00084361309372), (59.7083414318969, 25.02446230253577), (59.638343376290926, 25.06510280862064), (59.56834532068494, 25.117551717016127), (59.49834726507898, 25.170341777976375), (59.428349209473, 25.212034014067513), (59.35835115386701, 25.241178998094515), (59.288353098261055, 25.262475588311233), (59.21835504265506, 25.269997908123155), (59.14835698704909, 25.27019769912793), (59.07835893144311, 25.27170367094695), (59.008360875837134, 25.270465343681494), (58.938362820231184, 25.277405253866288), (58.868364764625184, 25.283911655267136), (58.79836670901922, 25.295405292504192), (58.728368653413256, 25.317546282439217), (58.65837059780727, 25.33137521264721), (58.5883725422013, 25.341930209125977), (58.51837448659532, 25.355875998223553), (58.44837643098934, 25.37448106433818), (58.37837837538336, 25.3898291601108), (58.3083803197774, 25.407429616739147), (58.23838226417141, 25.423778552356442), (58.168384208565456, 25.459665540384258), (58.09838615295947, 25.488812409232064), (58.02838809735349, 25.52333855664244), (57.958390041747506, 25.55739349885288), (57.88839198614154, 25.592096819418437), (57.81839393053556, 25.617219595858707), (57.74839587492958, 25.61759090555627), (57.678397819323614, 25.603554645060296), (57.60839976371764, 25.58137972835088), (57.53840170811167, 25.558594129702335), (57.468403652505685, 25.55317526990296), (57.398405596899714, 25.57383856033095), (57.32840754129375, 25.62183929163897), (57.25661548517795, 25.68886728892076), (57.189084180272964, 25.766435204114927), (57.122201127653035, 25.839296721772037), (57.053497692162864, 25.90373686009573), (56.97425450367756, 25.940669923667425), (56.89913827014654, 25.975001934535417), (56.82871998122786, 26.009982323758546), (56.76978932582578, 26.05179895802248), (56.727519131040545, 26.104524935075535), (56.70185851660558, 26.16735732125701), (56.687159772932766, 26.24926597875307), (56.67404397088626, 26.33299725796251), (56.652510311405585, 26.413175649964376), (56.615294223098616, 26.47100572174324), (56.56047921592493, 26.50926946879958), (56.488779498070684, 26.527529612707852), (56.422753872165, 26.521262583548584), (56.35474014695487, 26.496588394458662), (56.27798934063656, 26.462974250363594), (56.2005028233302, 26.420168776278537), (56.12594603288787, 26.370432816112334), (56.058937938154855, 26.315022602928096), (56.005132073396574, 26.254370703099408), (55.97127062213742, 26.18854666651377), (55.96521155330295, 26.117997384182836), (55.99592880966533, 26.044567153259294), (56.07348554859199, 25.972797449460426)
Associated file(s): api_response_2023-08-17_15-33-18.json, api_response_2023-08-17_13-22-56.json, api_response_2023-08-17_13-02-52.json, api_response_2023-08-17_14-23-06.json, api_response_2023-08-17_13-32-57.json, api_response_2023-08-17_14-03-03.json, api_response_2023-08-17_14-13-04.json, api_response_2023-08-17_15-43-19.json, api_response_2023-08-17_13-53-00.json, api_response_2023-08-17_14-53-11.json, api_response_2023-08-17_13-12-54.json, api_response_2023-08-17_13-42-59.json, api_response_2023-08-17_15-13-15.json, api_response_2023-08-17_15-53-21.json, api_response_2023-08-17_14-43-09.json, api_response_2023-08-17_15-03-13.json, api_response_2023-08-17_15-23-16.json, api_response_2023-08-17_14-33-08.json

Record time: 2023-08-17T12:00:59Z
Event time: 2023-08-18T08:51:35.666Z
Status: Underway
Travel distance: 293.8342332613391
Waypoints: (59.91833560178886, 24.431109338554556), (59.84833754617929, 24.508180335027763), (59.778339490569714, 24.577595360759197), (59.70834143496015, 24.643695843440376), (59.63834337935059, 24.70997315658206), (59.56834532374102, 24.778712576865157), (59.49834726813146, 24.850789158048116), (59.428349212521894, 24.925615521430753), (59.35835115691233, 25.001241562874572), (59.288353098261055, 25.074606075093133), (59.21835504265506, 25.14683429296151), (59.14835698704909, 25.203531587439702), (59.07835893144311, 25.24310340013109), (59.008360875837134, 25.26598323981962), (58.938362820231184, 25.284641080916646), (58.868364764625184, 25.294988747107443), (58.79836670901922, 25.29956886165091), (58.728368653413256, 25.312462920742206), (58.65837059780727, 25.327586722839648), (58.5883725422013, 25.341257328100454), (58.51837448659532, 25.357670347624946), (58.44837643098934, 25.37448106433818), (58.37837837538336, 25.3898291601108), (58.3083803197774, 25.407429616739147), (58.23838226417141, 25.423778552356442), (58.168384208565456, 25.459665540384258), (58.09838615295947, 25.488812409232064), (58.02838809735349, 25.52333855664244), (57.958390041747506, 25.55739349885288), (57.88839198614154, 25.592096819418437), (57.81839393053556, 25.617219595858707), (57.74839587492958, 25.61759090555627), (57.678397819323614, 25.603554645060296), (57.60839976371764, 25.58137972835088), (57.53840170811167, 25.558594129702335), (57.468403652505685, 25.55317526990296), (57.398405596899714, 25.57383856033095), (57.32840754129375, 25.62183929163897), (57.25661548517795, 25.68886728892076), (57.189084180272964, 25.766435204114927), (57.122201127653035, 25.839296721772037), (57.053497692162864, 25.90373686009573), (56.97425450367756, 25.940669923667425), (56.89913827014654, 25.975001934535417), (56.82871998122786, 26.009982323758546), (56.76978932582578, 26.05179895802248), (56.727519131040545, 26.104524935075535), (56.70185851660558, 26.16735732125701), (56.687159772932766, 26.24926597875307), (56.67404397088626, 26.33299725796251), (56.652510311405585, 26.413175649964376), (56.615294223098616, 26.47100572174324), (56.56047921592493, 26.50926946879958), (56.488779498070684, 26.527529612707852), (56.422753872165, 26.521262583548584), (56.35474014695487, 26.496588394458662), (56.27798934063656, 26.462974250363594), (56.2005028233302, 26.420168776278537), (56.12594603288787, 26.370432816112334), (56.058937938154855, 26.315022602928096), (56.005132073396574, 26.254370703099408), (55.97127062213742, 26.18854666651377), (55.96521155330295, 26.117997384182836), (55.99592880966533, 26.044567153259294), (56.07348554859199, 25.972797449460426)
Associated file(s): api_response_2023-08-17_16-13-24.json, api_response_2023-08-17_16-53-31.json, api_response_2023-08-17_17-33-38.json, api_response_2023-08-17_16-03-23.json, api_response_2023-08-17_16-23-26.json, api_response_2023-08-17_17-23-36.json, api_response_2023-08-17_17-03-33.json, api_response_2023-08-17_16-33-28.json, api_response_2023-08-17_17-13-34.json, api_response_2023-08-17_16-43-29.json

Record time: 2023-08-17T16:07:19Z
Event time: 2023-08-18T09:54:23.857Z
Status: Underway
Travel distance: 240.2024838012959
Waypoints: (59.008360878864465, 24.708312435263725), (58.93836282325493, 24.795407125790636), (58.86836476764536, 24.857726360945207), (58.798366712035794, 24.91750271581973), (58.72836865642622, 24.98428486393372), (58.65837060081666, 25.05915335591702), (58.5883725452071, 25.138273318235456), (58.51837448959754, 25.215784071959156), (58.44837643398798, 25.28602567157344), (58.37837837538336, 25.34510236253201), (58.3083803197774, 25.3941208970719), (58.23838226417141, 25.424507978005952), (58.168384208565456, 25.46113570060809), (58.09838615295947, 25.491788541274918), (58.02838809735349, 25.524535417850306), (57.958390041747506, 25.557220095339293), (57.88839198614154, 25.59077556003779), (57.81839393053556, 25.614752365431798), (57.74839587492958, 25.619385254957656), (57.678397819323614, 25.603554645060296), (57.60839976371764, 25.58137972835088), (57.53840170811167, 25.558594129702335), (57.468403652505685, 25.55317526990296), (57.398405596899714, 25.57383856033095), (57.32840754129375, 25.62183929163897), (57.25661548517795, 25.68886728892076), (57.189084180272964, 25.766435204114927), (57.122201127653035, 25.839296721772037), (57.053497692162864, 25.90373686009573), (56.97425450367756, 25.940669923667425), (56.89913827014654, 25.975001934535417), (56.82871998122786, 26.009982323758546), (56.76978932582578, 26.05179895802248), (56.727519131040545, 26.104524935075535), (56.70185851660558, 26.16735732125701), (56.687159772932766, 26.24926597875307), (56.67404397088626, 26.33299725796251), (56.652510311405585, 26.413175649964376), (56.615294223098616, 26.47100572174324), (56.56047921592493, 26.50926946879958), (56.488779498070684, 26.527529612707852), (56.422753872165, 26.521262583548584), (56.35474014695487, 26.496588394458662), (56.27798934063656, 26.462974250363594), (56.2005028233302, 26.420168776278537), (56.12594603288787, 26.370432816112334), (56.058937938154855, 26.315022602928096), (56.005132073396574, 26.254370703099408), (55.97127062213742, 26.18854666651377), (55.96521155330295, 26.117997384182836), (55.99592880966533, 26.044567153259294), (56.07348554859199, 25.972797449460426)
Associated file(s): api_response_2023-08-17_22-40-23.json, api_response_2023-08-17_23-10-29.json, api_response_2023-08-17_22-30-18.json, api_response_2023-08-17_22-50-25.json, api_response_2023-08-17_23-00-27.json

Record time: 2023-08-17T19:08:11Z
Event time: 2023-08-18T09:40:11.500Z
Status: Underway
Travel distance: 197.1112311015119
Waypoints: (58.30838032276879, 24.916870015746653), (58.23838226715925, 25.01030066275867), (58.16838421154969, 25.06683200162414), (58.098386155940126, 25.12214771674735), (58.02838810033056, 25.19025039887162), (57.95839004472099, 25.270991969621015), (57.888391989111426, 25.356400270997234), (57.818393933501866, 25.435801819831592), (57.7483958778923, 25.499740727192126), (57.678397819323614, 25.542693781435393), (57.60839976371764, 25.564231628714477), (57.53840170811167, 25.572308085841534), (57.468403652505685, 25.572984736508655), (57.398405596899714, 25.5811931310917), (57.32840754129375, 25.617255407453904), (57.25661548517795, 25.681963190331164), (57.189084180272964, 25.763295092662496), (57.122201127653035, 25.84288542057482), (57.053497692162864, 25.90373686009573), (56.97425450367756, 25.940669923667425), (56.89913827014654, 25.975001934535417), (56.82871998122786, 26.009982323758546), (56.76978932582578, 26.05179895802248), (56.727519131040545, 26.104524935075535), (56.70185851660558, 26.16735732125701), (56.687159772932766, 26.24926597875307), (56.67404397088626, 26.33299725796251), (56.652510311405585, 26.413175649964376), (56.615294223098616, 26.47100572174324), (56.56047921592493, 26.50926946879958), (56.488779498070684, 26.527529612707852), (56.422753872165, 26.521262583548584), (56.35474014695487, 26.496588394458662), (56.27798934063656, 26.462974250363594), (56.2005028233302, 26.420168776278537), (56.12594603288787, 26.370432816112334), (56.058937938154855, 26.315022602928096), (56.005132073396574, 26.254370703099408), (55.97127062213742, 26.18854666651377), (55.96521155330295, 26.117997384182836), (55.99592880966533, 26.044567153259294), (56.07348554859199, 25.972797449460426)
Associated file(s): api_response_2023-08-18_00-00-37.json, api_response_2023-08-17_23-20-30.json, api_response_2023-08-17_23-50-35.json, api_response_2023-08-17_23-30-32.json, api_response_2023-08-17_23-40-33.json

Record time: 2023-08-17T20:01:45Z
Event time: 2023-08-18T09:05:32Z
Status: Underway
Travel distance: 179.17116630669545
Waypoints: (58.02838810033054, 25.00245523896866), (57.95839004472099, 25.049488360396246), (57.888391989111426, 25.12724474625122), (57.81839393350185, 25.211132111473503), (57.748395877892285, 25.28863798750944), (57.67839782228272, 25.3557006883437), (57.60839976667315, 25.41360161796445), (57.5384017110636, 25.466378919261746), (57.46840365545404, 25.51876246435922), (57.398405596899714, 25.574630185066862), (57.32840754129375, 25.631353867036264), (57.25661548517795, 25.698199036700473), (57.189084180272964, 25.76927939870179), (57.122201127653035, 25.837153680522686), (57.053497692162864, 25.895686790459866), (56.97425450367756, 25.941791392043292), (56.89913827014654, 25.97679628393681), (56.82871998122786, 26.009982323758546), (56.76978932582578, 26.05179895802248), (56.727519131040545, 26.104524935075535), (56.70185851660558, 26.16735732125701), (56.687159772932766, 26.24926597875307), (56.67404397088626, 26.33299725796251), (56.652510311405585, 26.413175649964376), (56.615294223098616, 26.47100572174324), (56.56047921592493, 26.50926946879958), (56.488779498070684, 26.527529612707852), (56.422753872165, 26.521262583548584), (56.35474014695487, 26.496588394458662), (56.27798934063656, 26.462974250363594), (56.2005028233302, 26.420168776278537), (56.12594603288787, 26.370432816112334), (56.058937938154855, 26.315022602928096), (56.005132073396574, 26.254370703099408), (55.97127062213742, 26.18854666651377), (55.96521155330295, 26.117997384182836), (55.99592880966533, 26.044567153259294), (56.07348554859199, 25.972797449460426)
Associated file(s): api_response_2023-08-18_01-10-49.json, api_response_2023-08-18_00-40-44.json, api_response_2023-08-18_01-50-56.json, api_response_2023-08-18_02-00-57.json, api_response_2023-08-18_01-20-51.json, api_response_2023-08-18_00-30-42.json, api_response_2023-08-18_00-50-46.json, api_response_2023-08-18_01-30-52.json, api_response_2023-08-18_00-20-40.json, api_response_2023-08-18_01-40-54.json, api_response_2023-08-18_02-10-59.json, api_response_2023-08-18_00-10-39.json, api_response_2023-08-18_01-00-47.json, api_response_2023-08-18_02-21-01.json

Record time: 2023-08-17T22:25:57Z
Event time: 2023-08-18T09:36:04Z
Status: Underway
Travel distance: 151.28725701943844
Waypoints: (57.47422542009574, 25.204200700116676), (57.388492970403675, 25.274212368728115), (57.32330878189954, 25.34422403733955), (57.26256333988237, 25.41423570595099), (57.19778388077134, 25.48424737456243), (57.12621319092946, 25.554259043173868), (57.049091926553515, 25.624270711785307), (56.970144454630244, 25.694282380396743), (56.894268214958814, 25.76429404900818), (56.82642660032404, 25.834305716294217), (56.767271694858245, 25.904317384902054), (56.7243702078768, 25.976123402911295), (56.69979127021982, 26.04366784109223), (56.69187279317966, 26.112358250319428), (56.693728980681925, 26.178607816610896), (56.69499156507433, 26.254750807280427), (56.685292278704594, 26.330381126692416), (56.65799407346814, 26.40759281075543), (56.612678600506584, 26.470332840717717), (56.5548974622379, 26.511063818200974), (56.48810674787951, 26.527529612707852), (56.42454787267482, 26.521262583548584), (56.35474014695487, 26.496588394458662), (56.27798934063656, 26.462974250363594), (56.2005028233302, 26.420168776278537), (56.12594603288787, 26.370432816112334), (56.058937938154855, 26.315022602928096), (56.005132073396574, 26.254370703099408), (55.97127062213742, 26.18854666651377), (55.96521155330295, 26.117997384182836), (55.99592880966533, 26.044567153259294), (56.07348554859199, 25.972797449460426)
Associated file(s): api_response_2023-08-18_04-21-21.json, api_response_2023-08-18_02-41-04.json, api_response_2023-08-18_03-51-16.json, api_response_2023-08-18_03-21-11.json, api_response_2023-08-18_02-31-02.json, api_response_2023-08-18_03-11-09.json, api_response_2023-08-18_04-11-19.json, api_response_2023-08-18_03-01-07.json, api_response_2023-08-18_04-01-17.json, api_response_2023-08-18_02-51-06.json, api_response_2023-08-18_03-31-12.json, api_response_2023-08-18_03-41-14.json

Record time: 2023-08-18T00:30:47Z
Event time: 2023-08-18T09:20:46Z
Status: Underway
Travel distance: 123.5707343412527
Waypoints: (57.18225649685074, 25.559189425961115), (57.12871684267235, 25.61536168932947), (57.055275295136774, 25.690747644584423), (56.973983196573066, 25.768676308772083), (56.89486704314654, 25.84188289714034), (56.825394618950696, 25.90929746546005), (56.77015916146372, 25.973333406822306), (56.730781558369365, 26.037675802911888), (56.70603057574243, 26.105569629756804), (56.692161114690165, 26.178607816610896), (56.68872763892453, 26.254750807280427), (56.68030789703606, 26.330381126692416), (56.65749469307412, 26.40759281075543), (56.61579360349262, 26.470332840717717), (56.55736421293889, 26.511063818200974), (56.486312747369695, 26.527529612707852), (56.42454787267482, 26.521262583548584), (56.35474014695487, 26.496588394458662), (56.27798934063656, 26.462974250363594), (56.2005028233302, 26.420168776278537), (56.12594603288787, 26.370432816112334), (56.058937938154855, 26.315022602928096), (56.005132073396574, 26.254370703099408), (55.97127062213742, 26.18854666651377), (55.96521155330295, 26.117997384182836), (55.99592880966533, 26.044567153259294), (56.07348554859199, 25.972797449460426)
Associated file(s): api_response_2023-08-18_04-51-26.json, api_response_2023-08-18_05-31-32.json, api_response_2023-08-18_05-41-34.json, api_response_2023-08-18_07-01-47.json, api_response_2023-08-18_06-11-39.json, api_response_2023-08-18_07-41-54.json, api_response_2023-08-18_05-01-27.json, api_response_2023-08-18_06-21-41.json, api_response_2023-08-18_07-31-52.json, api_response_2023-08-18_05-11-29.json, api_response_2023-08-18_06-31-42.json, api_response_2023-08-18_06-51-45.json, api_response_2023-08-18_06-41-44.json, api_response_2023-08-18_07-21-50.json, api_response_2023-08-18_04-41-24.json, api_response_2023-08-18_06-01-37.json, api_response_2023-08-18_05-51-36.json, api_response_2023-08-18_05-21-31.json, api_response_2023-08-18_04-31-22.json, api_response_2023-08-18_07-11-49.json

Record time: 2023-08-18T03:39:58Z
Event time: 2023-08-18T09:13:47.750Z
Status: Underway
Travel distance: 74.94168466522679
Waypoints: (56.77144262332584, 26.25849406273593), (56.685234491680404, 26.310948625596538), (56.64963700467191, 26.401576971568783), (56.61379780015773, 26.479125023655413), (56.560696631703635, 26.5233595930353), (56.49214554709357, 26.533288611529727), (56.417285357749115, 26.517657285184598), (56.34457839849548, 26.48772016870364), (56.28060383199353, 26.449593626934195), (56.21253951643006, 26.4136123978649), (56.135173245002385, 26.369627929970534), (56.05823206241939, 26.320063425669762), (55.9947687145495, 26.261796510421004), (55.960384816121234, 26.192710216329196), (55.96659278847394, 26.114470217529686), (56.01131719509334, 26.035988454216046), (56.06653547549366, 25.977573145575878)
Associated file(s): api_response_2023-08-18_08-32-02.json, api_response_2023-08-18_10-12-19.json, api_response_2023-08-18_09-52-16.json, api_response_2023-08-18_08-52-05.json, api_response_2023-08-18_08-42-04.json, api_response_2023-08-18_09-22-10.json, api_response_2023-08-18_08-01-57.json, api_response_2023-08-18_10-22-20.json, api_response_2023-08-18_09-12-09.json, api_response_2023-08-18_07-51-55.json, api_response_2023-08-18_10-32-22.json, api_response_2023-08-18_09-02-07.json, api_response_2023-08-18_10-02-17.json, api_response_2023-08-18_09-42-14.json, api_response_2023-08-18_08-22-00.json, api_response_2023-08-18_09-32-12.json, api_response_2023-08-18_08-11-59.json

Record time: 2023-08-18T06:36:13Z
Event time: 2023-08-18T09:28:55Z
Status: Underway
Travel distance: 43.734341252699785
Waypoints: (56.2784367100914, 26.534422403733956), (56.208438654481824, 26.46441073512252), (56.13844059887225, 26.394399066511085), (56.06844254326268, 26.32438739789965), (55.99844448765313, 26.254375729288213), (55.92844643204356, 26.184364060676778), (55.99844448765313, 26.114352392065342), (55.99844448765313, 26.044340723453907), (56.06844254326268, 25.97432905484247)
Associated file(s): api_response_2023-08-18_12-52-46.json, api_response_2023-08-18_12-22-41.json, api_response_2023-08-18_11-02-27.json, api_response_2023-08-18_11-42-33.json, api_response_2023-08-18_11-32-32.json, api_response_2023-08-18_12-12-40.json, api_response_2023-08-18_13-12-49.json, api_response_2023-08-18_12-02-37.json, api_response_2023-08-18_11-52-36.json, api_response_2023-08-18_10-52-25.json, api_response_2023-08-18_10-42-24.json, api_response_2023-08-18_11-22-30.json, api_response_2023-08-18_13-02-48.json, api_response_2023-08-18_12-32-43.json, api_response_2023-08-18_12-42-45.json, api_response_2023-08-18_13-22-51.json, api_response_2023-08-18_11-12-29.json

Record time: 2023-08-18T09:31:18Z
Event time: 2023-08-18T09:49:30.250Z
Status: Underway
Travel distance: 9.857451403887689
Waypoints: (55.99844448765313, 26.114352392065342), (55.99844448765313, 26.044340723453907), (56.06844254326268, 25.97432905484247)
Associated file(s): api_response_2023-08-18_13-42-55.json, api_response_2023-08-18_13-32-53.json, api_response_2023-08-18_14-02-58.json, api_response_2023-08-18_13-52-57.json

Record time: 2023-08-18T10:05:38Z
Event time: 2023-08-18T10:11:43.500Z
Status: Underway
Travel distance: 5.65280777537797
Waypoints: (55.99844448765313, 26.044340723453907), (56.06844254326268, 25.97432905484247)
Associated file(s): api_response_2023-08-18_14-23-02.json, api_response_2023-08-18_14-13-00.json

Record time: 2023-08-18T10:27:20Z
Event time: 2023-08-18T10:38:54Z
Status: Underway
Travel distance: 9.431965442764579
Waypoints: (55.92844643204356, 26.044340723453907), (55.99844448765313, 25.97432905484247), (56.06844254326268, 25.97432905484247)
Associated file(s): api_response_2023-08-18_14-33-03.json, api_response_2023-08-18_14-43-05.json

Record time: 2023-08-18T13:47:01Z
Event time: 2023-08-18T13:47:01Z
Status: Arrived
Travel distance: N/A
Waypoints: 
Associated file(s): api_response_2023-08-18_19-23-54.json, api_response_2023-08-18_20-24-04.json, api_response_2023-08-19_04-55-31.json, api_response_2023-08-19_00-34-48.json, api_response_2023-08-18_22-44-29.json, api_response_2023-08-19_04-15-25.json, api_response_2023-08-18_18-13-42.json, api_response_2023-08-19_01-24-57.json, api_response_2023-08-18_20-04-01.json, api_response_2023-08-18_23-54-41.json, api_response_2023-08-18_23-14-34.json, api_response_2023-08-19_03-45-20.json, api_response_2023-08-19_05-45-39.json, api_response_2023-08-18_21-14-13.json, api_response_2023-08-19_03-15-15.json, api_response_2023-08-18_19-03-50.json, api_response_2023-08-19_04-45-30.json, api_response_2023-08-18_21-34-16.json, api_response_2023-08-19_01-04-53.json, api_response_2023-08-19_02-55-12.json, api_response_2023-08-19_04-05-23.json, api_response_2023-08-18_20-54-09.json, api_response_2023-08-19_01-45-00.json, api_response_2023-08-18_21-54-20.json, api_response_2023-08-18_19-53-59.json, api_response_2023-08-18_23-04-32.json, api_response_2023-08-19_04-25-26.json, api_response_2023-08-19_03-25-17.json, api_response_2023-08-18_23-34-37.json, api_response_2023-08-18_23-24-36.json, api_response_2023-08-18_18-43-47.json, api_response_2023-08-18_22-24-25.json, api_response_2023-08-19_01-14-55.json, api_response_2023-08-19_02-35-09.json, api_response_2023-08-19_03-05-13.json, api_response_2023-08-18_20-44-08.json, api_response_2023-08-19_05-35-38.json, api_response_2023-08-19_00-54-52.json, api_response_2023-08-18_22-14-23.json, api_response_2023-08-19_01-55-02.json, api_response_2023-08-18_21-44-18.json, api_response_2023-08-19_04-35-28.json, api_response_2023-08-18_19-43-57.json, api_response_2023-08-18_18-23-43.json, api_response_2023-08-19_05-25-36.json, api_response_2023-08-19_02-25-07.json, api_response_2023-08-19_00-14-44.json, api_response_2023-08-18_22-34-27.json, api_response_2023-08-18_17-53-38.json, api_response_2023-08-19_00-44-50.json, api_response_2023-08-19_05-05-33.json, api_response_2023-08-19_03-35-18.json, api_response_2023-08-18_18-53-49.json, api_response_2023-08-18_22-04-22.json, api_response_2023-08-18_21-24-15.json, api_response_2023-08-19_00-04-43.json, api_response_2023-08-18_20-34-06.json, api_response_2023-08-19_01-34-59.json, api_response_2023-08-18_19-33-56.json, api_response_2023-08-18_18-33-45.json, api_response_2023-08-19_03-55-22.json, api_response_2023-08-19_02-15-05.json, api_response_2023-08-18_20-14-03.json, api_response_2023-08-18_18-03-40.json, api_response_2023-08-18_23-44-39.json, api_response_2023-08-19_05-15-35.json, api_response_2023-08-18_19-13-52.json, api_response_2023-08-19_00-24-47.json, api_response_2023-08-18_21-04-11.json, api_response_2023-08-19_02-05-04.json, api_response_2023-08-19_02-45-10.json, api_response_2023-08-18_22-54-30.json

Record time: 2023-10-25T11:46:36Z
Event time: 2023-10-30T05:24:26.333Z
Status: Underway
Travel distance: 1393.261879049676
Waypoints: (74.60999999999997, 13.038083378406489), (74.42999999999999, 13.082439692115672), (74.25, 13.216642479717088), (74.07000000000001, 13.393780153942174), (73.89000000000001, 13.58522945704182), (73.71000000000002, 13.775860952777208), (73.53000000000002, 13.959887081339724), (73.35000000000002, 14.137352777199933), (73.17000000000002, 14.311268649885601), (72.98999999625534, 14.485386726945642), (72.8099999962646, 14.669999999247382), (72.62999999627382, 14.849999999238152), (72.44999999628305, 15.029999999228911), (72.2699999962923, 15.209999999219677), (72.08999999630151, 15.389999999210444), (71.90999999631076, 15.569999999201206), (71.72999999631998, 15.749999999191976), (71.54999999632925, 15.929999999182742), (71.36999999633846, 16.109999999173503), (71.1899999963477, 16.289999999164273), (71.00999999635691, 16.469999999155043), (70.82999999636615, 16.64999999914581), (70.64999999637539, 16.829999999136575), (70.46999999638462, 17.009999999127338), (70.28999999639387, 17.189999999118104), (70.1099999964031, 17.36999999910887), (69.92999999641236, 17.549999999099633), (69.74999999642156, 17.729999999090396), (69.56999999643081, 17.90999999908116), (69.38999999644003, 18.089999999071928), (69.20999999644928, 18.269999999062694), (69.02999999645851, 18.449999999053457), (68.84999999646773, 18.62999999904422), (68.66999999647699, 18.809999999034986), (68.48999999648622, 18.989999999025752), (68.30999999649545, 19.169999999016515), (68.12999999650467, 19.349999999007277), (67.94999999651392, 19.52999999899805), (67.76999999652315, 19.71461327129979), (67.58999999653238, 19.88365674955199), (67.40999999654161, 20.061989768791726), (67.22999999655086, 20.25128415564431), (67.0499999965601, 20.442817336412514), (66.86999999656932, 20.626107685036846), (66.68999999657856, 20.794031766331234), (66.5099999965878, 20.94506312989866), (66.32999999659702, 21.08327231013117), (66.14999999660627, 21.2167276876987), (65.96999999661551, 21.35955014024219), (65.78999999662473, 21.504238254382027), (65.60999999663396, 21.65953883318682), (65.42999999664319, 21.850456587921947), (65.24999999665243, 22.06281733632941), (65.06999999666169, 22.266935252593), (64.8899999966709, 22.436482701769922), (64.70999999668014, 22.564481624902403), (64.52999999668937, 22.67833544102255), (64.34999999669861, 22.76999999883182), (64.16999999670784, 22.866277828952068), (63.98999999671708, 22.969175123333653), (63.80999999672631, 23.100120338026088), (63.62999999673554, 23.272618924637243), (63.449999996744786, 23.480259791499655), (63.269999996754, 23.692581772912913), (63.089999996763254, 23.890584195839885), (62.909999996772484, 24.04103405449417), (62.72999999678173, 24.151292231901355), (62.54999999679096, 24.20347260610785), (62.3699999968002, 24.204291558860536), (62.189999996809426, 24.197512180748085), (62.009999996818664, 24.21454542882905), (61.829999996827894, 24.290906715673966), (61.64999999683714, 24.41493686777422), (61.469999996846376, 24.55640247552036), (61.289999996855585, 24.66088921666455), (61.10999999686484, 24.714993402958715), (60.92999999687408, 24.74999999873024), (60.7499999968833, 24.785006594501763), (60.569999996892555, 24.84372405310691), (60.389999996901764, 24.941867544823506), (60.209999996911016, 25.075322922391024), (60.029999996920246, 25.200637231174472), (59.84999999692947, 25.289815855480033), (59.66999999693871, 25.322956789655205), (59.489999996947944, 25.32020917894058), (59.30999999695718, 25.291477990356775), (59.12999999696641, 25.283273925207112), (58.94999999697565, 25.28365674927494), (58.769999996984886, 25.288715842019325), (58.589999996994116, 25.291536140848095), (58.409999997003354, 25.282348363220347), (58.22999999701258, 25.281606944456083), (58.049999997021835, 25.294467894785218), (57.86999999703106, 25.336840219456626), (57.689999997040296, 25.40659173378876), (57.509999997049526, 25.500756762724567), (57.32077345243681, 25.636271636859497), (57.15253729977119, 25.822021429532953), (56.98470555439985, 26.028796147774734), (56.80977416267944, 26.23070538797591), (56.62172190555441, 26.396683351485006), (56.420458914083625, 26.495375910131088), (56.21756030788431, 26.50168205190961), (56.04328495943412, 26.40494970814621), (55.95487938423123, 26.21882596213852), (56.04616675681281, 25.992761639275923)
Associated file(s): api_response_2023-10-25_16-20-17.json, api_response_2023-10-25_16-00-14.json, api_response_2023-10-25_16-40-20.json, api_response_2023-10-25_17-00-23.json

Record time: 2023-10-25T12:59:01Z
Event time: 2023-10-30T06:05:13.125Z
Status: Underway
Travel distance: 1397.578293736501
Waypoints: (74.43000000000002, 13.230000000000004), (74.25, 13.41000000000001), (74.07000000000001, 13.590000000000009), (73.89000000000001, 13.770000000000003), (73.71000000000004, 13.95), (73.53000000000004, 14.129999999999999), (73.35000000000005, 14.310000000000002), (73.17000000000004, 14.490000000000006), (72.99000000000005, 14.670000000000009), (72.8099999962646, 14.849999999238152), (72.62999999627382, 15.029999999228911), (72.44999999628305, 15.209999999219677), (72.2699999962923, 15.389999999210444), (72.08999999630151, 15.569999999201206), (71.90999999631076, 15.749999999191976), (71.725386724009, 15.929999999182742), (71.55634324575684, 16.109999999173503), (71.3733969542061, 16.289999999164273), (71.1950590890921, 16.469999999155043), (71.00519288907489, 16.64999999914581), (70.81260815358876, 16.829999999136575), (70.63315089151693, 17.009999999127338), (70.47882917931591, 17.189999999118104), (70.35269591777978, 17.36999999910887), (70.24820917663561, 17.549999999099633), (70.15179081616137, 17.729999999090396), (70.04730407501717, 17.90999999908116), (69.92117081348106, 18.089999999071928), (69.76684910128004, 18.269999999062694), (69.58739183920822, 18.449999999053457), (69.39480710372206, 18.62999999904422), (69.20494090370491, 18.809999999034986), (69.02660303859088, 18.989999999025752), (68.84365674704013, 19.169999999016515), (68.67461326878797, 19.349999999007277), (68.48999999648622, 19.52999999899805), (68.30999999649545, 19.709999998988813), (68.12999999650467, 19.88999999897958), (67.94999999651392, 20.069999998970342), (67.76999999652315, 20.249999998961105), (67.58999999653238, 20.429999998951875), (67.40999999654161, 20.60999999894264), (67.22999999655086, 20.7899999989334), (67.0499999965601, 20.969999998924173), (66.86999999656932, 21.149999998914936), (66.68999999657856, 21.32999999890571), (66.5099999965878, 21.509999998896472), (66.32999999659702, 21.689999998887235), (66.14999999660627, 21.869999998878004), (65.96999999661551, 22.049999998868767), (65.78999999662473, 22.22999999885953), (65.60999999663396, 22.409999998850292), (65.42999999664319, 22.589999998841066), (65.24999999665243, 22.769999998831825), (65.06999999666169, 22.94999999882259), (64.8899999966709, 23.129999998813357), (64.70999999668014, 23.314613271115103), (64.52999999668937, 23.48827002167827), (64.34999999669861, 23.660259791490425), (64.16999999670784, 23.84154394816439), (63.98999999671708, 24.034361285615798), (63.80999999672631, 24.230468971700766), (63.62999999673554, 24.414500739089362), (63.449999996744786, 24.569563870054623), (63.269999996754, 24.68283618126162), (63.089999996763254, 24.749563870045385), (62.909999996772484, 24.774500739070895), (62.72999999678173, 24.77046897167306), (62.54999999679096, 24.75436128557886), (62.3699999968002, 24.741543948118213), (62.189999996809426, 24.740259791435008), (62.009999996818664, 24.74365674930265), (61.829999996827894, 24.756343248157837), (61.64999999683714, 24.759740206025473), (61.469999996846376, 24.763069321653244), (61.289999996855585, 24.743908734765014), (61.10999999686484, 24.71979081849219), (60.92999999687408, 24.71704320777756), (60.7499999968833, 24.754797414263713), (60.569999996892555, 24.83763278914168), (60.389999996901764, 24.95493686774651), (60.209999996911016, 25.08506312968626), (60.029999996920246, 25.20236720829109), (59.84999999692947, 25.285202583169056), (59.66999999693871, 25.322956789655205), (59.489999996947944, 25.32020917894058), (59.30999999695718, 25.291477990356775), (59.12999999696641, 25.283273925207112), (58.94999999697565, 25.28365674927494), (58.769999996984886, 25.288715842019325), (58.589999996994116, 25.291536140848095), (58.409999997003354, 25.282348363220347), (58.22999999701258, 25.281606944456083), (58.049999997021835, 25.294467894785218), (57.86999999703106, 25.336840219456626), (57.689999997040296, 25.40659173378876), (57.509999997049526, 25.500756762724567), (57.32077345243681, 25.636271636859497), (57.15253729977119, 25.822021429532953), (56.98470555439985, 26.028796147774734), (56.80977416267944, 26.23070538797591), (56.62172190555441, 26.396683351485006), (56.420458914083625, 26.495375910131088), (56.21756030788431, 26.50168205190961), (56.04328495943412, 26.40494970814621), (55.95487938423123, 26.21882596213852), (56.04616675681281, 25.992761639275923)
Associated file(s): api_response_2023-10-25_17-40-30.json, api_response_2023-10-25_17-20-26.json

Record time: 2023-10-25T13:55:26Z
Event time: 2023-10-30T06:41:38Z
Status: Underway
Travel distance: 1368.544816414687
Waypoints: (74.24999999999994, 13.230000000000004), (74.06999999999996, 13.41000000000001), (73.88999999999999, 13.590000000000009), (73.70999999999998, 13.770000000000003), (73.52999999999999, 13.95), (73.34999999999998, 14.129999999999999), (73.16999999999999, 14.310000000000002), (72.98999999999998, 14.490000000000006), (72.80999999999999, 14.670000000000009), (72.62999999627382, 14.849999999238152), (72.44999999628305, 15.029999999228911), (72.2699999962923, 15.209999999219677), (72.08999999630151, 15.389999999210444), (71.90999999631076, 15.569999999201206), (71.72999999631998, 15.749999999191976), (71.54999999632925, 15.929999999182742), (71.36999999633846, 16.109999999173503), (71.1899999963477, 16.289999999164273), (71.00999999635691, 16.469999999155043), (70.82999999636615, 16.64999999914581), (70.64999999637539, 16.829999999136575), (70.46999999638462, 17.009999999127338), (70.28999999639387, 17.189999999118104), (70.1099999964031, 17.36999999910887), (69.92999999641236, 17.549999999099633), (69.74999999642156, 17.729999999090396), (69.56999999643081, 17.90999999908116), (69.38999999644003, 18.089999999071928), (69.20999999644928, 18.269999999062694), (69.02999999645851, 18.449999999053457), (68.84999999646773, 18.62999999904422), (68.66999999647699, 18.809999999034986), (68.48999999648622, 18.989999999025752), (68.30999999649545, 19.169999999016515), (68.12999999650467, 19.349999999007277), (67.94999999651392, 19.52999999899805), (67.76999999652315, 19.71461327129979), (67.58999999653238, 19.88365674955199), (67.40999999654161, 20.061989768791726), (67.22999999655086, 20.25128415564431), (67.0499999965601, 20.442817336412514), (66.86999999656932, 20.626107685036846), (66.68999999657856, 20.794031766331234), (66.5099999965878, 20.94506312989866), (66.32999999659702, 21.08327231013117), (66.14999999660627, 21.2167276876987), (65.96999999661551, 21.35955014024219), (65.78999999662473, 21.504238254382027), (65.60999999663396, 21.65953883318682), (65.42999999664319, 21.850456587921947), (65.24999999665243, 22.06281733632941), (65.06999999666169, 22.266935252593), (64.8899999966709, 22.436482701769922), (64.70999999668014, 22.564481624902403), (64.52999999668937, 22.67833544102255), (64.34999999669861, 22.76999999883182), (64.16999999670784, 22.866277828952068), (63.98999999671708, 22.969175123333653), (63.80999999672631, 23.100120338026088), (63.62999999673554, 23.272618924637243), (63.449999996744786, 23.480259791499655), (63.269999996754, 23.692581772912913), (63.089999996763254, 23.890584195839885), (62.909999996772484, 24.04103405449417), (62.72999999678173, 24.151292231901355), (62.54999999679096, 24.20347260610785), (62.3699999968002, 24.204291558860536), (62.189999996809426, 24.197512180748085), (62.009999996818664, 24.21454542882905), (61.829999996827894, 24.290906715673966), (61.64999999683714, 24.41493686777422), (61.469999996846376, 24.55640247552036), (61.289999996855585, 24.66088921666455), (61.10999999686484, 24.714993402958715), (60.92999999687408, 24.74999999873024), (60.7499999968833, 24.785006594501763), (60.569999996892555, 24.84372405310691), (60.389999996901764, 24.941867544823506), (60.209999996911016, 25.075322922391024), (60.029999996920246, 25.200637231174472), (59.84999999692947, 25.289815855480033), (59.66999999693871, 25.322956789655205), (59.489999996947944, 25.32020917894058), (59.30999999695718, 25.291477990356775), (59.12999999696641, 25.283273925207112), (58.94999999697565, 25.28365674927494), (58.769999996984886, 25.288715842019325), (58.589999996994116, 25.291536140848095), (58.409999997003354, 25.282348363220347), (58.22999999701258, 25.281606944456083), (58.049999997021835, 25.294467894785218), (57.86999999703106, 25.336840219456626), (57.689999997040296, 25.40659173378876), (57.509999997049526, 25.500756762724567), (57.32077345243681, 25.636271636859497), (57.15253729977119, 25.822021429532953), (56.98470555439985, 26.028796147774734), (56.80977416267944, 26.23070538797591), (56.62172190555441, 26.396683351485006), (56.420458914083625, 26.495375910131088), (56.21756030788431, 26.50168205190961), (56.04328495943412, 26.40494970814621), (55.95487938423123, 26.21882596213852), (56.04616675681281, 25.992761639275923)
Associated file(s): api_response_2023-10-25_18-40-40.json, api_response_2023-10-25_18-20-37.json, api_response_2023-10-25_18-00-33.json

Record time: 2023-10-25T14:28:51Z
Event time: 2023-10-30T07:48:19.777Z
Status: Underway
Travel distance: 1382.494060475162
Waypoints: (74.24999999999994, 13.410000000000004), (74.06999999999996, 13.590000000000003), (73.88999999999999, 13.77), (73.70999999999998, 13.95), (73.52999999999999, 14.129999999999997), (73.34999999999998, 14.309999999999999), (73.16999999999999, 14.49), (72.98999999999998, 14.670000000000002), (72.80999999999999, 14.850000000000003), (72.62999999627382, 15.029999999228911), (72.44999999628305, 15.209999999219677), (72.2699999962923, 15.389999999210444), (72.08999999630151, 15.569999999201206), (71.90999999631076, 15.749999999191976), (71.725386724009, 15.929999999182742), (71.55634324575684, 16.109999999173503), (71.3733969542061, 16.289999999164273), (71.1950590890921, 16.469999999155043), (71.00519288907489, 16.64999999914581), (70.81260815358876, 16.829999999136575), (70.63315089151693, 17.009999999127338), (70.47882917931591, 17.189999999118104), (70.35269591777978, 17.36999999910887), (70.24820917663561, 17.549999999099633), (70.15179081616137, 17.729999999090396), (70.04730407501717, 17.90999999908116), (69.92117081348106, 18.089999999071928), (69.76684910128004, 18.269999999062694), (69.58739183920822, 18.449999999053457), (69.39480710372206, 18.62999999904422), (69.20494090370491, 18.809999999034986), (69.02660303859088, 18.989999999025752), (68.84365674704013, 19.169999999016515), (68.67461326878797, 19.349999999007277), (68.48999999648622, 19.52999999899805), (68.30999999649545, 19.709999998988813), (68.12999999650467, 19.88999999897958), (67.94999999651392, 20.069999998970342), (67.76999999652315, 20.249999998961105), (67.58999999653238, 20.429999998951875), (67.40999999654161, 20.60999999894264), (67.22999999655086, 20.7899999989334), (67.0499999965601, 20.969999998924173), (66.86999999656932, 21.149999998914936), (66.68999999657856, 21.32999999890571), (66.5099999965878, 21.509999998896472), (66.32999999659702, 21.689999998887235), (66.14999999660627, 21.869999998878004), (65.96999999661551, 22.049999998868767), (65.78999999662473, 22.22999999885953), (65.60999999663396, 22.409999998850292), (65.42999999664319, 22.589999998841066), (65.24999999665243, 22.769999998831825), (65.06999999666169, 22.94999999882259), (64.8899999966709, 23.129999998813357), (64.70999999668014, 23.314613271115103), (64.52999999668937, 23.48827002167827), (64.34999999669861, 23.660259791490425), (64.16999999670784, 23.84154394816439), (63.98999999671708, 24.034361285615798), (63.80999999672631, 24.230468971700766), (63.62999999673554, 24.414500739089362), (63.449999996744786, 24.569563870054623), (63.269999996754, 24.68283618126162), (63.089999996763254, 24.749563870045385), (62.909999996772484, 24.774500739070895), (62.72999999678173, 24.77046897167306), (62.54999999679096, 24.75436128557886), (62.3699999968002, 24.741543948118213), (62.189999996809426, 24.740259791435008), (62.009999996818664, 24.74365674930265), (61.829999996827894, 24.756343248157837), (61.64999999683714, 24.759740206025473), (61.469999996846376, 24.763069321653244), (61.289999996855585, 24.743908734765014), (61.10999999686484, 24.71979081849219), (60.92999999687408, 24.71704320777756), (60.7499999968833, 24.754797414263713), (60.569999996892555, 24.83763278914168), (60.389999996901764, 24.95493686774651), (60.209999996911016, 25.08506312968626), (60.029999996920246, 25.20236720829109), (59.84999999692947, 25.285202583169056), (59.66999999693871, 25.322956789655205), (59.489999996947944, 25.32020917894058), (59.30999999695718, 25.291477990356775), (59.12999999696641, 25.283273925207112), (58.94999999697565, 25.28365674927494), (58.769999996984886, 25.288715842019325), (58.589999996994116, 25.291536140848095), (58.409999997003354, 25.282348363220347), (58.22999999701258, 25.281606944456083), (58.049999997021835, 25.294467894785218), (57.86999999703106, 25.336840219456626), (57.689999997040296, 25.40659173378876), (57.509999997049526, 25.500756762724567), (57.32077345243681, 25.636271636859497), (57.15253729977119, 25.822021429532953), (56.98470555439985, 26.028796147774734), (56.80977416267944, 26.23070538797591), (56.62172190555441, 26.396683351485006), (56.420458914083625, 26.495375910131088), (56.21756030788431, 26.50168205190961), (56.04328495943412, 26.40494970814621), (55.95487938423123, 26.21882596213852), (56.04616675681281, 25.992761639275923)
Associated file(s): api_response_2023-10-25_21-01-04.json, api_response_2023-10-25_21-41-11.json, api_response_2023-10-25_20-20-58.json, api_response_2023-10-25_19-00-44.json, api_response_2023-10-25_19-40-52.json, api_response_2023-10-25_21-21-08.json, api_response_2023-10-25_20-00-55.json, api_response_2023-10-25_20-41-01.json, api_response_2023-10-25_19-20-48.json

Record time: 2023-10-25T17:38:18Z
Event time: 2023-10-30T07:24:21Z
Status: Underway
Travel distance: 1323.3083153347732
Waypoints: (73.71000000000001, 13.769999999999996), (73.53, 13.949999999999992), (73.35, 14.129999999999994), (73.16999999999999, 14.309999999999995), (72.99, 14.489999999999998), (72.81, 14.67), (72.63000000000001, 14.850000000000001), (72.45000000000002, 15.030000000000001), (72.27000000000002, 15.209999999999999), (72.08999999630151, 15.389999999210444), (71.90999999631076, 15.569999999201206), (71.72999999631998, 15.749999999191976), (71.54999999632925, 15.929999999182742), (71.36999999633846, 16.109999999173503), (71.1899999963477, 16.289999999164273), (71.00999999635691, 16.469999999155043), (70.82999999636615, 16.64999999914581), (70.64999999637539, 16.829999999136575), (70.46999999638462, 17.009999999127338), (70.28999999639387, 17.189999999118104), (70.1099999964031, 17.36999999910887), (69.92999999641236, 17.549999999099633), (69.74999999642156, 17.729999999090396), (69.56999999643081, 17.90999999908116), (69.38999999644003, 18.089999999071928), (69.20999999644928, 18.269999999062694), (69.02999999645851, 18.449999999053457), (68.84999999646773, 18.62999999904422), (68.66999999647699, 18.809999999034986), (68.48999999648622, 18.989999999025752), (68.30999999649545, 19.169999999016515), (68.12999999650467, 19.349999999007277), (67.94999999651392, 19.52999999899805), (67.76999999652315, 19.71461327129979), (67.58999999653238, 19.88365674955199), (67.40999999654161, 20.061989768791726), (67.22999999655086, 20.25128415564431), (67.0499999965601, 20.442817336412514), (66.86999999656932, 20.626107685036846), (66.68999999657856, 20.794031766331234), (66.5099999965878, 20.94506312989866), (66.32999999659702, 21.08327231013117), (66.14999999660627, 21.2167276876987), (65.96999999661551, 21.35955014024219), (65.78999999662473, 21.504238254382027), (65.60999999663396, 21.65953883318682), (65.42999999664319, 21.850456587921947), (65.24999999665243, 22.06281733632941), (65.06999999666169, 22.266935252593), (64.8899999966709, 22.436482701769922), (64.70999999668014, 22.564481624902403), (64.52999999668937, 22.67833544102255), (64.34999999669861, 22.76999999883182), (64.16999999670784, 22.866277828952068), (63.98999999671708, 22.969175123333653), (63.80999999672631, 23.100120338026088), (63.62999999673554, 23.272618924637243), (63.449999996744786, 23.480259791499655), (63.269999996754, 23.692581772912913), (63.089999996763254, 23.890584195839885), (62.909999996772484, 24.04103405449417), (62.72999999678173, 24.151292231901355), (62.54999999679096, 24.20347260610785), (62.3699999968002, 24.204291558860536), (62.189999996809426, 24.197512180748085), (62.009999996818664, 24.21454542882905), (61.829999996827894, 24.290906715673966), (61.64999999683714, 24.41493686777422), (61.469999996846376, 24.55640247552036), (61.289999996855585, 24.66088921666455), (61.10999999686484, 24.714993402958715), (60.92999999687408, 24.74999999873024), (60.7499999968833, 24.785006594501763), (60.569999996892555, 24.84372405310691), (60.389999996901764, 24.941867544823506), (60.209999996911016, 25.075322922391024), (60.029999996920246, 25.200637231174472), (59.84999999692947, 25.289815855480033), (59.66999999693871, 25.322956789655205), (59.489999996947944, 25.32020917894058), (59.30999999695718, 25.291477990356775), (59.12999999696641, 25.283273925207112), (58.94999999697565, 25.28365674927494), (58.769999996984886, 25.288715842019325), (58.589999996994116, 25.291536140848095), (58.409999997003354, 25.282348363220347), (58.22999999701258, 25.281606944456083), (58.049999997021835, 25.294467894785218), (57.86999999703106, 25.336840219456626), (57.689999997040296, 25.40659173378876), (57.509999997049526, 25.500756762724567), (57.32077345243681, 25.636271636859497), (57.15253729977119, 25.822021429532953), (56.98470555439985, 26.028796147774734), (56.80977416267944, 26.23070538797591), (56.62172190555441, 26.396683351485006), (56.420458914083625, 26.495375910131088), (56.21756030788431, 26.50168205190961), (56.04328495943412, 26.40494970814621), (55.95487938423123, 26.21882596213852), (56.04616675681281, 25.992761639275923)
Associated file(s): api_response_2023-10-25_22-41-21.json, api_response_2023-10-25_22-01-14.json, api_response_2023-10-25_22-21-17.json

Record time: 2023-10-25T18:41:30Z
Event time: 2023-10-30T06:49:03.125Z
Status: Underway
Travel distance: 1308.2402807775377
Waypoints: (73.52999999999999, 13.949999999999992), (73.35000000000001, 14.12999999999999), (73.17, 14.30999999999999), (72.98999999999998, 14.489999999999991), (72.80999999999997, 14.669999999999991), (72.62999999999998, 14.849999999999993), (72.45, 15.029999999999992), (72.27000000000002, 15.209999999999992), (72.09000000000005, 15.389999999999992), (71.90999999631076, 15.569999999201206), (71.72999999631998, 15.749999999191976), (71.54999999632925, 15.929999999182742), (71.36999999633846, 16.109999999173503), (71.1899999963477, 16.289999999164273), (71.00999999635691, 16.469999999155043), (70.82999999636615, 16.64999999914581), (70.64999999637539, 16.829999999136575), (70.46999999638462, 17.009999999127338), (70.28999999639387, 17.189999999118104), (70.1099999964031, 17.36999999910887), (69.92999999641236, 17.549999999099633), (69.74999999642156, 17.729999999090396), (69.56999999643081, 17.90999999908116), (69.38999999644003, 18.089999999071928), (69.20999999644928, 18.269999999062694), (69.02999999645851, 18.449999999053457), (68.84999999646773, 18.62999999904422), (68.66999999647699, 18.809999999034986), (68.48999999648622, 18.989999999025752), (68.30999999649545, 19.169999999016515), (68.12999999650467, 19.349999999007277), (67.94999999651392, 19.52999999899805), (67.76999999652315, 19.71461327129979), (67.58999999653238, 19.88365674955199), (67.40999999654161, 20.061989768791726), (67.22999999655086, 20.25128415564431), (67.0499999965601, 20.442817336412514), (66.86999999656932, 20.626107685036846), (66.68999999657856, 20.794031766331234), (66.5099999965878, 20.94506312989866), (66.32999999659702, 21.08327231013117), (66.14999999660627, 21.2167276876987), (65.96999999661551, 21.35955014024219), (65.78999999662473, 21.504238254382027), (65.60999999663396, 21.65953883318682), (65.42999999664319, 21.850456587921947), (65.24999999665243, 22.06281733632941), (65.06999999666169, 22.266935252593), (64.8899999966709, 22.436482701769922), (64.70999999668014, 22.564481624902403), (64.52999999668937, 22.67833544102255), (64.34999999669861, 22.76999999883182), (64.16999999670784, 22.866277828952068), (63.98999999671708, 22.969175123333653), (63.80999999672631, 23.100120338026088), (63.62999999673554, 23.272618924637243), (63.449999996744786, 23.480259791499655), (63.269999996754, 23.692581772912913), (63.089999996763254, 23.890584195839885), (62.909999996772484, 24.04103405449417), (62.72999999678173, 24.151292231901355), (62.54999999679096, 24.20347260610785), (62.3699999968002, 24.204291558860536), (62.189999996809426, 24.197512180748085), (62.009999996818664, 24.21454542882905), (61.829999996827894, 24.290906715673966), (61.64999999683714, 24.41493686777422), (61.469999996846376, 24.55640247552036), (61.289999996855585, 24.66088921666455), (61.10999999686484, 24.714993402958715), (60.92999999687408, 24.74999999873024), (60.7499999968833, 24.785006594501763), (60.569999996892555, 24.84372405310691), (60.389999996901764, 24.941867544823506), (60.209999996911016, 25.075322922391024), (60.029999996920246, 25.200637231174472), (59.84999999692947, 25.289815855480033), (59.66999999693871, 25.322956789655205), (59.489999996947944, 25.32020917894058), (59.30999999695718, 25.291477990356775), (59.12999999696641, 25.283273925207112), (58.94999999697565, 25.28365674927494), (58.769999996984886, 25.288715842019325), (58.589999996994116, 25.291536140848095), (58.409999997003354, 25.282348363220347), (58.22999999701258, 25.281606944456083), (58.049999997021835, 25.294467894785218), (57.86999999703106, 25.336840219456626), (57.689999997040296, 25.40659173378876), (57.509999997049526, 25.500756762724567), (57.32077345243681, 25.636271636859497), (57.15253729977119, 25.822021429532953), (56.98470555439985, 26.028796147774734), (56.80977416267944, 26.23070538797591), (56.62172190555441, 26.396683351485006), (56.420458914083625, 26.495375910131088), (56.21756030788431, 26.50168205190961), (56.04328495943412, 26.40494970814621), (55.95487938423123, 26.21882596213852), (56.04616675681281, 25.992761639275923)
Associated file(s): api_response_2023-10-25_23-01-24.json

Record time: 2023-10-25T19:05:02Z
Event time: 2023-10-30T06:17:52.875Z
Status: Underway
Travel distance: 1301.8385529157667
Waypoints: (73.35463424173078, 13.949999999999992), (73.16154932390263, 14.12999999999999), (72.98686507177035, 14.30999999999999), (72.8142253380487, 14.489999999999991), (72.63691241938841, 14.669999999999991), (72.45428824630748, 14.849999999999993), (72.26887813605161, 15.029999999999992), (72.08409710838363, 15.209999999999992), (71.90261876430209, 15.389999999999992), (71.725386724009, 15.569999999201206), (71.55634324575684, 15.749999999191976), (71.37801022651708, 15.929999999182742), (71.1887158396645, 16.109999999173503), (70.99718265889628, 16.289999999164273), (70.81389231027197, 16.469999999155043), (70.64596822897755, 16.64999999914581), (70.49493686541012, 16.829999999136575), (70.35672768517762, 17.009999999127338), (70.22327230761012, 17.189999999118104), (70.08506312737761, 17.36999999910887), (69.93403176381018, 17.549999999099633), (69.76610768251578, 17.729999999090396), (69.58281733389146, 17.90999999908116), (69.39128415312324, 18.089999999071928), (69.20198976627069, 18.269999999062694), (69.02365674703091, 18.449999999053457), (68.8546132687787, 18.62999999904422), (68.66999999647699, 18.809999999034986), (68.48999999648622, 18.989999999025752), (68.30999999649545, 19.169999999016515), (68.12999999650467, 19.349999999007277), (67.94999999651392, 19.52999999899805), (67.76999999652315, 19.71461327129979), (67.58999999653238, 19.88365674955199), (67.40999999654161, 20.061989768791726), (67.22999999655086, 20.25128415564431), (67.0499999965601, 20.442817336412514), (66.86999999656932, 20.626107685036846), (66.68999999657856, 20.794031766331234), (66.5099999965878, 20.94506312989866), (66.32999999659702, 21.08327231013117), (66.14999999660627, 21.2167276876987), (65.96999999661551, 21.35955014024219), (65.78999999662473, 21.504238254382027), (65.60999999663396, 21.65953883318682), (65.42999999664319, 21.850456587921947), (65.24999999665243, 22.06281733632941), (65.06999999666169, 22.266935252593), (64.8899999966709, 22.436482701769922), (64.70999999668014, 22.564481624902403), (64.52999999668937, 22.67833544102255), (64.34999999669861, 22.76999999883182), (64.16999999670784, 22.866277828952068), (63.98999999671708, 22.969175123333653), (63.80999999672631, 23.100120338026088), (63.62999999673554, 23.272618924637243), (63.449999996744786, 23.480259791499655), (63.269999996754, 23.692581772912913), (63.089999996763254, 23.890584195839885), (62.909999996772484, 24.04103405449417), (62.72999999678173, 24.151292231901355), (62.54999999679096, 24.20347260610785), (62.3699999968002, 24.204291558860536), (62.189999996809426, 24.197512180748085), (62.009999996818664, 24.21454542882905), (61.829999996827894, 24.290906715673966), (61.64999999683714, 24.41493686777422), (61.469999996846376, 24.55640247552036), (61.289999996855585, 24.66088921666455), (61.10999999686484, 24.714993402958715), (60.92999999687408, 24.74999999873024), (60.7499999968833, 24.785006594501763), (60.569999996892555, 24.84372405310691), (60.389999996901764, 24.941867544823506), (60.209999996911016, 25.075322922391024), (60.029999996920246, 25.200637231174472), (59.84999999692947, 25.289815855480033), (59.66999999693871, 25.322956789655205), (59.489999996947944, 25.32020917894058), (59.30999999695718, 25.291477990356775), (59.12999999696641, 25.283273925207112), (58.94999999697565, 25.28365674927494), (58.769999996984886, 25.288715842019325), (58.589999996994116, 25.291536140848095), (58.409999997003354, 25.282348363220347), (58.22999999701258, 25.281606944456083), (58.049999997021835, 25.294467894785218), (57.86999999703106, 25.336840219456626), (57.689999997040296, 25.40659173378876), (57.509999997049526, 25.500756762724567), (57.32077345243681, 25.636271636859497), (57.15253729977119, 25.822021429532953), (56.98470555439985, 26.028796147774734), (56.80977416267944, 26.23070538797591), (56.62172190555441, 26.396683351485006), (56.420458914083625, 26.495375910131088), (56.21756030788431, 26.50168205190961), (56.04328495943412, 26.40494970814621), (55.95487938423123, 26.21882596213852), (56.04616675681281, 25.992761639275923)
Associated file(s): api_response_2023-10-26_02-21-56.json, api_response_2023-10-26_02-01-53.json, api_response_2023-10-26_00-01-34.json, api_response_2023-10-25_23-21-27.json, api_response_2023-10-26_00-41-40.json, api_response_2023-10-25_23-41-30.json, api_response_2023-10-26_00-21-37.json, api_response_2023-10-26_01-21-47.json, api_response_2023-10-26_01-01-43.json, api_response_2023-10-26_01-41-50.json

Record time: 2023-10-25T22:21:26Z
Event time: 2023-10-30T05:50:27.625Z
Status: Underway
Travel distance: 1263.0718142548596
Waypoints: (72.99000000000001, 14.48999999999999), (72.81, 14.669999999999995), (72.63000000000001, 14.849999999999994), (72.45, 15.029999999999994), (72.27000000000001, 15.209999999999994), (72.09000000000002, 15.389999999999993), (71.91000000000003, 15.569999999999995), (71.73000000000003, 15.749999999999996), (71.55000000000004, 15.93), (71.36999999633846, 16.109999999173503), (71.1899999963477, 16.289999999164273), (71.00999999635691, 16.469999999155043), (70.82999999636615, 16.64999999914581), (70.64999999637539, 16.829999999136575), (70.46999999638462, 17.009999999127338), (70.28999999639387, 17.189999999118104), (70.1099999964031, 17.36999999910887), (69.92999999641236, 17.549999999099633), (69.74999999642156, 17.729999999090396), (69.56999999643081, 17.90999999908116), (69.38999999644003, 18.089999999071928), (69.20999999644928, 18.269999999062694), (69.02999999645851, 18.449999999053457), (68.84999999646773, 18.62999999904422), (68.66999999647699, 18.809999999034986), (68.48999999648622, 18.989999999025752), (68.30999999649545, 19.169999999016515), (68.12999999650467, 19.349999999007277), (67.94999999651392, 19.52999999899805), (67.76999999652315, 19.71461327129979), (67.58999999653238, 19.88365674955199), (67.40999999654161, 20.061989768791726), (67.22999999655086, 20.25128415564431), (67.0499999965601, 20.442817336412514), (66.86999999656932, 20.626107685036846), (66.68999999657856, 20.794031766331234), (66.5099999965878, 20.94506312989866), (66.32999999659702, 21.08327231013117), (66.14999999660627, 21.2167276876987), (65.96999999661551, 21.35955014024219), (65.78999999662473, 21.504238254382027), (65.60999999663396, 21.65953883318682), (65.42999999664319, 21.850456587921947), (65.24999999665243, 22.06281733632941), (65.06999999666169, 22.266935252593), (64.8899999966709, 22.436482701769922), (64.70999999668014, 22.564481624902403), (64.52999999668937, 22.67833544102255), (64.34999999669861, 22.76999999883182), (64.16999999670784, 22.866277828952068), (63.98999999671708, 22.969175123333653), (63.80999999672631, 23.100120338026088), (63.62999999673554, 23.272618924637243), (63.449999996744786, 23.480259791499655), (63.269999996754, 23.692581772912913), (63.089999996763254, 23.890584195839885), (62.909999996772484, 24.04103405449417), (62.72999999678173, 24.151292231901355), (62.54999999679096, 24.20347260610785), (62.3699999968002, 24.204291558860536), (62.189999996809426, 24.197512180748085), (62.009999996818664, 24.21454542882905), (61.829999996827894, 24.290906715673966), (61.64999999683714, 24.41493686777422), (61.469999996846376, 24.55640247552036), (61.289999996855585, 24.66088921666455), (61.10999999686484, 24.714993402958715), (60.92999999687408, 24.74999999873024), (60.7499999968833, 24.785006594501763), (60.569999996892555, 24.84372405310691), (60.389999996901764, 24.941867544823506), (60.209999996911016, 25.075322922391024), (60.029999996920246, 25.200637231174472), (59.84999999692947, 25.289815855480033), (59.66999999693871, 25.322956789655205), (59.489999996947944, 25.32020917894058), (59.30999999695718, 25.291477990356775), (59.12999999696641, 25.283273925207112), (58.94999999697565, 25.28365674927494), (58.769999996984886, 25.288715842019325), (58.589999996994116, 25.291536140848095), (58.409999997003354, 25.282348363220347), (58.22999999701258, 25.281606944456083), (58.049999997021835, 25.294467894785218), (57.86999999703106, 25.336840219456626), (57.689999997040296, 25.40659173378876), (57.509999997049526, 25.500756762724567), (57.32077345243681, 25.636271636859497), (57.15253729977119, 25.822021429532953), (56.98470555439985, 26.028796147774734), (56.80977416267944, 26.23070538797591), (56.62172190555441, 26.396683351485006), (56.420458914083625, 26.495375910131088), (56.21756030788431, 26.50168205190961), (56.04328495943412, 26.40494970814621), (55.95487938423123, 26.21882596213852), (56.04616675681281, 25.992761639275923)
Associated file(s): api_response_2023-10-26_02-42-00.json, api_response_2023-10-26_03-42-09.json, api_response_2023-10-26_04-42-19.json, api_response_2023-10-26_05-02-22.json, api_response_2023-10-26_03-02-03.json, api_response_2023-10-26_03-22-06.json, api_response_2023-10-26_04-02-13.json, api_response_2023-10-26_05-22-25.json, api_response_2023-10-26_04-22-16.json

Record time: 2023-10-26T01:32:41Z
Event time: 2023-10-30T05:25:40.200Z
Status: Underway
Travel distance: 1226.7688984881208
Waypoints: (72.4584746411483, 14.849999999999998), (72.25503083003956, 15.030000000000001), (72.08317683280514, 15.21), (71.91691519475278, 15.389999999999999), (71.74369818524457, 15.57), (71.56038973066241, 15.750000000000002), (71.36978801502714, 15.930000000000005), (71.17770874827156, 16.110000000000007), (70.99062910216723, 16.29000000000001), (70.81389231027197, 16.469999999155043), (70.64596822897755, 16.64999999914581), (70.49493686541012, 16.829999999136575), (70.35672768517762, 17.009999999127338), (70.22327230761012, 17.189999999118104), (70.08506312737761, 17.36999999910887), (69.93403176381018, 17.549999999099633), (69.76610768251578, 17.729999999090396), (69.58281733389146, 17.90999999908116), (69.39128415312324, 18.089999999071928), (69.20198976627069, 18.269999999062694), (69.02365674703091, 18.449999999053457), (68.8546132687787, 18.62999999904422), (68.66999999647699, 18.809999999034986), (68.48999999648622, 18.989999999025752), (68.30999999649545, 19.169999999016515), (68.12999999650467, 19.349999999007277), (67.94999999651392, 19.52999999899805), (67.76999999652315, 19.71461327129979), (67.58999999653238, 19.88365674955199), (67.40999999654161, 20.061989768791726), (67.22999999655086, 20.25128415564431), (67.0499999965601, 20.442817336412514), (66.86999999656932, 20.626107685036846), (66.68999999657856, 20.794031766331234), (66.5099999965878, 20.94506312989866), (66.32999999659702, 21.08327231013117), (66.14999999660627, 21.2167276876987), (65.96999999661551, 21.35955014024219), (65.78999999662473, 21.504238254382027), (65.60999999663396, 21.65953883318682), (65.42999999664319, 21.850456587921947), (65.24999999665243, 22.06281733632941), (65.06999999666169, 22.266935252593), (64.8899999966709, 22.436482701769922), (64.70999999668014, 22.564481624902403), (64.52999999668937, 22.67833544102255), (64.34999999669861, 22.76999999883182), (64.16999999670784, 22.866277828952068), (63.98999999671708, 22.969175123333653), (63.80999999672631, 23.100120338026088), (63.62999999673554, 23.272618924637243), (63.449999996744786, 23.480259791499655), (63.269999996754, 23.692581772912913), (63.089999996763254, 23.890584195839885), (62.909999996772484, 24.04103405449417), (62.72999999678173, 24.151292231901355), (62.54999999679096, 24.20347260610785), (62.3699999968002, 24.204291558860536), (62.189999996809426, 24.197512180748085), (62.009999996818664, 24.21454542882905), (61.829999996827894, 24.290906715673966), (61.64999999683714, 24.41493686777422), (61.469999996846376, 24.55640247552036), (61.289999996855585, 24.66088921666455), (61.10999999686484, 24.714993402958715), (60.92999999687408, 24.74999999873024), (60.7499999968833, 24.785006594501763), (60.569999996892555, 24.84372405310691), (60.389999996901764, 24.941867544823506), (60.209999996911016, 25.075322922391024), (60.029999996920246, 25.200637231174472), (59.84999999692947, 25.289815855480033), (59.66999999693871, 25.322956789655205), (59.489999996947944, 25.32020917894058), (59.30999999695718, 25.291477990356775), (59.12999999696641, 25.283273925207112), (58.94999999697565, 25.28365674927494), (58.769999996984886, 25.288715842019325), (58.589999996994116, 25.291536140848095), (58.409999997003354, 25.282348363220347), (58.22999999701258, 25.281606944456083), (58.049999997021835, 25.294467894785218), (57.86999999703106, 25.336840219456626), (57.689999997040296, 25.40659173378876), (57.509999997049526, 25.500756762724567), (57.32077345243681, 25.636271636859497), (57.15253729977119, 25.822021429532953), (56.98470555439985, 26.028796147774734), (56.80977416267944, 26.23070538797591), (56.62172190555441, 26.396683351485006), (56.420458914083625, 26.495375910131088), (56.21756030788431, 26.50168205190961), (56.04328495943412, 26.40494970814621), (55.95487938423123, 26.21882596213852), (56.04616675681281, 25.992761639275923)
Associated file(s): api_response_2023-10-26_06-22-35.json, api_response_2023-10-26_06-42-38.json, api_response_2023-10-26_08-42-58.json, api_response_2023-10-26_07-42-48.json, api_response_2023-10-26_07-22-45.json, api_response_2023-10-26_06-02-32.json, api_response_2023-10-26_05-42-28.json, api_response_2023-10-26_08-02-51.json, api_response_2023-10-26_07-02-41.json, api_response_2023-10-26_08-22-54.json

Record time: 2023-10-26T04:39:52Z
Event time: 2023-10-30T05:47:22.444Z
Status: Underway
Travel distance: 1188.3601511879049
Waypoints: (71.72999999999993, 15.030000000000001), (71.54999999999995, 15.21), (71.36999999999995, 15.389999999999997), (71.18999999999996, 15.569999999999993), (71.00999999999996, 15.749999999999993), (70.82999999999996, 15.929999999999994), (70.64999999999996, 16.11), (70.46999999999997, 16.290000000000003), (70.28999999999999, 16.470000000000006), (70.1099999964031, 16.64999999914581), (69.92999999641236, 16.829999999136575), (69.74999999642156, 17.009999999127338), (69.56999999643081, 17.189999999118104), (69.38999999644003, 17.36999999910887), (69.20999999644928, 17.549999999099633), (69.02999999645851, 17.729999999090396), (68.84999999646773, 17.90999999908116), (68.66999999647699, 18.089999999071928), (68.48999999648622, 18.269999999062694), (68.30999999649545, 18.449999999053457), (68.12999999650467, 18.62999999904422), (67.94999999651392, 18.809999999034986), (67.76999999652315, 18.989999999025752), (67.58999999653238, 19.169999999016515), (67.40999999654161, 19.349999999007277), (67.22999999655086, 19.52999999899805), (67.0499999965601, 19.709999998988813), (66.86538672425833, 19.88999999897958), (66.69634324600617, 20.069999998970342), (66.5180102267664, 20.249999998961105), (66.32871583991383, 20.429999998951875), (66.13718265914562, 20.60999999894264), (65.9538923105213, 20.7899999989334), (65.78596822922691, 20.969999998924173), (65.63493686565947, 21.149999998914936), (65.49672768542696, 21.32999999890571), (65.36327230785943, 21.509999998896472), (65.22506312762692, 21.689999998887235), (65.07403176405953, 21.869999998878004), (64.90610768276511, 22.049999998868767), (64.7228173341408, 22.22999999885953), (64.53128415337257, 22.409999998850292), (64.34198976652, 22.589999998841066), (64.16365674728026, 22.7746132711428), (63.99461326902806, 22.948270021705977), (63.80999999672631, 23.120259791518123), (63.62999999673554, 23.301543948192094), (63.449999996744786, 23.4943612856435), (63.269999996754, 23.685855699417495), (63.089999996763254, 23.876230716233678), (62.909999996772484, 24.03930407737755), (62.72999999678173, 24.15590550421233), (62.54999999679096, 24.20347260610785), (62.3699999968002, 24.204291558860536), (62.189999996809426, 24.197512180748085), (62.009999996818664, 24.21454542882905), (61.829999996827894, 24.290906715673966), (61.64999999683714, 24.41493686777422), (61.469999996846376, 24.55640247552036), (61.289999996855585, 24.66088921666455), (61.10999999686484, 24.714993402958715), (60.92999999687408, 24.74999999873024), (60.7499999968833, 24.785006594501763), (60.569999996892555, 24.84372405310691), (60.389999996901764, 24.941867544823506), (60.209999996911016, 25.075322922391024), (60.029999996920246, 25.200637231174472), (59.84999999692947, 25.289815855480033), (59.66999999693871, 25.322956789655205), (59.489999996947944, 25.32020917894058), (59.30999999695718, 25.291477990356775), (59.12999999696641, 25.283273925207112), (58.94999999697565, 25.28365674927494), (58.769999996984886, 25.288715842019325), (58.589999996994116, 25.291536140848095), (58.409999997003354, 25.282348363220347), (58.22999999701258, 25.281606944456083), (58.049999997021835, 25.294467894785218), (57.86999999703106, 25.336840219456626), (57.689999997040296, 25.40659173378876), (57.509999997049526, 25.500756762724567), (57.32077345243681, 25.636271636859497), (57.15253729977119, 25.822021429532953), (56.98470555439985, 26.028796147774734), (56.80977416267944, 26.23070538797591), (56.62172190555441, 26.396683351485006), (56.420458914083625, 26.495375910131088), (56.21756030788431, 26.50168205190961), (56.04328495943412, 26.40494970814621), (55.95487938423123, 26.21882596213852), (56.04616675681281, 25.992761639275923)
Associated file(s): api_response_2023-10-26_10-43-18.json, api_response_2023-10-26_09-03-01.json, api_response_2023-10-26_09-23-05.json, api_response_2023-10-26_10-23-15.json, api_response_2023-10-26_10-03-11.json, api_response_2023-10-26_09-43-08.json

Record time: 2023-10-26T06:55:42Z
Event time: 2023-10-30T07:26:44.090Z
Status: Underway
Travel distance: 1166.9713822894169
Waypoints: (71.37796388599959, 15.209999999999987), (71.18051732889535, 15.389999999999999), (70.99437575594415, 15.57), (70.82639431711108, 15.75), (70.6754906202964, 15.93), (70.53589534380012, 16.11), (70.39984218113294, 16.290000000000003), (70.25969711817328, 16.470000000000006), (70.10952704267063, 16.65000000000001), (69.94610768250656, 16.829999999136575), (69.76281733388221, 17.009999999127338), (69.57128415311402, 17.189999999118104), (69.38198976626141, 17.36999999910887), (69.20365674702171, 17.549999999099633), (69.03461326876948, 17.729999999090396), (68.84999999646773, 17.90999999908116), (68.66999999647699, 18.089999999071928), (68.48999999648622, 18.269999999062694), (68.30999999649545, 18.449999999053457), (68.12999999650467, 18.62999999904422), (67.94999999651392, 18.809999999034986), (67.76999999652315, 18.989999999025752), (67.58999999653238, 19.169999999016515), (67.40999999654161, 19.349999999007277), (67.22999999655086, 19.52999999899805), (67.0499999965601, 19.709999998988813), (66.86538672425833, 19.88999999897958), (66.69634324600617, 20.069999998970342), (66.5180102267664, 20.249999998961105), (66.32871583991383, 20.429999998951875), (66.13718265914562, 20.60999999894264), (65.9538923105213, 20.7899999989334), (65.78596822922691, 20.969999998924173), (65.63493686565947, 21.149999998914936), (65.49672768542696, 21.32999999890571), (65.36327230785943, 21.509999998896472), (65.22506312762692, 21.689999998887235), (65.07403176405953, 21.869999998878004), (64.90610768276511, 22.049999998868767), (64.7228173341408, 22.22999999885953), (64.53128415337257, 22.409999998850292), (64.34198976652, 22.589999998841066), (64.16365674728026, 22.7746132711428), (63.99461326902806, 22.948270021705977), (63.80999999672631, 23.120259791518123), (63.62999999673554, 23.301543948192094), (63.449999996744786, 23.4943612856435), (63.269999996754, 23.685855699417495), (63.089999996763254, 23.876230716233678), (62.909999996772484, 24.03930407737755), (62.72999999678173, 24.15590550421233), (62.54999999679096, 24.20347260610785), (62.3699999968002, 24.204291558860536), (62.189999996809426, 24.197512180748085), (62.009999996818664, 24.21454542882905), (61.829999996827894, 24.290906715673966), (61.64999999683714, 24.41493686777422), (61.469999996846376, 24.55640247552036), (61.289999996855585, 24.66088921666455), (61.10999999686484, 24.714993402958715), (60.92999999687408, 24.74999999873024), (60.7499999968833, 24.785006594501763), (60.569999996892555, 24.84372405310691), (60.389999996901764, 24.941867544823506), (60.209999996911016, 25.075322922391024), (60.029999996920246, 25.200637231174472), (59.84999999692947, 25.289815855480033), (59.66999999693871, 25.322956789655205), (59.489999996947944, 25.32020917894058), (59.30999999695718, 25.291477990356775), (59.12999999696641, 25.283273925207112), (58.94999999697565, 25.28365674927494), (58.769999996984886, 25.288715842019325), (58.589999996994116, 25.291536140848095), (58.409999997003354, 25.282348363220347), (58.22999999701258, 25.281606944456083), (58.049999997021835, 25.294467894785218), (57.86999999703106, 25.336840219456626), (57.689999997040296, 25.40659173378876), (57.509999997049526, 25.500756762724567), (57.32077345243681, 25.636271636859497), (57.15253729977119, 25.822021429532953), (56.98470555439985, 26.028796147774734), (56.80977416267944, 26.23070538797591), (56.62172190555441, 26.396683351485006), (56.420458914083625, 26.495375910131088), (56.21756030788431, 26.50168205190961), (56.04328495943412, 26.40494970814621), (55.95487938423123, 26.21882596213852), (56.04616675681281, 25.992761639275923)
Associated file(s): api_response_2023-10-26_11-03-22.json
