Record time: 2023-08-03T09:36:51Z
Event time: 2023-08-04T17:41:45Z
Status: Underway
Travel distance: 481.30075593952483
Num waypoints: 44
Waypoints: (48.50999999999999, 28.909705263157885), (48.690000000000005, 28.849447139588104), (48.870000000000005, 28.877824902409483), (49.05000000000001, 28.920093363844394), (49.23000000000001, 28.934076457127475), (49.41000000000001, 28.901260034997982), (49.59000000000001, 28.81913199623099), (49.77000000000002, 28.694769740207303), (49.95000000000002, 28.539674949522155), (50.12999999742817, 28.36585569917739), (50.30999999741891, 28.18070453483098), (50.48999999740969, 27.98955417813059), (50.674613269711415, 27.798975634594804), (50.84365674796363, 27.61545268400522), (51.02198976720337, 27.438505584808482), (51.21128415405597, 27.25674168658117), (51.40281733482418, 27.123010094179897), (51.586107683448496, 26.994478124877023), (51.754031764742884, 26.85044420376448), (51.90506312831031, 26.692497777604856), (52.04327230854282, 26.511111857571095), (52.176727686110326, 26.349564946824234), (52.31493686634284, 26.22947449051057), (52.465968229910274, 26.15799299906182), (52.63389231120466, 26.131805894473047), (52.817182659829, 26.138250907260442), (53.008715840597205, 26.153239196396832), (53.19801022744979, 26.135018709118185), (53.37634324668954, 26.098001075522028), (53.54538672494172, 26.045961231669537), (53.72999999724346, 26.00430125051674), (53.90999999723422, 25.971979269094252), (54.089999997225, 26.000128952764904), (54.26999999721577, 26.013396956533235), (54.44999999720652, 26.04049993136022), (54.630000000000074, 26.02514044958943), (54.810000000000066, 25.99393033199131), (54.99000000000006, 25.959340657619375), (55.170000000000044, 25.938356436079708), (55.35000000000003, 25.946780283654935), (55.530000000000015, 25.991274528567406), (55.71, 26.05914174671745), (55.88999999999997, 26.10584372789692), (56.069999999999936, 26.040258872477857)

Record time: 2023-08-03T10:49:46Z
Event time: 2023-08-04T18:18:31.555Z
Status: Underway
Travel distance: 463.9001079913607
Num waypoints: 105
Waypoints: (48.78864475986777, 28.906958954014712), (48.85864281547734, 28.933635142643745), (48.92864087108689, 28.916416939095857), (48.99863892669645, 28.88595821212353), (49.06863698230601, 28.8596116500945), (49.13863503791558, 28.84476809800292), (49.20863309352515, 28.841806113539075), (49.278631149134725, 28.846651742217706), (49.3486292047443, 28.85294851156489), (49.418627257818535, 28.85383764288323), (49.48862531342452, 28.84775344134154), (49.55862336903051, 28.821151080573433), (49.628621424636464, 28.772831814550266), (49.69861948024245, 28.714313783179477), (49.76861753584842, 28.642733943666215), (49.8386155914544, 28.566457130719908), (49.90861364706036, 28.49146011109665), (49.97861170266634, 28.420948964976866), (50.04860975827232, 28.35405290515106), (50.11860781387829, 28.286508466970123), (50.18860586948427, 28.21470244896089), (50.25860392509024, 28.14469078035304), (50.32860198069622, 28.074679111745205), (50.3986000363022, 28.00466744313736), (50.46859809190816, 27.934655774529514), (50.53859614751414, 27.86464410592167), (50.60859420312011, 27.794632437313826), (50.6785922587261, 27.724620768705986), (50.74859031433206, 27.652814750696745), (50.818588369938055, 27.58527031251582), (50.888586425544034, 27.51837425269001), (50.958584481149984, 27.447863106570225), (51.028582536755984, 27.372866086946964), (51.09858059236195, 27.296589274000652), (51.16857864796792, 27.22500943448739), (51.2385767035739, 27.164697053715216), (51.308574759179876, 27.120639367520347), (51.37857281478584, 27.094685385107375), (51.448570870391826, 27.08498609727171), (51.5185689259978, 27.088348617578518), (51.58856698160376, 27.09035218208868), (51.658565037209755, 27.094689154748977), (51.728563092815726, 27.098803718554898), (51.79856114842171, 27.10196833267773), (51.86855920402767, 27.096519315745564), (51.93855725963364, 27.09476266276017), (52.00855531523963, 27.082848710484758), (52.0785533708456, 27.072225860457195), (52.14855142645157, 27.054755456464033), (52.21854948205756, 27.039435633003414), (52.288547537663526, 27.01932836471136), (52.358545593269504, 26.993255638587993), (52.428543648875475, 26.971205120051362), (52.49854170448145, 26.942324010936332), (52.568539760087425, 26.91221211383904), (52.6385378156934, 26.87208804865331), (52.708535871299375, 26.823346582770984), (52.778533926905354, 26.787193835010395), (52.848531982511325, 26.74739961346463), (52.91853003811731, 26.703564336124142), (52.98852809372327, 26.655708736017722), (53.058526149329246, 26.62055494328101), (53.12852420493523, 26.57962794443458), (53.198522260541196, 26.53886680981853), (53.268520316147175, 26.48946565665629), (53.33851837175316, 26.438956228863766), (53.40851642735913, 26.385674229674773), (53.47851448296509, 26.337475592182788), (53.54851253857108, 26.288562607607687), (53.618510594177046, 26.229243527397), (53.688508649783024, 26.16899711535282), (53.758506705388996, 26.103275298885276), (53.828504760994974, 26.04830826990128), (53.89850281660096, 26.007232370211664), (53.96850087220693, 25.974998164893822), (54.038498927812924, 25.961683790764173), (54.10849698341888, 25.962105990623325), (54.17849503902486, 25.976894294618404), (54.24849309463083, 25.980733674587555), (54.31849115023681, 25.97761806580552), (54.38848920584279, 25.970016583520003), (54.45848726144877, 25.966269559770033), (54.528485317054745, 25.970966533203086), (54.59848337266071, 25.986495571772476), (54.668481428266695, 26.003398644704912), (54.73847948387265, 26.017887262192822), (54.80847753947863, 26.02965608326665), (54.8784755950846, 26.04143809808608), (54.94847365069058, 26.048364814525275), (55.018471706296545, 26.05344252175988), (55.08846976190252, 26.066383701371176), (55.15846781750851, 26.09144050908346), (55.22846587311449, 26.11901920702584), (55.29846392872046, 26.129958706947768), (55.36846198432644, 26.106328708580925), (55.43846003993242, 26.066851136929515), (55.5084580983862, 26.047141190198378), (55.57845615399576, 26.034574541614095), (55.648454209605326, 26.032127153209657), (55.718452265214886, 26.03980262327932), (55.78845032082445, 26.053909358939187), (55.85844837643401, 26.06651322416689), (55.92844643204357, 26.06506566465783), (55.998444487653124, 26.032207309497796), (56.06844254326265, 25.945747049652102)

Record time: 2023-08-03T11:40:37Z
Event time: 2023-08-04T18:59:51.545Z
Status: Underway
Travel distance: 452.9902807775378
Num waypoints: 102
Waypoints: (48.99863892669651, 28.911690094108653), (49.06863698230606, 28.856752125631633), (49.13863503791561, 28.8357424736785), (49.20863309352518, 28.835984347591328), (49.27863114913474, 28.84584985948731), (49.34862920474431, 28.85541424555841), (49.41862726035389, 28.856924621004296), (49.48862531596346, 28.845083268598543), (49.558623371573034, 28.817145460888163), (49.628621424636464, 28.772831814550266), (49.69861948024245, 28.714313783179477), (49.76861753584842, 28.642733943666215), (49.8386155914544, 28.566457130719908), (49.90861364706036, 28.49146011109665), (49.97861170266634, 28.420948964976866), (50.04860975827232, 28.35405290515106), (50.11860781387829, 28.286508466970123), (50.18860586948427, 28.21470244896089), (50.25860392509024, 28.14469078035304), (50.32860198069622, 28.074679111745205), (50.3986000363022, 28.00466744313736), (50.46859809190816, 27.934655774529514), (50.53859614751414, 27.86464410592167), (50.60859420312011, 27.794632437313826), (50.6785922587261, 27.724620768705986), (50.74859031433206, 27.652814750696745), (50.818588369938055, 27.58527031251582), (50.888586425544034, 27.51837425269001), (50.958584481149984, 27.447863106570225), (51.028582536755984, 27.372866086946964), (51.09858059236195, 27.296589274000652), (51.16857864796792, 27.22500943448739), (51.2385767035739, 27.164697053715216), (51.308574759179876, 27.120639367520347), (51.37857281478584, 27.094685385107375), (51.448570870391826, 27.08498609727171), (51.5185689259978, 27.088348617578518), (51.58856698160376, 27.09035218208868), (51.658565037209755, 27.094689154748977), (51.728563092815726, 27.098803718554898), (51.79856114842171, 27.10196833267773), (51.86855920402767, 27.096519315745564), (51.93855725963364, 27.09476266276017), (52.00855531523963, 27.082848710484758), (52.0785533708456, 27.072225860457195), (52.14855142645157, 27.054755456464033), (52.21854948205756, 27.039435633003414), (52.288547537663526, 27.01932836471136), (52.358545593269504, 26.993255638587993), (52.428543648875475, 26.971205120051362), (52.49854170448145, 26.942324010936332), (52.568539760087425, 26.91221211383904), (52.6385378156934, 26.87208804865331), (52.708535871299375, 26.823346582770984), (52.778533926905354, 26.787193835010395), (52.848531982511325, 26.74739961346463), (52.91853003811731, 26.703564336124142), (52.98852809372327, 26.655708736017722), (53.058526149329246, 26.62055494328101), (53.12852420493523, 26.57962794443458), (53.198522260541196, 26.53886680981853), (53.268520316147175, 26.48946565665629), (53.33851837175316, 26.438956228863766), (53.40851642735913, 26.385674229674773), (53.47851448296509, 26.337475592182788), (53.54851253857108, 26.288562607607687), (53.618510594177046, 26.229243527397), (53.688508649783024, 26.16899711535282), (53.758506705388996, 26.103275298885276), (53.828504760994974, 26.04830826990128), (53.89850281660096, 26.007232370211664), (53.96850087220693, 25.974998164893822), (54.038498927812924, 25.961683790764173), (54.10849698341888, 25.962105990623325), (54.17849503902486, 25.976894294618404), (54.24849309463083, 25.980733674587555), (54.31849115023681, 25.97761806580552), (54.38848920584279, 25.970016583520003), (54.45848726144877, 25.966269559770033), (54.528485317054745, 25.970966533203086), (54.59848337266071, 25.986495571772476), (54.668481428266695, 26.003398644704912), (54.73847948387265, 26.017887262192822), (54.80847753947863, 26.02965608326665), (54.8784755950846, 26.04143809808608), (54.94847365069058, 26.048364814525275), (55.018471706296545, 26.05344252175988), (55.08846976190252, 26.066383701371176), (55.15846781750851, 26.09144050908346), (55.22846587311449, 26.11901920702584), (55.29846392872046, 26.129958706947768), (55.36846198432644, 26.106328708580925), (55.43846003993242, 26.066851136929515), (55.5084580983862, 26.047141190198378), (55.57845615399576, 26.034574541614095), (55.648454209605326, 26.032127153209657), (55.718452265214886, 26.03980262327932), (55.78845032082445, 26.053909358939187), (55.85844837643401, 26.06651322416689), (55.92844643204357, 26.06506566465783), (55.998444487653124, 26.032207309497796), (56.06844254326265, 25.945747049652102)

Record time: 2023-08-03T12:05:36Z
Event time: 2023-08-04T19:31:04.909Z
Status: Underway
Travel distance: 447.83639308855294
Num waypoints: 101
Waypoints: (49.06863698230604, 28.849921363705548), (49.138635037915606, 28.836173229481798), (49.20863309352517, 28.83910198969536), (49.27863114913473, 28.8486408164541), (49.3486292047443, 28.856391890684154), (49.418627260353865, 28.85588971159571), (49.48862531596343, 28.84274415458169), (49.558623371573006, 28.81466327754945), (49.62862142718258, 28.7713558756854), (49.69861948024245, 28.714313783179477), (49.76861753584842, 28.642733943666215), (49.8386155914544, 28.566457130719908), (49.90861364706036, 28.49146011109665), (49.97861170266634, 28.420948964976866), (50.04860975827232, 28.35405290515106), (50.11860781387829, 28.286508466970123), (50.18860586948427, 28.21470244896089), (50.25860392509024, 28.14469078035304), (50.32860198069622, 28.074679111745205), (50.3986000363022, 28.00466744313736), (50.46859809190816, 27.934655774529514), (50.53859614751414, 27.86464410592167), (50.60859420312011, 27.794632437313826), (50.6785922587261, 27.724620768705986), (50.74859031433206, 27.652814750696745), (50.818588369938055, 27.58527031251582), (50.888586425544034, 27.51837425269001), (50.958584481149984, 27.447863106570225), (51.028582536755984, 27.372866086946964), (51.09858059236195, 27.296589274000652), (51.16857864796792, 27.22500943448739), (51.2385767035739, 27.164697053715216), (51.308574759179876, 27.120639367520347), (51.37857281478584, 27.094685385107375), (51.448570870391826, 27.08498609727171), (51.5185689259978, 27.088348617578518), (51.58856698160376, 27.09035218208868), (51.658565037209755, 27.094689154748977), (51.728563092815726, 27.098803718554898), (51.79856114842171, 27.10196833267773), (51.86855920402767, 27.096519315745564), (51.93855725963364, 27.09476266276017), (52.00855531523963, 27.082848710484758), (52.0785533708456, 27.072225860457195), (52.14855142645157, 27.054755456464033), (52.21854948205756, 27.039435633003414), (52.288547537663526, 27.01932836471136), (52.358545593269504, 26.993255638587993), (52.428543648875475, 26.971205120051362), (52.49854170448145, 26.942324010936332), (52.568539760087425, 26.91221211383904), (52.6385378156934, 26.87208804865331), (52.708535871299375, 26.823346582770984), (52.778533926905354, 26.787193835010395), (52.848531982511325, 26.74739961346463), (52.91853003811731, 26.703564336124142), (52.98852809372327, 26.655708736017722), (53.058526149329246, 26.62055494328101), (53.12852420493523, 26.57962794443458), (53.198522260541196, 26.53886680981853), (53.268520316147175, 26.48946565665629), (53.33851837175316, 26.438956228863766), (53.40851642735913, 26.385674229674773), (53.47851448296509, 26.337475592182788), (53.54851253857108, 26.288562607607687), (53.618510594177046, 26.229243527397), (53.688508649783024, 26.16899711535282), (53.758506705388996, 26.103275298885276), (53.828504760994974, 26.04830826990128), (53.89850281660096, 26.007232370211664), (53.96850087220693, 25.974998164893822), (54.038498927812924, 25.961683790764173), (54.10849698341888, 25.962105990623325), (54.17849503902486, 25.976894294618404), (54.24849309463083, 25.980733674587555), (54.31849115023681, 25.97761806580552), (54.38848920584279, 25.970016583520003), (54.45848726144877, 25.966269559770033), (54.528485317054745, 25.970966533203086), (54.59848337266071, 25.986495571772476), (54.668481428266695, 26.003398644704912), (54.73847948387265, 26.017887262192822), (54.80847753947863, 26.02965608326665), (54.8784755950846, 26.04143809808608), (54.94847365069058, 26.048364814525275), (55.018471706296545, 26.05344252175988), (55.08846976190252, 26.066383701371176), (55.15846781750851, 26.09144050908346), (55.22846587311449, 26.11901920702584), (55.29846392872046, 26.129958706947768), (55.36846198432644, 26.106328708580925), (55.43846003993242, 26.066851136929515), (55.5084580983862, 26.047141190198378), (55.57845615399576, 26.034574541614095), (55.648454209605326, 26.032127153209657), (55.718452265214886, 26.03980262327932), (55.78845032082445, 26.053909358939187), (55.85844837643401, 26.06651322416689), (55.92844643204357, 26.06506566465783), (55.998444487653124, 26.032207309497796), (56.06844254326265, 25.945747049652102)

Record time: 2023-08-03T15:11:10Z
Event time: 2023-08-04T19:15:29.250Z
Status: Underway
Travel distance: 400.26619870410366
Num waypoints: 90
Waypoints: (49.83861559401126, 28.564760793465563), (49.90861364962085, 28.494749124854142), (49.97861170523042, 28.42473745624271), (50.04860976083998, 28.354725787631274), (50.11860781644955, 28.28471411901984), (50.188605872059114, 28.214702450408403), (50.25860392766869, 28.14469078179697), (50.32860198327826, 28.074679113185535), (50.39860003888783, 28.004667444574103), (50.46859809190816, 27.934655774529514), (50.53859614751414, 27.86464410592167), (50.60859420312011, 27.794632437313826), (50.6785922587261, 27.724620768705986), (50.74859031433206, 27.652814750696745), (50.818588369938055, 27.58527031251582), (50.888586425544034, 27.51837425269001), (50.958584481149984, 27.447863106570225), (51.028582536755984, 27.372866086946964), (51.09858059236195, 27.296589274000652), (51.16857864796792, 27.22500943448739), (51.2385767035739, 27.164697053715216), (51.308574759179876, 27.120639367520347), (51.37857281478584, 27.094685385107375), (51.448570870391826, 27.08498609727171), (51.5185689259978, 27.088348617578518), (51.58856698160376, 27.09035218208868), (51.658565037209755, 27.094689154748977), (51.728563092815726, 27.098803718554898), (51.79856114842171, 27.10196833267773), (51.86855920402767, 27.096519315745564), (51.93855725963364, 27.09476266276017), (52.00855531523963, 27.082848710484758), (52.0785533708456, 27.072225860457195), (52.14855142645157, 27.054755456464033), (52.21854948205756, 27.039435633003414), (52.288547537663526, 27.01932836471136), (52.358545593269504, 26.993255638587993), (52.428543648875475, 26.971205120051362), (52.49854170448145, 26.942324010936332), (52.568539760087425, 26.91221211383904), (52.6385378156934, 26.87208804865331), (52.708535871299375, 26.823346582770984), (52.778533926905354, 26.787193835010395), (52.848531982511325, 26.74739961346463), (52.91853003811731, 26.703564336124142), (52.98852809372327, 26.655708736017722), (53.058526149329246, 26.62055494328101), (53.12852420493523, 26.57962794443458), (53.198522260541196, 26.53886680981853), (53.268520316147175, 26.48946565665629), (53.33851837175316, 26.438956228863766), (53.40851642735913, 26.385674229674773), (53.47851448296509, 26.337475592182788), (53.54851253857108, 26.288562607607687), (53.618510594177046, 26.229243527397), (53.688508649783024, 26.16899711535282), (53.758506705388996, 26.103275298885276), (53.828504760994974, 26.04830826990128), (53.89850281660096, 26.007232370211664), (53.96850087220693, 25.974998164893822), (54.038498927812924, 25.961683790764173), (54.10849698341888, 25.962105990623325), (54.17849503902486, 25.976894294618404), (54.24849309463083, 25.980733674587555), (54.31849115023681, 25.97761806580552), (54.38848920584279, 25.970016583520003), (54.45848726144877, 25.966269559770033), (54.528485317054745, 25.970966533203086), (54.59848337266071, 25.986495571772476), (54.668481428266695, 26.003398644704912), (54.73847948387265, 26.017887262192822), (54.80847753947863, 26.02965608326665), (54.8784755950846, 26.04143809808608), (54.94847365069058, 26.048364814525275), (55.018471706296545, 26.05344252175988), (55.08846976190252, 26.066383701371176), (55.15846781750851, 26.09144050908346), (55.22846587311449, 26.11901920702584), (55.29846392872046, 26.129958706947768), (55.36846198432644, 26.106328708580925), (55.43846003993242, 26.066851136929515), (55.5084580983862, 26.047141190198378), (55.57845615399576, 26.034574541614095), (55.648454209605326, 26.032127153209657), (55.718452265214886, 26.03980262327932), (55.78845032082445, 26.053909358939187), (55.85844837643401, 26.06651322416689), (55.92844643204357, 26.06506566465783), (55.998444487653124, 26.032207309497796), (56.06844254326265, 25.945747049652102)

Record time: 2023-08-03T16:57:08Z
Event time: 2023-08-04T19:55:53.363Z
Status: Underway
Travel distance: 377.957343412527
Num waypoints: 86
Waypoints: (50.118607816449554, 28.28651662455498), (50.188605872059114, 28.211415528550255), (50.25860392766867, 28.14347143981735), (50.32860198327825, 28.07632257411464), (50.398600038887814, 28.007356055771474), (50.46859809449739, 27.9363237052927), (50.538596150106954, 27.86420775420135), (50.60859420571653, 27.79233648711929), (50.678592261326095, 27.721749811086017), (50.74859031433206, 27.652814750696745), (50.818588369938055, 27.58527031251582), (50.888586425544034, 27.51837425269001), (50.958584481149984, 27.447863106570225), (51.028582536755984, 27.372866086946964), (51.09858059236195, 27.296589274000652), (51.16857864796792, 27.22500943448739), (51.2385767035739, 27.164697053715216), (51.308574759179876, 27.120639367520347), (51.37857281478584, 27.094685385107375), (51.448570870391826, 27.08498609727171), (51.5185689259978, 27.088348617578518), (51.58856698160376, 27.09035218208868), (51.658565037209755, 27.094689154748977), (51.728563092815726, 27.098803718554898), (51.79856114842171, 27.10196833267773), (51.86855920402767, 27.096519315745564), (51.93855725963364, 27.09476266276017), (52.00855531523963, 27.082848710484758), (52.0785533708456, 27.072225860457195), (52.14855142645157, 27.054755456464033), (52.21854948205756, 27.039435633003414), (52.288547537663526, 27.01932836471136), (52.358545593269504, 26.993255638587993), (52.428543648875475, 26.971205120051362), (52.49854170448145, 26.942324010936332), (52.568539760087425, 26.91221211383904), (52.6385378156934, 26.87208804865331), (52.708535871299375, 26.823346582770984), (52.778533926905354, 26.787193835010395), (52.848531982511325, 26.74739961346463), (52.91853003811731, 26.703564336124142), (52.98852809372327, 26.655708736017722), (53.058526149329246, 26.62055494328101), (53.12852420493523, 26.57962794443458), (53.198522260541196, 26.53886680981853), (53.268520316147175, 26.48946565665629), (53.33851837175316, 26.438956228863766), (53.40851642735913, 26.385674229674773), (53.47851448296509, 26.337475592182788), (53.54851253857108, 26.288562607607687), (53.618510594177046, 26.229243527397), (53.688508649783024, 26.16899711535282), (53.758506705388996, 26.103275298885276), (53.828504760994974, 26.04830826990128), (53.89850281660096, 26.007232370211664), (53.96850087220693, 25.974998164893822), (54.038498927812924, 25.961683790764173), (54.10849698341888, 25.962105990623325), (54.17849503902486, 25.976894294618404), (54.24849309463083, 25.980733674587555), (54.31849115023681, 25.97761806580552), (54.38848920584279, 25.970016583520003), (54.45848726144877, 25.966269559770033), (54.528485317054745, 25.970966533203086), (54.59848337266071, 25.986495571772476), (54.668481428266695, 26.003398644704912), (54.73847948387265, 26.017887262192822), (54.80847753947863, 26.02965608326665), (54.8784755950846, 26.04143809808608), (54.94847365069058, 26.048364814525275), (55.018471706296545, 26.05344252175988), (55.08846976190252, 26.066383701371176), (55.15846781750851, 26.09144050908346), (55.22846587311449, 26.11901920702584), (55.29846392872046, 26.129958706947768), (55.36846198432644, 26.106328708580925), (55.43846003993242, 26.066851136929515), (55.5084580983862, 26.047141190198378), (55.57845615399576, 26.034574541614095), (55.648454209605326, 26.032127153209657), (55.718452265214886, 26.03980262327932), (55.78845032082445, 26.053909358939187), (55.85844837643401, 26.06651322416689), (55.92844643204357, 26.06506566465783), (55.998444487653124, 26.032207309497796), (56.06844254326265, 25.945747049652102)

Record time: 2023-08-03T17:43:20Z
Event time: 2023-08-04T20:28:02.666Z
Status: Underway
Travel distance: 368.5701943844492
Num waypoints: 84
Waypoints: (50.25860392766868, 28.215020539620486), (50.32860198327827, 28.143824872275196), (50.39860003888783, 28.074749799677107), (50.46859809449739, 28.00544752049896), (50.538596150106954, 27.935268456954184), (50.60859420571652, 27.864498656301258), (50.678592261326095, 27.793763810506807), (50.74859031693567, 27.72359989406737), (50.81858837254524, 27.654190419989924), (50.888586425544034, 27.58527031251582), (50.958584481149984, 27.51837425269001), (51.028582536755984, 27.447863106570225), (51.09858059236195, 27.372866086946964), (51.16857864796792, 27.296589274000652), (51.2385767035739, 27.22500943448739), (51.308574759179876, 27.164697053715216), (51.37857281478584, 27.120639367520347), (51.448570870391826, 27.094685385107375), (51.5185689259978, 27.086780446673096), (51.58856698160376, 27.084087037750216), (51.658565037209755, 27.089703803733556), (51.728563092815726, 27.098304241042957), (51.79856114842171, 27.105083941459764), (51.86855920402767, 27.098986546172476), (51.93855725963364, 27.092968313358778), (52.00855531523963, 27.082848710484758), (52.0785533708456, 27.072225860457195), (52.14855142645157, 27.054755456464033), (52.21854948205756, 27.039435633003414), (52.288547537663526, 27.01932836471136), (52.358545593269504, 26.993255638587993), (52.428543648875475, 26.971205120051362), (52.49854170448145, 26.942324010936332), (52.568539760087425, 26.91221211383904), (52.6385378156934, 26.87208804865331), (52.708535871299375, 26.823346582770984), (52.778533926905354, 26.787193835010395), (52.848531982511325, 26.74739961346463), (52.91853003811731, 26.703564336124142), (52.98852809372327, 26.655708736017722), (53.058526149329246, 26.62055494328101), (53.12852420493523, 26.57962794443458), (53.198522260541196, 26.53886680981853), (53.268520316147175, 26.48946565665629), (53.33851837175316, 26.438956228863766), (53.40851642735913, 26.385674229674773), (53.47851448296509, 26.337475592182788), (53.54851253857108, 26.288562607607687), (53.618510594177046, 26.229243527397), (53.688508649783024, 26.16899711535282), (53.758506705388996, 26.103275298885276), (53.828504760994974, 26.04830826990128), (53.89850281660096, 26.007232370211664), (53.96850087220693, 25.974998164893822), (54.038498927812924, 25.961683790764173), (54.10849698341888, 25.962105990623325), (54.17849503902486, 25.976894294618404), (54.24849309463083, 25.980733674587555), (54.31849115023681, 25.97761806580552), (54.38848920584279, 25.970016583520003), (54.45848726144877, 25.966269559770033), (54.528485317054745, 25.970966533203086), (54.59848337266071, 25.986495571772476), (54.668481428266695, 26.003398644704912), (54.73847948387265, 26.017887262192822), (54.80847753947863, 26.02965608326665), (54.8784755950846, 26.04143809808608), (54.94847365069058, 26.048364814525275), (55.018471706296545, 26.05344252175988), (55.08846976190252, 26.066383701371176), (55.15846781750851, 26.09144050908346), (55.22846587311449, 26.11901920702584), (55.29846392872046, 26.129958706947768), (55.36846198432644, 26.106328708580925), (55.43846003993242, 26.066851136929515), (55.5084580983862, 26.047141190198378), (55.57845615399576, 26.034574541614095), (55.648454209605326, 26.032127153209657), (55.718452265214886, 26.03980262327932), (55.78845032082445, 26.053909358939187), (55.85844837643401, 26.06651322416689), (55.92844643204357, 26.06506566465783), (55.998444487653124, 26.032207309497796), (56.06844254326265, 25.945747049652102)

Record time: 2023-08-03T18:34:28Z
Event time: 2023-08-04T20:58:43.727Z
Status: Underway
Travel distance: 357.2170626349892
Num waypoints: 82
Waypoints: (50.39860003888777, 28.071233146721326), (50.46859809449735, 28.011155454693537), (50.53859615010692, 27.93690048330376), (50.608594205716486, 27.861125232591537), (50.678592261326045, 27.789131189424882), (50.74859031693561, 27.721454071279332), (50.81858837254518, 27.65603702462018), (50.888586428154746, 27.589987277887975), (50.95858448376431, 27.520916249087243), (51.028582536755984, 27.447863106570225), (51.09858059236195, 27.372866086946964), (51.16857864796792, 27.296589274000652), (51.2385767035739, 27.22500943448739), (51.308574759179876, 27.164697053715216), (51.37857281478584, 27.120639367520347), (51.448570870391826, 27.094685385107375), (51.5185689259978, 27.086780446673096), (51.58856698160376, 27.084087037750216), (51.658565037209755, 27.089703803733556), (51.728563092815726, 27.098304241042957), (51.79856114842171, 27.105083941459764), (51.86855920402767, 27.098986546172476), (51.93855725963364, 27.092968313358778), (52.00855531523963, 27.082848710484758), (52.0785533708456, 27.072225860457195), (52.14855142645157, 27.054755456464033), (52.21854948205756, 27.039435633003414), (52.288547537663526, 27.01932836471136), (52.358545593269504, 26.993255638587993), (52.428543648875475, 26.971205120051362), (52.49854170448145, 26.942324010936332), (52.568539760087425, 26.91221211383904), (52.6385378156934, 26.87208804865331), (52.708535871299375, 26.823346582770984), (52.778533926905354, 26.787193835010395), (52.848531982511325, 26.74739961346463), (52.91853003811731, 26.703564336124142), (52.98852809372327, 26.655708736017722), (53.058526149329246, 26.62055494328101), (53.12852420493523, 26.57962794443458), (53.198522260541196, 26.53886680981853), (53.268520316147175, 26.48946565665629), (53.33851837175316, 26.438956228863766), (53.40851642735913, 26.385674229674773), (53.47851448296509, 26.337475592182788), (53.54851253857108, 26.288562607607687), (53.618510594177046, 26.229243527397), (53.688508649783024, 26.16899711535282), (53.758506705388996, 26.103275298885276), (53.828504760994974, 26.04830826990128), (53.89850281660096, 26.007232370211664), (53.96850087220693, 25.974998164893822), (54.038498927812924, 25.961683790764173), (54.10849698341888, 25.962105990623325), (54.17849503902486, 25.976894294618404), (54.24849309463083, 25.980733674587555), (54.31849115023681, 25.97761806580552), (54.38848920584279, 25.970016583520003), (54.45848726144877, 25.966269559770033), (54.528485317054745, 25.970966533203086), (54.59848337266071, 25.986495571772476), (54.668481428266695, 26.003398644704912), (54.73847948387265, 26.017887262192822), (54.80847753947863, 26.02965608326665), (54.8784755950846, 26.04143809808608), (54.94847365069058, 26.048364814525275), (55.018471706296545, 26.05344252175988), (55.08846976190252, 26.066383701371176), (55.15846781750851, 26.09144050908346), (55.22846587311449, 26.11901920702584), (55.29846392872046, 26.129958706947768), (55.36846198432644, 26.106328708580925), (55.43846003993242, 26.066851136929515), (55.5084580983862, 26.047141190198378), (55.57845615399576, 26.034574541614095), (55.648454209605326, 26.032127153209657), (55.718452265214886, 26.03980262327932), (55.78845032082445, 26.053909358939187), (55.85844837643401, 26.06651322416689), (55.92844643204357, 26.06506566465783), (55.998444487653124, 26.032207309497796), (56.06844254326265, 25.945747049652102)

Record time: 2023-08-03T21:39:38Z
Event time: 2023-08-04T21:13:31.200Z
Status: Underway
Travel distance: 317.6776457883369
Num waypoints: 75
Waypoints: (50.88858642815477, 27.57768103157613), (50.95858448376434, 27.526506924581742), (51.02858253937391, 27.451498915878208), (51.09858059498347, 27.3690856175993), (51.168578650593034, 27.290277724489542), (51.2385767062026, 27.221788916833894), (51.308574761812174, 27.167027087716406), (51.37857281742175, 27.126955894607853), (51.44857087303132, 27.10082663528232), (51.5185689259978, 27.086780446673096), (51.58856698160376, 27.084087037750216), (51.658565037209755, 27.089703803733556), (51.728563092815726, 27.098304241042957), (51.79856114842171, 27.105083941459764), (51.86855920402767, 27.098986546172476), (51.93855725963364, 27.092968313358778), (52.00855531523963, 27.082848710484758), (52.0785533708456, 27.072225860457195), (52.14855142645157, 27.054755456464033), (52.21854948205756, 27.039435633003414), (52.288547537663526, 27.01932836471136), (52.358545593269504, 26.993255638587993), (52.428543648875475, 26.971205120051362), (52.49854170448145, 26.942324010936332), (52.568539760087425, 26.91221211383904), (52.6385378156934, 26.87208804865331), (52.708535871299375, 26.823346582770984), (52.778533926905354, 26.787193835010395), (52.848531982511325, 26.74739961346463), (52.91853003811731, 26.703564336124142), (52.98852809372327, 26.655708736017722), (53.058526149329246, 26.62055494328101), (53.12852420493523, 26.57962794443458), (53.198522260541196, 26.53886680981853), (53.268520316147175, 26.48946565665629), (53.33851837175316, 26.438956228863766), (53.40851642735913, 26.385674229674773), (53.47851448296509, 26.337475592182788), (53.54851253857108, 26.288562607607687), (53.618510594177046, 26.229243527397), (53.688508649783024, 26.16899711535282), (53.758506705388996, 26.103275298885276), (53.828504760994974, 26.04830826990128), (53.89850281660096, 26.007232370211664), (53.96850087220693, 25.974998164893822), (54.038498927812924, 25.961683790764173), (54.10849698341888, 25.962105990623325), (54.17849503902486, 25.976894294618404), (54.24849309463083, 25.980733674587555), (54.31849115023681, 25.97761806580552), (54.38848920584279, 25.970016583520003), (54.45848726144877, 25.966269559770033), (54.528485317054745, 25.970966533203086), (54.59848337266071, 25.986495571772476), (54.668481428266695, 26.003398644704912), (54.73847948387265, 26.017887262192822), (54.80847753947863, 26.02965608326665), (54.8784755950846, 26.04143809808608), (54.94847365069058, 26.048364814525275), (55.018471706296545, 26.05344252175988), (55.08846976190252, 26.066383701371176), (55.15846781750851, 26.09144050908346), (55.22846587311449, 26.11901920702584), (55.29846392872046, 26.129958706947768), (55.36846198432644, 26.106328708580925), (55.43846003993242, 26.066851136929515), (55.5084580983862, 26.047141190198378), (55.57845615399576, 26.034574541614095), (55.648454209605326, 26.032127153209657), (55.718452265214886, 26.03980262327932), (55.78845032082445, 26.053909358939187), (55.85844837643401, 26.06651322416689), (55.92844643204357, 26.06506566465783), (55.998444487653124, 26.032207309497796), (56.06844254326265, 25.945747049652102)

Record time: 2023-08-04T00:42:09Z
Event time: 2023-08-04T21:45:00.875Z
Status: Underway
Travel distance: 275.6085313174946
Num waypoints: 66
Waypoints: (51.51856892864086, 27.241236440731257), (51.58856698425043, 27.14512087220139), (51.658565039859994, 27.106923447988923), (51.72856309546957, 27.097003304847636), (51.79856115107914, 27.097077509671372), (51.868559206688715, 27.097182539882553), (51.93855726229829, 27.093061544839394), (52.00855531790786, 27.08397738826179), (52.07855337351743, 27.070951471675933), (52.14855142645157, 27.055428337489555), (52.21854948205756, 27.037641283602028), (52.288547537663526, 27.01932836471136), (52.358545593269504, 26.993255638587993), (52.428543648875475, 26.971205120051362), (52.49854170448145, 26.942324010936332), (52.568539760087425, 26.91221211383904), (52.6385378156934, 26.87208804865331), (52.708535871299375, 26.823346582770984), (52.778533926905354, 26.787193835010395), (52.848531982511325, 26.74739961346463), (52.91853003811731, 26.703564336124142), (52.98852809372327, 26.655708736017722), (53.058526149329246, 26.62055494328101), (53.12852420493523, 26.57962794443458), (53.198522260541196, 26.53886680981853), (53.268520316147175, 26.48946565665629), (53.33851837175316, 26.438956228863766), (53.40851642735913, 26.385674229674773), (53.47851448296509, 26.337475592182788), (53.54851253857108, 26.288562607607687), (53.618510594177046, 26.229243527397), (53.688508649783024, 26.16899711535282), (53.758506705388996, 26.103275298885276), (53.828504760994974, 26.04830826990128), (53.89850281660096, 26.007232370211664), (53.96850087220693, 25.974998164893822), (54.038498927812924, 25.961683790764173), (54.10849698341888, 25.962105990623325), (54.17849503902486, 25.976894294618404), (54.24849309463083, 25.980733674587555), (54.31849115023681, 25.97761806580552), (54.38848920584279, 25.970016583520003), (54.45848726144877, 25.966269559770033), (54.528485317054745, 25.970966533203086), (54.59848337266071, 25.986495571772476), (54.668481428266695, 26.003398644704912), (54.73847948387265, 26.017887262192822), (54.80847753947863, 26.02965608326665), (54.8784755950846, 26.04143809808608), (54.94847365069058, 26.048364814525275), (55.018471706296545, 26.05344252175988), (55.08846976190252, 26.066383701371176), (55.15846781750851, 26.09144050908346), (55.22846587311449, 26.11901920702584), (55.29846392872046, 26.129958706947768), (55.36846198432644, 26.106328708580925), (55.43846003993242, 26.066851136929515), (55.5084580983862, 26.047141190198378), (55.57845615399576, 26.034574541614095), (55.648454209605326, 26.032127153209657), (55.718452265214886, 26.03980262327932), (55.78845032082445, 26.053909358939187), (55.85844837643401, 26.06651322416689), (55.92844643204357, 26.06506566465783), (55.998444487653124, 26.032207309497796), (56.06844254326265, 25.945747049652102)

Record time: 2023-08-04T03:51:58Z
Event time: 2023-08-04T21:53:54.285Z
Status: Underway
Travel distance: 233.9708423326134
Num waypoints: 56
Waypoints: (52.21854948473652, 27.025324358026108), (52.28854754034612, 27.027362226274942), (52.3585455959557, 27.007419314355605), (52.42854365156525, 26.97644925834658), (52.498541707174816, 26.94081238603706), (52.56853976278438, 26.903635992098206), (52.63853781839396, 26.86596389028898), (52.70853587400354, 26.8276952426966), (52.77853392961311, 26.78831266601149), (52.848531982511325, 26.74739961346463), (52.91853003811731, 26.703564336124142), (52.98852809372327, 26.655708736017722), (53.058526149329246, 26.62055494328101), (53.12852420493523, 26.57962794443458), (53.198522260541196, 26.53886680981853), (53.268520316147175, 26.48946565665629), (53.33851837175316, 26.438956228863766), (53.40851642735913, 26.385674229674773), (53.47851448296509, 26.337475592182788), (53.54851253857108, 26.288562607607687), (53.618510594177046, 26.229243527397), (53.688508649783024, 26.16899711535282), (53.758506705388996, 26.103275298885276), (53.828504760994974, 26.04830826990128), (53.89850281660096, 26.007232370211664), (53.96850087220693, 25.974998164893822), (54.038498927812924, 25.961683790764173), (54.10849698341888, 25.962105990623325), (54.17849503902486, 25.976894294618404), (54.24849309463083, 25.980733674587555), (54.31849115023681, 25.97761806580552), (54.38848920584279, 25.970016583520003), (54.45848726144877, 25.966269559770033), (54.528485317054745, 25.970966533203086), (54.59848337266071, 25.986495571772476), (54.668481428266695, 26.003398644704912), (54.73847948387265, 26.017887262192822), (54.80847753947863, 26.02965608326665), (54.8784755950846, 26.04143809808608), (54.94847365069058, 26.048364814525275), (55.018471706296545, 26.05344252175988), (55.08846976190252, 26.066383701371176), (55.15846781750851, 26.09144050908346), (55.22846587311449, 26.11901920702584), (55.29846392872046, 26.129958706947768), (55.36846198432644, 26.106328708580925), (55.43846003993242, 26.066851136929515), (55.5084580983862, 26.047141190198378), (55.57845615399576, 26.034574541614095), (55.648454209605326, 26.032127153209657), (55.718452265214886, 26.03980262327932), (55.78845032082445, 26.053909358939187), (55.85844837643401, 26.06651322416689), (55.92844643204357, 26.06506566465783), (55.998444487653124, 26.032207309497796), (56.06844254326265, 25.945747049652102)

Record time: 2023-08-04T05:05:58Z
Event time: 2023-08-04T21:17:58.571Z
Status: Underway
Travel distance: 217.91630669546436
Num waypoints: 52
Waypoints: (52.4985417071748, 26.94533832055013), (52.56853976278436, 26.90912431040012), (52.63853781839393, 26.86827055683019), (52.708535874003495, 26.826290280137638), (52.77853392961306, 26.784848633825487), (52.84853198522264, 26.744335313161482), (52.918530040832216, 26.704351969836935), (52.98852809644179, 26.664114432725427), (53.058526152051364, 26.622769734741333), (53.12852420493523, 26.57962794443458), (53.198522260541196, 26.53886680981853), (53.268520316147175, 26.48946565665629), (53.33851837175316, 26.438956228863766), (53.40851642735913, 26.385674229674773), (53.47851448296509, 26.337475592182788), (53.54851253857108, 26.288562607607687), (53.618510594177046, 26.229243527397), (53.688508649783024, 26.16899711535282), (53.758506705388996, 26.103275298885276), (53.828504760994974, 26.04830826990128), (53.89850281660096, 26.007232370211664), (53.96850087220693, 25.974998164893822), (54.038498927812924, 25.961683790764173), (54.10849698341888, 25.962105990623325), (54.17849503902486, 25.976894294618404), (54.24849309463083, 25.980733674587555), (54.31849115023681, 25.97761806580552), (54.38848920584279, 25.970016583520003), (54.45848726144877, 25.966269559770033), (54.528485317054745, 25.970966533203086), (54.59848337266071, 25.986495571772476), (54.668481428266695, 26.003398644704912), (54.73847948387265, 26.017887262192822), (54.80847753947863, 26.02965608326665), (54.8784755950846, 26.04143809808608), (54.94847365069058, 26.048364814525275), (55.018471706296545, 26.05344252175988), (55.08846976190252, 26.066383701371176), (55.15846781750851, 26.09144050908346), (55.22846587311449, 26.11901920702584), (55.29846392872046, 26.129958706947768), (55.36846198432644, 26.106328708580925), (55.43846003993242, 26.066851136929515), (55.5084580983862, 26.047141190198378), (55.57845615399576, 26.034574541614095), (55.648454209605326, 26.032127153209657), (55.718452265214886, 26.03980262327932), (55.78845032082445, 26.053909358939187), (55.85844837643401, 26.06651322416689), (55.92844643204357, 26.06506566465783), (55.998444487653124, 26.032207309497796), (56.06844254326265, 25.945747049652102)

Record time: 2023-08-04T06:34:49Z
Event time: 2023-08-04T20:45:38.333Z
Status: Underway
Travel distance: 195.3828293736501
Num waypoints: 47
Waypoints: (52.848531985222664, 26.737426822367894), (52.918530040832216, 26.6944568148502), (52.988528096441776, 26.656941992769358), (53.05852615205134, 26.619694558221074), (53.12852420766091, 26.580084415126475), (53.198522263270476, 26.537166120237604), (53.26852031888005, 26.490971321409173), (53.338518374489624, 26.441966683136492), (53.40851643009919, 26.390677299359666), (53.47851448296509, 26.337475592182788), (53.54851253857108, 26.288562607607687), (53.618510594177046, 26.229243527397), (53.688508649783024, 26.16899711535282), (53.758506705388996, 26.103275298885276), (53.828504760994974, 26.04830826990128), (53.89850281660096, 26.007232370211664), (53.96850087220693, 25.974998164893822), (54.038498927812924, 25.961683790764173), (54.10849698341888, 25.962105990623325), (54.17849503902486, 25.976894294618404), (54.24849309463083, 25.980733674587555), (54.31849115023681, 25.97761806580552), (54.38848920584279, 25.970016583520003), (54.45848726144877, 25.966269559770033), (54.528485317054745, 25.970966533203086), (54.59848337266071, 25.986495571772476), (54.668481428266695, 26.003398644704912), (54.73847948387265, 26.017887262192822), (54.80847753947863, 26.02965608326665), (54.8784755950846, 26.04143809808608), (54.94847365069058, 26.048364814525275), (55.018471706296545, 26.05344252175988), (55.08846976190252, 26.066383701371176), (55.15846781750851, 26.09144050908346), (55.22846587311449, 26.11901920702584), (55.29846392872046, 26.129958706947768), (55.36846198432644, 26.106328708580925), (55.43846003993242, 26.066851136929515), (55.5084580983862, 26.047141190198378), (55.57845615399576, 26.034574541614095), (55.648454209605326, 26.032127153209657), (55.718452265214886, 26.03980262327932), (55.78845032082445, 26.053909358939187), (55.85844837643401, 26.06651322416689), (55.92844643204357, 26.06506566465783), (55.998444487653124, 26.032207309497796), (56.06844254326265, 25.945747049652102)

Record time: 2023-08-04T09:37:03Z
Event time: 2023-08-04T20:55:47.400Z
Status: Underway
Travel distance: 156.11393088552916
Num waypoints: 38
Waypoints: (53.47851448570872, 26.390339642280708), (53.54851254131832, 26.33358673987445), (53.618510596927884, 26.25667259476127), (53.68850865253744, 26.175946056885643), (53.75850670814701, 26.10258591273797), (53.82850476375658, 26.043296949675984), (53.89850281936615, 26.001020721848384), (53.968500874975724, 25.975661017720704), (54.0384989305853, 25.96482402920342), (54.10849698341888, 25.964573221050234), (54.17849503902486, 25.97509994521701), (54.24849309463083, 25.980733674587555), (54.31849115023681, 25.97761806580552), (54.38848920584279, 25.970016583520003), (54.45848726144877, 25.966269559770033), (54.528485317054745, 25.970966533203086), (54.59848337266071, 25.986495571772476), (54.668481428266695, 26.003398644704912), (54.73847948387265, 26.017887262192822), (54.80847753947863, 26.02965608326665), (54.8784755950846, 26.04143809808608), (54.94847365069058, 26.048364814525275), (55.018471706296545, 26.05344252175988), (55.08846976190252, 26.066383701371176), (55.15846781750851, 26.09144050908346), (55.22846587311449, 26.11901920702584), (55.29846392872046, 26.129958706947768), (55.36846198432644, 26.106328708580925), (55.43846003993242, 26.066851136929515), (55.5084580983862, 26.047141190198378), (55.57845615399576, 26.034574541614095), (55.648454209605326, 26.032127153209657), (55.718452265214886, 26.03980262327932), (55.78845032082445, 26.053909358939187), (55.85844837643401, 26.06651322416689), (55.92844643204357, 26.06506566465783), (55.998444487653124, 26.032207309497796), (56.06844254326265, 25.945747049652102)

Record time: 2023-08-04T11:11:44Z
Event time: 2023-08-04T21:27:01Z
Status: Underway
Travel distance: 135.43466522678185
Num waypoints: 33
Waypoints: (53.82850476375657, 26.324919294329373), (53.89850281936614, 26.257351358712345), (53.9685008749757, 26.179149264142396), (54.03849893058526, 26.105578174277742), (54.10849698619483, 26.04512826441144), (54.178495041804396, 26.001288714808215), (54.24849309741398, 25.974086478405514), (54.31849115302355, 25.96138982287867), (54.38848920863313, 25.959976647070288), (54.45848726144877, 25.966367570451624), (54.528485317054745, 25.974255545498703), (54.59848337266071, 25.990284061580038), (54.668481428266695, 26.004071525730435), (54.73847948387265, 26.016092912791432), (54.80847753947863, 26.02965608326665), (54.8784755950846, 26.04143809808608), (54.94847365069058, 26.048364814525275), (55.018471706296545, 26.05344252175988), (55.08846976190252, 26.066383701371176), (55.15846781750851, 26.09144050908346), (55.22846587311449, 26.11901920702584), (55.29846392872046, 26.129958706947768), (55.36846198432644, 26.106328708580925), (55.43846003993242, 26.066851136929515), (55.5084580983862, 26.047141190198378), (55.57845615399576, 26.034574541614095), (55.648454209605326, 26.032127153209657), (55.718452265214886, 26.03980262327932), (55.78845032082445, 26.053909358939187), (55.85844837643401, 26.06651322416689), (55.92844643204357, 26.06506566465783), (55.998444487653124, 26.032207309497796), (56.06844254326265, 25.945747049652102)

Record time: 2023-08-04T13:41:15Z
Event time: 2023-08-04T21:11:27.500Z
Status: Underway
Travel distance: 99.03509719222463
Num waypoints: 25
Waypoints: (54.38848920863312, 26.19347213163223), (54.45848726424269, 26.162952073733404), (54.528485319852244, 26.182336758847605), (54.5984833754618, 26.203077401179964), (54.66848143107136, 26.203854278621048), (54.73847948668093, 26.18162684966069), (54.808477542290504, 26.144066574840686), (54.878475597900085, 26.103372442746196), (54.94847365350966, 26.071469200536), (55.018471706296545, 26.05658828767471), (55.08846976190252, 26.058050908615346), (55.15846781750851, 26.083305622511606), (55.22846587311449, 26.11600160892539), (55.29846392872046, 26.130780488816473), (55.36846198432644, 26.111911547789873), (55.43846003993242, 26.067524017955037), (55.5084580983862, 26.046722508671362), (55.57845615399576, 26.033553665553093), (55.648454209605326, 26.03125852497666), (55.718452265214886, 26.039657172229347), (55.78845032082445, 26.054522039930692), (55.85844837643401, 26.067293300091745), (55.92844643204357, 26.0651363511494), (55.998444487653124, 26.03134139997603), (56.06844254326265, 25.946065138864192)

Record time: 2023-08-04T16:44:07Z
Event time: 2023-08-04T21:17:48.500Z
Status: Underway
Travel distance: 63.73596112311015
Num waypoints: 15
Waypoints: (55.08846976472876, 26.118337338194934), (55.15846782033832, 26.102172462577208), (55.22846587594789, 26.117644633599557), (55.29846393155745, 26.1299602240533), (55.36846198716702, 26.1199069128306), (55.43846004277658, 26.084954130299145), (55.50845809867343, 26.037210565127804), (55.57845615428335, 25.98623387312141), (55.64845420989328, 25.986562794121838), (55.71845226521487, 26.0350642417829), (55.78845032082444, 26.097916952398883), (55.858448376434005, 26.12035785291183), (55.92844643204356, 26.06327187015818), (55.998444487653096, 25.95768898690394), (56.06844254326259, 25.97835568450907)

Record time: 2023-08-04T18:35:27Z
Event time: 2023-08-04T21:01:25.750Z
Status: Underway
Travel distance: 33.93844492440605
Num waypoints: 8
Waypoints: (55.57845615399572, 26.114352392065342), (55.64845420960529, 26.044340723453907), (55.718452265214864, 26.044340723453907), (55.78845032082444, 26.114352392065342), (55.858448376433984, 26.114352392065342), (55.92844643204356, 26.044340723453907), (55.99844448765313, 25.97432905484247), (56.06844254326268, 25.97432905484247)

Record time: 2023-08-04T19:08:03Z
Event time: 2023-08-04T20:43:09.333Z
Status: Underway
Travel distance: 22.63768898488121
Num waypoints: 6
Waypoints: (55.718452265214864, 26.114352392065342), (55.78845032082444, 26.044340723453907), (55.858448376433984, 26.044340723453907), (55.92844643204356, 26.044340723453907), (55.99844448765313, 25.97432905484247), (56.06844254326268, 25.97432905484247)

Record time: 2023-08-04T20:37:26Z
Event time: 2023-08-04T20:59:34.666Z
Status: Underway
Travel distance: 9.431965442764579
Num waypoints: 3
Waypoints: (55.92844643204356, 26.044340723453907), (55.99844448765313, 25.97432905484247), (56.06844254326268, 25.97432905484247)

Record time: 2023-08-04T20:58:06Z
Event time: 2023-08-04T21:21:59.333Z
Status: Underway
Travel distance: 9.431965442764579
Num waypoints: 3
Waypoints: (55.92844643204356, 26.044340723453907), (55.99844448765313, 25.97432905484247), (56.06844254326268, 25.97432905484247)

Record time: 2023-08-05T04:30:34Z
Event time: 2023-08-05T04:30:34Z
Status: Arrived
Travel distance: N/A
Num waypoints: 0
Waypoints: 

