Record time: 2023-12-18T09:08:21Z
Event time: 2023-12-19T14:18:21Z
Status: Underway
Travel distance: 372.30075593952483
Num waypoints: 91
Waypoints: (49.768617538401756, 27.088325247190323), (49.838615594011344, 27.17678667268345), (49.908613649620904, 27.22964194844608), (49.978611705230456, 27.246032538603885), (50.04860976084001, 27.232321598177258), (50.118607816449575, 27.19875331669561), (50.18860587205914, 27.156709938487317), (50.25860392766872, 27.116566459645306), (50.3286019832783, 27.08614300166826), (50.3986000363022, 27.069754860388677), (50.46859809190816, 27.073792146541813), (50.53859614751414, 27.084333949274985), (50.60859420312011, 27.098411675828544), (50.6785922587261, 27.104584463947823), (50.74859031433206, 27.098803718554898), (50.818588369938055, 27.092073023478882), (50.888586425544034, 27.09025417140709), (50.958584481149984, 27.096310100636785), (51.028582536755984, 27.0945157512354), (51.09858059236195, 27.0945157512354), (51.16857864796792, 27.0945157512354), (51.2385767035739, 27.0945157512354), (51.308574759179876, 27.0945157512354), (51.37857281478584, 27.0945157512354), (51.448570870391826, 27.0945157512354), (51.5185689259978, 27.096310100636785), (51.58856698160376, 27.092048520808483), (51.658565037209755, 27.09140014245336), (51.728563092815726, 27.09501522874734), (51.79856114842171, 27.10129545165221), (51.86855920402767, 27.098313665146957), (51.93855725963364, 27.09476266276017), (52.00855531523963, 27.082848710484758), (52.0785533708456, 27.072225860457195), (52.14855142645157, 27.054755456464033), (52.21854948205756, 27.039435633003414), (52.288547537663526, 27.01932836471136), (52.358545593269504, 26.993255638587993), (52.428543648875475, 26.971205120051362), (52.49854170448145, 26.942324010936332), (52.568539760087425, 26.91221211383904), (52.6385378156934, 26.87208804865331), (52.708535871299375, 26.823346582770984), (52.778533926905354, 26.787193835010395), (52.848531982511325, 26.74739961346463), (52.91853003811731, 26.703564336124142), (52.98852809372327, 26.655708736017722), (53.058526149329246, 26.62055494328101), (53.12852420493523, 26.57962794443458), (53.198522260541196, 26.53886680981853), (53.268520316147175, 26.48946565665629), (53.33851837175316, 26.438956228863766), (53.40851642735913, 26.385674229674773), (53.47851448296509, 26.337475592182788), (53.54851253857108, 26.288562607607687), (53.618510594177046, 26.229243527397), (53.688508649783024, 26.16899711535282), (53.758506705388996, 26.103275298885276), (53.828504760994974, 26.04830826990128), (53.89850281660096, 26.007232370211664), (53.96850087220693, 25.974998164893822), (54.038498927812924, 25.961683790764173), (54.10849698341888, 25.962105990623325), (54.17849503902486, 25.976894294618404), (54.24849309463083, 25.980733674587555), (54.31849115023681, 25.97761806580552), (54.38848920584279, 25.970016583520003), (54.45848726144877, 25.966269559770033), (54.528485317054745, 25.970966533203086), (54.59848337266071, 25.986495571772476), (54.668481428266695, 26.003398644704912), (54.73847948387265, 26.017887262192822), (54.80847753947863, 26.02965608326665), (54.8784755950846, 26.04143809808608), (54.94847365069058, 26.048364814525275), (55.018471706296545, 26.05344252175988), (55.08846976190252, 26.066383701371176), (55.15846781750851, 26.09144050908346), (55.22846587311449, 26.11901920702584), (55.29846392872046, 26.129958706947768), (55.36846198432644, 26.106328708580925), (55.43846003993242, 26.066851136929515), (55.5084580983862, 26.047141190198378), (55.57845615399576, 26.034574541614095), (55.648454209605326, 26.032127153209657), (55.718452265214886, 26.03980262327932), (55.78845032082445, 26.053909358939187), (55.85844837643401, 26.06651322416689), (55.92844643204357, 26.06506566465783), (55.998444487653124, 26.032207309497796), (56.06844254326265, 25.945747049652102)

Record time: 2023-12-18T10:38:36Z
Event time: 2023-12-19T14:48:51.714Z
Status: Underway
Travel distance: 353.96274298056153
Num waypoints: 87
Waypoints: (50.04860976083998, 27.247164202146852), (50.11860781644955, 27.209311585909226), (50.188605872059114, 27.155068053953816), (50.25860392766868, 27.107864584706952), (50.32860198327825, 27.07801568864863), (50.39860003888782, 27.066890328260534), (50.46859809449739, 27.07045311934487), (50.53859615010696, 27.082175813713906), (50.60859420571653, 27.095319063250347), (50.6785922587261, 27.104584463947823), (50.74859031433206, 27.098803718554898), (50.818588369938055, 27.092073023478882), (50.888586425544034, 27.09025417140709), (50.958584481149984, 27.096310100636785), (51.028582536755984, 27.0945157512354), (51.09858059236195, 27.0945157512354), (51.16857864796792, 27.0945157512354), (51.2385767035739, 27.0945157512354), (51.308574759179876, 27.0945157512354), (51.37857281478584, 27.0945157512354), (51.448570870391826, 27.0945157512354), (51.5185689259978, 27.096310100636785), (51.58856698160376, 27.092048520808483), (51.658565037209755, 27.09140014245336), (51.728563092815726, 27.09501522874734), (51.79856114842171, 27.10129545165221), (51.86855920402767, 27.098313665146957), (51.93855725963364, 27.09476266276017), (52.00855531523963, 27.082848710484758), (52.0785533708456, 27.072225860457195), (52.14855142645157, 27.054755456464033), (52.21854948205756, 27.039435633003414), (52.288547537663526, 27.01932836471136), (52.358545593269504, 26.993255638587993), (52.428543648875475, 26.971205120051362), (52.49854170448145, 26.942324010936332), (52.568539760087425, 26.91221211383904), (52.6385378156934, 26.87208804865331), (52.708535871299375, 26.823346582770984), (52.778533926905354, 26.787193835010395), (52.848531982511325, 26.74739961346463), (52.91853003811731, 26.703564336124142), (52.98852809372327, 26.655708736017722), (53.058526149329246, 26.62055494328101), (53.12852420493523, 26.57962794443458), (53.198522260541196, 26.53886680981853), (53.268520316147175, 26.48946565665629), (53.33851837175316, 26.438956228863766), (53.40851642735913, 26.385674229674773), (53.47851448296509, 26.337475592182788), (53.54851253857108, 26.288562607607687), (53.618510594177046, 26.229243527397), (53.688508649783024, 26.16899711535282), (53.758506705388996, 26.103275298885276), (53.828504760994974, 26.04830826990128), (53.89850281660096, 26.007232370211664), (53.96850087220693, 25.974998164893822), (54.038498927812924, 25.961683790764173), (54.10849698341888, 25.962105990623325), (54.17849503902486, 25.976894294618404), (54.24849309463083, 25.980733674587555), (54.31849115023681, 25.97761806580552), (54.38848920584279, 25.970016583520003), (54.45848726144877, 25.966269559770033), (54.528485317054745, 25.970966533203086), (54.59848337266071, 25.986495571772476), (54.668481428266695, 26.003398644704912), (54.73847948387265, 26.017887262192822), (54.80847753947863, 26.02965608326665), (54.8784755950846, 26.04143809808608), (54.94847365069058, 26.048364814525275), (55.018471706296545, 26.05344252175988), (55.08846976190252, 26.066383701371176), (55.15846781750851, 26.09144050908346), (55.22846587311449, 26.11901920702584), (55.29846392872046, 26.129958706947768), (55.36846198432644, 26.106328708580925), (55.43846003993242, 26.066851136929515), (55.5084580983862, 26.047141190198378), (55.57845615399576, 26.034574541614095), (55.648454209605326, 26.032127153209657), (55.718452265214886, 26.03980262327932), (55.78845032082445, 26.053909358939187), (55.85844837643401, 26.06651322416689), (55.92844643204357, 26.06506566465783), (55.998444487653124, 26.032207309497796), (56.06844254326265, 25.945747049652102)

Record time: 2023-12-18T11:05:38Z
Event time: 2023-12-19T15:21:02Z
Status: Underway
Travel distance: 355.9298056155508
Num waypoints: 85
Waypoints: (50.188605872059085, 27.240970201225913), (50.25860392766867, 27.216186623989387), (50.32860198327825, 27.16713666434383), (50.398600038887814, 27.120890975353795), (50.46859809449737, 27.09052824287597), (50.53859615010694, 27.079085958437748), (50.608594205716514, 27.082993997288415), (50.67859226132608, 27.094991001622777), (50.748590316935655, 27.10652356897731), (50.818588369938055, 27.109628244408032), (50.888586425544034, 27.09501899838894), (50.958584481149984, 27.066597785549053), (51.028582536755984, 27.02433444875557), (51.09858059236195, 26.9640220679834), (51.16857864796792, 26.892442228470138), (51.2385767035739, 26.816165415523827), (51.308574759179876, 26.741168395900555), (51.37857281478584, 26.670657249780778), (51.448570870391826, 26.60196684055358), (51.5185689259978, 26.53688963279956), (51.58856698160376, 26.468199223572363), (51.658565037209755, 26.39589372805118), (51.728563092815726, 26.325158288256223), (51.79856114842171, 26.249529853665038), (51.86855920402767, 26.174334927857796), (51.93855725963364, 26.109536673582145), (52.00855531523963, 26.062404844662836), (52.0785533708456, 26.045409415511216), (52.14855142645157, 26.047625964771758), (52.21854948205756, 26.061833743960506), (52.288547537663526, 26.08171671857739), (52.358545593269504, 26.103471320248456), (52.428543648875475, 26.115673650106235), (52.49854170448145, 26.127874095143216), (52.568539760087425, 26.143996852264532), (52.6385378156934, 26.163894905447815), (52.708535871299375, 26.17781430705419), (52.778533926905354, 26.186827520118744), (52.848531982511325, 26.1820513842121), (52.91853003811731, 26.15781258872692), (52.98852809372327, 26.138189719380406), (53.058526149329246, 26.12642089830658), (53.12852420493523, 26.121567484747143), (53.198522260541196, 26.117714911032394), (53.268520316147175, 26.101235922779914), (53.33851837175316, 26.078199642965), (53.40851642735913, 26.047456330899777), (53.47851448296509, 26.012449554185455), (53.54851253857108, 25.98066582103876), (53.618510594177046, 25.96649573826601), (53.688508649783024, 25.96307855815601), (53.758506705388996, 25.968844224982536), (53.828504760994974, 25.976945184779996), (53.89850281660096, 25.97991189271885), (53.96850087220693, 25.97500193453542), (54.038498927812924, 25.972534704108508), (54.10849698341888, 25.972534704108508), (54.17849503902486, 25.976796283936814), (54.24849309463083, 25.977444662291937), (54.31849115023681, 25.973829575997957), (54.38848920584279, 25.96934370249448), (54.45848726144877, 25.968063909171427), (54.528485317054745, 25.970966533203086), (54.59848337266071, 25.986495571772476), (54.668481428266695, 26.003398644704912), (54.73847948387265, 26.017887262192822), (54.80847753947863, 26.02965608326665), (54.8784755950846, 26.04143809808608), (54.94847365069058, 26.048364814525275), (55.018471706296545, 26.05344252175988), (55.08846976190252, 26.066383701371176), (55.15846781750851, 26.09144050908346), (55.22846587311449, 26.11901920702584), (55.29846392872046, 26.129958706947768), (55.36846198432644, 26.106328708580925), (55.43846003993242, 26.066851136929515), (55.5084580983862, 26.047141190198378), (55.57845615399576, 26.034574541614095), (55.648454209605326, 26.032127153209657), (55.718452265214886, 26.03980262327932), (55.78845032082445, 26.053909358939187), (55.85844837643401, 26.06651322416689), (55.92844643204357, 26.06506566465783), (55.998444487653124, 26.032207309497796), (56.06844254326265, 25.945747049652102)

Record time: 2023-12-18T11:35:14Z
Event time: 2023-12-19T15:53:24.200Z
Status: Underway
Travel distance: 352.72894168466524
Num waypoints: 84
Waypoints: (50.25860392766868, 27.23298418122733), (50.32860198327827, 27.161221468400193), (50.39860003888783, 27.1126173773938), (50.46859809449739, 27.08730692991636), (50.538596150106954, 27.081190897749153), (50.60859420571652, 27.087673419041955), (50.678592261326095, 27.09913083916236), (50.74859031693567, 27.10811177609907), (50.81858837254524, 27.108268410419115), (50.888586425544034, 27.09501899838894), (50.958584481149984, 27.066597785549053), (51.028582536755984, 27.02433444875557), (51.09858059236195, 26.9640220679834), (51.16857864796792, 26.892442228470138), (51.2385767035739, 26.816165415523827), (51.308574759179876, 26.741168395900555), (51.37857281478584, 26.670657249780778), (51.448570870391826, 26.60196684055358), (51.5185689259978, 26.53688963279956), (51.58856698160376, 26.468199223572363), (51.658565037209755, 26.39589372805118), (51.728563092815726, 26.325158288256223), (51.79856114842171, 26.249529853665038), (51.86855920402767, 26.174334927857796), (51.93855725963364, 26.109536673582145), (52.00855531523963, 26.062404844662836), (52.0785533708456, 26.045409415511216), (52.14855142645157, 26.047625964771758), (52.21854948205756, 26.061833743960506), (52.288547537663526, 26.08171671857739), (52.358545593269504, 26.103471320248456), (52.428543648875475, 26.115673650106235), (52.49854170448145, 26.127874095143216), (52.568539760087425, 26.143996852264532), (52.6385378156934, 26.163894905447815), (52.708535871299375, 26.17781430705419), (52.778533926905354, 26.186827520118744), (52.848531982511325, 26.1820513842121), (52.91853003811731, 26.15781258872692), (52.98852809372327, 26.138189719380406), (53.058526149329246, 26.12642089830658), (53.12852420493523, 26.121567484747143), (53.198522260541196, 26.117714911032394), (53.268520316147175, 26.101235922779914), (53.33851837175316, 26.078199642965), (53.40851642735913, 26.047456330899777), (53.47851448296509, 26.012449554185455), (53.54851253857108, 25.98066582103876), (53.618510594177046, 25.96649573826601), (53.688508649783024, 25.96307855815601), (53.758506705388996, 25.968844224982536), (53.828504760994974, 25.976945184779996), (53.89850281660096, 25.97991189271885), (53.96850087220693, 25.97500193453542), (54.038498927812924, 25.972534704108508), (54.10849698341888, 25.972534704108508), (54.17849503902486, 25.976796283936814), (54.24849309463083, 25.977444662291937), (54.31849115023681, 25.973829575997957), (54.38848920584279, 25.96934370249448), (54.45848726144877, 25.968063909171427), (54.528485317054745, 25.970966533203086), (54.59848337266071, 25.986495571772476), (54.668481428266695, 26.003398644704912), (54.73847948387265, 26.017887262192822), (54.80847753947863, 26.02965608326665), (54.8784755950846, 26.04143809808608), (54.94847365069058, 26.048364814525275), (55.018471706296545, 26.05344252175988), (55.08846976190252, 26.066383701371176), (55.15846781750851, 26.09144050908346), (55.22846587311449, 26.11901920702584), (55.29846392872046, 26.129958706947768), (55.36846198432644, 26.106328708580925), (55.43846003993242, 26.066851136929515), (55.5084580983862, 26.047141190198378), (55.57845615399576, 26.034574541614095), (55.648454209605326, 26.032127153209657), (55.718452265214886, 26.03980262327932), (55.78845032082445, 26.053909358939187), (55.85844837643401, 26.06651322416689), (55.92844643204357, 26.06506566465783), (55.998444487653124, 26.032207309497796), (56.06844254326265, 25.945747049652102)

Record time: 2023-12-18T12:04:08Z
Event time: 2023-12-19T16:44:54.900Z
Status: Underway
Travel distance: 349.1295896328294
Num waypoints: 83
Waypoints: (50.32860198327819, 27.235291201886394), (50.39860003888778, 27.158145440854817), (50.468598094497345, 27.109501768611622), (50.53859615010691, 27.087289966529173), (50.60859420571648, 27.08489457062092), (50.67859226132605, 27.09339008052799), (50.748590316935626, 27.10338299488689), (50.8185883725452, 27.106460673078388), (50.888586428154774, 27.096247023357517), (50.958584481149984, 27.06906501597597), (51.028582536755984, 27.022540099354185), (51.09858059236195, 26.9640220679834), (51.16857864796792, 26.892442228470138), (51.2385767035739, 26.816165415523827), (51.308574759179876, 26.741168395900555), (51.37857281478584, 26.670657249780778), (51.448570870391826, 26.60196684055358), (51.5185689259978, 26.53688963279956), (51.58856698160376, 26.468199223572363), (51.658565037209755, 26.39589372805118), (51.728563092815726, 26.325158288256223), (51.79856114842171, 26.249529853665038), (51.86855920402767, 26.174334927857796), (51.93855725963364, 26.109536673582145), (52.00855531523963, 26.062404844662836), (52.0785533708456, 26.045409415511216), (52.14855142645157, 26.047625964771758), (52.21854948205756, 26.061833743960506), (52.288547537663526, 26.08171671857739), (52.358545593269504, 26.103471320248456), (52.428543648875475, 26.115673650106235), (52.49854170448145, 26.127874095143216), (52.568539760087425, 26.143996852264532), (52.6385378156934, 26.163894905447815), (52.708535871299375, 26.17781430705419), (52.778533926905354, 26.186827520118744), (52.848531982511325, 26.1820513842121), (52.91853003811731, 26.15781258872692), (52.98852809372327, 26.138189719380406), (53.058526149329246, 26.12642089830658), (53.12852420493523, 26.121567484747143), (53.198522260541196, 26.117714911032394), (53.268520316147175, 26.101235922779914), (53.33851837175316, 26.078199642965), (53.40851642735913, 26.047456330899777), (53.47851448296509, 26.012449554185455), (53.54851253857108, 25.98066582103876), (53.618510594177046, 25.96649573826601), (53.688508649783024, 25.96307855815601), (53.758506705388996, 25.968844224982536), (53.828504760994974, 25.976945184779996), (53.89850281660096, 25.97991189271885), (53.96850087220693, 25.97500193453542), (54.038498927812924, 25.972534704108508), (54.10849698341888, 25.972534704108508), (54.17849503902486, 25.976796283936814), (54.24849309463083, 25.977444662291937), (54.31849115023681, 25.973829575997957), (54.38848920584279, 25.96934370249448), (54.45848726144877, 25.968063909171427), (54.528485317054745, 25.970966533203086), (54.59848337266071, 25.986495571772476), (54.668481428266695, 26.003398644704912), (54.73847948387265, 26.017887262192822), (54.80847753947863, 26.02965608326665), (54.8784755950846, 26.04143809808608), (54.94847365069058, 26.048364814525275), (55.018471706296545, 26.05344252175988), (55.08846976190252, 26.066383701371176), (55.15846781750851, 26.09144050908346), (55.22846587311449, 26.11901920702584), (55.29846392872046, 26.129958706947768), (55.36846198432644, 26.106328708580925), (55.43846003993242, 26.066851136929515), (55.5084580983862, 26.047141190198378), (55.57845615399576, 26.034574541614095), (55.648454209605326, 26.032127153209657), (55.718452265214886, 26.03980262327932), (55.78845032082445, 26.053909358939187), (55.85844837643401, 26.06651322416689), (55.92844643204357, 26.06506566465783), (55.998444487653124, 26.032207309497796), (56.06844254326265, 25.945747049652102)

Record time: 2023-12-18T12:39:26Z
Event time: 2023-12-19T17:30:27.800Z
Status: Underway
Travel distance: 340.2300215982721
Num waypoints: 81
Waypoints: (50.46859809449738, 27.25042257753728), (50.53859615010696, 27.200058840678423), (50.60859420571653, 27.157621460672438), (50.67859226132609, 27.12801559797732), (50.74859031693565, 27.109411005922727), (50.818588372545214, 27.096156152148623), (50.88858642815479, 27.081175145216523), (50.95858448376436, 27.057847466393188), (51.028582539373936, 27.021370506606853), (51.09858059236195, 26.96960490719235), (51.16857864796792, 26.89311510949566), (51.2385767035739, 26.814371066122433), (51.308574759179876, 26.741168395900555), (51.37857281478584, 26.670657249780778), (51.448570870391826, 26.60196684055358), (51.5185689259978, 26.53688963279956), (51.58856698160376, 26.468199223572363), (51.658565037209755, 26.39589372805118), (51.728563092815726, 26.325158288256223), (51.79856114842171, 26.249529853665038), (51.86855920402767, 26.174334927857796), (51.93855725963364, 26.109536673582145), (52.00855531523963, 26.062404844662836), (52.0785533708456, 26.045409415511216), (52.14855142645157, 26.047625964771758), (52.21854948205756, 26.061833743960506), (52.288547537663526, 26.08171671857739), (52.358545593269504, 26.103471320248456), (52.428543648875475, 26.115673650106235), (52.49854170448145, 26.127874095143216), (52.568539760087425, 26.143996852264532), (52.6385378156934, 26.163894905447815), (52.708535871299375, 26.17781430705419), (52.778533926905354, 26.186827520118744), (52.848531982511325, 26.1820513842121), (52.91853003811731, 26.15781258872692), (52.98852809372327, 26.138189719380406), (53.058526149329246, 26.12642089830658), (53.12852420493523, 26.121567484747143), (53.198522260541196, 26.117714911032394), (53.268520316147175, 26.101235922779914), (53.33851837175316, 26.078199642965), (53.40851642735913, 26.047456330899777), (53.47851448296509, 26.012449554185455), (53.54851253857108, 25.98066582103876), (53.618510594177046, 25.96649573826601), (53.688508649783024, 25.96307855815601), (53.758506705388996, 25.968844224982536), (53.828504760994974, 25.976945184779996), (53.89850281660096, 25.97991189271885), (53.96850087220693, 25.97500193453542), (54.038498927812924, 25.972534704108508), (54.10849698341888, 25.972534704108508), (54.17849503902486, 25.976796283936814), (54.24849309463083, 25.977444662291937), (54.31849115023681, 25.973829575997957), (54.38848920584279, 25.96934370249448), (54.45848726144877, 25.968063909171427), (54.528485317054745, 25.970966533203086), (54.59848337266071, 25.986495571772476), (54.668481428266695, 26.003398644704912), (54.73847948387265, 26.017887262192822), (54.80847753947863, 26.02965608326665), (54.8784755950846, 26.04143809808608), (54.94847365069058, 26.048364814525275), (55.018471706296545, 26.05344252175988), (55.08846976190252, 26.066383701371176), (55.15846781750851, 26.09144050908346), (55.22846587311449, 26.11901920702584), (55.29846392872046, 26.129958706947768), (55.36846198432644, 26.106328708580925), (55.43846003993242, 26.066851136929515), (55.5084580983862, 26.047141190198378), (55.57845615399576, 26.034574541614095), (55.648454209605326, 26.032127153209657), (55.718452265214886, 26.03980262327932), (55.78845032082445, 26.053909358939187), (55.85844837643401, 26.06651322416689), (55.92844643204357, 26.06506566465783), (55.998444487653124, 26.032207309497796), (56.06844254326265, 25.945747049652102)

Record time: 2023-12-18T15:41:30Z
Event time: 2023-12-19T17:23:56.125Z
Status: Underway
Travel distance: 299.652807775378
Num waypoints: 73
Waypoints: (51.028582539373886, 27.162596165306393), (51.09858059498345, 27.102202908584083), (51.16857865059302, 27.087430025849336), (51.23857670620259, 27.090676886698137), (51.30857476181217, 27.096820374421664), (51.378572817421734, 27.099462207793714), (51.44857087303131, 27.09773982427732), (51.51856892864087, 27.093700824650533), (51.588566984250434, 27.090240979051345), (51.658565037209755, 27.089605793051973), (51.728563092815726, 27.09501522874734), (51.79856114842171, 27.10129545165221), (51.86855920402767, 27.098313665146957), (51.93855725963364, 27.09476266276017), (52.00855531523963, 27.082848710484758), (52.0785533708456, 27.072225860457195), (52.14855142645157, 27.054755456464033), (52.21854948205756, 27.039435633003414), (52.288547537663526, 27.01932836471136), (52.358545593269504, 26.993255638587993), (52.428543648875475, 26.971205120051362), (52.49854170448145, 26.942324010936332), (52.568539760087425, 26.91221211383904), (52.6385378156934, 26.87208804865331), (52.708535871299375, 26.823346582770984), (52.778533926905354, 26.787193835010395), (52.848531982511325, 26.74739961346463), (52.91853003811731, 26.703564336124142), (52.98852809372327, 26.655708736017722), (53.058526149329246, 26.62055494328101), (53.12852420493523, 26.57962794443458), (53.198522260541196, 26.53886680981853), (53.268520316147175, 26.48946565665629), (53.33851837175316, 26.438956228863766), (53.40851642735913, 26.385674229674773), (53.47851448296509, 26.337475592182788), (53.54851253857108, 26.288562607607687), (53.618510594177046, 26.229243527397), (53.688508649783024, 26.16899711535282), (53.758506705388996, 26.103275298885276), (53.828504760994974, 26.04830826990128), (53.89850281660096, 26.007232370211664), (53.96850087220693, 25.974998164893822), (54.038498927812924, 25.961683790764173), (54.10849698341888, 25.962105990623325), (54.17849503902486, 25.976894294618404), (54.24849309463083, 25.980733674587555), (54.31849115023681, 25.97761806580552), (54.38848920584279, 25.970016583520003), (54.45848726144877, 25.966269559770033), (54.528485317054745, 25.970966533203086), (54.59848337266071, 25.986495571772476), (54.668481428266695, 26.003398644704912), (54.73847948387265, 26.017887262192822), (54.80847753947863, 26.02965608326665), (54.8784755950846, 26.04143809808608), (54.94847365069058, 26.048364814525275), (55.018471706296545, 26.05344252175988), (55.08846976190252, 26.066383701371176), (55.15846781750851, 26.09144050908346), (55.22846587311449, 26.11901920702584), (55.29846392872046, 26.129958706947768), (55.36846198432644, 26.106328708580925), (55.43846003993242, 26.066851136929515), (55.5084580983862, 26.047141190198378), (55.57845615399576, 26.034574541614095), (55.648454209605326, 26.032127153209657), (55.718452265214886, 26.03980262327932), (55.78845032082445, 26.053909358939187), (55.85844837643401, 26.06651322416689), (55.92844643204357, 26.06506566465783), (55.998444487653124, 26.032207309497796), (56.06844254326265, 25.945747049652102)

Record time: 2023-12-18T17:46:29Z
Event time: 2023-12-19T18:00:04.875Z
Status: Underway
Travel distance: 296.9200863930885
Num waypoints: 72
Waypoints: (51.098580594983474, 26.750171363766228), (51.16857865059305, 26.663554972219384), (51.23857670620261, 26.600314299579956), (51.308574761812174, 26.54059344411063), (51.37857281742174, 26.474861552415803), (51.448570873031315, 26.40095685498116), (51.51856892864089, 26.321523121403754), (51.58856698425046, 26.241838535312613), (51.65856503986003, 26.168036988979928), (51.728563092815726, 26.105721796283387), (51.79856114842171, 26.057325252607427), (51.86855920402767, 26.025907174695888), (51.93855725963364, 26.013571022561326), (52.00855531523963, 26.017052286578522), (52.0785533708456, 26.03884646948638), (52.14855142645157, 26.061724424354114), (52.21854948205756, 26.078069590329815), (52.288547537663526, 26.087701024616692), (52.358545593269504, 26.097739580196322), (52.428543648875475, 26.10762358047037), (52.49854170448145, 26.128995563519084), (52.568539760087425, 26.145791201665926), (52.6385378156934, 26.163894905447815), (52.708535871299375, 26.17781430705419), (52.778533926905354, 26.186827520118744), (52.848531982511325, 26.1820513842121), (52.91853003811731, 26.15781258872692), (52.98852809372327, 26.138189719380406), (53.058526149329246, 26.12642089830658), (53.12852420493523, 26.121567484747143), (53.198522260541196, 26.117714911032394), (53.268520316147175, 26.101235922779914), (53.33851837175316, 26.078199642965), (53.40851642735913, 26.047456330899777), (53.47851448296509, 26.012449554185455), (53.54851253857108, 25.98066582103876), (53.618510594177046, 25.96649573826601), (53.688508649783024, 25.96307855815601), (53.758506705388996, 25.968844224982536), (53.828504760994974, 25.976945184779996), (53.89850281660096, 25.97991189271885), (53.96850087220693, 25.97500193453542), (54.038498927812924, 25.972534704108508), (54.10849698341888, 25.972534704108508), (54.17849503902486, 25.976796283936814), (54.24849309463083, 25.977444662291937), (54.31849115023681, 25.973829575997957), (54.38848920584279, 25.96934370249448), (54.45848726144877, 25.968063909171427), (54.528485317054745, 25.970966533203086), (54.59848337266071, 25.986495571772476), (54.668481428266695, 26.003398644704912), (54.73847948387265, 26.017887262192822), (54.80847753947863, 26.02965608326665), (54.8784755950846, 26.04143809808608), (54.94847365069058, 26.048364814525275), (55.018471706296545, 26.05344252175988), (55.08846976190252, 26.066383701371176), (55.15846781750851, 26.09144050908346), (55.22846587311449, 26.11901920702584), (55.29846392872046, 26.129958706947768), (55.36846198432644, 26.106328708580925), (55.43846003993242, 26.066851136929515), (55.5084580983862, 26.047141190198378), (55.57845615399576, 26.034574541614095), (55.648454209605326, 26.032127153209657), (55.718452265214886, 26.03980262327932), (55.78845032082445, 26.053909358939187), (55.85844837643401, 26.06651322416689), (55.92844643204357, 26.06506566465783), (55.998444487653124, 26.032207309497796), (56.06844254326265, 25.945747049652102)

Record time: 2023-12-18T19:04:04Z
Event time: 2023-12-19T18:36:14.571Z
Status: Underway
Travel distance: 288.04913606911447
Num waypoints: 71
Waypoints: (51.16857865059305, 26.53077661199548), (51.23857670620262, 26.467766789923022), (51.30857476181218, 26.400958539896745), (51.37857281742174, 26.32723608178713), (51.4485708730313, 26.249014642101884), (51.51856892864087, 26.171768134542745), (51.58856698425044, 26.101993742023705), (51.658565039860015, 26.04561340015063), (51.72856309546959, 26.0068121821623), (51.79856114842171, 25.987313583999587), (51.86855920402767, 25.990253904447243), (51.93855725963364, 26.005439905631075), (52.00855531523963, 26.024885601822408), (52.0785533708456, 26.05009696484027), (52.14855142645157, 26.067209252881476), (52.21854948205756, 26.07545345905972), (52.288547537663526, 26.082118185407744), (52.358545593269504, 26.097066699170803), (52.428543648875475, 26.109417929871764), (52.49854170448145, 26.128995563519084), (52.568539760087425, 26.145791201665926), (52.6385378156934, 26.163894905447815), (52.708535871299375, 26.17781430705419), (52.778533926905354, 26.186827520118744), (52.848531982511325, 26.1820513842121), (52.91853003811731, 26.15781258872692), (52.98852809372327, 26.138189719380406), (53.058526149329246, 26.12642089830658), (53.12852420493523, 26.121567484747143), (53.198522260541196, 26.117714911032394), (53.268520316147175, 26.101235922779914), (53.33851837175316, 26.078199642965), (53.40851642735913, 26.047456330899777), (53.47851448296509, 26.012449554185455), (53.54851253857108, 25.98066582103876), (53.618510594177046, 25.96649573826601), (53.688508649783024, 25.96307855815601), (53.758506705388996, 25.968844224982536), (53.828504760994974, 25.976945184779996), (53.89850281660096, 25.97991189271885), (53.96850087220693, 25.97500193453542), (54.038498927812924, 25.972534704108508), (54.10849698341888, 25.972534704108508), (54.17849503902486, 25.976796283936814), (54.24849309463083, 25.977444662291937), (54.31849115023681, 25.973829575997957), (54.38848920584279, 25.96934370249448), (54.45848726144877, 25.968063909171427), (54.528485317054745, 25.970966533203086), (54.59848337266071, 25.986495571772476), (54.668481428266695, 26.003398644704912), (54.73847948387265, 26.017887262192822), (54.80847753947863, 26.02965608326665), (54.8784755950846, 26.04143809808608), (54.94847365069058, 26.048364814525275), (55.018471706296545, 26.05344252175988), (55.08846976190252, 26.066383701371176), (55.15846781750851, 26.09144050908346), (55.22846587311449, 26.11901920702584), (55.29846392872046, 26.129958706947768), (55.36846198432644, 26.106328708580925), (55.43846003993242, 26.066851136929515), (55.5084580983862, 26.047141190198378), (55.57845615399576, 26.034574541614095), (55.648454209605326, 26.032127153209657), (55.718452265214886, 26.03980262327932), (55.78845032082445, 26.053909358939187), (55.85844837643401, 26.06651322416689), (55.92844643204357, 26.06506566465783), (55.998444487653124, 26.032207309497796), (56.06844254326265, 25.945747049652102)

Record time: 2023-12-23T18:26:09Z
Event time: 2023-12-24T17:00:40Z
Status: Underway
Travel distance: 268.2823974082073
Num waypoints: 67
Waypoints: (51.448570873031336, 26.389164576455137), (51.51856892864088, 26.337328463280063), (51.58856698425044, 26.25539261866766), (51.658565039860015, 26.170954246075052), (51.72856309546958, 26.1001791108081), (51.798561151079156, 26.050569399366026), (51.86855920668873, 26.023413044070853), (51.9385572622983, 26.015914512981677), (52.00855531790787, 26.02300706509373), (52.0785533708456, 26.03884646948638), (52.14855142645157, 26.061724424354114), (52.21854948205756, 26.078069590329815), (52.288547537663526, 26.087701024616692), (52.358545593269504, 26.097739580196322), (52.428543648875475, 26.10762358047037), (52.49854170448145, 26.128995563519084), (52.568539760087425, 26.145791201665926), (52.6385378156934, 26.163894905447815), (52.708535871299375, 26.17781430705419), (52.778533926905354, 26.186827520118744), (52.848531982511325, 26.1820513842121), (52.91853003811731, 26.15781258872692), (52.98852809372327, 26.138189719380406), (53.058526149329246, 26.12642089830658), (53.12852420493523, 26.121567484747143), (53.198522260541196, 26.117714911032394), (53.268520316147175, 26.101235922779914), (53.33851837175316, 26.078199642965), (53.40851642735913, 26.047456330899777), (53.47851448296509, 26.012449554185455), (53.54851253857108, 25.98066582103876), (53.618510594177046, 25.96649573826601), (53.688508649783024, 25.96307855815601), (53.758506705388996, 25.968844224982536), (53.828504760994974, 25.976945184779996), (53.89850281660096, 25.97991189271885), (53.96850087220693, 25.97500193453542), (54.038498927812924, 25.972534704108508), (54.10849698341888, 25.972534704108508), (54.17849503902486, 25.976796283936814), (54.24849309463083, 25.977444662291937), (54.31849115023681, 25.973829575997957), (54.38848920584279, 25.96934370249448), (54.45848726144877, 25.968063909171427), (54.528485317054745, 25.970966533203086), (54.59848337266071, 25.986495571772476), (54.668481428266695, 26.003398644704912), (54.73847948387265, 26.017887262192822), (54.80847753947863, 26.02965608326665), (54.8784755950846, 26.04143809808608), (54.94847365069058, 26.048364814525275), (55.018471706296545, 26.05344252175988), (55.08846976190252, 26.066383701371176), (55.15846781750851, 26.09144050908346), (55.22846587311449, 26.11901920702584), (55.29846392872046, 26.129958706947768), (55.36846198432644, 26.106328708580925), (55.43846003993242, 26.066851136929515), (55.5084580983862, 26.047141190198378), (55.57845615399576, 26.034574541614095), (55.648454209605326, 26.032127153209657), (55.718452265214886, 26.03980262327932), (55.78845032082445, 26.053909358939187), (55.85844837643401, 26.06651322416689), (55.92844643204357, 26.06506566465783), (55.998444487653124, 26.032207309497796), (56.06844254326265, 25.945747049652102)

Record time: 2023-12-23T20:16:23Z
Event time: 2023-12-24T17:34:02.555Z
Status: Underway
Travel distance: 246.66522678185746
Num waypoints: 62
Waypoints: (51.79856115107914, 26.330596545925925), (51.86855920668872, 26.248082495407917), (51.938557262298296, 26.1706768232996), (52.00855531790786, 26.11051888930994), (52.07855337351744, 26.07233222571077), (52.148551429127004, 26.05569423854403), (52.21854948473658, 26.05697267251154), (52.288547540346144, 26.07092883954739), (52.35854559595571, 26.091987611072884), (52.428543648875475, 26.115174172594294), (52.49854170448145, 26.130989703925252), (52.568539760087425, 26.146464082691445), (52.6385378156934, 26.162100556046422), (52.708535871299375, 26.17781430705419), (52.778533926905354, 26.186827520118744), (52.848531982511325, 26.1820513842121), (52.91853003811731, 26.15781258872692), (52.98852809372327, 26.138189719380406), (53.058526149329246, 26.12642089830658), (53.12852420493523, 26.121567484747143), (53.198522260541196, 26.117714911032394), (53.268520316147175, 26.101235922779914), (53.33851837175316, 26.078199642965), (53.40851642735913, 26.047456330899777), (53.47851448296509, 26.012449554185455), (53.54851253857108, 25.98066582103876), (53.618510594177046, 25.96649573826601), (53.688508649783024, 25.96307855815601), (53.758506705388996, 25.968844224982536), (53.828504760994974, 25.976945184779996), (53.89850281660096, 25.97991189271885), (53.96850087220693, 25.97500193453542), (54.038498927812924, 25.972534704108508), (54.10849698341888, 25.972534704108508), (54.17849503902486, 25.976796283936814), (54.24849309463083, 25.977444662291937), (54.31849115023681, 25.973829575997957), (54.38848920584279, 25.96934370249448), (54.45848726144877, 25.968063909171427), (54.528485317054745, 25.970966533203086), (54.59848337266071, 25.986495571772476), (54.668481428266695, 26.003398644704912), (54.73847948387265, 26.017887262192822), (54.80847753947863, 26.02965608326665), (54.8784755950846, 26.04143809808608), (54.94847365069058, 26.048364814525275), (55.018471706296545, 26.05344252175988), (55.08846976190252, 26.066383701371176), (55.15846781750851, 26.09144050908346), (55.22846587311449, 26.11901920702584), (55.29846392872046, 26.129958706947768), (55.36846198432644, 26.106328708580925), (55.43846003993242, 26.066851136929515), (55.5084580983862, 26.047141190198378), (55.57845615399576, 26.034574541614095), (55.648454209605326, 26.032127153209657), (55.718452265214886, 26.03980262327932), (55.78845032082445, 26.053909358939187), (55.85844837643401, 26.06651322416689), (55.92844643204357, 26.06506566465783), (55.998444487653124, 26.032207309497796), (56.06844254326265, 25.945747049652102)

Record time: 2023-12-23T20:46:58Z
Event time: 2023-12-24T18:18:00Z
Status: Underway
Travel distance: 238.08585313174947
Num waypoints: 60
Waypoints: (51.93855726229831, 26.331130772679543), (52.00855531790788, 26.24241825478643), (52.07855337351744, 26.17254109384117), (52.148551429127, 26.12323846540002), (52.218549484736556, 26.094246922919364), (52.28854754034613, 26.083644377551693), (52.358545595955704, 26.088208214097577), (52.42854365156528, 26.103787543113654), (52.49854170717485, 26.12568958917659), (52.568539760087425, 26.149080213961543), (52.6385378156934, 26.167683395255374), (52.708535871299375, 26.178487188079714), (52.778533926905354, 26.185033170717354), (52.848531982511325, 26.1820513842121), (52.91853003811731, 26.15781258872692), (52.98852809372327, 26.138189719380406), (53.058526149329246, 26.12642089830658), (53.12852420493523, 26.121567484747143), (53.198522260541196, 26.117714911032394), (53.268520316147175, 26.101235922779914), (53.33851837175316, 26.078199642965), (53.40851642735913, 26.047456330899777), (53.47851448296509, 26.012449554185455), (53.54851253857108, 25.98066582103876), (53.618510594177046, 25.96649573826601), (53.688508649783024, 25.96307855815601), (53.758506705388996, 25.968844224982536), (53.828504760994974, 25.976945184779996), (53.89850281660096, 25.97991189271885), (53.96850087220693, 25.97500193453542), (54.038498927812924, 25.972534704108508), (54.10849698341888, 25.972534704108508), (54.17849503902486, 25.976796283936814), (54.24849309463083, 25.977444662291937), (54.31849115023681, 25.973829575997957), (54.38848920584279, 25.96934370249448), (54.45848726144877, 25.968063909171427), (54.528485317054745, 25.970966533203086), (54.59848337266071, 25.986495571772476), (54.668481428266695, 26.003398644704912), (54.73847948387265, 26.017887262192822), (54.80847753947863, 26.02965608326665), (54.8784755950846, 26.04143809808608), (54.94847365069058, 26.048364814525275), (55.018471706296545, 26.05344252175988), (55.08846976190252, 26.066383701371176), (55.15846781750851, 26.09144050908346), (55.22846587311449, 26.11901920702584), (55.29846392872046, 26.129958706947768), (55.36846198432644, 26.106328708580925), (55.43846003993242, 26.066851136929515), (55.5084580983862, 26.047141190198378), (55.57845615399576, 26.034574541614095), (55.648454209605326, 26.032127153209657), (55.718452265214886, 26.03980262327932), (55.78845032082445, 26.053909358939187), (55.85844837643401, 26.06651322416689), (55.92844643204357, 26.06506566465783), (55.998444487653124, 26.032207309497796), (56.06844254326265, 25.945747049652102)

Record time: 2023-12-23T23:50:16Z
Event time: 2023-12-24T18:06:06.666Z
Status: Underway
Travel distance: 201.701403887689
Num waypoints: 52
Waypoints: (52.4985417071748, 26.245564192048775), (52.56853976278436, 26.20129289282768), (52.63853781839393, 26.18581223132469), (52.708535874003495, 26.181216409940983), (52.77853392961306, 26.1778080256612), (52.84853198522264, 26.171501729401612), (52.918530040832216, 26.161651970038257), (52.98852809644179, 26.14930482311507), (53.058526152051364, 26.135873904231953), (53.12852420493523, 26.122240365772665), (53.198522260541196, 26.115920561631004), (53.268520316147175, 26.101235922779914), (53.33851837175316, 26.078199642965), (53.40851642735913, 26.047456330899777), (53.47851448296509, 26.012449554185455), (53.54851253857108, 25.98066582103876), (53.618510594177046, 25.96649573826601), (53.688508649783024, 25.96307855815601), (53.758506705388996, 25.968844224982536), (53.828504760994974, 25.976945184779996), (53.89850281660096, 25.97991189271885), (53.96850087220693, 25.97500193453542), (54.038498927812924, 25.972534704108508), (54.10849698341888, 25.972534704108508), (54.17849503902486, 25.976796283936814), (54.24849309463083, 25.977444662291937), (54.31849115023681, 25.973829575997957), (54.38848920584279, 25.96934370249448), (54.45848726144877, 25.968063909171427), (54.528485317054745, 25.970966533203086), (54.59848337266071, 25.986495571772476), (54.668481428266695, 26.003398644704912), (54.73847948387265, 26.017887262192822), (54.80847753947863, 26.02965608326665), (54.8784755950846, 26.04143809808608), (54.94847365069058, 26.048364814525275), (55.018471706296545, 26.05344252175988), (55.08846976190252, 26.066383701371176), (55.15846781750851, 26.09144050908346), (55.22846587311449, 26.11901920702584), (55.29846392872046, 26.129958706947768), (55.36846198432644, 26.106328708580925), (55.43846003993242, 26.066851136929515), (55.5084580983862, 26.047141190198378), (55.57845615399576, 26.034574541614095), (55.648454209605326, 26.032127153209657), (55.718452265214886, 26.03980262327932), (55.78845032082445, 26.053909358939187), (55.85844837643401, 26.06651322416689), (55.92844643204357, 26.06506566465783), (55.998444487653124, 26.032207309497796), (56.06844254326265, 25.945747049652102)

Record time: 2023-12-24T02:56:14Z
Event time: 2023-12-24T17:51:02.666Z
Status: Underway
Travel distance: 167.78725701943844
Num waypoints: 42
Waypoints: (53.19852226327043, 26.25698860495886), (53.26852031888003, 26.18245804992184), (53.3385183744896, 26.105744529703866), (53.40851643009916, 26.04212880057158), (53.47851448570872, 25.997886887420208), (53.54851254131829, 25.973115430152586), (53.61851059692786, 25.96414048466139), (53.68850865253744, 25.96550977841461), (53.75850670814702, 25.971568420644253), (53.828504760994974, 25.97761806580552), (53.89850281660096, 25.978117543317456), (53.96850087220693, 25.97500193453542), (54.038498927812924, 25.972534704108508), (54.10849698341888, 25.972534704108508), (54.17849503902486, 25.976796283936814), (54.24849309463083, 25.977444662291937), (54.31849115023681, 25.973829575997957), (54.38848920584279, 25.96934370249448), (54.45848726144877, 25.968063909171427), (54.528485317054745, 25.970966533203086), (54.59848337266071, 25.986495571772476), (54.668481428266695, 26.003398644704912), (54.73847948387265, 26.017887262192822), (54.80847753947863, 26.02965608326665), (54.8784755950846, 26.04143809808608), (54.94847365069058, 26.048364814525275), (55.018471706296545, 26.05344252175988), (55.08846976190252, 26.066383701371176), (55.15846781750851, 26.09144050908346), (55.22846587311449, 26.11901920702584), (55.29846392872046, 26.129958706947768), (55.36846198432644, 26.106328708580925), (55.43846003993242, 26.066851136929515), (55.5084580983862, 26.047141190198378), (55.57845615399576, 26.034574541614095), (55.648454209605326, 26.032127153209657), (55.718452265214886, 26.03980262327932), (55.78845032082445, 26.053909358939187), (55.85844837643401, 26.06651322416689), (55.92844643204357, 26.06506566465783), (55.998444487653124, 26.032207309497796), (56.06844254326265, 25.945747049652102)

Record time: 2023-12-24T06:02:15Z
Event time: 2023-12-24T18:03:02Z
Status: Underway
Travel distance: 132.15280777537797
Num waypoints: 33
Waypoints: (53.82850476375657, 26.193794881492103), (53.89850281936614, 26.095301605811635), (53.9685008749757, 26.0352908877496), (54.03849893058526, 26.000376472964255), (54.10849698619483, 25.981112324995998), (54.178495041804396, 25.971207974368383), (54.24849309741398, 25.96681492543328), (54.31849115302355, 25.965884120960208), (54.38848920863313, 25.967594464469798), (54.45848726144877, 25.97185239897899), (54.528485317054745, 25.97163941422861), (54.59848337266071, 25.98470122237109), (54.668481428266695, 26.003398644704912), (54.73847948387265, 26.017887262192822), (54.80847753947863, 26.02965608326665), (54.8784755950846, 26.04143809808608), (54.94847365069058, 26.048364814525275), (55.018471706296545, 26.05344252175988), (55.08846976190252, 26.066383701371176), (55.15846781750851, 26.09144050908346), (55.22846587311449, 26.11901920702584), (55.29846392872046, 26.129958706947768), (55.36846198432644, 26.106328708580925), (55.43846003993242, 26.066851136929515), (55.5084580983862, 26.047141190198378), (55.57845615399576, 26.034574541614095), (55.648454209605326, 26.032127153209657), (55.718452265214886, 26.03980262327932), (55.78845032082445, 26.053909358939187), (55.85844837643401, 26.06651322416689), (55.92844643204357, 26.06506566465783), (55.998444487653124, 26.032207309497796), (56.06844254326265, 25.945747049652102)

Record time: 2023-12-24T08:59:44Z
Event time: 2023-12-24T17:41:09Z
Status: Underway
Travel distance: 99.03509719222463
Num waypoints: 25
Waypoints: (54.38848920863312, 26.19347213163223), (54.45848726424269, 26.162952073733404), (54.528485319852244, 26.182336758847605), (54.5984833754618, 26.203077401179964), (54.66848143107136, 26.203854278621048), (54.73847948668093, 26.18162684966069), (54.808477542290504, 26.144066574840686), (54.878475597900085, 26.103372442746196), (54.94847365350966, 26.071469200536), (55.018471706296545, 26.05658828767471), (55.08846976190252, 26.058050908615346), (55.15846781750851, 26.083305622511606), (55.22846587311449, 26.11600160892539), (55.29846392872046, 26.130780488816473), (55.36846198432644, 26.111911547789873), (55.43846003993242, 26.067524017955037), (55.5084580983862, 26.046722508671362), (55.57845615399576, 26.033553665553093), (55.648454209605326, 26.03125852497666), (55.718452265214886, 26.039657172229347), (55.78845032082445, 26.054522039930692), (55.85844837643401, 26.067293300091745), (55.92844643204357, 26.0651363511494), (55.998444487653124, 26.03134139997603), (56.06844254326265, 25.946065138864192)

Record time: 2023-12-24T10:51:12Z
Event time: 2023-12-24T17:24:36Z
Status: Underway
Travel distance: 75.55183585313175
Num waypoints: 19
Waypoints: (54.808477542290504, 26.10799740460173), (54.87847559790004, 26.063978985504615), (54.94847365350961, 26.032362687270684), (55.01847170911918, 26.032213472290692), (55.08846976472875, 26.058975511212026), (55.158467820338316, 26.096504226487113), (55.228465875947876, 26.12646429885408), (55.298463931557436, 26.135093636749517), (55.368461987377536, 26.11733330875275), (55.438460042987366, 26.074674014602753), (55.508458098597195, 26.026226870734952), (55.57845615399566, 26.014859588885034), (55.64845420960522, 26.025440682883126), (55.71845226521479, 26.050259423231054), (55.78845032082438, 26.074456535180563), (55.85844837643397, 26.08084027824355), (55.92844643204356, 26.05726588208909), (55.998444487653146, 26.006578338728417), (56.06844254326271, 25.959118550987526)

Record time: 2023-12-24T12:02:43Z
Event time: 2023-12-24T17:08:36Z
Status: Underway
Travel distance: 64.17818574514038
Num waypoints: 16
Waypoints: (55.01847170911911, 26.122935865987955), (55.088469764728764, 26.092893707258746), (55.15846782033833, 26.113797167353574), (55.228465875947876, 26.13463393378932), (55.29846393155742, 26.1334701294385), (55.36846198716698, 26.108341626041426), (55.43846004277655, 26.069250805117512), (55.50845809783134, 26.031268766015494), (55.578456153440214, 25.995015204504988), (55.648454209605255, 26.008178865724286), (55.718452265214815, 26.0489814905644), (55.78845032082438, 26.090336561213828), (55.85844837643395, 26.099416902896557), (55.92844643204353, 26.056567894283912), (55.99844448765311, 25.981922683708387), (56.0684425432627, 25.969719411439616)

Record time: 2023-12-24T14:14:08Z
Event time: 2023-12-24T16:46:00Z
Status: Underway
Travel distance: 32.06047516198704
Num waypoints: 8
Waypoints: (55.57845615399572, 26.184364060676778), (55.64845420960529, 26.184364060676778), (55.718452265214864, 26.114352392065342), (55.78845032082444, 26.044340723453907), (55.858448376433984, 26.044340723453907), (55.92844643204356, 26.044340723453907), (55.99844448765313, 25.97432905484247), (56.06844254326268, 25.97432905484247)

Record time: 2023-12-24T15:36:04Z
Event time: 2023-12-24T16:27:23.500Z
Status: Underway
Travel distance: 13.208963282937365
Num waypoints: 4
Waypoints: (55.858448376433984, 26.044340723453907), (55.92844643204356, 26.044340723453907), (55.99844448765313, 25.97432905484247), (56.06844254326268, 25.97432905484247)

Record time: 2023-12-24T16:10:00Z
Event time: 2023-12-24T16:42:51.333Z
Status: Underway
Travel distance: 9.431965442764579
Num waypoints: 3
Waypoints: (55.92844643204356, 26.044340723453907), (55.99844448765313, 25.97432905484247), (56.06844254326268, 25.97432905484247)

Record time: 2023-12-27T04:11:21Z
Event time: 2023-12-27T04:11:21Z
Status: Arrived
Travel distance: N/A
Num waypoints: 0
Waypoints: 

