Record time: 2024-02-02T21:57:58Z
Event time: 2024-02-03T05:53:27.500Z
Status: Underway
Travel distance: 111.542656587473
Num waypoints: 27
Waypoints: (54.24849309741396, 25.49392054906312), (54.318491153023565, 25.52951080918312), (54.38848920863313, 25.555719630792733), (54.45848726424269, 25.58606880398396), (54.528485319852244, 25.62314627338871), (54.598483375461804, 25.66313366622219), (54.66848143107137, 25.699516938991614), (54.738479486680944, 25.72598014287027), (54.80847754229052, 25.738482307736888), (54.8784755950846, 25.736517443560004), (54.94847365069058, 25.71374503865706), (55.018471706296545, 25.700078203037847), (55.08846976190252, 25.696796730025426), (55.15846781750851, 25.708605132336057), (55.22846587311449, 25.73896771059972), (55.29846392872046, 25.785426658493517), (55.36846198432644, 25.833057964924766), (55.43846003993242, 25.870262442691626), (55.5084580983862, 25.923258955686766), (55.57845615399576, 25.97513117174754), (55.648454209605326, 26.021199082155096), (55.718452265214886, 26.056503723384953), (55.78845032082445, 26.076317964871023), (55.85844837643401, 26.076809777445074), (55.92844643204357, 26.055857983778925), (55.998444487653124, 26.014020490829342), (56.06844254326265, 25.955655004285642)

Record time: 2024-02-02T22:12:58Z
Event time: 2024-02-03T06:09:02Z
Status: Underway
Travel distance: 111.542656587473
Num waypoints: 27
Waypoints: (54.24849309741396, 25.49392054906312), (54.318491153023565, 25.52951080918312), (54.38848920863313, 25.555719630792733), (54.45848726424269, 25.58606880398396), (54.528485319852244, 25.62314627338871), (54.598483375461804, 25.66313366622219), (54.66848143107137, 25.699516938991614), (54.738479486680944, 25.72598014287027), (54.80847754229052, 25.738482307736888), (54.8784755950846, 25.736517443560004), (54.94847365069058, 25.71374503865706), (55.018471706296545, 25.700078203037847), (55.08846976190252, 25.696796730025426), (55.15846781750851, 25.708605132336057), (55.22846587311449, 25.73896771059972), (55.29846392872046, 25.785426658493517), (55.36846198432644, 25.833057964924766), (55.43846003993242, 25.870262442691626), (55.5084580983862, 25.923258955686766), (55.57845615399576, 25.97513117174754), (55.648454209605326, 26.021199082155096), (55.718452265214886, 26.056503723384953), (55.78845032082445, 26.076317964871023), (55.85844837643401, 26.076809777445074), (55.92844643204357, 26.055857983778925), (55.998444487653124, 26.014020490829342), (56.06844254326265, 25.955655004285642)

Record time: 2024-02-02T22:31:13Z
Event time: 2024-02-03T06:36:17Z
Status: Underway
Travel distance: 108.27483801295897
Num waypoints: 26
Waypoints: (54.318491153023565, 25.49430505250634), (54.38848920863315, 25.525259910005808), (54.45848726424272, 25.575501453361046), (54.52848531985227, 25.62908229945796), (54.59848337546183, 25.67547204016131), (54.6684814310714, 25.708814811401624), (54.738479486680966, 25.727173856998622), (54.80847754229054, 25.7317630872211), (54.87847559790011, 25.726165632083294), (54.94847365069058, 25.715539388058446), (55.018471706296545, 25.700078203037847), (55.08846976190252, 25.696796730025426), (55.15846781750851, 25.708605132336057), (55.22846587311449, 25.73896771059972), (55.29846392872046, 25.785426658493517), (55.36846198432644, 25.833057964924766), (55.43846003993242, 25.870262442691626), (55.5084580983862, 25.923258955686766), (55.57845615399576, 25.97513117174754), (55.648454209605326, 26.021199082155096), (55.718452265214886, 26.056503723384953), (55.78845032082445, 26.076317964871023), (55.85844837643401, 26.076809777445074), (55.92844643204357, 26.055857983778925), (55.998444487653124, 26.014020490829342), (56.06844254326265, 25.955655004285642)

Record time: 2024-02-02T22:58:09Z
Event time: 2024-02-03T09:15:20.333Z
Status: Underway
Travel distance: 105.77861771058315
Num waypoints: 25
Waypoints: (54.38848920863312, 25.486761794048395), (54.45848726424269, 25.552523146063475), (54.528485319852244, 25.620926845492637), (54.5984833754618, 25.67729793460906), (54.66848143107136, 25.714870163762203), (54.73847948668093, 25.73277564151266), (54.808477542290504, 25.734244453804116), (54.878475597900085, 25.725014252172414), (54.94847365350966, 25.711949810991726), (55.018471706296545, 25.70187255243924), (55.08846976190252, 25.696796730025426), (55.15846781750851, 25.708605132336057), (55.22846587311449, 25.73896771059972), (55.29846392872046, 25.785426658493517), (55.36846198432644, 25.833057964924766), (55.43846003993242, 25.870262442691626), (55.5084580983862, 25.923258955686766), (55.57845615399576, 25.97513117174754), (55.648454209605326, 26.021199082155096), (55.718452265214886, 26.056503723384953), (55.78845032082445, 26.076317964871023), (55.85844837643401, 26.076809777445074), (55.92844643204357, 26.055857983778925), (55.998444487653124, 26.014020490829342), (56.06844254326265, 25.955655004285642)

Record time: 2024-02-02T23:09:22Z
Event time: 2024-02-03T09:48:35.750Z
Status: Underway
Travel distance: 105.77861771058315
Num waypoints: 25
Waypoints: (54.38848920863312, 25.486761794048395), (54.45848726424269, 25.552523146063475), (54.528485319852244, 25.620926845492637), (54.5984833754618, 25.67729793460906), (54.66848143107136, 25.714870163762203), (54.73847948668093, 25.73277564151266), (54.808477542290504, 25.734244453804116), (54.878475597900085, 25.725014252172414), (54.94847365350966, 25.711949810991726), (55.018471706296545, 25.70187255243924), (55.08846976190252, 25.696796730025426), (55.15846781750851, 25.708605132336057), (55.22846587311449, 25.73896771059972), (55.29846392872046, 25.785426658493517), (55.36846198432644, 25.833057964924766), (55.43846003993242, 25.870262442691626), (55.5084580983862, 25.923258955686766), (55.57845615399576, 25.97513117174754), (55.648454209605326, 26.021199082155096), (55.718452265214886, 26.056503723384953), (55.78845032082445, 26.076317964871023), (55.85844837643401, 26.076809777445074), (55.92844643204357, 26.055857983778925), (55.998444487653124, 26.014020490829342), (56.06844254326265, 25.955655004285642)

Record time: 2024-02-03T01:08:12Z
Event time: 2024-02-03T08:05:37.750Z
Status: Underway
Travel distance: 87.0037796976242
Num waypoints: 21
Waypoints: (54.66848143107134, 25.556649955493235), (54.738479486680944, 25.614557921778317), (54.80847754229051, 25.629909890001727), (54.87847559790007, 25.63305224610454), (54.94847365350964, 25.640056685699978), (55.01847170911921, 25.657148789024767), (55.08846976472879, 25.684432803803876), (55.15846782033837, 25.718912636028556), (55.228465875947954, 25.756809048647703), (55.29846392872046, 25.795173066849177), (55.36846198432644, 25.828647484253278), (55.43846003993242, 25.864679603482678), (55.5084580983862, 25.9160384585119), (55.57845615399576, 25.97018127820924), (55.648454209605326, 26.021009811877338), (55.718452265214886, 26.060983919579957), (55.78845032082445, 26.08255403727687), (55.85844837643401, 26.08014306589491), (55.92844643204357, 26.052677685662207), (55.998444487653124, 26.00666909570562), (56.06844254326265, 25.95984317891126)

Record time: 2024-02-03T02:38:20Z
Event time: 2024-02-03T08:45:36.500Z
Status: Underway
Travel distance: 72.42332613390928
Num waypoints: 17
Waypoints: (54.94847365350966, 25.625600138722806), (55.01847170911923, 25.689499333480242), (55.0884697647288, 25.696925672417976), (55.15846782033836, 25.706694626130627), (55.228465875947926, 25.737280338181307), (55.29846393155749, 25.78494963100343), (55.36846198716705, 25.837676526305216), (55.43846004222247, 25.8848372797182), (55.50845809783134, 25.915571940940502), (55.578456153440214, 25.951747693182092), (55.648454209605255, 26.006886676079755), (55.718452265214815, 26.061744989569412), (55.78845032082438, 26.097719549273165), (55.85844837643395, 26.096228945992895), (55.92844643204353, 26.05092060870195), (55.99844448765311, 25.98443703465546), (56.0684425432627, 25.969741086878848)

Record time: 2024-02-03T02:49:18Z
Event time: 2024-02-03T09:07:55.500Z
Status: Underway
Travel distance: 67.22138228941685
Num waypoints: 16
Waypoints: (55.01847170911911, 25.69807558225648), (55.088469764728764, 25.682425915155093), (55.15846782033833, 25.707017534596634), (55.228465875947876, 25.747640642337743), (55.29846393155742, 25.791481719129102), (55.36846198716698, 25.83368880127318), (55.43846004277655, 25.874305239648375), (55.50845809783134, 25.915571940940502), (55.578456153440214, 25.951747693182092), (55.648454209605255, 26.006886676079755), (55.718452265214815, 26.061744989569412), (55.78845032082438, 26.097719549273165), (55.85844837643395, 26.096228945992895), (55.92844643204353, 26.05092060870195), (55.99844448765311, 25.98443703465546), (56.0684425432627, 25.969741086878848)

Record time: 2024-02-03T03:37:30Z
Event time: 2024-02-03T08:34:12.500Z
Status: Underway
Travel distance: 61.203563714902806
Num waypoints: 14
Waypoints: (55.15846782033835, 25.701135153866428), (55.22846587594792, 25.737183076595148), (55.298463931557464, 25.793828729622447), (55.368461987167024, 25.842155864445424), (55.43846004277659, 25.879058678622265), (55.50845809838617, 25.912919352486405), (55.57845615428335, 25.952970410658793), (55.64845420989328, 25.990700832514317), (55.71845226521487, 26.04928666458009), (55.78845032082444, 26.101847330989177), (55.858448376434005, 26.112316719698576), (55.92844643204356, 26.057217146949778), (55.998444487653096, 25.965992347458332), (56.06844254326259, 25.97607976339307)

Record time: 2024-02-03T06:30:01Z
Event time: 2024-02-03T08:16:35.500Z
Status: Underway
Travel distance: 24.509719222462202
Num waypoints: 6
Waypoints: (55.718452265214864, 26.044340723453907), (55.78845032082444, 26.114352392065342), (55.858448376433984, 26.114352392065342), (55.92844643204356, 26.044340723453907), (55.99844448765313, 25.97432905484247), (56.06844254326268, 25.97432905484247)

Record time: 2024-02-03T08:16:30Z
Event time: 2024-02-03T08:33:36Z
Status: Underway
Travel distance: 9.431965442764579
Num waypoints: 3
Waypoints: (55.92844643204356, 26.044340723453907), (55.99844448765313, 25.97432905484247), (56.06844254326268, 25.97432905484247)

Record time: 2024-02-04T16:24:19Z
Event time: 2024-02-04T16:24:19Z
Status: Arrived
Travel distance: N/A
Num waypoints: 0
Waypoints: 

