MMSI: 563141900
Record time: 2023-06-17T05:27:58Z
Event time: 2023-06-18T21:33:11.333Z
Status: Underway
Travel distance: 526.616090712743
Num waypoints: 46
Waypoints: (48.14999999999998, 29.972640649053453), (48.329999999999984, 29.95802895776991), (48.509999999999984, 29.808077724886488), (48.68999999999999, 29.609899910669473), (48.87, 29.412437523709276), (49.05000000000001, 29.2370556712637), (49.23000000000002, 29.086683816493082), (49.41000000000003, 28.953504242587382), (49.59000000000003, 28.82518772378515), (49.76999999744665, 28.689676401812537), (49.9499999974374, 28.534031765934138), (50.12999999742817, 28.361494412328778), (50.30999999741891, 28.189160585443013), (50.48999999740969, 27.999294385425827), (50.674613269711415, 27.800705611711418), (50.84365674796363, 27.610839411694243), (51.02198976720337, 27.438505584808482), (51.21128415405597, 27.25674168658117), (51.40281733482418, 27.123010094179897), (51.586107683448496, 26.994478124877023), (51.754031764742884, 26.85044420376448), (51.90506312831031, 26.692497777604856), (52.04327230854282, 26.511111857571095), (52.176727686110326, 26.349564946824234), (52.31493686634284, 26.22947449051057), (52.465968229910274, 26.15799299906182), (52.63389231120466, 26.131805894473047), (52.817182659829, 26.138250907260442), (53.008715840597205, 26.153239196396832), (53.19801022744979, 26.135018709118185), (53.37634324668954, 26.098001075522028), (53.54538672494172, 26.045961231669537), (53.72999999724346, 26.00430125051674), (53.90999999723422, 25.971979269094252), (54.089999997225, 26.000128952764904), (54.26999999721577, 26.013396956533235), (54.44999999720652, 26.04049993136022), (54.630000000000074, 26.02514044958943), (54.810000000000066, 25.99393033199131), (54.99000000000006, 25.959340657619375), (55.170000000000044, 25.938356436079708), (55.35000000000003, 25.946780283654935), (55.530000000000015, 25.991274528567406), (55.71, 26.05914174671745), (55.88999999999997, 26.10584372789692), (56.069999999999936, 26.040258872477857)
Day of Week: Saturday

MMSI: 563141900
Record time: 2023-06-17T05:53:17Z
Event time: 2023-06-18T22:20:49.800Z
Status: Underway
Travel distance: 517.5583153347732
Num waypoints: 45
Waypoints: (48.329999999999984, 29.96807680465986), (48.51000000000002, 29.799903557312234), (48.69000000000001, 29.604371384867637), (48.87, 29.41398751330778), (49.04999999999999, 29.242619513209885), (49.22999999999999, 29.09152065982206), (49.41, 28.954441361250126), (49.59, 28.821826654755924), (49.77000000000001, 28.68409977116704), (49.9499999974374, 28.534031765934138), (50.12999999742817, 28.361494412328778), (50.30999999741891, 28.189160585443013), (50.48999999740969, 27.999294385425827), (50.674613269711415, 27.800705611711418), (50.84365674796363, 27.610839411694243), (51.02198976720337, 27.438505584808482), (51.21128415405597, 27.25674168658117), (51.40281733482418, 27.123010094179897), (51.586107683448496, 26.994478124877023), (51.754031764742884, 26.85044420376448), (51.90506312831031, 26.692497777604856), (52.04327230854282, 26.511111857571095), (52.176727686110326, 26.349564946824234), (52.31493686634284, 26.22947449051057), (52.465968229910274, 26.15799299906182), (52.63389231120466, 26.131805894473047), (52.817182659829, 26.138250907260442), (53.008715840597205, 26.153239196396832), (53.19801022744979, 26.135018709118185), (53.37634324668954, 26.098001075522028), (53.54538672494172, 26.045961231669537), (53.72999999724346, 26.00430125051674), (53.90999999723422, 25.971979269094252), (54.089999997225, 26.000128952764904), (54.26999999721577, 26.013396956533235), (54.44999999720652, 26.04049993136022), (54.630000000000074, 26.02514044958943), (54.810000000000066, 25.99393033199131), (54.99000000000006, 25.959340657619375), (55.170000000000044, 25.938356436079708), (55.35000000000003, 25.946780283654935), (55.530000000000015, 25.991274528567406), (55.71, 26.05914174671745), (55.88999999999997, 26.10584372789692), (56.069999999999936, 26.040258872477857)
Day of Week: Saturday

MMSI: 563141900
Record time: 2023-06-17T06:15:47Z
Event time: 2023-06-18T22:54:36.285Z
Status: Underway
Travel distance: 511.95140388768897
Num waypoints: 45
Waypoints: (48.329999999999984, 29.79999342625335), (48.51000000000002, 29.767463865196554), (48.69000000000001, 29.617728905150546), (48.87, 29.430207359365603), (49.04999999999999, 29.247390056168065), (49.22999999999999, 29.085659707044854), (49.41, 28.944554279910406), (49.59, 28.814473877555997), (49.77000000000001, 28.682831121281446), (49.9499999974374, 28.538645038245114), (50.12999999742817, 28.361494412328778), (50.30999999741891, 28.189160585443013), (50.48999999740969, 27.999294385425827), (50.674613269711415, 27.800705611711418), (50.84365674796363, 27.610839411694243), (51.02198976720337, 27.438505584808482), (51.21128415405597, 27.25674168658117), (51.40281733482418, 27.123010094179897), (51.586107683448496, 26.994478124877023), (51.754031764742884, 26.85044420376448), (51.90506312831031, 26.692497777604856), (52.04327230854282, 26.511111857571095), (52.176727686110326, 26.349564946824234), (52.31493686634284, 26.22947449051057), (52.465968229910274, 26.15799299906182), (52.63389231120466, 26.131805894473047), (52.817182659829, 26.138250907260442), (53.008715840597205, 26.153239196396832), (53.19801022744979, 26.135018709118185), (53.37634324668954, 26.098001075522028), (53.54538672494172, 26.045961231669537), (53.72999999724346, 26.00430125051674), (53.90999999723422, 25.971979269094252), (54.089999997225, 26.000128952764904), (54.26999999721577, 26.013396956533235), (54.44999999720652, 26.04049993136022), (54.630000000000074, 26.02514044958943), (54.810000000000066, 25.99393033199131), (54.99000000000006, 25.959340657619375), (55.170000000000044, 25.938356436079708), (55.35000000000003, 25.946780283654935), (55.530000000000015, 25.991274528567406), (55.71, 26.05914174671745), (55.88999999999997, 26.10584372789692), (56.069999999999936, 26.040258872477857)
Day of Week: Saturday

MMSI: 563141900
Record time: 2023-06-17T06:54:29Z
Event time: 2023-06-18T23:32:19.500Z
Status: Underway
Travel distance: 503.85637149028076
Num waypoints: 44
Waypoints: (48.50999999999999, 29.802598127730363), (48.690000000000005, 29.592066652797982), (48.870000000000005, 29.411240827714472), (49.05000000000001, 29.25061965515975), (49.23000000000001, 29.102403039684773), (49.41000000000001, 28.96018359010757), (49.59000000000001, 28.818720317184507), (49.77000000000002, 28.67379422655687), (49.95000000000002, 28.52214580697268), (50.12999999742817, 28.361494412328778), (50.30999999741891, 28.189160585443013), (50.48999999740969, 27.999294385425827), (50.674613269711415, 27.800705611711418), (50.84365674796363, 27.610839411694243), (51.02198976720337, 27.438505584808482), (51.21128415405597, 27.25674168658117), (51.40281733482418, 27.123010094179897), (51.586107683448496, 26.994478124877023), (51.754031764742884, 26.85044420376448), (51.90506312831031, 26.692497777604856), (52.04327230854282, 26.511111857571095), (52.176727686110326, 26.349564946824234), (52.31493686634284, 26.22947449051057), (52.465968229910274, 26.15799299906182), (52.63389231120466, 26.131805894473047), (52.817182659829, 26.138250907260442), (53.008715840597205, 26.153239196396832), (53.19801022744979, 26.135018709118185), (53.37634324668954, 26.098001075522028), (53.54538672494172, 26.045961231669537), (53.72999999724346, 26.00430125051674), (53.90999999723422, 25.971979269094252), (54.089999997225, 26.000128952764904), (54.26999999721577, 26.013396956533235), (54.44999999720652, 26.04049993136022), (54.630000000000074, 26.02514044958943), (54.810000000000066, 25.99393033199131), (54.99000000000006, 25.959340657619375), (55.170000000000044, 25.938356436079708), (55.35000000000003, 25.946780283654935), (55.530000000000015, 25.991274528567406), (55.71, 26.05914174671745), (55.88999999999997, 26.10584372789692), (56.069999999999936, 26.040258872477857)
Day of Week: Saturday

MMSI: 563141900
Record time: 2023-06-17T07:06:48Z
Event time: 2023-06-19T00:09:16.636Z
Status: Underway
Travel distance: 503.85637149028076
Num waypoints: 44
Waypoints: (48.50999999999999, 29.802598127730363), (48.690000000000005, 29.592066652797982), (48.870000000000005, 29.411240827714472), (49.05000000000001, 29.25061965515975), (49.23000000000001, 29.102403039684773), (49.41000000000001, 28.96018359010757), (49.59000000000001, 28.818720317184507), (49.77000000000002, 28.67379422655687), (49.95000000000002, 28.52214580697268), (50.12999999742817, 28.361494412328778), (50.30999999741891, 28.189160585443013), (50.48999999740969, 27.999294385425827), (50.674613269711415, 27.800705611711418), (50.84365674796363, 27.610839411694243), (51.02198976720337, 27.438505584808482), (51.21128415405597, 27.25674168658117), (51.40281733482418, 27.123010094179897), (51.586107683448496, 26.994478124877023), (51.754031764742884, 26.85044420376448), (51.90506312831031, 26.692497777604856), (52.04327230854282, 26.511111857571095), (52.176727686110326, 26.349564946824234), (52.31493686634284, 26.22947449051057), (52.465968229910274, 26.15799299906182), (52.63389231120466, 26.131805894473047), (52.817182659829, 26.138250907260442), (53.008715840597205, 26.153239196396832), (53.19801022744979, 26.135018709118185), (53.37634324668954, 26.098001075522028), (53.54538672494172, 26.045961231669537), (53.72999999724346, 26.00430125051674), (53.90999999723422, 25.971979269094252), (54.089999997225, 26.000128952764904), (54.26999999721577, 26.013396956533235), (54.44999999720652, 26.04049993136022), (54.630000000000074, 26.02514044958943), (54.810000000000066, 25.99393033199131), (54.99000000000006, 25.959340657619375), (55.170000000000044, 25.938356436079708), (55.35000000000003, 25.946780283654935), (55.530000000000015, 25.991274528567406), (55.71, 26.05914174671745), (55.88999999999997, 26.10584372789692), (56.069999999999936, 26.040258872477857)
Day of Week: Saturday

MMSI: 563141900
Record time: 2023-06-17T08:10:47Z
Event time: 2023-06-18T23:21:33.200Z
Status: Underway
Travel distance: 489.5097192224622
Num waypoints: 43
Waypoints: (48.69, 29.620008404410232), (48.87000000000002, 29.40870455585605), (49.050000000000026, 29.237769923763143), (49.23000000000002, 29.091567092108324), (49.41000000000002, 28.956903388440878), (49.59000000000002, 28.82329401485579), (49.77000000000002, 28.683105485872325), (49.95000000000002, 28.53157937321799), (50.13000000000002, 28.366736357517848), (50.30999999741891, 28.189160585443013), (50.48999999740969, 27.999294385425827), (50.674613269711415, 27.800705611711418), (50.84365674796363, 27.610839411694243), (51.02198976720337, 27.438505584808482), (51.21128415405597, 27.25674168658117), (51.40281733482418, 27.123010094179897), (51.586107683448496, 26.994478124877023), (51.754031764742884, 26.85044420376448), (51.90506312831031, 26.692497777604856), (52.04327230854282, 26.511111857571095), (52.176727686110326, 26.349564946824234), (52.31493686634284, 26.22947449051057), (52.465968229910274, 26.15799299906182), (52.63389231120466, 26.131805894473047), (52.817182659829, 26.138250907260442), (53.008715840597205, 26.153239196396832), (53.19801022744979, 26.135018709118185), (53.37634324668954, 26.098001075522028), (53.54538672494172, 26.045961231669537), (53.72999999724346, 26.00430125051674), (53.90999999723422, 25.971979269094252), (54.089999997225, 26.000128952764904), (54.26999999721577, 26.013396956533235), (54.44999999720652, 26.04049993136022), (54.630000000000074, 26.02514044958943), (54.810000000000066, 25.99393033199131), (54.99000000000006, 25.959340657619375), (55.170000000000044, 25.938356436079708), (55.35000000000003, 25.946780283654935), (55.530000000000015, 25.991274528567406), (55.71, 26.05914174671745), (55.88999999999997, 26.10584372789692), (56.069999999999936, 26.040258872477857)
Day of Week: Saturday

MMSI: 563141900
Record time: 2023-06-17T08:20:48Z
Event time: 2023-06-18T22:51:00.200Z
Status: Underway
Travel distance: 489.5097192224622
Num waypoints: 43
Waypoints: (48.69, 29.620008404410232), (48.87000000000002, 29.40870455585605), (49.050000000000026, 29.237769923763143), (49.23000000000002, 29.091567092108324), (49.41000000000002, 28.956903388440878), (49.59000000000002, 28.82329401485579), (49.77000000000002, 28.683105485872325), (49.95000000000002, 28.53157937321799), (50.13000000000002, 28.366736357517848), (50.30999999741891, 28.189160585443013), (50.48999999740969, 27.999294385425827), (50.674613269711415, 27.800705611711418), (50.84365674796363, 27.610839411694243), (51.02198976720337, 27.438505584808482), (51.21128415405597, 27.25674168658117), (51.40281733482418, 27.123010094179897), (51.586107683448496, 26.994478124877023), (51.754031764742884, 26.85044420376448), (51.90506312831031, 26.692497777604856), (52.04327230854282, 26.511111857571095), (52.176727686110326, 26.349564946824234), (52.31493686634284, 26.22947449051057), (52.465968229910274, 26.15799299906182), (52.63389231120466, 26.131805894473047), (52.817182659829, 26.138250907260442), (53.008715840597205, 26.153239196396832), (53.19801022744979, 26.135018709118185), (53.37634324668954, 26.098001075522028), (53.54538672494172, 26.045961231669537), (53.72999999724346, 26.00430125051674), (53.90999999723422, 25.971979269094252), (54.089999997225, 26.000128952764904), (54.26999999721577, 26.013396956533235), (54.44999999720652, 26.04049993136022), (54.630000000000074, 26.02514044958943), (54.810000000000066, 25.99393033199131), (54.99000000000006, 25.959340657619375), (55.170000000000044, 25.938356436079708), (55.35000000000003, 25.946780283654935), (55.530000000000015, 25.991274528567406), (55.71, 26.05914174671745), (55.88999999999997, 26.10584372789692), (56.069999999999936, 26.040258872477857)
Day of Week: Saturday

MMSI: 563141900
Record time: 2023-06-17T08:33:39Z
Event time: 2023-06-18T22:20:47.400Z
Status: Underway
Travel distance: 489.5097192224622
Num waypoints: 43
Waypoints: (48.69, 29.620008404410232), (48.87000000000002, 29.40870455585605), (49.050000000000026, 29.237769923763143), (49.23000000000002, 29.091567092108324), (49.41000000000002, 28.956903388440878), (49.59000000000002, 28.82329401485579), (49.77000000000002, 28.683105485872325), (49.95000000000002, 28.53157937321799), (50.13000000000002, 28.366736357517848), (50.30999999741891, 28.189160585443013), (50.48999999740969, 27.999294385425827), (50.674613269711415, 27.800705611711418), (50.84365674796363, 27.610839411694243), (51.02198976720337, 27.438505584808482), (51.21128415405597, 27.25674168658117), (51.40281733482418, 27.123010094179897), (51.586107683448496, 26.994478124877023), (51.754031764742884, 26.85044420376448), (51.90506312831031, 26.692497777604856), (52.04327230854282, 26.511111857571095), (52.176727686110326, 26.349564946824234), (52.31493686634284, 26.22947449051057), (52.465968229910274, 26.15799299906182), (52.63389231120466, 26.131805894473047), (52.817182659829, 26.138250907260442), (53.008715840597205, 26.153239196396832), (53.19801022744979, 26.135018709118185), (53.37634324668954, 26.098001075522028), (53.54538672494172, 26.045961231669537), (53.72999999724346, 26.00430125051674), (53.90999999723422, 25.971979269094252), (54.089999997225, 26.000128952764904), (54.26999999721577, 26.013396956533235), (54.44999999720652, 26.04049993136022), (54.630000000000074, 26.02514044958943), (54.810000000000066, 25.99393033199131), (54.99000000000006, 25.959340657619375), (55.170000000000044, 25.938356436079708), (55.35000000000003, 25.946780283654935), (55.530000000000015, 25.991274528567406), (55.71, 26.05914174671745), (55.88999999999997, 26.10584372789692), (56.069999999999936, 26.040258872477857)
Day of Week: Saturday

MMSI: 563141900
Record time: 2023-06-17T08:58:49Z
Event time: 2023-06-18T21:23:02Z
Status: Underway
Travel distance: 465.97894168466524
Num waypoints: 41
Waypoints: (48.86999999999997, 29.59670089452882), (49.04999999999997, 29.44091707925944), (49.22999999999997, 29.31028599468914), (49.409999999999975, 29.18274041043088), (49.58999999999998, 29.04600660801039), (49.76999999999999, 28.89486840024965), (49.949999999999996, 28.72885952593646), (50.13, 28.550384419780002), (50.31, 28.363267357652475), (50.48999999740969, 28.171729975671397), (50.66999999740044, 27.99211279974845), (50.84999999739122, 27.814865256346582), (51.02999999738199, 27.603187776212067), (51.20999999737276, 27.422102300383422), (51.389999997363525, 27.26537703454142), (51.569999997354294, 27.166584195671806), (51.74999999734506, 27.106097992955842), (51.92999999733582, 27.067994883521802), (52.10999999732657, 27.053975769240655), (52.28999999731733, 27.04165755683047), (52.46999999730811, 26.987441915427937), (52.64999999729887, 26.883735360042223), (52.82999999728964, 26.7667947220081), (53.0099999972804, 26.656652845583544), (53.18999999727117, 26.562075917334262), (53.36999999726195, 26.464412167171012), (53.5499999972527, 26.365192891365098), (53.72999999724346, 26.26786835240118), (53.90999999723422, 26.153515411230575), (54.089999997225, 26.092239331007583), (54.26999999721577, 26.03769901602855), (54.44999999720652, 26.02670372729577), (54.630000000000074, 25.993877130165558), (54.810000000000066, 25.967401270206427), (54.99000000000006, 25.95113610788187), (55.170000000000044, 25.950211221380563), (55.35000000000003, 25.96858348731628), (55.530000000000015, 26.005593602466988), (55.71, 26.05152144788852), (55.88999999999997, 26.082140295402578), (56.069999999999936, 26.052269856459393)
Day of Week: Saturday

MMSI: 563141900
Record time: 2023-06-17T09:11:23Z
Event time: 2023-06-18T20:30:07.400Z
Status: Underway
Travel distance: 474.8682505399568
Num waypoints: 42
Waypoints: (48.86999999999997, 29.432102933222392), (49.04999999999997, 29.233565966299157), (49.22999999999997, 29.080546736988957), (49.409999999999975, 28.949389449210102), (49.58999999999998, 28.822478689166537), (49.76999999999999, 28.687849817056012), (49.949999999999996, 28.538685965320187), (50.13, 28.372701643436663), (50.31, 28.191412949252936), (50.48999999740969, 27.999294385425827), (50.674613269711415, 27.800705611711418), (50.84365674796363, 27.610839411694243), (51.02198976720337, 27.438505584808482), (51.21128415405597, 27.25674168658117), (51.40281733482418, 27.123010094179897), (51.586107683448496, 26.994478124877023), (51.754031764742884, 26.85044420376448), (51.90506312831031, 26.692497777604856), (52.04327230854282, 26.511111857571095), (52.176727686110326, 26.349564946824234), (52.31493686634284, 26.22947449051057), (52.465968229910274, 26.15799299906182), (52.63389231120466, 26.131805894473047), (52.817182659829, 26.138250907260442), (53.008715840597205, 26.153239196396832), (53.19801022744979, 26.135018709118185), (53.37634324668954, 26.098001075522028), (53.54538672494172, 26.045961231669537), (53.72999999724346, 26.00430125051674), (53.90999999723422, 25.971979269094252), (54.089999997225, 26.000128952764904), (54.26999999721577, 26.013396956533235), (54.44999999720652, 26.04049993136022), (54.630000000000074, 26.02514044958943), (54.810000000000066, 25.99393033199131), (54.99000000000006, 25.959340657619375), (55.170000000000044, 25.938356436079708), (55.35000000000003, 25.946780283654935), (55.530000000000015, 25.991274528567406), (55.71, 26.05914174671745), (55.88999999999997, 26.10584372789692), (56.069999999999936, 26.040258872477857)
Day of Week: Saturday

MMSI: 563141900
Record time: 2023-06-17T09:23:46Z
Event time: 2023-06-18T19:30:07.200Z
Status: Underway
Travel distance: 474.8682505399568
Num waypoints: 42
Waypoints: (48.86999999999997, 29.432102933222392), (49.04999999999997, 29.233565966299157), (49.22999999999997, 29.080546736988957), (49.409999999999975, 28.949389449210102), (49.58999999999998, 28.822478689166537), (49.76999999999999, 28.687849817056012), (49.949999999999996, 28.538685965320187), (50.13, 28.372701643436663), (50.31, 28.191412949252936), (50.48999999740969, 27.999294385425827), (50.674613269711415, 27.800705611711418), (50.84365674796363, 27.610839411694243), (51.02198976720337, 27.438505584808482), (51.21128415405597, 27.25674168658117), (51.40281733482418, 27.123010094179897), (51.586107683448496, 26.994478124877023), (51.754031764742884, 26.85044420376448), (51.90506312831031, 26.692497777604856), (52.04327230854282, 26.511111857571095), (52.176727686110326, 26.349564946824234), (52.31493686634284, 26.22947449051057), (52.465968229910274, 26.15799299906182), (52.63389231120466, 26.131805894473047), (52.817182659829, 26.138250907260442), (53.008715840597205, 26.153239196396832), (53.19801022744979, 26.135018709118185), (53.37634324668954, 26.098001075522028), (53.54538672494172, 26.045961231669537), (53.72999999724346, 26.00430125051674), (53.90999999723422, 25.971979269094252), (54.089999997225, 26.000128952764904), (54.26999999721577, 26.013396956533235), (54.44999999720652, 26.04049993136022), (54.630000000000074, 26.02514044958943), (54.810000000000066, 25.99393033199131), (54.99000000000006, 25.959340657619375), (55.170000000000044, 25.938356436079708), (55.35000000000003, 25.946780283654935), (55.530000000000015, 25.991274528567406), (55.71, 26.05914174671745), (55.88999999999997, 26.10584372789692), (56.069999999999936, 26.040258872477857)
Day of Week: Saturday

MMSI: 563141900
Record time: 2023-06-19T15:22:56Z
Event time: 2023-06-20T10:58:56Z
Status: Underway
Travel distance: 250.46760259179266
Num waypoints: 50
Waypoints: (58.58837254520708, 23.943990665110835), (58.51837448959751, 24.014002333722292), (58.44837643398794, 24.084014002333728), (58.378378378378365, 24.154025670945156), (58.3083803227688, 24.224037339556588), (58.23838226715924, 24.294049008168024), (58.16838421154968, 24.364060676779463), (58.09838615594012, 24.434072345390906), (58.02838810033056, 24.50408401400235), (57.958390041747506, 24.57409568135304), (57.88839198614154, 24.64410734996088), (57.81839393053556, 24.714119018568724), (57.74839587492958, 24.78413068717657), (57.678397819323614, 24.854142355784415), (57.60839976371764, 24.92415402439226), (57.53840170811167, 24.994165693000095), (57.468403652505685, 25.064177361607943), (57.398405596899714, 25.134189030215786), (57.32840754129375, 25.204200698823634), (57.25661548517795, 25.27421236743147), (57.189084180272964, 25.344224036039307), (57.122201127653035, 25.414235704647155), (57.051703691653046, 25.484247373255), (56.976721254378546, 25.554259041862842), (56.90045927262277, 25.624270710470686), (56.82889335102503, 25.694282379078533), (56.77038669784429, 25.764294047686374), (56.72207682697298, 25.834305716294217), (56.697273639252266, 25.904317384902054), (56.688723870015906, 25.976123402911295), (56.69166173429616, 26.04366784109223), (56.69970458532122, 26.112358250319428), (56.70497728850026, 26.178607816610896), (56.700475327136886, 26.254750807280427), (56.68267665611256, 26.330381126692416), (56.6524123197811, 26.40759281075543), (56.6120058503154, 26.470332840717717), (56.55669146274771, 26.511063818200974), (56.48810674787951, 26.527529612707852), (56.42454787267482, 26.521262583548584), (56.35474014695487, 26.496588394458662), (56.27798934063656, 26.462974250363594), (56.2005028233302, 26.420168776278537), (56.12594603288787, 26.370432816112334), (56.058937938154855, 26.315022602928096), (56.005132073396574, 26.254370703099408), (55.97127062213742, 26.18854666651377), (55.96521155330295, 26.117997384182836), (55.99592880966533, 26.044567153259294), (56.07348554859199, 25.972797449460426)
Day of Week: Monday

MMSI: 563141900
Record time: 2023-06-19T18:28:49Z
Event time: 2023-06-20T11:07:48.285Z
Status: Underway
Travel distance: 210.63066954643628
Num waypoints: 43
Waypoints: (58.09838615594015, 24.434072345390906), (58.02838810033058, 24.50408401400234), (57.95839004472101, 24.574095682613777), (57.88839198911143, 24.644107351225212), (57.818393933501866, 24.714119019836648), (57.7483958778923, 24.784130688448087), (57.67839782228274, 24.854142357059523), (57.60839976667318, 24.924154025670962), (57.53840171106363, 24.9941656942824), (57.468403652505685, 25.064177361607943), (57.398405596899714, 25.134189030215786), (57.32840754129375, 25.204200698823634), (57.25661548517795, 25.27421236743147), (57.189084180272964, 25.344224036039307), (57.122201127653035, 25.414235704647155), (57.051703691653046, 25.484247373255), (56.976721254378546, 25.554259041862842), (56.90045927262277, 25.624270710470686), (56.82889335102503, 25.694282379078533), (56.77038669784429, 25.764294047686374), (56.72207682697298, 25.834305716294217), (56.697273639252266, 25.904317384902054), (56.688723870015906, 25.976123402911295), (56.69166173429616, 26.04366784109223), (56.69970458532122, 26.112358250319428), (56.70497728850026, 26.178607816610896), (56.700475327136886, 26.254750807280427), (56.68267665611256, 26.330381126692416), (56.6524123197811, 26.40759281075543), (56.6120058503154, 26.470332840717717), (56.55669146274771, 26.511063818200974), (56.48810674787951, 26.527529612707852), (56.42454787267482, 26.521262583548584), (56.35474014695487, 26.496588394458662), (56.27798934063656, 26.462974250363594), (56.2005028233302, 26.420168776278537), (56.12594603288787, 26.370432816112334), (56.058937938154855, 26.315022602928096), (56.005132073396574, 26.254370703099408), (55.97127062213742, 26.18854666651377), (55.96521155330295, 26.117997384182836), (55.99592880966533, 26.044567153259294), (56.07348554859199, 25.972797449460426)
Day of Week: Monday

MMSI: 563141900
Record time: 2023-06-19T21:36:38Z
Event time: 2023-06-20T10:45:03.833Z
Status: Underway
Travel distance: 169.44330453563714
Num waypoints: 36
Waypoints: (57.53988001408117, 24.924154025670944), (57.46672867251043, 24.99416569428238), (57.396196379812416, 25.064177362893812), (57.327955754878055, 25.13418903150524), (57.26047901919825, 25.20420070011667), (57.192015463318185, 25.274212368728104), (57.12133373339283, 25.344224037339544), (57.048228937843724, 25.414235705950983), (56.97379457411687, 25.484247374562425), (56.90045927262277, 25.554259041862842), (56.82889335102503, 25.624270710470686), (56.768592697334476, 25.694282379078533), (56.726337578183774, 25.764294047686374), (56.696127891027515, 25.834305716294217), (56.68757623733684, 25.904317384902054), (56.69029173600768, 25.976123402911295), (56.69792566044595, 26.04366784109223), (56.704688966989764, 26.112358250319428), (56.70547666889428, 26.178607816610896), (56.697360324150836, 26.254750807280427), (56.68020990541157, 26.330381126692416), (56.65420632029091, 26.40759281075543), (56.6120058503154, 26.470332840717717), (56.55669146274771, 26.511063818200974), (56.48810674787951, 26.527529612707852), (56.42454787267482, 26.521262583548584), (56.35474014695487, 26.496588394458662), (56.27798934063656, 26.462974250363594), (56.2005028233302, 26.420168776278537), (56.12594603288787, 26.370432816112334), (56.058937938154855, 26.315022602928096), (56.005132073396574, 26.254370703099408), (55.97127062213742, 26.18854666651377), (55.96521155330295, 26.117997384182836), (55.99592880966533, 26.044567153259294), (56.07348554859199, 25.972797449460426)
Day of Week: Monday

MMSI: 563141900
Record time: 2023-06-20T00:21:56Z
Event time: 2023-06-20T10:14:33Z
Status: Underway
Travel distance: 131.02969762419008
Num waypoints: 29
Waypoints: (57.11330979543615, 25.413917616738903), (57.059176024205776, 25.485113284084203), (56.98177232581141, 25.554188356682292), (56.89967196765968, 25.623490635860435), (56.825272860359945, 25.69366969940521), (56.765793868721836, 25.76443950005814), (56.72421967714983, 25.8351743458526), (56.700194209435004, 25.905338262292045), (56.690862602943916, 25.974747736369498), (56.69166173429616, 26.04366784109223), (56.69970458532122, 26.112358250319428), (56.70497728850026, 26.178607816610896), (56.700475327136886, 26.254750807280427), (56.68267665611256, 26.330381126692416), (56.6524123197811, 26.40759281075543), (56.6120058503154, 26.470332840717717), (56.55669146274771, 26.511063818200974), (56.48810674787951, 26.527529612707852), (56.42454787267482, 26.521262583548584), (56.35474014695487, 26.496588394458662), (56.27798934063656, 26.462974250363594), (56.2005028233302, 26.420168776278537), (56.12594603288787, 26.370432816112334), (56.058937938154855, 26.315022602928096), (56.005132073396574, 26.254370703099408), (55.97127062213742, 26.18854666651377), (55.96521155330295, 26.117997384182836), (55.99592880966533, 26.044567153259294), (56.07348554859199, 25.972797449460426)
Day of Week: Tuesday

MMSI: 563141900
Record time: 2023-06-20T01:58:37Z
Event time: 2023-06-20T10:30:24.250Z
Status: Underway
Travel distance: 112.89362850971922
Num waypoints: 26
Waypoints: (56.83972588261147, 25.626989617193313), (56.75930068442786, 25.688491913897444), (56.71492338419054, 25.763178874791393), (56.69496004620169, 25.838273728041166), (56.690330170363225, 25.909046944217845), (56.693966796014884, 25.97576433445841), (56.70036329067099, 26.041152154972014), (56.70520682365576, 26.108379217891606), (56.70509852463721, 26.179556008471014), (56.697360324150836, 26.254750807280427), (56.68020990541157, 26.330381126692416), (56.65420632029091, 26.40759281075543), (56.6120058503154, 26.470332840717717), (56.55669146274771, 26.511063818200974), (56.48810674787951, 26.527529612707852), (56.42454787267482, 26.521262583548584), (56.35474014695487, 26.496588394458662), (56.27798934063656, 26.462974250363594), (56.2005028233302, 26.420168776278537), (56.12594603288787, 26.370432816112334), (56.058937938154855, 26.315022602928096), (56.005132073396574, 26.254370703099408), (55.97127062213742, 26.18854666651377), (55.96521155330295, 26.117997384182836), (55.99592880966533, 26.044567153259294), (56.07348554859199, 25.972797449460426)
Day of Week: Tuesday

MMSI: 563141900
Record time: 2023-06-20T03:42:24Z
Event time: 2023-06-20T10:10:12.500Z
Status: Underway
Travel distance: 85.57343412526998
Num waypoints: 20
Waypoints: (56.76310749914625, 26.05071940254378), (56.71081296675033, 26.10431335671262), (56.69712130972663, 26.176698802908895), (56.69284352990113, 26.257590531048685), (56.68146641106394, 26.33770511330322), (56.65558637761954, 26.409251145988897), (56.61387495779998, 26.466272663917053), (56.55857585144083, 26.504845727203353), (56.493533602320056, 26.52312818053694), (56.422753872165, 26.521262583548584), (56.35474014695487, 26.496588394458662), (56.27798934063656, 26.462974250363594), (56.2005028233302, 26.420168776278537), (56.12594603288787, 26.370432816112334), (56.058937938154855, 26.315022602928096), (56.005132073396574, 26.254370703099408), (55.97127062213742, 26.18854666651377), (55.96521155330295, 26.117997384182836), (55.99592880966533, 26.044567153259294), (56.07348554859199, 25.972797449460426)
Day of Week: Tuesday

MMSI: 563141900
Record time: 2023-06-20T05:35:47Z
Event time: 2023-06-20T10:28:10.750Z
Status: Underway
Travel distance: 63.67818574514039
Num waypoints: 15
Waypoints: (56.69970864705477, 26.461968079858973), (56.624109413382634, 26.474398110568625), (56.5611128303513, 26.521179165113097), (56.49204830441882, 26.54110313787854), (56.417499291633405, 26.524707865984034), (56.344100520771555, 26.486474210155706), (56.27610288618988, 26.44471791665322), (56.215206744931706, 26.41548184173962), (56.13708273781427, 26.377082967528384), (56.05990286837563, 26.324484406858293), (55.994434553358346, 26.25889422469038), (55.95844668121216, 26.1855637886576), (55.965723969376796, 26.112395539477564), (56.013522658955516, 26.044290703209604), (56.06580032087287, 25.974570819356572)
Day of Week: Tuesday

MMSI: 563141900
Record time: 2023-06-20T06:33:50Z
Event time: 2023-06-20T10:50:32.500Z
Status: Underway
Travel distance: 56.165766738660906
Num waypoints: 13
Waypoints: (56.559033605161424, 26.60260530189833), (56.48581062884913, 26.544044328243643), (56.4216577420132, 26.51484448011318), (56.349298583746304, 26.484305453623854), (56.27521178938867, 26.449129702064013), (56.2068261941724, 26.413147563555075), (56.145293555407385, 26.381900068514575), (56.06058179909167, 26.324790591403683), (55.99437302526587, 26.257238403027387), (55.95779321043807, 26.184588697046628), (55.965412085598224, 26.113105372217156), (56.01422068455495, 26.044775596426334), (56.065577546745445, 25.974300255307842)
Day of Week: Tuesday

MMSI: 563141900
Record time: 2023-06-20T09:42:49Z
Event time: 2023-06-20T11:21:48Z
Status: Underway
Travel distance: 26.80291576673866
Num waypoints: 6
Waypoints: (55.92844643204356, 26.32438739789965), (55.99844448765313, 26.254375729288213), (55.92844643204356, 26.184364060676778), (55.99844448765313, 26.114352392065342), (55.99844448765313, 26.044340723453907), (56.06844254326268, 25.97432905484247)
Day of Week: Tuesday

MMSI: 563141900
Record time: 2023-06-20T10:08:18Z
Event time: 2023-06-20T11:43:07.333Z
Status: Underway
Travel distance: 25.359071274298056
Num waypoints: 6
Waypoints: (55.858448376433984, 26.32438739789965), (55.92844643204356, 26.254375729288213), (55.92844643204356, 26.184364060676778), (55.99844448765313, 26.114352392065342), (55.99844448765313, 26.044340723453907), (56.06844254326268, 25.97432905484247)
Day of Week: Tuesday

MMSI: 563141900
Record time: 2023-06-20T10:20:06Z
Event time: 2023-06-20T12:04:37Z
Status: Underway
Travel distance: 26.80291576673866
Num waypoints: 6
Waypoints: (55.78845032082444, 26.32438739789965), (55.858448376433984, 26.254375729288213), (55.92844643204356, 26.184364060676778), (55.99844448765313, 26.114352392065342), (55.99844448765313, 26.044340723453907), (56.06844254326268, 25.97432905484247)
Day of Week: Tuesday

MMSI: 563141900
Record time: 2023-06-20T10:32:08Z
Event time: 2023-06-20T12:34:26.750Z
Status: Underway
Travel distance: 26.80291576673866
Num waypoints: 6
Waypoints: (55.78845032082444, 26.32438739789965), (55.858448376433984, 26.254375729288213), (55.92844643204356, 26.184364060676778), (55.99844448765313, 26.114352392065342), (55.99844448765313, 26.044340723453907), (56.06844254326268, 25.97432905484247)
Day of Week: Tuesday

MMSI: 563141900
Record time: 2023-06-20T17:42:49Z
Event time: 2023-06-20T19:20:39Z
Status: Underway
Travel distance: 20.733261339092873
Num waypoints: 5
Waypoints: (55.78845032082444, 26.184364060676778), (55.858448376433984, 26.114352392065342), (55.92844643204356, 26.044340723453907), (55.99844448765313, 25.97432905484247), (56.06844254326268, 25.97432905484247)
Day of Week: Tuesday

MMSI: 563141900
Record time: 2023-06-20T18:14:56Z
Event time: 2023-06-20T19:39:34.666Z
Status: Underway
Travel distance: 19.288336933045358
Num waypoints: 5
Waypoints: (55.858448376433984, 26.184364060676778), (55.858448376433984, 26.114352392065342), (55.92844643204356, 26.044340723453907), (55.99844448765313, 25.97432905484247), (56.06844254326268, 25.97432905484247)
Day of Week: Tuesday

MMSI: 563141900
Record time: 2023-06-20T18:46:07Z
Event time: 2023-06-20T20:06:10.666Z
Status: Underway
Travel distance: 15.083693304535638
Num waypoints: 4
Waypoints: (55.858448376433984, 26.114352392065342), (55.92844643204356, 26.044340723453907), (55.99844448765313, 25.97432905484247), (56.06844254326268, 25.97432905484247)
Day of Week: Tuesday

MMSI: 563141900
Record time: 2023-06-21T05:52:15Z
Event time: 2023-06-21T05:52:15Z
Status: Arrived
Travel distance: N/A
Num waypoints: 0
Waypoints: 
Day of Week: Wednesday

Number of Journeys: 1
