MMSI: 563145600
Record time: 2023-10-20T15:31:19Z
Event time: 2023-10-21T05:54:29Z
Status: Underway
Travel distance: 256.2829373650108
Num waypoints: 54
Waypoints: (59.14835699008366, 24.436776103693596), (59.07835893447407, 24.499153631215087), (59.0083608788645, 24.572205412968316), (58.93836282325494, 24.64657725467084), (58.86836476764538, 24.71827916203667), (58.79836671203582, 24.7867975042631), (58.72836865642626, 24.853520811698665), (58.658370600816696, 24.920479207692182), (58.58837254520713, 24.989397474622876), (58.51837448659532, 25.0610617528259), (58.44837643098934, 25.136482857129113), (58.37837837538336, 25.208513168813532), (58.3083803197774, 25.278483371363777), (58.23838226417141, 25.338241614820806), (58.168384208565456, 25.40737872657755), (58.09838615295947, 25.46740272976736), (58.02838809735349, 25.521101274353104), (57.958390041747506, 25.56377361726013), (57.88839198614154, 25.597540181888203), (57.81839393053556, 25.61662210766518), (57.74839587492958, 25.61741750204269), (57.678397819323614, 25.60223338567965), (57.60839976371764, 25.578912497923962), (57.53840170811167, 25.56038847910372), (57.468403652505685, 25.55317526990296), (57.398405596899714, 25.57383856033095), (57.32840754129375, 25.62183929163897), (57.25661548517795, 25.68886728892076), (57.189084180272964, 25.766435204114927), (57.122201127653035, 25.839296721772037), (57.053497692162864, 25.90373686009573), (56.97425450367756, 25.940669923667425), (56.89913827014654, 25.975001934535417), (56.82871998122786, 26.009982323758546), (56.76978932582578, 26.05179895802248), (56.727519131040545, 26.104524935075535), (56.70185851660558, 26.16735732125701), (56.687159772932766, 26.24926597875307), (56.67404397088626, 26.33299725796251), (56.652510311405585, 26.413175649964376), (56.615294223098616, 26.47100572174324), (56.56047921592493, 26.50926946879958), (56.488779498070684, 26.527529612707852), (56.422753872165, 26.521262583548584), (56.35474014695487, 26.496588394458662), (56.27798934063656, 26.462974250363594), (56.2005028233302, 26.420168776278537), (56.12594603288787, 26.370432816112334), (56.058937938154855, 26.315022602928096), (56.005132073396574, 26.254370703099408), (55.97127062213742, 26.18854666651377), (55.96521155330295, 26.117997384182836), (55.99592880966533, 26.044567153259294), (56.07348554859199, 25.972797449460426)
Day of Week: Friday

MMSI: 563145600
Record time: 2023-10-20T15:55:53Z
Event time: 2023-10-21T07:43:11.166Z
Status: Underway
Travel distance: 250.73056155507558
Num waypoints: 53
Waypoints: (59.078358934474004, 24.503341805840797), (59.00836087886446, 24.574959067617993), (58.9383628232549, 24.645042942000796), (58.86836476764534, 24.714304606146484), (58.79836671203577, 24.783395865357132), (58.728368656426206, 24.852828859713537), (58.658370600816646, 24.922915372845466), (58.588372545207086, 24.993725742838222), (58.51837448959752, 25.065067375275525), (58.44837643098934, 25.136482857129113), (58.37837837538336, 25.208513168813532), (58.3083803197774, 25.278483371363777), (58.23838226417141, 25.338241614820806), (58.168384208565456, 25.40737872657755), (58.09838615295947, 25.46740272976736), (58.02838809735349, 25.521101274353104), (57.958390041747506, 25.56377361726013), (57.88839198614154, 25.597540181888203), (57.81839393053556, 25.61662210766518), (57.74839587492958, 25.61741750204269), (57.678397819323614, 25.60223338567965), (57.60839976371764, 25.578912497923962), (57.53840170811167, 25.56038847910372), (57.468403652505685, 25.55317526990296), (57.398405596899714, 25.57383856033095), (57.32840754129375, 25.62183929163897), (57.25661548517795, 25.68886728892076), (57.189084180272964, 25.766435204114927), (57.122201127653035, 25.839296721772037), (57.053497692162864, 25.90373686009573), (56.97425450367756, 25.940669923667425), (56.89913827014654, 25.975001934535417), (56.82871998122786, 26.009982323758546), (56.76978932582578, 26.05179895802248), (56.727519131040545, 26.104524935075535), (56.70185851660558, 26.16735732125701), (56.687159772932766, 26.24926597875307), (56.67404397088626, 26.33299725796251), (56.652510311405585, 26.413175649964376), (56.615294223098616, 26.47100572174324), (56.56047921592493, 26.50926946879958), (56.488779498070684, 26.527529612707852), (56.422753872165, 26.521262583548584), (56.35474014695487, 26.496588394458662), (56.27798934063656, 26.462974250363594), (56.2005028233302, 26.420168776278537), (56.12594603288787, 26.370432816112334), (56.058937938154855, 26.315022602928096), (56.005132073396574, 26.254370703099408), (55.97127062213742, 26.18854666651377), (55.96521155330295, 26.117997384182836), (55.99592880966533, 26.044567153259294), (56.07348554859199, 25.972797449460426)
Day of Week: Friday

MMSI: 563145600
Record time: 2023-10-20T16:09:50Z
Event time: 2023-10-21T08:47:01.833Z
Status: Underway
Travel distance: 243.87634989200865
Num waypoints: 52
Waypoints: (59.008360878864465, 24.499003325323645), (58.93836282325493, 24.58314685482737), (58.86836476764536, 24.64827151437626), (58.798366712035794, 24.70977877444182), (58.72836865642622, 24.775491241059253), (58.65837060081666, 24.847654523999), (58.5883725452071, 24.924715942155593), (58.51837448959754, 25.002880066153786), (58.44837643398798, 25.077441098171995), (58.37837837538336, 25.143892087693054), (58.3083803197774, 25.20283420374378), (58.23838226417141, 25.24511261910365), (58.168384208565456, 25.27436692273704), (58.09838615295947, 25.282339714720116), (58.02838809735349, 25.291694080349426), (57.958390041747506, 25.315552142033045), (57.88839198614154, 25.364713922953722), (57.81839393053556, 25.4302001368213), (57.74839587492958, 25.49469681976899), (57.678397819323614, 25.541511998793926), (57.60839976371764, 25.56303476750662), (57.53840170811167, 25.572481489355113), (57.468403652505685, 25.5743059958893), (57.398405596899714, 25.583660361518614), (57.32840754129375, 25.615461058052514), (57.25661548517795, 25.681963190331164), (57.189084180272964, 25.763295092662496), (57.122201127653035, 25.84288542057482), (57.053497692162864, 25.90373686009573), (56.97425450367756, 25.940669923667425), (56.89913827014654, 25.975001934535417), (56.82871998122786, 26.009982323758546), (56.76978932582578, 26.05179895802248), (56.727519131040545, 26.104524935075535), (56.70185851660558, 26.16735732125701), (56.687159772932766, 26.24926597875307), (56.67404397088626, 26.33299725796251), (56.652510311405585, 26.413175649964376), (56.615294223098616, 26.47100572174324), (56.56047921592493, 26.50926946879958), (56.488779498070684, 26.527529612707852), (56.422753872165, 26.521262583548584), (56.35474014695487, 26.496588394458662), (56.27798934063656, 26.462974250363594), (56.2005028233302, 26.420168776278537), (56.12594603288787, 26.370432816112334), (56.058937938154855, 26.315022602928096), (56.005132073396574, 26.254370703099408), (55.97127062213742, 26.18854666651377), (55.96521155330295, 26.117997384182836), (55.99592880966533, 26.044567153259294), (56.07348554859199, 25.972797449460426)
Day of Week: Friday

MMSI: 563145600
Record time: 2023-10-20T16:21:12Z
Event time: 2023-10-21T09:48:51Z
Status: Underway
Travel distance: 238.2624190064795
Num waypoints: 51
Waypoints: (58.9383628232549, 24.56843590844642), (58.86836476764532, 24.655571573835214), (58.79836671203576, 24.717289574000937), (58.7283686564262, 24.776722657315172), (58.65837060081664, 24.84384281091436), (58.58837254520708, 24.919686086522727), (58.51837448959752, 24.999958262642444), (58.44837643398795, 25.078021343111025), (58.37837837837838, 25.147260892026004), (58.3083803197774, 25.20283420374378), (58.23838226417141, 25.24511261910365), (58.168384208565456, 25.27436692273704), (58.09838615295947, 25.282339714720116), (58.02838809735349, 25.291694080349426), (57.958390041747506, 25.315552142033045), (57.88839198614154, 25.364713922953722), (57.81839393053556, 25.4302001368213), (57.74839587492958, 25.49469681976899), (57.678397819323614, 25.541511998793926), (57.60839976371764, 25.56303476750662), (57.53840170811167, 25.572481489355113), (57.468403652505685, 25.5743059958893), (57.398405596899714, 25.583660361518614), (57.32840754129375, 25.615461058052514), (57.25661548517795, 25.681963190331164), (57.189084180272964, 25.763295092662496), (57.122201127653035, 25.84288542057482), (57.053497692162864, 25.90373686009573), (56.97425450367756, 25.940669923667425), (56.89913827014654, 25.975001934535417), (56.82871998122786, 26.009982323758546), (56.76978932582578, 26.05179895802248), (56.727519131040545, 26.104524935075535), (56.70185851660558, 26.16735732125701), (56.687159772932766, 26.24926597875307), (56.67404397088626, 26.33299725796251), (56.652510311405585, 26.413175649964376), (56.615294223098616, 26.47100572174324), (56.56047921592493, 26.50926946879958), (56.488779498070684, 26.527529612707852), (56.422753872165, 26.521262583548584), (56.35474014695487, 26.496588394458662), (56.27798934063656, 26.462974250363594), (56.2005028233302, 26.420168776278537), (56.12594603288787, 26.370432816112334), (56.058937938154855, 26.315022602928096), (56.005132073396574, 26.254370703099408), (55.97127062213742, 26.18854666651377), (55.96521155330295, 26.117997384182836), (55.99592880966533, 26.044567153259294), (56.07348554859199, 25.972797449460426)
Day of Week: Friday

MMSI: 563145600
Record time: 2023-10-20T16:44:26Z
Event time: 2023-10-21T10:55:28.857Z
Status: Underway
Travel distance: 233.8525917926566
Num waypoints: 50
Waypoints: (58.86836476764533, 24.564230256391458), (58.79836671203578, 24.66297054640512), (58.72836865642622, 24.72356651846025), (58.65837060081665, 24.770758244702364), (58.588372545207086, 24.818572475850477), (58.51837448959752, 24.87316099283963), (58.44837643398795, 24.935283481260583), (58.37837837837839, 25.002434928596628), (58.308380322768826, 25.07061754425755), (58.23838226417141, 25.135757201121194), (58.168384208565456, 25.203855776617264), (58.09838615295947, 25.24980205325351), (58.02838809735349, 25.28603019384609), (57.958390041747506, 25.321591107875545), (57.88839198614154, 25.37596441830761), (57.81839393053556, 25.435684965348656), (57.74839587492958, 25.492080688498888), (57.678397819323614, 25.535929159584978), (57.60839976371764, 25.562361886481096), (57.53840170811167, 25.574275838756506), (57.468403652505685, 25.5743059958893), (57.398405596899714, 25.583660361518614), (57.32840754129375, 25.615461058052514), (57.25661548517795, 25.681963190331164), (57.189084180272964, 25.763295092662496), (57.122201127653035, 25.84288542057482), (57.053497692162864, 25.90373686009573), (56.97425450367756, 25.940669923667425), (56.89913827014654, 25.975001934535417), (56.82871998122786, 26.009982323758546), (56.76978932582578, 26.05179895802248), (56.727519131040545, 26.104524935075535), (56.70185851660558, 26.16735732125701), (56.687159772932766, 26.24926597875307), (56.67404397088626, 26.33299725796251), (56.652510311405585, 26.413175649964376), (56.615294223098616, 26.47100572174324), (56.56047921592493, 26.50926946879958), (56.488779498070684, 26.527529612707852), (56.422753872165, 26.521262583548584), (56.35474014695487, 26.496588394458662), (56.27798934063656, 26.462974250363594), (56.2005028233302, 26.420168776278537), (56.12594603288787, 26.370432816112334), (56.058937938154855, 26.315022602928096), (56.005132073396574, 26.254370703099408), (55.97127062213742, 26.18854666651377), (55.96521155330295, 26.117997384182836), (55.99592880966533, 26.044567153259294), (56.07348554859199, 25.972797449460426)
Day of Week: Friday

MMSI: 563145600
Record time: 2023-10-20T19:53:01Z
Event time: 2023-10-21T11:02:28.333Z
Status: Underway
Travel distance: 190.77105831533478
Num waypoints: 41
Waypoints: (58.23838226715925, 24.995355907213295), (58.168384211549714, 25.066090753007746), (58.09838615594015, 25.128758223084038), (58.028388100330574, 25.197619385656076), (57.958390044721, 25.274694340252957), (57.88839198911143, 25.354876113513214), (57.81839393350187, 25.430125139392846), (57.748395877892314, 25.49274432378719), (57.67839782228276, 25.537734693566613), (57.60839976371764, 25.564231628714477), (57.53840170811167, 25.572308085841534), (57.468403652505685, 25.572984736508655), (57.398405596899714, 25.5811931310917), (57.32840754129375, 25.617255407453904), (57.25661548517795, 25.681963190331164), (57.189084180272964, 25.763295092662496), (57.122201127653035, 25.84288542057482), (57.053497692162864, 25.90373686009573), (56.97425450367756, 25.940669923667425), (56.89913827014654, 25.975001934535417), (56.82871998122786, 26.009982323758546), (56.76978932582578, 26.05179895802248), (56.727519131040545, 26.104524935075535), (56.70185851660558, 26.16735732125701), (56.687159772932766, 26.24926597875307), (56.67404397088626, 26.33299725796251), (56.652510311405585, 26.413175649964376), (56.615294223098616, 26.47100572174324), (56.56047921592493, 26.50926946879958), (56.488779498070684, 26.527529612707852), (56.422753872165, 26.521262583548584), (56.35474014695487, 26.496588394458662), (56.27798934063656, 26.462974250363594), (56.2005028233302, 26.420168776278537), (56.12594603288787, 26.370432816112334), (56.058937938154855, 26.315022602928096), (56.005132073396574, 26.254370703099408), (55.97127062213742, 26.18854666651377), (55.96521155330295, 26.117997384182836), (55.99592880966533, 26.044567153259294), (56.07348554859199, 25.972797449460426)
Day of Week: Friday

MMSI: 563145600
Record time: 2023-10-20T23:03:59Z
Event time: 2023-10-21T11:05:48.200Z
Status: Underway
Travel distance: 148.87365010799135
Num waypoints: 33
Waypoints: (57.673150370791255, 25.415272700085612), (57.61817279802233, 25.477971035530402), (57.54186508683787, 25.503122883904908), (57.46324232352484, 25.52733746229984), (57.39021733176082, 25.566962164207222), (57.32357385609632, 25.62470205016957), (57.26027340239038, 25.69521588073472), (57.19609573519983, 25.769688691716343), (57.127613032121815, 25.839380911760095), (57.053497692162864, 25.898154020886782), (56.97425450367756, 25.939997042641902), (56.89913827014654, 25.97679628393681), (56.82871998122786, 26.009982323758546), (56.76978932582578, 26.05179895802248), (56.727519131040545, 26.104524935075535), (56.70185851660558, 26.16735732125701), (56.687159772932766, 26.24926597875307), (56.67404397088626, 26.33299725796251), (56.652510311405585, 26.413175649964376), (56.615294223098616, 26.47100572174324), (56.56047921592493, 26.50926946879958), (56.488779498070684, 26.527529612707852), (56.422753872165, 26.521262583548584), (56.35474014695487, 26.496588394458662), (56.27798934063656, 26.462974250363594), (56.2005028233302, 26.420168776278537), (56.12594603288787, 26.370432816112334), (56.058937938154855, 26.315022602928096), (56.005132073396574, 26.254370703099408), (55.97127062213742, 26.18854666651377), (55.96521155330295, 26.117997384182836), (55.99592880966533, 26.044567153259294), (56.07348554859199, 25.972797449460426)
Day of Week: Friday

MMSI: 563145600
Record time: 2023-10-21T00:48:07Z
Event time: 2023-10-21T10:33:00.500Z
Status: Underway
Travel distance: 125.93196544276458
Num waypoints: 28
Waypoints: (57.331152132027945, 25.622504326270597), (57.25108049173703, 25.693341123735596), (57.188926071779285, 25.771818813375944), (57.12535368560493, 25.841982644141705), (57.05387918287977, 25.898132232544672), (56.97621258597678, 25.94147261306115), (56.89835934243939, 25.97723592828845), (56.82747969341655, 26.012273758855144), (56.76950615806959, 26.053120093085024), (56.727519131040545, 26.104524935075535), (56.70185851660558, 26.16735732125701), (56.687159772932766, 26.24926597875307), (56.67404397088626, 26.33299725796251), (56.652510311405585, 26.413175649964376), (56.615294223098616, 26.47100572174324), (56.56047921592493, 26.50926946879958), (56.488779498070684, 26.527529612707852), (56.422753872165, 26.521262583548584), (56.35474014695487, 26.496588394458662), (56.27798934063656, 26.462974250363594), (56.2005028233302, 26.420168776278537), (56.12594603288787, 26.370432816112334), (56.058937938154855, 26.315022602928096), (56.005132073396574, 26.254370703099408), (55.97127062213742, 26.18854666651377), (55.96521155330295, 26.117997384182836), (55.99592880966533, 26.044567153259294), (56.07348554859199, 25.972797449460426)
Day of Week: Saturday

MMSI: 563145600
Record time: 2023-10-21T03:42:29Z
Event time: 2023-10-21T10:16:01.500Z
Status: Underway
Travel distance: 85.27861771058315
Num waypoints: 19
Waypoints: (56.915159275518384, 26.120053974984963), (56.82430816251122, 26.172795973017507), (56.76250120166673, 26.24972022191249), (56.71049340327129, 26.333180086931055), (56.65874652931978, 26.409828137085757), (56.60381021643654, 26.470503418358113), (56.54544745825169, 26.509967941252153), (56.48450444723262, 26.526492382683998), (56.42152477618536, 26.521291002308256), (56.3555203141476, 26.492540960730334), (56.280603832770055, 26.454482079194204), (56.20164833742573, 26.412390285155126), (56.12529338925306, 26.367983786288182), (56.057065150323, 26.319396972366434), (56.00324827578314, 26.262640910139375), (55.970669201397286, 26.194185547728164), (55.9664794312989, 26.11474820443336), (55.997938825744704, 26.034288345854616), (56.07219888886817, 25.978208644322265)
Day of Week: Saturday

MMSI: 563145600
Record time: 2023-10-21T04:43:16Z
Event time: 2023-10-21T10:31:42.500Z
Status: Underway
Travel distance: 79.76349892008639
Num waypoints: 18
Waypoints: (56.84054430683189, 26.324151795299706), (56.75980800237188, 26.258362125279948), (56.70160034927309, 26.3125884196924), (56.65240038781018, 26.40116086113063), (56.603770473778205, 26.477501178043198), (56.55100889365593, 26.522354838562737), (56.49204745883032, 26.53384680845891), (56.42659407888222, 26.519360873215234), (56.3555203141476, 26.489242524330535), (56.280603832770055, 26.454482079194204), (56.20164833742573, 26.412390285155126), (56.12529338925306, 26.367983786288182), (56.057065150323, 26.319396972366434), (56.00324827578314, 26.262640910139375), (55.970669201397286, 26.194185547728164), (55.9664794312989, 26.11474820443336), (55.997938825744704, 26.034288345854616), (56.07219888886817, 25.978208644322265)
Day of Week: Saturday

MMSI: 563145600
Record time: 2023-10-21T07:17:16Z
Event time: 2023-10-21T10:49:58Z
Status: Underway
Travel distance: 49.375269978401725
Num waypoints: 10
Waypoints: (56.348434765700944, 26.60443407234539), (56.2784367100914, 26.534422403733956), (56.208438654481824, 26.46441073512252), (56.13844059887225, 26.394399066511085), (56.06844254326268, 26.32438739789965), (55.99844448765313, 26.254375729288213), (55.92844643204356, 26.184364060676778), (55.99844448765313, 26.114352392065342), (55.99844448765313, 26.044340723453907), (56.06844254326268, 25.97432905484247)
Day of Week: Saturday

MMSI: 563145600
Record time: 2023-10-22T17:47:58Z
Event time: 2023-10-22T17:47:58Z
Status: Arrived
Travel distance: N/A
Num waypoints: 0
Waypoints: 
Day of Week: Sunday

Number of Journeys: 1
