Record time: 2023-08-05T18:10:49Z
Event time: 2023-08-08T03:30:03.333Z
Status: Underway
Travel distance: 491.085313174946
Num waypoints: 97
Waypoints: (59.08037602011232, 20.65344224037338), (59.1473421371978, 20.723453908984837), (59.200726135449614, 20.79346557759628), (59.2472596283166, 20.86347724620771), (59.29061293320941, 20.93348891481914), (59.33237724909063, 21.003500583430576), (59.37288703233873, 21.073512252042008), (59.41188257088601, 21.143523920653447), (59.449012756630374, 21.213535589264886), (59.48417805306926, 21.283547256784388), (59.51480985799253, 21.35355892539224), (59.54697372427553, 21.423570594000083), (59.58792291658453, 21.49358226260793), (59.62614153458818, 21.56359393121577), (59.65495484109553, 21.63360559982361), (59.68557345483857, 21.703617268431458), (59.716073347959686, 21.7736289370393), (59.759487406515355, 21.843640605647145), (59.8070171132994, 21.91365227425499), (59.86506019071816, 21.983663942862833), (59.912262002451044, 22.05367561147068), (59.95413080846676, 22.123687280078524), (59.98121230145676, 22.193698948686357), (60.001524834539985, 22.263710617294205), (60.005574526867285, 22.33372228590205), (60.002024214933996, 22.403733954509892), (59.98308168013924, 22.473745623117733), (59.95842736430958, 22.54375729172557), (59.917493247635115, 22.61376896033342), (59.859659344645564, 22.68378062894126), (59.786299422538, 22.753792297549108), (59.710037440782216, 22.823803966156948), (59.63505500350771, 22.89381563476479), (59.56455756750772, 22.96382730337264), (59.4976745148878, 23.033838971980483), (59.430143209982816, 23.10385064058832), (59.35835115386701, 23.17386230919617), (59.288353098261055, 23.243873977804007), (59.21835504265506, 23.313885646411855), (59.14835698704909, 23.383897315019702), (59.07835893144311, 23.453908983627542), (59.008360875837134, 23.52392065223539), (58.938362820231184, 23.59393232084323), (58.868364764625184, 23.663943989451074), (58.79836670901922, 23.733955658058914), (58.728368653413256, 23.803967326666754), (58.65837059780727, 23.873978995274598), (58.5883725422013, 23.943990663882442), (58.51837448659532, 24.01400233249029), (58.44837643098934, 24.08401400109813), (58.37837837538336, 24.15402566970597), (58.3083803197774, 24.224037338313817), (58.23838226417141, 24.294049006921664), (58.168384208565456, 24.36406067552951), (58.09838615295947, 24.43407234413735), (58.02838809735349, 24.50408401274519), (57.958390041747506, 24.57409568135304), (57.88839198614154, 24.64410734996088), (57.81839393053556, 24.714119018568724), (57.74839587492958, 24.78413068717657), (57.678397819323614, 24.854142355784415), (57.60839976371764, 24.92415402439226), (57.53840170811167, 24.994165693000095), (57.468403652505685, 25.064177361607943), (57.398405596899714, 25.134189030215786), (57.32840754129375, 25.204200698823634), (57.25661548517795, 25.27421236743147), (57.189084180272964, 25.344224036039307), (57.122201127653035, 25.414235704647155), (57.051703691653046, 25.484247373255), (56.976721254378546, 25.554259041862842), (56.90045927262277, 25.624270710470686), (56.82889335102503, 25.694282379078533), (56.77038669784429, 25.764294047686374), (56.72207682697298, 25.834305716294217), (56.697273639252266, 25.904317384902054), (56.688723870015906, 25.976123402911295), (56.69166173429616, 26.04366784109223), (56.69970458532122, 26.112358250319428), (56.70497728850026, 26.178607816610896), (56.700475327136886, 26.254750807280427), (56.68267665611256, 26.330381126692416), (56.6524123197811, 26.40759281075543), (56.6120058503154, 26.470332840717717), (56.55669146274771, 26.511063818200974), (56.48810674787951, 26.527529612707852), (56.42454787267482, 26.521262583548584), (56.35474014695487, 26.496588394458662), (56.27798934063656, 26.462974250363594), (56.2005028233302, 26.420168776278537), (56.12594603288787, 26.370432816112334), (56.058937938154855, 26.315022602928096), (56.005132073396574, 26.254370703099408), (55.97127062213742, 26.18854666651377), (55.96521155330295, 26.117997384182836), (55.99592880966533, 26.044567153259294), (56.07348554859199, 25.972797449460426)

Record time: 2023-08-05T22:23:09Z
Event time: 2023-08-08T04:18:15Z
Status: Underway
Travel distance: 463.5280777537797
Num waypoints: 91
Waypoints: (59.287174769149644, 21.073512252042008), (59.36407720269566, 21.143523920653447), (59.42690224855066, 21.213535589264882), (59.47846134124177, 21.283547257876318), (59.52123990469925, 21.353558926487754), (59.55756657625419, 21.42357059509919), (59.58971327116271, 21.493582263710625), (59.619926087656786, 21.563593932322064), (59.65038705252163, 21.6336056009335), (59.68310670413758, 21.703617268431458), (59.71786734846949, 21.7736289370393), (59.759487406515355, 21.843640605647145), (59.8070171132994, 21.91365227425499), (59.86506019071816, 21.983663942862833), (59.912262002451044, 22.05367561147068), (59.95413080846676, 22.123687280078524), (59.98121230145676, 22.193698948686357), (60.001524834539985, 22.263710617294205), (60.005574526867285, 22.33372228590205), (60.002024214933996, 22.403733954509892), (59.98308168013924, 22.473745623117733), (59.95842736430958, 22.54375729172557), (59.917493247635115, 22.61376896033342), (59.859659344645564, 22.68378062894126), (59.786299422538, 22.753792297549108), (59.710037440782216, 22.823803966156948), (59.63505500350771, 22.89381563476479), (59.56455756750772, 22.96382730337264), (59.4976745148878, 23.033838971980483), (59.430143209982816, 23.10385064058832), (59.35835115386701, 23.17386230919617), (59.288353098261055, 23.243873977804007), (59.21835504265506, 23.313885646411855), (59.14835698704909, 23.383897315019702), (59.07835893144311, 23.453908983627542), (59.008360875837134, 23.52392065223539), (58.938362820231184, 23.59393232084323), (58.868364764625184, 23.663943989451074), (58.79836670901922, 23.733955658058914), (58.728368653413256, 23.803967326666754), (58.65837059780727, 23.873978995274598), (58.5883725422013, 23.943990663882442), (58.51837448659532, 24.01400233249029), (58.44837643098934, 24.08401400109813), (58.37837837538336, 24.15402566970597), (58.3083803197774, 24.224037338313817), (58.23838226417141, 24.294049006921664), (58.168384208565456, 24.36406067552951), (58.09838615295947, 24.43407234413735), (58.02838809735349, 24.50408401274519), (57.958390041747506, 24.57409568135304), (57.88839198614154, 24.64410734996088), (57.81839393053556, 24.714119018568724), (57.74839587492958, 24.78413068717657), (57.678397819323614, 24.854142355784415), (57.60839976371764, 24.92415402439226), (57.53840170811167, 24.994165693000095), (57.468403652505685, 25.064177361607943), (57.398405596899714, 25.134189030215786), (57.32840754129375, 25.204200698823634), (57.25661548517795, 25.27421236743147), (57.189084180272964, 25.344224036039307), (57.122201127653035, 25.414235704647155), (57.051703691653046, 25.484247373255), (56.976721254378546, 25.554259041862842), (56.90045927262277, 25.624270710470686), (56.82889335102503, 25.694282379078533), (56.77038669784429, 25.764294047686374), (56.72207682697298, 25.834305716294217), (56.697273639252266, 25.904317384902054), (56.688723870015906, 25.976123402911295), (56.69166173429616, 26.04366784109223), (56.69970458532122, 26.112358250319428), (56.70497728850026, 26.178607816610896), (56.700475327136886, 26.254750807280427), (56.68267665611256, 26.330381126692416), (56.6524123197811, 26.40759281075543), (56.6120058503154, 26.470332840717717), (56.55669146274771, 26.511063818200974), (56.48810674787951, 26.527529612707852), (56.42454787267482, 26.521262583548584), (56.35474014695487, 26.496588394458662), (56.27798934063656, 26.462974250363594), (56.2005028233302, 26.420168776278537), (56.12594603288787, 26.370432816112334), (56.058937938154855, 26.315022602928096), (56.005132073396574, 26.254370703099408), (55.97127062213742, 26.18854666651377), (55.96521155330295, 26.117997384182836), (55.99592880966533, 26.044567153259294), (56.07348554859199, 25.972797449460426)

Record time: 2023-08-06T00:31:37Z
Event time: 2023-08-08T07:08:53Z
Status: Underway
Travel distance: 450.7224622030238
Num waypoints: 88
Waypoints: (59.356345138160314, 21.283547257876304), (59.42953861156124, 21.353558926487754), (59.5050278642625, 21.42357059509919), (59.569371254934076, 21.49358226371062), (59.619239124111644, 21.563593932322053), (59.65749299854437, 21.63360560093349), (59.6899430106514, 21.703617269544925), (59.722783533087146, 21.773628938156364), (59.760707028415275, 21.843640606767803), (59.80569611082317, 21.91365227425499), (59.86259344001717, 21.983663942862833), (59.91405600296086, 22.05367561147068), (59.95413080846676, 22.123687280078524), (59.98121230145676, 22.193698948686357), (60.001524834539985, 22.263710617294205), (60.005574526867285, 22.33372228590205), (60.002024214933996, 22.403733954509892), (59.98308168013924, 22.473745623117733), (59.95842736430958, 22.54375729172557), (59.917493247635115, 22.61376896033342), (59.859659344645564, 22.68378062894126), (59.786299422538, 22.753792297549108), (59.710037440782216, 22.823803966156948), (59.63505500350771, 22.89381563476479), (59.56455756750772, 22.96382730337264), (59.4976745148878, 23.033838971980483), (59.430143209982816, 23.10385064058832), (59.35835115386701, 23.17386230919617), (59.288353098261055, 23.243873977804007), (59.21835504265506, 23.313885646411855), (59.14835698704909, 23.383897315019702), (59.07835893144311, 23.453908983627542), (59.008360875837134, 23.52392065223539), (58.938362820231184, 23.59393232084323), (58.868364764625184, 23.663943989451074), (58.79836670901922, 23.733955658058914), (58.728368653413256, 23.803967326666754), (58.65837059780727, 23.873978995274598), (58.5883725422013, 23.943990663882442), (58.51837448659532, 24.01400233249029), (58.44837643098934, 24.08401400109813), (58.37837837538336, 24.15402566970597), (58.3083803197774, 24.224037338313817), (58.23838226417141, 24.294049006921664), (58.168384208565456, 24.36406067552951), (58.09838615295947, 24.43407234413735), (58.02838809735349, 24.50408401274519), (57.958390041747506, 24.57409568135304), (57.88839198614154, 24.64410734996088), (57.81839393053556, 24.714119018568724), (57.74839587492958, 24.78413068717657), (57.678397819323614, 24.854142355784415), (57.60839976371764, 24.92415402439226), (57.53840170811167, 24.994165693000095), (57.468403652505685, 25.064177361607943), (57.398405596899714, 25.134189030215786), (57.32840754129375, 25.204200698823634), (57.25661548517795, 25.27421236743147), (57.189084180272964, 25.344224036039307), (57.122201127653035, 25.414235704647155), (57.051703691653046, 25.484247373255), (56.976721254378546, 25.554259041862842), (56.90045927262277, 25.624270710470686), (56.82889335102503, 25.694282379078533), (56.77038669784429, 25.764294047686374), (56.72207682697298, 25.834305716294217), (56.697273639252266, 25.904317384902054), (56.688723870015906, 25.976123402911295), (56.69166173429616, 26.04366784109223), (56.69970458532122, 26.112358250319428), (56.70497728850026, 26.178607816610896), (56.700475327136886, 26.254750807280427), (56.68267665611256, 26.330381126692416), (56.6524123197811, 26.40759281075543), (56.6120058503154, 26.470332840717717), (56.55669146274771, 26.511063818200974), (56.48810674787951, 26.527529612707852), (56.42454787267482, 26.521262583548584), (56.35474014695487, 26.496588394458662), (56.27798934063656, 26.462974250363594), (56.2005028233302, 26.420168776278537), (56.12594603288787, 26.370432816112334), (56.058937938154855, 26.315022602928096), (56.005132073396574, 26.254370703099408), (55.97127062213742, 26.18854666651377), (55.96521155330295, 26.117997384182836), (55.99592880966533, 26.044567153259294), (56.07348554859199, 25.972797449460426)

Record time: 2023-08-06T03:34:19Z
Event time: 2023-08-08T05:39:58.500Z
Status: Underway
Travel distance: 429.69438444924407
Num waypoints: 84
Waypoints: (59.570706647788754, 21.56359393232205), (59.64170402381221, 21.63360560093347), (59.686790838231346, 21.703617269544907), (59.724561858363344, 21.773628938156346), (59.76442796341092, 21.843640606767785), (59.809253626724505, 21.913652275379224), (59.85762523346382, 21.983663943990663), (59.90575023365863, 22.0536756126021), (59.948987130668854, 22.123687281213535), (59.98300630196657, 22.193698948686357), (60.001524834539985, 22.263710617294205), (60.005574526867285, 22.33372228590205), (60.002024214933996, 22.403733954509892), (59.98308168013924, 22.473745623117733), (59.95842736430958, 22.54375729172557), (59.917493247635115, 22.61376896033342), (59.859659344645564, 22.68378062894126), (59.786299422538, 22.753792297549108), (59.710037440782216, 22.823803966156948), (59.63505500350771, 22.89381563476479), (59.56455756750772, 22.96382730337264), (59.4976745148878, 23.033838971980483), (59.430143209982816, 23.10385064058832), (59.35835115386701, 23.17386230919617), (59.288353098261055, 23.243873977804007), (59.21835504265506, 23.313885646411855), (59.14835698704909, 23.383897315019702), (59.07835893144311, 23.453908983627542), (59.008360875837134, 23.52392065223539), (58.938362820231184, 23.59393232084323), (58.868364764625184, 23.663943989451074), (58.79836670901922, 23.733955658058914), (58.728368653413256, 23.803967326666754), (58.65837059780727, 23.873978995274598), (58.5883725422013, 23.943990663882442), (58.51837448659532, 24.01400233249029), (58.44837643098934, 24.08401400109813), (58.37837837538336, 24.15402566970597), (58.3083803197774, 24.224037338313817), (58.23838226417141, 24.294049006921664), (58.168384208565456, 24.36406067552951), (58.09838615295947, 24.43407234413735), (58.02838809735349, 24.50408401274519), (57.958390041747506, 24.57409568135304), (57.88839198614154, 24.64410734996088), (57.81839393053556, 24.714119018568724), (57.74839587492958, 24.78413068717657), (57.678397819323614, 24.854142355784415), (57.60839976371764, 24.92415402439226), (57.53840170811167, 24.994165693000095), (57.468403652505685, 25.064177361607943), (57.398405596899714, 25.134189030215786), (57.32840754129375, 25.204200698823634), (57.25661548517795, 25.27421236743147), (57.189084180272964, 25.344224036039307), (57.122201127653035, 25.414235704647155), (57.051703691653046, 25.484247373255), (56.976721254378546, 25.554259041862842), (56.90045927262277, 25.624270710470686), (56.82889335102503, 25.694282379078533), (56.77038669784429, 25.764294047686374), (56.72207682697298, 25.834305716294217), (56.697273639252266, 25.904317384902054), (56.688723870015906, 25.976123402911295), (56.69166173429616, 26.04366784109223), (56.69970458532122, 26.112358250319428), (56.70497728850026, 26.178607816610896), (56.700475327136886, 26.254750807280427), (56.68267665611256, 26.330381126692416), (56.6524123197811, 26.40759281075543), (56.6120058503154, 26.470332840717717), (56.55669146274771, 26.511063818200974), (56.48810674787951, 26.527529612707852), (56.42454787267482, 26.521262583548584), (56.35474014695487, 26.496588394458662), (56.27798934063656, 26.462974250363594), (56.2005028233302, 26.420168776278537), (56.12594603288787, 26.370432816112334), (56.058937938154855, 26.315022602928096), (56.005132073396574, 26.254370703099408), (55.97127062213742, 26.18854666651377), (55.96521155330295, 26.117997384182836), (55.99592880966533, 26.044567153259294), (56.07348554859199, 25.972797449460426)

Record time: 2023-08-06T06:12:56Z
Event time: 2023-08-08T05:05:27.333Z
Status: Underway
Travel distance: 414.7316414686825
Num waypoints: 81
Waypoints: (59.71474857963841, 21.77362893815636), (59.751376090048915, 21.8436406067678), (59.804991956128276, 21.913652275379235), (59.86170303842351, 21.98366394399067), (59.91310467068025, 22.053675612602106), (59.954697718216366, 22.123687281213545), (59.98455532649261, 22.193698949824984), (60.002239359880235, 22.26371061843642), (60.0079665306257, 22.33372228704786), (60.002024214933996, 22.403733954509892), (59.98308168013924, 22.473745623117733), (59.95842736430958, 22.54375729172557), (59.917493247635115, 22.61376896033342), (59.859659344645564, 22.68378062894126), (59.786299422538, 22.753792297549108), (59.710037440782216, 22.823803966156948), (59.63505500350771, 22.89381563476479), (59.56455756750772, 22.96382730337264), (59.4976745148878, 23.033838971980483), (59.430143209982816, 23.10385064058832), (59.35835115386701, 23.17386230919617), (59.288353098261055, 23.243873977804007), (59.21835504265506, 23.313885646411855), (59.14835698704909, 23.383897315019702), (59.07835893144311, 23.453908983627542), (59.008360875837134, 23.52392065223539), (58.938362820231184, 23.59393232084323), (58.868364764625184, 23.663943989451074), (58.79836670901922, 23.733955658058914), (58.728368653413256, 23.803967326666754), (58.65837059780727, 23.873978995274598), (58.5883725422013, 23.943990663882442), (58.51837448659532, 24.01400233249029), (58.44837643098934, 24.08401400109813), (58.37837837538336, 24.15402566970597), (58.3083803197774, 24.224037338313817), (58.23838226417141, 24.294049006921664), (58.168384208565456, 24.36406067552951), (58.09838615295947, 24.43407234413735), (58.02838809735349, 24.50408401274519), (57.958390041747506, 24.57409568135304), (57.88839198614154, 24.64410734996088), (57.81839393053556, 24.714119018568724), (57.74839587492958, 24.78413068717657), (57.678397819323614, 24.854142355784415), (57.60839976371764, 24.92415402439226), (57.53840170811167, 24.994165693000095), (57.468403652505685, 25.064177361607943), (57.398405596899714, 25.134189030215786), (57.32840754129375, 25.204200698823634), (57.25661548517795, 25.27421236743147), (57.189084180272964, 25.344224036039307), (57.122201127653035, 25.414235704647155), (57.051703691653046, 25.484247373255), (56.976721254378546, 25.554259041862842), (56.90045927262277, 25.624270710470686), (56.82889335102503, 25.694282379078533), (56.77038669784429, 25.764294047686374), (56.72207682697298, 25.834305716294217), (56.697273639252266, 25.904317384902054), (56.688723870015906, 25.976123402911295), (56.69166173429616, 26.04366784109223), (56.69970458532122, 26.112358250319428), (56.70497728850026, 26.178607816610896), (56.700475327136886, 26.254750807280427), (56.68267665611256, 26.330381126692416), (56.6524123197811, 26.40759281075543), (56.6120058503154, 26.470332840717717), (56.55669146274771, 26.511063818200974), (56.48810674787951, 26.527529612707852), (56.42454787267482, 26.521262583548584), (56.35474014695487, 26.496588394458662), (56.27798934063656, 26.462974250363594), (56.2005028233302, 26.420168776278537), (56.12594603288787, 26.370432816112334), (56.058937938154855, 26.315022602928096), (56.005132073396574, 26.254370703099408), (55.97127062213742, 26.18854666651377), (55.96521155330295, 26.117997384182836), (55.99592880966533, 26.044567153259294), (56.07348554859199, 25.972797449460426)

Record time: 2023-08-06T07:30:44Z
Event time: 2023-08-08T04:33:19.888Z
Status: Underway
Travel distance: 406.4082073434125
Num waypoints: 79
Waypoints: (59.76961121211486, 21.913652275379246), (59.868226876507656, 21.983663943990685), (59.92462476820586, 22.05367561260212), (59.958869186265986, 22.123687281213556), (59.98158802475154, 22.19369894982499), (59.996824894342005, 22.26371061843643), (60.004478548446336, 22.333722287047866), (60.00232961382104, 22.403733955659305), (59.98765462569281, 22.47374562427074), (59.95842736430958, 22.54375729172557), (59.917493247635115, 22.61376896033342), (59.859659344645564, 22.68378062894126), (59.786299422538, 22.753792297549108), (59.710037440782216, 22.823803966156948), (59.63505500350771, 22.89381563476479), (59.56455756750772, 22.96382730337264), (59.4976745148878, 23.033838971980483), (59.430143209982816, 23.10385064058832), (59.35835115386701, 23.17386230919617), (59.288353098261055, 23.243873977804007), (59.21835504265506, 23.313885646411855), (59.14835698704909, 23.383897315019702), (59.07835893144311, 23.453908983627542), (59.008360875837134, 23.52392065223539), (58.938362820231184, 23.59393232084323), (58.868364764625184, 23.663943989451074), (58.79836670901922, 23.733955658058914), (58.728368653413256, 23.803967326666754), (58.65837059780727, 23.873978995274598), (58.5883725422013, 23.943990663882442), (58.51837448659532, 24.01400233249029), (58.44837643098934, 24.08401400109813), (58.37837837538336, 24.15402566970597), (58.3083803197774, 24.224037338313817), (58.23838226417141, 24.294049006921664), (58.168384208565456, 24.36406067552951), (58.09838615295947, 24.43407234413735), (58.02838809735349, 24.50408401274519), (57.958390041747506, 24.57409568135304), (57.88839198614154, 24.64410734996088), (57.81839393053556, 24.714119018568724), (57.74839587492958, 24.78413068717657), (57.678397819323614, 24.854142355784415), (57.60839976371764, 24.92415402439226), (57.53840170811167, 24.994165693000095), (57.468403652505685, 25.064177361607943), (57.398405596899714, 25.134189030215786), (57.32840754129375, 25.204200698823634), (57.25661548517795, 25.27421236743147), (57.189084180272964, 25.344224036039307), (57.122201127653035, 25.414235704647155), (57.051703691653046, 25.484247373255), (56.976721254378546, 25.554259041862842), (56.90045927262277, 25.624270710470686), (56.82889335102503, 25.694282379078533), (56.77038669784429, 25.764294047686374), (56.72207682697298, 25.834305716294217), (56.697273639252266, 25.904317384902054), (56.688723870015906, 25.976123402911295), (56.69166173429616, 26.04366784109223), (56.69970458532122, 26.112358250319428), (56.70497728850026, 26.178607816610896), (56.700475327136886, 26.254750807280427), (56.68267665611256, 26.330381126692416), (56.6524123197811, 26.40759281075543), (56.6120058503154, 26.470332840717717), (56.55669146274771, 26.511063818200974), (56.48810674787951, 26.527529612707852), (56.42454787267482, 26.521262583548584), (56.35474014695487, 26.496588394458662), (56.27798934063656, 26.462974250363594), (56.2005028233302, 26.420168776278537), (56.12594603288787, 26.370432816112334), (56.058937938154855, 26.315022602928096), (56.005132073396574, 26.254370703099408), (55.97127062213742, 26.18854666651377), (55.96521155330295, 26.117997384182836), (55.99592880966533, 26.044567153259294), (56.07348554859199, 25.972797449460426)

Record time: 2023-08-06T07:55:58Z
Event time: 2023-08-08T03:56:18Z
Status: Underway
Travel distance: 400.4119870410367
Num waypoints: 78
Waypoints: (59.84649636578584, 21.983663943990667), (59.93070702153891, 22.053675612602103), (59.96937624112407, 22.12368728121354), (59.9869328911103, 22.19369894982498), (59.99555971168679, 22.26371061843642), (59.99911505454223, 22.333722287047856), (59.99645272603534, 22.403733955659288), (59.98413993565643, 22.473745624270723), (59.95857334978012, 22.54375729288216), (59.917493247635115, 22.61376896033342), (59.859659344645564, 22.68378062894126), (59.786299422538, 22.753792297549108), (59.710037440782216, 22.823803966156948), (59.63505500350771, 22.89381563476479), (59.56455756750772, 22.96382730337264), (59.4976745148878, 23.033838971980483), (59.430143209982816, 23.10385064058832), (59.35835115386701, 23.17386230919617), (59.288353098261055, 23.243873977804007), (59.21835504265506, 23.313885646411855), (59.14835698704909, 23.383897315019702), (59.07835893144311, 23.453908983627542), (59.008360875837134, 23.52392065223539), (58.938362820231184, 23.59393232084323), (58.868364764625184, 23.663943989451074), (58.79836670901922, 23.733955658058914), (58.728368653413256, 23.803967326666754), (58.65837059780727, 23.873978995274598), (58.5883725422013, 23.943990663882442), (58.51837448659532, 24.01400233249029), (58.44837643098934, 24.08401400109813), (58.37837837538336, 24.15402566970597), (58.3083803197774, 24.224037338313817), (58.23838226417141, 24.294049006921664), (58.168384208565456, 24.36406067552951), (58.09838615295947, 24.43407234413735), (58.02838809735349, 24.50408401274519), (57.958390041747506, 24.57409568135304), (57.88839198614154, 24.64410734996088), (57.81839393053556, 24.714119018568724), (57.74839587492958, 24.78413068717657), (57.678397819323614, 24.854142355784415), (57.60839976371764, 24.92415402439226), (57.53840170811167, 24.994165693000095), (57.468403652505685, 25.064177361607943), (57.398405596899714, 25.134189030215786), (57.32840754129375, 25.204200698823634), (57.25661548517795, 25.27421236743147), (57.189084180272964, 25.344224036039307), (57.122201127653035, 25.414235704647155), (57.051703691653046, 25.484247373255), (56.976721254378546, 25.554259041862842), (56.90045927262277, 25.624270710470686), (56.82889335102503, 25.694282379078533), (56.77038669784429, 25.764294047686374), (56.72207682697298, 25.834305716294217), (56.697273639252266, 25.904317384902054), (56.688723870015906, 25.976123402911295), (56.69166173429616, 26.04366784109223), (56.69970458532122, 26.112358250319428), (56.70497728850026, 26.178607816610896), (56.700475327136886, 26.254750807280427), (56.68267665611256, 26.330381126692416), (56.6524123197811, 26.40759281075543), (56.6120058503154, 26.470332840717717), (56.55669146274771, 26.511063818200974), (56.48810674787951, 26.527529612707852), (56.42454787267482, 26.521262583548584), (56.35474014695487, 26.496588394458662), (56.27798934063656, 26.462974250363594), (56.2005028233302, 26.420168776278537), (56.12594603288787, 26.370432816112334), (56.058937938154855, 26.315022602928096), (56.005132073396574, 26.254370703099408), (55.97127062213742, 26.18854666651377), (55.96521155330295, 26.117997384182836), (55.99592880966533, 26.044567153259294), (56.07348554859199, 25.972797449460426)

Record time: 2023-08-06T10:47:04Z
Event time: 2023-08-08T04:42:59.250Z
Status: Underway
Travel distance: 378.627969762419
Num waypoints: 73
Waypoints: (59.91683632993413, 22.33372228704785), (59.98894447185774, 22.403733955659288), (59.99992280018815, 22.47374562427072), (59.9712880143183, 22.543757292882148), (59.918735734255506, 22.613768961493584), (59.85321916227264, 22.68378063010502), (59.78192485335347, 22.75379229871646), (59.70914559443242, 22.823803967327898), (59.63705039242848, 22.89381563593934), (59.56635156801753, 22.96382730337264), (59.4976745148878, 23.033838971980483), (59.430143209982816, 23.10385064058832), (59.35835115386701, 23.17386230919617), (59.288353098261055, 23.243873977804007), (59.21835504265506, 23.313885646411855), (59.14835698704909, 23.383897315019702), (59.07835893144311, 23.453908983627542), (59.008360875837134, 23.52392065223539), (58.938362820231184, 23.59393232084323), (58.868364764625184, 23.663943989451074), (58.79836670901922, 23.733955658058914), (58.728368653413256, 23.803967326666754), (58.65837059780727, 23.873978995274598), (58.5883725422013, 23.943990663882442), (58.51837448659532, 24.01400233249029), (58.44837643098934, 24.08401400109813), (58.37837837538336, 24.15402566970597), (58.3083803197774, 24.224037338313817), (58.23838226417141, 24.294049006921664), (58.168384208565456, 24.36406067552951), (58.09838615295947, 24.43407234413735), (58.02838809735349, 24.50408401274519), (57.958390041747506, 24.57409568135304), (57.88839198614154, 24.64410734996088), (57.81839393053556, 24.714119018568724), (57.74839587492958, 24.78413068717657), (57.678397819323614, 24.854142355784415), (57.60839976371764, 24.92415402439226), (57.53840170811167, 24.994165693000095), (57.468403652505685, 25.064177361607943), (57.398405596899714, 25.134189030215786), (57.32840754129375, 25.204200698823634), (57.25661548517795, 25.27421236743147), (57.189084180272964, 25.344224036039307), (57.122201127653035, 25.414235704647155), (57.051703691653046, 25.484247373255), (56.976721254378546, 25.554259041862842), (56.90045927262277, 25.624270710470686), (56.82889335102503, 25.694282379078533), (56.77038669784429, 25.764294047686374), (56.72207682697298, 25.834305716294217), (56.697273639252266, 25.904317384902054), (56.688723870015906, 25.976123402911295), (56.69166173429616, 26.04366784109223), (56.69970458532122, 26.112358250319428), (56.70497728850026, 26.178607816610896), (56.700475327136886, 26.254750807280427), (56.68267665611256, 26.330381126692416), (56.6524123197811, 26.40759281075543), (56.6120058503154, 26.470332840717717), (56.55669146274771, 26.511063818200974), (56.48810674787951, 26.527529612707852), (56.42454787267482, 26.521262583548584), (56.35474014695487, 26.496588394458662), (56.27798934063656, 26.462974250363594), (56.2005028233302, 26.420168776278537), (56.12594603288787, 26.370432816112334), (56.058937938154855, 26.315022602928096), (56.005132073396574, 26.254370703099408), (55.97127062213742, 26.18854666651377), (55.96521155330295, 26.117997384182836), (55.99592880966533, 26.044567153259294), (56.07348554859199, 25.972797449460426)

Record time: 2023-08-06T10:59:19Z
Event time: 2023-08-08T05:21:56.125Z
Status: Underway
Travel distance: 378.627969762419
Num waypoints: 73
Waypoints: (59.91683632993413, 22.33372228704785), (59.98894447185774, 22.403733955659288), (59.99992280018815, 22.47374562427072), (59.9712880143183, 22.543757292882148), (59.918735734255506, 22.613768961493584), (59.85321916227264, 22.68378063010502), (59.78192485335347, 22.75379229871646), (59.70914559443242, 22.823803967327898), (59.63705039242848, 22.89381563593934), (59.56635156801753, 22.96382730337264), (59.4976745148878, 23.033838971980483), (59.430143209982816, 23.10385064058832), (59.35835115386701, 23.17386230919617), (59.288353098261055, 23.243873977804007), (59.21835504265506, 23.313885646411855), (59.14835698704909, 23.383897315019702), (59.07835893144311, 23.453908983627542), (59.008360875837134, 23.52392065223539), (58.938362820231184, 23.59393232084323), (58.868364764625184, 23.663943989451074), (58.79836670901922, 23.733955658058914), (58.728368653413256, 23.803967326666754), (58.65837059780727, 23.873978995274598), (58.5883725422013, 23.943990663882442), (58.51837448659532, 24.01400233249029), (58.44837643098934, 24.08401400109813), (58.37837837538336, 24.15402566970597), (58.3083803197774, 24.224037338313817), (58.23838226417141, 24.294049006921664), (58.168384208565456, 24.36406067552951), (58.09838615295947, 24.43407234413735), (58.02838809735349, 24.50408401274519), (57.958390041747506, 24.57409568135304), (57.88839198614154, 24.64410734996088), (57.81839393053556, 24.714119018568724), (57.74839587492958, 24.78413068717657), (57.678397819323614, 24.854142355784415), (57.60839976371764, 24.92415402439226), (57.53840170811167, 24.994165693000095), (57.468403652505685, 25.064177361607943), (57.398405596899714, 25.134189030215786), (57.32840754129375, 25.204200698823634), (57.25661548517795, 25.27421236743147), (57.189084180272964, 25.344224036039307), (57.122201127653035, 25.414235704647155), (57.051703691653046, 25.484247373255), (56.976721254378546, 25.554259041862842), (56.90045927262277, 25.624270710470686), (56.82889335102503, 25.694282379078533), (56.77038669784429, 25.764294047686374), (56.72207682697298, 25.834305716294217), (56.697273639252266, 25.904317384902054), (56.688723870015906, 25.976123402911295), (56.69166173429616, 26.04366784109223), (56.69970458532122, 26.112358250319428), (56.70497728850026, 26.178607816610896), (56.700475327136886, 26.254750807280427), (56.68267665611256, 26.330381126692416), (56.6524123197811, 26.40759281075543), (56.6120058503154, 26.470332840717717), (56.55669146274771, 26.511063818200974), (56.48810674787951, 26.527529612707852), (56.42454787267482, 26.521262583548584), (56.35474014695487, 26.496588394458662), (56.27798934063656, 26.462974250363594), (56.2005028233302, 26.420168776278537), (56.12594603288787, 26.370432816112334), (56.058937938154855, 26.315022602928096), (56.005132073396574, 26.254370703099408), (55.97127062213742, 26.18854666651377), (55.96521155330295, 26.117997384182836), (55.99592880966533, 26.044567153259294), (56.07348554859199, 25.972797449460426)

Record time: 2023-08-06T12:00:49Z
Event time: 2023-08-08T06:26:53.142Z
Status: Underway
Travel distance: 367.20680345572356
Num waypoints: 71
Waypoints: (59.91498874239603, 22.473745624270702), (59.93137977173013, 22.543757292882148), (59.903246970227556, 22.613768961493584), (59.849450641950206, 22.68378063010502), (59.78266819634551, 22.75379229871645), (59.71079731293091, 22.82380396732789), (59.63819252021681, 22.893815635939326), (59.56673518886782, 22.96382730455077), (59.496736939102355, 23.033838973162208), (59.42767645928183, 23.10385064058832), (59.36014515437683, 23.17386230919617), (59.288353098261055, 23.243873977804007), (59.21835504265506, 23.313885646411855), (59.14835698704909, 23.383897315019702), (59.07835893144311, 23.453908983627542), (59.008360875837134, 23.52392065223539), (58.938362820231184, 23.59393232084323), (58.868364764625184, 23.663943989451074), (58.79836670901922, 23.733955658058914), (58.728368653413256, 23.803967326666754), (58.65837059780727, 23.873978995274598), (58.5883725422013, 23.943990663882442), (58.51837448659532, 24.01400233249029), (58.44837643098934, 24.08401400109813), (58.37837837538336, 24.15402566970597), (58.3083803197774, 24.224037338313817), (58.23838226417141, 24.294049006921664), (58.168384208565456, 24.36406067552951), (58.09838615295947, 24.43407234413735), (58.02838809735349, 24.50408401274519), (57.958390041747506, 24.57409568135304), (57.88839198614154, 24.64410734996088), (57.81839393053556, 24.714119018568724), (57.74839587492958, 24.78413068717657), (57.678397819323614, 24.854142355784415), (57.60839976371764, 24.92415402439226), (57.53840170811167, 24.994165693000095), (57.468403652505685, 25.064177361607943), (57.398405596899714, 25.134189030215786), (57.32840754129375, 25.204200698823634), (57.25661548517795, 25.27421236743147), (57.189084180272964, 25.344224036039307), (57.122201127653035, 25.414235704647155), (57.051703691653046, 25.484247373255), (56.976721254378546, 25.554259041862842), (56.90045927262277, 25.624270710470686), (56.82889335102503, 25.694282379078533), (56.77038669784429, 25.764294047686374), (56.72207682697298, 25.834305716294217), (56.697273639252266, 25.904317384902054), (56.688723870015906, 25.976123402911295), (56.69166173429616, 26.04366784109223), (56.69970458532122, 26.112358250319428), (56.70497728850026, 26.178607816610896), (56.700475327136886, 26.254750807280427), (56.68267665611256, 26.330381126692416), (56.6524123197811, 26.40759281075543), (56.6120058503154, 26.470332840717717), (56.55669146274771, 26.511063818200974), (56.48810674787951, 26.527529612707852), (56.42454787267482, 26.521262583548584), (56.35474014695487, 26.496588394458662), (56.27798934063656, 26.462974250363594), (56.2005028233302, 26.420168776278537), (56.12594603288787, 26.370432816112334), (56.058937938154855, 26.315022602928096), (56.005132073396574, 26.254370703099408), (55.97127062213742, 26.18854666651377), (55.96521155330295, 26.117997384182836), (55.99592880966533, 26.044567153259294), (56.07348554859199, 25.972797449460426)

Record time: 2023-08-06T13:07:01Z
Event time: 2023-08-08T07:53:14.200Z
Status: Underway
Travel distance: 362.8374730021598
Num waypoints: 70
Waypoints: (59.92296971479428, 22.543757292882137), (59.90572051638511, 22.61376896149358), (59.8535319931102, 22.68378063010502), (59.78464703327155, 22.753792298716455), (59.71019659457831, 22.82380396732789), (59.63606418324821, 22.89381563593933), (59.56450045446637, 22.96382730455077), (59.49548793420186, 23.033838973162208), (59.42785586238166, 23.103850641773647), (59.36014515437683, 23.17386230919617), (59.288353098261055, 23.243873977804007), (59.21835504265506, 23.313885646411855), (59.14835698704909, 23.383897315019702), (59.07835893144311, 23.453908983627542), (59.008360875837134, 23.52392065223539), (58.938362820231184, 23.59393232084323), (58.868364764625184, 23.663943989451074), (58.79836670901922, 23.733955658058914), (58.728368653413256, 23.803967326666754), (58.65837059780727, 23.873978995274598), (58.5883725422013, 23.943990663882442), (58.51837448659532, 24.01400233249029), (58.44837643098934, 24.08401400109813), (58.37837837538336, 24.15402566970597), (58.3083803197774, 24.224037338313817), (58.23838226417141, 24.294049006921664), (58.168384208565456, 24.36406067552951), (58.09838615295947, 24.43407234413735), (58.02838809735349, 24.50408401274519), (57.958390041747506, 24.57409568135304), (57.88839198614154, 24.64410734996088), (57.81839393053556, 24.714119018568724), (57.74839587492958, 24.78413068717657), (57.678397819323614, 24.854142355784415), (57.60839976371764, 24.92415402439226), (57.53840170811167, 24.994165693000095), (57.468403652505685, 25.064177361607943), (57.398405596899714, 25.134189030215786), (57.32840754129375, 25.204200698823634), (57.25661548517795, 25.27421236743147), (57.189084180272964, 25.344224036039307), (57.122201127653035, 25.414235704647155), (57.051703691653046, 25.484247373255), (56.976721254378546, 25.554259041862842), (56.90045927262277, 25.624270710470686), (56.82889335102503, 25.694282379078533), (56.77038669784429, 25.764294047686374), (56.72207682697298, 25.834305716294217), (56.697273639252266, 25.904317384902054), (56.688723870015906, 25.976123402911295), (56.69166173429616, 26.04366784109223), (56.69970458532122, 26.112358250319428), (56.70497728850026, 26.178607816610896), (56.700475327136886, 26.254750807280427), (56.68267665611256, 26.330381126692416), (56.6524123197811, 26.40759281075543), (56.6120058503154, 26.470332840717717), (56.55669146274771, 26.511063818200974), (56.48810674787951, 26.527529612707852), (56.42454787267482, 26.521262583548584), (56.35474014695487, 26.496588394458662), (56.27798934063656, 26.462974250363594), (56.2005028233302, 26.420168776278537), (56.12594603288787, 26.370432816112334), (56.058937938154855, 26.315022602928096), (56.005132073396574, 26.254370703099408), (55.97127062213742, 26.18854666651377), (55.96521155330295, 26.117997384182836), (55.99592880966533, 26.044567153259294), (56.07348554859199, 25.972797449460426)

Record time: 2023-08-06T13:31:11Z
Event time: 2023-08-08T08:24:58.833Z
Status: Underway
Travel distance: 358.9400647948164
Num waypoints: 69
Waypoints: (59.91833560178886, 22.613768961493584), (59.84833754617929, 22.683780630105023), (59.778339490569714, 22.75379229871646), (59.70834143496015, 22.82380396732789), (59.63834337935059, 22.893815635939326), (59.56834532374102, 22.96382730455076), (59.49834726813146, 23.0338389731622), (59.428349212521894, 23.10385064177364), (59.35835115691233, 23.173862310385083), (59.288353098261055, 23.243873977804007), (59.21835504265506, 23.313885646411855), (59.14835698704909, 23.383897315019702), (59.07835893144311, 23.453908983627542), (59.008360875837134, 23.52392065223539), (58.938362820231184, 23.59393232084323), (58.868364764625184, 23.663943989451074), (58.79836670901922, 23.733955658058914), (58.728368653413256, 23.803967326666754), (58.65837059780727, 23.873978995274598), (58.5883725422013, 23.943990663882442), (58.51837448659532, 24.01400233249029), (58.44837643098934, 24.08401400109813), (58.37837837538336, 24.15402566970597), (58.3083803197774, 24.224037338313817), (58.23838226417141, 24.294049006921664), (58.168384208565456, 24.36406067552951), (58.09838615295947, 24.43407234413735), (58.02838809735349, 24.50408401274519), (57.958390041747506, 24.57409568135304), (57.88839198614154, 24.64410734996088), (57.81839393053556, 24.714119018568724), (57.74839587492958, 24.78413068717657), (57.678397819323614, 24.854142355784415), (57.60839976371764, 24.92415402439226), (57.53840170811167, 24.994165693000095), (57.468403652505685, 25.064177361607943), (57.398405596899714, 25.134189030215786), (57.32840754129375, 25.204200698823634), (57.25661548517795, 25.27421236743147), (57.189084180272964, 25.344224036039307), (57.122201127653035, 25.414235704647155), (57.051703691653046, 25.484247373255), (56.976721254378546, 25.554259041862842), (56.90045927262277, 25.624270710470686), (56.82889335102503, 25.694282379078533), (56.77038669784429, 25.764294047686374), (56.72207682697298, 25.834305716294217), (56.697273639252266, 25.904317384902054), (56.688723870015906, 25.976123402911295), (56.69166173429616, 26.04366784109223), (56.69970458532122, 26.112358250319428), (56.70497728850026, 26.178607816610896), (56.700475327136886, 26.254750807280427), (56.68267665611256, 26.330381126692416), (56.6524123197811, 26.40759281075543), (56.6120058503154, 26.470332840717717), (56.55669146274771, 26.511063818200974), (56.48810674787951, 26.527529612707852), (56.42454787267482, 26.521262583548584), (56.35474014695487, 26.496588394458662), (56.27798934063656, 26.462974250363594), (56.2005028233302, 26.420168776278537), (56.12594603288787, 26.370432816112334), (56.058937938154855, 26.315022602928096), (56.005132073396574, 26.254370703099408), (55.97127062213742, 26.18854666651377), (55.96521155330295, 26.117997384182836), (55.99592880966533, 26.044567153259294), (56.07348554859199, 25.972797449460426)

Record time: 2023-08-06T14:45:35Z
Event time: 2023-08-08T08:56:43.571Z
Status: Underway
Travel distance: 353.21868250539956
Num waypoints: 68
Waypoints: (59.84833754617928, 22.683780630105005), (59.77833949056973, 22.75379229871645), (59.70834143496016, 22.823803967327887), (59.63834337935059, 22.893815635939323), (59.56834532374102, 22.963827304550755), (59.498347268131454, 23.03383897316219), (59.428349212521894, 23.103850641773626), (59.35835115691233, 23.173862310385065), (59.28835310130277, 23.243873978996504), (59.21835504265506, 23.313885646411855), (59.14835698704909, 23.383897315019702), (59.07835893144311, 23.453908983627542), (59.008360875837134, 23.52392065223539), (58.938362820231184, 23.59393232084323), (58.868364764625184, 23.663943989451074), (58.79836670901922, 23.733955658058914), (58.728368653413256, 23.803967326666754), (58.65837059780727, 23.873978995274598), (58.5883725422013, 23.943990663882442), (58.51837448659532, 24.01400233249029), (58.44837643098934, 24.08401400109813), (58.37837837538336, 24.15402566970597), (58.3083803197774, 24.224037338313817), (58.23838226417141, 24.294049006921664), (58.168384208565456, 24.36406067552951), (58.09838615295947, 24.43407234413735), (58.02838809735349, 24.50408401274519), (57.958390041747506, 24.57409568135304), (57.88839198614154, 24.64410734996088), (57.81839393053556, 24.714119018568724), (57.74839587492958, 24.78413068717657), (57.678397819323614, 24.854142355784415), (57.60839976371764, 24.92415402439226), (57.53840170811167, 24.994165693000095), (57.468403652505685, 25.064177361607943), (57.398405596899714, 25.134189030215786), (57.32840754129375, 25.204200698823634), (57.25661548517795, 25.27421236743147), (57.189084180272964, 25.344224036039307), (57.122201127653035, 25.414235704647155), (57.051703691653046, 25.484247373255), (56.976721254378546, 25.554259041862842), (56.90045927262277, 25.624270710470686), (56.82889335102503, 25.694282379078533), (56.77038669784429, 25.764294047686374), (56.72207682697298, 25.834305716294217), (56.697273639252266, 25.904317384902054), (56.688723870015906, 25.976123402911295), (56.69166173429616, 26.04366784109223), (56.69970458532122, 26.112358250319428), (56.70497728850026, 26.178607816610896), (56.700475327136886, 26.254750807280427), (56.68267665611256, 26.330381126692416), (56.6524123197811, 26.40759281075543), (56.6120058503154, 26.470332840717717), (56.55669146274771, 26.511063818200974), (56.48810674787951, 26.527529612707852), (56.42454787267482, 26.521262583548584), (56.35474014695487, 26.496588394458662), (56.27798934063656, 26.462974250363594), (56.2005028233302, 26.420168776278537), (56.12594603288787, 26.370432816112334), (56.058937938154855, 26.315022602928096), (56.005132073396574, 26.254370703099408), (55.97127062213742, 26.18854666651377), (55.96521155330295, 26.117997384182836), (55.99592880966533, 26.044567153259294), (56.07348554859199, 25.972797449460426)

Record time: 2023-08-06T17:48:22Z
Event time: 2023-08-08T09:25:19.700Z
Status: Underway
Travel distance: 331.78077753779695
Num waypoints: 64
Waypoints: (59.63834337935052, 22.963827304550783), (59.56834532374097, 23.033838973162208), (59.49834726813141, 23.10385064177364), (59.428349212521844, 23.173862310385076), (59.358351156912285, 23.243873978996515), (59.288353101302725, 23.313885647607954), (59.21835504569317, 23.383897316219393), (59.148356990083606, 23.453908984830832), (59.078358934474046, 23.523920653442268), (59.008360875837134, 23.59393232084323), (58.938362820231184, 23.663943989451074), (58.868364764625184, 23.733955658058914), (58.79836670901922, 23.803967326666754), (58.728368653413256, 23.873978995274598), (58.65837059780727, 23.943990663882442), (58.5883725422013, 24.01400233249029), (58.51837448659532, 24.08401400109813), (58.44837643098934, 24.15402566970597), (58.37837837538336, 24.224037338313817), (58.3083803197774, 24.294049006921664), (58.23838226417141, 24.36406067552951), (58.168384208565456, 24.43407234413735), (58.09838615295947, 24.50408401274519), (58.02838809735349, 24.57409568135304), (57.958390041747506, 24.64410734996088), (57.88839198614154, 24.714119018568724), (57.81839393053556, 24.78413068717657), (57.74839587492958, 24.854142355784415), (57.678397819323614, 24.92415402439226), (57.60839976371764, 24.994165693000095), (57.53840170811167, 25.064177361607943), (57.468403652505685, 25.134189030215786), (57.398405596899714, 25.204200698823634), (57.32840754129375, 25.27421236743147), (57.25661548517795, 25.344224036039307), (57.189084180272964, 25.414235704647155), (57.122201127653035, 25.484247373255), (57.051703691653046, 25.554259041862842), (56.976721254378546, 25.624270710470686), (56.90045927262277, 25.694282379078533), (56.830687351534834, 25.764294047686374), (56.766125946633494, 25.834305716294217), (56.72322257519773, 25.904317384902054), (56.69842127193134, 25.976123402911295), (56.69009386830439, 26.04366784109223), (56.69344065917142, 26.112358250319428), (56.699992906831724, 26.178607816610896), (56.69997594674287, 26.254750807280427), (56.68579165909861, 26.330381126692416), (56.65487907048209, 26.40759281075543), (56.610211849805594, 26.470332840717717), (56.55669146274771, 26.511063818200974), (56.48810674787951, 26.527529612707852), (56.42454787267482, 26.521262583548584), (56.35474014695487, 26.496588394458662), (56.27798934063656, 26.462974250363594), (56.2005028233302, 26.420168776278537), (56.12594603288787, 26.370432816112334), (56.058937938154855, 26.315022602928096), (56.005132073396574, 26.254370703099408), (55.97127062213742, 26.18854666651377), (55.96521155330295, 26.117997384182836), (55.99592880966533, 26.044567153259294), (56.07348554859199, 25.972797449460426)

Record time: 2023-08-06T19:59:44Z
Event time: 2023-08-08T09:56:50Z
Status: Underway
Travel distance: 320.35313174946003
Num waypoints: 62
Waypoints: (59.49834726813142, 23.103850641773633), (59.42834921252184, 23.17386231038507), (59.35835115691227, 23.243873978996504), (59.28835310130271, 23.313885647607936), (59.21835504569316, 23.383897316219375), (59.148356990083606, 23.45390898483081), (59.078358934474046, 23.52392065344225), (59.00836087886449, 23.593932322053686), (58.93836282325493, 23.66394399066512), (58.868364764625184, 23.733955658058914), (58.79836670901922, 23.803967326666754), (58.728368653413256, 23.873978995274598), (58.65837059780727, 23.943990663882442), (58.5883725422013, 24.01400233249029), (58.51837448659532, 24.08401400109813), (58.44837643098934, 24.15402566970597), (58.37837837538336, 24.224037338313817), (58.3083803197774, 24.294049006921664), (58.23838226417141, 24.36406067552951), (58.168384208565456, 24.43407234413735), (58.09838615295947, 24.50408401274519), (58.02838809735349, 24.57409568135304), (57.958390041747506, 24.64410734996088), (57.88839198614154, 24.714119018568724), (57.81839393053556, 24.78413068717657), (57.74839587492958, 24.854142355784415), (57.678397819323614, 24.92415402439226), (57.60839976371764, 24.994165693000095), (57.53840170811167, 25.064177361607943), (57.468403652505685, 25.134189030215786), (57.398405596899714, 25.204200698823634), (57.32840754129375, 25.27421236743147), (57.25661548517795, 25.344224036039307), (57.189084180272964, 25.414235704647155), (57.122201127653035, 25.484247373255), (57.051703691653046, 25.554259041862842), (56.976721254378546, 25.624270710470686), (56.90045927262277, 25.694282379078533), (56.830687351534834, 25.764294047686374), (56.766125946633494, 25.834305716294217), (56.72322257519773, 25.904317384902054), (56.69842127193134, 25.976123402911295), (56.69009386830439, 26.04366784109223), (56.69344065917142, 26.112358250319428), (56.699992906831724, 26.178607816610896), (56.69997594674287, 26.254750807280427), (56.68579165909861, 26.330381126692416), (56.65487907048209, 26.40759281075543), (56.610211849805594, 26.470332840717717), (56.55669146274771, 26.511063818200974), (56.48810674787951, 26.527529612707852), (56.42454787267482, 26.521262583548584), (56.35474014695487, 26.496588394458662), (56.27798934063656, 26.462974250363594), (56.2005028233302, 26.420168776278537), (56.12594603288787, 26.370432816112334), (56.058937938154855, 26.315022602928096), (56.005132073396574, 26.254370703099408), (55.97127062213742, 26.18854666651377), (55.96521155330295, 26.117997384182836), (55.99592880966533, 26.044567153259294), (56.07348554859199, 25.972797449460426)

Record time: 2023-08-06T21:38:02Z
Event time: 2023-08-08T10:29:49.272Z
Status: Underway
Travel distance: 308.93088552915765
Num waypoints: 60
Waypoints: (59.358351156912285, 23.243873978996504), (59.28835310130276, 23.313885647607933), (59.2183550456932, 23.383897316219368), (59.14835699008363, 23.453908984830804), (59.078358934474046, 23.523920653442243), (59.00836087886447, 23.593932322053682), (58.938362823254906, 23.66394399066512), (58.868364767645346, 23.73395565927656), (58.798366712035794, 23.803967327887996), (58.728368653413256, 23.873978995274598), (58.65837059780727, 23.943990663882442), (58.5883725422013, 24.01400233249029), (58.51837448659532, 24.08401400109813), (58.44837643098934, 24.15402566970597), (58.37837837538336, 24.224037338313817), (58.3083803197774, 24.294049006921664), (58.23838226417141, 24.36406067552951), (58.168384208565456, 24.43407234413735), (58.09838615295947, 24.50408401274519), (58.02838809735349, 24.57409568135304), (57.958390041747506, 24.64410734996088), (57.88839198614154, 24.714119018568724), (57.81839393053556, 24.78413068717657), (57.74839587492958, 24.854142355784415), (57.678397819323614, 24.92415402439226), (57.60839976371764, 24.994165693000095), (57.53840170811167, 25.064177361607943), (57.468403652505685, 25.134189030215786), (57.398405596899714, 25.204200698823634), (57.32840754129375, 25.27421236743147), (57.25661548517795, 25.344224036039307), (57.189084180272964, 25.414235704647155), (57.122201127653035, 25.484247373255), (57.051703691653046, 25.554259041862842), (56.976721254378546, 25.624270710470686), (56.90045927262277, 25.694282379078533), (56.830687351534834, 25.764294047686374), (56.766125946633494, 25.834305716294217), (56.72322257519773, 25.904317384902054), (56.69842127193134, 25.976123402911295), (56.69009386830439, 26.04366784109223), (56.69344065917142, 26.112358250319428), (56.699992906831724, 26.178607816610896), (56.69997594674287, 26.254750807280427), (56.68579165909861, 26.330381126692416), (56.65487907048209, 26.40759281075543), (56.610211849805594, 26.470332840717717), (56.55669146274771, 26.511063818200974), (56.48810674787951, 26.527529612707852), (56.42454787267482, 26.521262583548584), (56.35474014695487, 26.496588394458662), (56.27798934063656, 26.462974250363594), (56.2005028233302, 26.420168776278537), (56.12594603288787, 26.370432816112334), (56.058937938154855, 26.315022602928096), (56.005132073396574, 26.254370703099408), (55.97127062213742, 26.18854666651377), (55.96521155330295, 26.117997384182836), (55.99592880966533, 26.044567153259294), (56.07348554859199, 25.972797449460426)

Record time: 2023-08-06T22:42:43Z
Event time: 2023-08-08T11:01:13.545Z
Status: Underway
Travel distance: 307.49622030237583
Num waypoints: 60
Waypoints: (59.288353101302704, 23.243873978996504), (59.2183550456932, 23.313885647607933), (59.14835699008364, 23.383897316219368), (59.07835893447407, 23.453908984830804), (59.00836087886449, 23.523920653442243), (58.93836282325493, 23.593932322053682), (58.86836476764537, 23.66394399066512), (58.79836671203582, 23.73395565927656), (58.72836865642627, 23.803967327887996), (58.65837059780727, 23.873978995274598), (58.5883725422013, 23.943990663882442), (58.51837448659532, 24.01400233249029), (58.44837643098934, 24.08401400109813), (58.37837837538336, 24.15402566970597), (58.3083803197774, 24.224037338313817), (58.23838226417141, 24.294049006921664), (58.168384208565456, 24.36406067552951), (58.09838615295947, 24.43407234413735), (58.02838809735349, 24.50408401274519), (57.958390041747506, 24.57409568135304), (57.88839198614154, 24.64410734996088), (57.81839393053556, 24.714119018568724), (57.74839587492958, 24.78413068717657), (57.678397819323614, 24.854142355784415), (57.60839976371764, 24.92415402439226), (57.53840170811167, 24.994165693000095), (57.468403652505685, 25.064177361607943), (57.398405596899714, 25.134189030215786), (57.32840754129375, 25.204200698823634), (57.25661548517795, 25.27421236743147), (57.189084180272964, 25.344224036039307), (57.122201127653035, 25.414235704647155), (57.051703691653046, 25.484247373255), (56.976721254378546, 25.554259041862842), (56.90045927262277, 25.624270710470686), (56.82889335102503, 25.694282379078533), (56.77038669784429, 25.764294047686374), (56.72207682697298, 25.834305716294217), (56.697273639252266, 25.904317384902054), (56.688723870015906, 25.976123402911295), (56.69166173429616, 26.04366784109223), (56.69970458532122, 26.112358250319428), (56.70497728850026, 26.178607816610896), (56.700475327136886, 26.254750807280427), (56.68267665611256, 26.330381126692416), (56.6524123197811, 26.40759281075543), (56.6120058503154, 26.470332840717717), (56.55669146274771, 26.511063818200974), (56.48810674787951, 26.527529612707852), (56.42454787267482, 26.521262583548584), (56.35474014695487, 26.496588394458662), (56.27798934063656, 26.462974250363594), (56.2005028233302, 26.420168776278537), (56.12594603288787, 26.370432816112334), (56.058937938154855, 26.315022602928096), (56.005132073396574, 26.254370703099408), (55.97127062213742, 26.18854666651377), (55.96521155330295, 26.117997384182836), (55.99592880966533, 26.044567153259294), (56.07348554859199, 25.972797449460426)

Record time: 2023-08-07T01:44:39Z
Event time: 2023-08-08T11:31:59.090Z
Status: Underway
Travel distance: 290.3731101511879
Num waypoints: 57
Waypoints: (59.078358934474004, 23.45390898483079), (59.00836087886446, 23.52392065344224), (58.9383628232549, 23.59393232205368), (58.86836476764534, 23.66394399066511), (58.79836671203577, 23.733955659276546), (58.728368656426206, 23.80396732788798), (58.658370600816646, 23.873978996499417), (58.588372545207086, 23.943990665110856), (58.51837448959752, 24.014002333722292), (58.44837643098934, 24.08401400109813), (58.37837837538336, 24.15402566970597), (58.3083803197774, 24.224037338313817), (58.23838226417141, 24.294049006921664), (58.168384208565456, 24.36406067552951), (58.09838615295947, 24.43407234413735), (58.02838809735349, 24.50408401274519), (57.958390041747506, 24.57409568135304), (57.88839198614154, 24.64410734996088), (57.81839393053556, 24.714119018568724), (57.74839587492958, 24.78413068717657), (57.678397819323614, 24.854142355784415), (57.60839976371764, 24.92415402439226), (57.53840170811167, 24.994165693000095), (57.468403652505685, 25.064177361607943), (57.398405596899714, 25.134189030215786), (57.32840754129375, 25.204200698823634), (57.25661548517795, 25.27421236743147), (57.189084180272964, 25.344224036039307), (57.122201127653035, 25.414235704647155), (57.051703691653046, 25.484247373255), (56.976721254378546, 25.554259041862842), (56.90045927262277, 25.624270710470686), (56.82889335102503, 25.694282379078533), (56.77038669784429, 25.764294047686374), (56.72207682697298, 25.834305716294217), (56.697273639252266, 25.904317384902054), (56.688723870015906, 25.976123402911295), (56.69166173429616, 26.04366784109223), (56.69970458532122, 26.112358250319428), (56.70497728850026, 26.178607816610896), (56.700475327136886, 26.254750807280427), (56.68267665611256, 26.330381126692416), (56.6524123197811, 26.40759281075543), (56.6120058503154, 26.470332840717717), (56.55669146274771, 26.511063818200974), (56.48810674787951, 26.527529612707852), (56.42454787267482, 26.521262583548584), (56.35474014695487, 26.496588394458662), (56.27798934063656, 26.462974250363594), (56.2005028233302, 26.420168776278537), (56.12594603288787, 26.370432816112334), (56.058937938154855, 26.315022602928096), (56.005132073396574, 26.254370703099408), (55.97127062213742, 26.18854666651377), (55.96521155330295, 26.117997384182836), (55.99592880966533, 26.044567153259294), (56.07348554859199, 25.972797449460426)

Record time: 2023-08-07T04:50:50Z
Event time: 2023-08-08T11:08:46.625Z
Status: Underway
Travel distance: 276.0048596112311
Num waypoints: 55
Waypoints: (58.798366712035765, 23.593932322053703), (58.72836865642624, 23.663943990665132), (58.65837060081668, 23.733955659276564), (58.58837254520711, 23.803967327888), (58.51837448959754, 23.873978996499435), (58.44837643398797, 23.943990665110874), (58.3783783783784, 24.014002333722313), (58.30838032276884, 24.08401400233375), (58.23838226715928, 24.154025670945188), (58.168384208565456, 24.224037338313817), (58.09838615295947, 24.294049006921664), (58.02838809735349, 24.36406067552951), (57.958390041747506, 24.43407234413735), (57.88839198614154, 24.50408401274519), (57.81839393053556, 24.57409568135304), (57.74839587492958, 24.64410734996088), (57.678397819323614, 24.714119018568724), (57.60839976371764, 24.78413068717657), (57.53840170811167, 24.854142355784415), (57.468403652505685, 24.92415402439226), (57.398405596899714, 24.994165693000095), (57.32840754129375, 25.064177361607943), (57.25661548517795, 25.134189030215786), (57.189084180272964, 25.204200698823634), (57.122201127653035, 25.27421236743147), (57.051703691653046, 25.344224036039307), (56.976721254378546, 25.414235704647155), (56.90045927262277, 25.484247373255), (56.82889335102503, 25.554259041862842), (56.768592697334476, 25.624270710470686), (56.72454357767396, 25.694282379078533), (56.70038864223831, 25.764294047686374), (56.6864304891121, 25.834305716294217), (56.68914410332861, 25.904317384902054), (56.69655566215748, 25.976123402911295), (56.702910042114496, 26.04366784109223), (56.705188347383775, 26.112358250319428), (56.70236166590823, 26.178607816610896), (56.694893573449846, 26.254750807280427), (56.68200390592139, 26.330381126692416), (56.65420632029091, 26.40759281075543), (56.6120058503154, 26.470332840717717), (56.55669146274771, 26.511063818200974), (56.48810674787951, 26.527529612707852), (56.42454787267482, 26.521262583548584), (56.35474014695487, 26.496588394458662), (56.27798934063656, 26.462974250363594), (56.2005028233302, 26.420168776278537), (56.12594603288787, 26.370432816112334), (56.058937938154855, 26.315022602928096), (56.005132073396574, 26.254370703099408), (55.97127062213742, 26.18854666651377), (55.96521155330295, 26.117997384182836), (55.99592880966533, 26.044567153259294), (56.07348554859199, 25.972797449460426)

Record time: 2023-08-07T05:44:59Z
Event time: 2023-08-08T10:21:53.250Z
Status: Underway
Travel distance: 270.30291576673864
Num waypoints: 54
Waypoints: (58.72836865642626, 23.663943990665132), (58.65837060081668, 23.733955659276564), (58.58837254520711, 23.803967327887996), (58.51837448959754, 23.873978996499428), (58.44837643398798, 23.943990665110864), (58.378378378378414, 24.014002333722303), (58.308380322768855, 24.084014002333742), (58.23838226715929, 24.15402567094518), (58.16838421154972, 24.22403733955662), (58.09838615295947, 24.294049006921664), (58.02838809735349, 24.36406067552951), (57.958390041747506, 24.43407234413735), (57.88839198614154, 24.50408401274519), (57.81839393053556, 24.57409568135304), (57.74839587492958, 24.64410734996088), (57.678397819323614, 24.714119018568724), (57.60839976371764, 24.78413068717657), (57.53840170811167, 24.854142355784415), (57.468403652505685, 24.92415402439226), (57.398405596899714, 24.994165693000095), (57.32840754129375, 25.064177361607943), (57.25661548517795, 25.134189030215786), (57.189084180272964, 25.204200698823634), (57.122201127653035, 25.27421236743147), (57.051703691653046, 25.344224036039307), (56.976721254378546, 25.414235704647155), (56.90045927262277, 25.484247373255), (56.82889335102503, 25.554259041862842), (56.768592697334476, 25.624270710470686), (56.72454357767396, 25.694282379078533), (56.70038864223831, 25.764294047686374), (56.6864304891121, 25.834305716294217), (56.68914410332861, 25.904317384902054), (56.69655566215748, 25.976123402911295), (56.702910042114496, 26.04366784109223), (56.705188347383775, 26.112358250319428), (56.70236166590823, 26.178607816610896), (56.694893573449846, 26.254750807280427), (56.68200390592139, 26.330381126692416), (56.65420632029091, 26.40759281075543), (56.6120058503154, 26.470332840717717), (56.55669146274771, 26.511063818200974), (56.48810674787951, 26.527529612707852), (56.42454787267482, 26.521262583548584), (56.35474014695487, 26.496588394458662), (56.27798934063656, 26.462974250363594), (56.2005028233302, 26.420168776278537), (56.12594603288787, 26.370432816112334), (56.058937938154855, 26.315022602928096), (56.005132073396574, 26.254370703099408), (55.97127062213742, 26.18854666651377), (55.96521155330295, 26.117997384182836), (55.99592880966533, 26.044567153259294), (56.07348554859199, 25.972797449460426)

Record time: 2023-08-07T08:51:18Z
Event time: 2023-08-08T10:05:49.600Z
Status: Underway
Travel distance: 247.5075593952484
Num waypoints: 50
Waypoints: (58.44837643398792, 23.943990665110835), (58.37837837837836, 24.014002333722292), (58.30838032276879, 24.084014002333728), (58.238382267159224, 24.154025670945156), (58.168384211549665, 24.224037339556588), (58.0983861559401, 24.294049008168024), (58.02838810033054, 24.364060676779463), (57.95839004472098, 24.434072345390906), (57.88839198911141, 24.50408401400235), (57.81839393053556, 24.57409568135304), (57.74839587492958, 24.64410734996088), (57.678397819323614, 24.714119018568724), (57.60839976371764, 24.78413068717657), (57.53840170811167, 24.854142355784415), (57.468403652505685, 24.92415402439226), (57.398405596899714, 24.994165693000095), (57.32840754129375, 25.064177361607943), (57.25661548517795, 25.134189030215786), (57.189084180272964, 25.204200698823634), (57.122201127653035, 25.27421236743147), (57.051703691653046, 25.344224036039307), (56.976721254378546, 25.414235704647155), (56.90045927262277, 25.484247373255), (56.82889335102503, 25.554259041862842), (56.768592697334476, 25.624270710470686), (56.72454357767396, 25.694282379078533), (56.70038864223831, 25.764294047686374), (56.6864304891121, 25.834305716294217), (56.68914410332861, 25.904317384902054), (56.69655566215748, 25.976123402911295), (56.702910042114496, 26.04366784109223), (56.705188347383775, 26.112358250319428), (56.70236166590823, 26.178607816610896), (56.694893573449846, 26.254750807280427), (56.68200390592139, 26.330381126692416), (56.65420632029091, 26.40759281075543), (56.6120058503154, 26.470332840717717), (56.55669146274771, 26.511063818200974), (56.48810674787951, 26.527529612707852), (56.42454787267482, 26.521262583548584), (56.35474014695487, 26.496588394458662), (56.27798934063656, 26.462974250363594), (56.2005028233302, 26.420168776278537), (56.12594603288787, 26.370432816112334), (56.058937938154855, 26.315022602928096), (56.005132073396574, 26.254370703099408), (55.97127062213742, 26.18854666651377), (55.96521155330295, 26.117997384182836), (55.99592880966533, 26.044567153259294), (56.07348554859199, 25.972797449460426)

Record time: 2023-08-07T11:51:31Z
Event time: 2023-08-08T10:26:16.666Z
Status: Underway
Travel distance: 224.7354211663067
Num waypoints: 46
Waypoints: (58.16838421154968, 24.22403733955657), (58.09838615594011, 24.294049008168024), (58.02838810033054, 24.364060676779463), (57.958390044720964, 24.434072345390895), (57.8883919891114, 24.504084014002327), (57.81839393350183, 24.574095682613763), (57.74839587789227, 24.644107351225202), (57.67839782228271, 24.71411901983664), (57.60839976667315, 24.784130688448077), (57.53840170811167, 24.854142355784415), (57.468403652505685, 24.92415402439226), (57.398405596899714, 24.994165693000095), (57.32840754129375, 25.064177361607943), (57.25661548517795, 25.134189030215786), (57.189084180272964, 25.204200698823634), (57.122201127653035, 25.27421236743147), (57.051703691653046, 25.344224036039307), (56.976721254378546, 25.414235704647155), (56.90045927262277, 25.484247373255), (56.82889335102503, 25.554259041862842), (56.768592697334476, 25.624270710470686), (56.72454357767396, 25.694282379078533), (56.70038864223831, 25.764294047686374), (56.6864304891121, 25.834305716294217), (56.68914410332861, 25.904317384902054), (56.69655566215748, 25.976123402911295), (56.702910042114496, 26.04366784109223), (56.705188347383775, 26.112358250319428), (56.70236166590823, 26.178607816610896), (56.694893573449846, 26.254750807280427), (56.68200390592139, 26.330381126692416), (56.65420632029091, 26.40759281075543), (56.6120058503154, 26.470332840717717), (56.55669146274771, 26.511063818200974), (56.48810674787951, 26.527529612707852), (56.42454787267482, 26.521262583548584), (56.35474014695487, 26.496588394458662), (56.27798934063656, 26.462974250363594), (56.2005028233302, 26.420168776278537), (56.12594603288787, 26.370432816112334), (56.058937938154855, 26.315022602928096), (56.005132073396574, 26.254370703099408), (55.97127062213742, 26.18854666651377), (55.96521155330295, 26.117997384182836), (55.99592880966533, 26.044567153259294), (56.07348554859199, 25.972797449460426)

Record time: 2023-08-07T12:50:14Z
Event time: 2023-08-08T11:04:42.777Z
Status: Underway
Travel distance: 217.57235421166305
Num waypoints: 45
Waypoints: (58.02838810033054, 24.294049008168038), (57.95839004472099, 24.364060676779474), (57.888391989111426, 24.434072345390906), (57.81839393350185, 24.50408401400234), (57.748395877892285, 24.574095682613773), (57.67839782228272, 24.644107351225212), (57.60839976667315, 24.71411901983665), (57.5384017110636, 24.78413068844809), (57.46840365545404, 24.85414235705953), (57.398405596899714, 24.92415402439226), (57.32840754129375, 24.994165693000095), (57.25661548517795, 25.064177361607943), (57.189084180272964, 25.134189030215786), (57.122201127653035, 25.204200698823634), (57.051703691653046, 25.27421236743147), (56.976721254378546, 25.344224036039307), (56.90045927262277, 25.414235704647155), (56.82889335102503, 25.484247373255), (56.768592697334476, 25.554259041862842), (56.72454357767396, 25.624270710470686), (56.6985946417285, 25.694282379078533), (56.69069124032289, 25.764294047686374), (56.68799835510386, 25.834305716294217), (56.69540802947841, 25.904317384902054), (56.701540043826014, 25.976123402911295), (56.7034094225085, 26.04366784109223), (56.702073344397725, 26.112358250319428), (56.69989491520724, 26.178607816610896), (56.69668757395966, 26.254750807280427), (56.68200390592139, 26.330381126692416), (56.65420632029091, 26.40759281075543), (56.6120058503154, 26.470332840717717), (56.55669146274771, 26.511063818200974), (56.48810674787951, 26.527529612707852), (56.42454787267482, 26.521262583548584), (56.35474014695487, 26.496588394458662), (56.27798934063656, 26.462974250363594), (56.2005028233302, 26.420168776278537), (56.12594603288787, 26.370432816112334), (56.058937938154855, 26.315022602928096), (56.005132073396574, 26.254370703099408), (55.97127062213742, 26.18854666651377), (55.96521155330295, 26.117997384182836), (55.99592880966533, 26.044567153259294), (56.07348554859199, 25.972797449460426)

Record time: 2023-08-07T13:25:50Z
Event time: 2023-08-08T11:35:45.333Z
Status: Underway
Travel distance: 217.57235421166305
Num waypoints: 45
Waypoints: (58.02838810033054, 24.294049008168038), (57.95839004472099, 24.364060676779474), (57.888391989111426, 24.434072345390906), (57.81839393350185, 24.50408401400234), (57.748395877892285, 24.574095682613773), (57.67839782228272, 24.644107351225212), (57.60839976667315, 24.71411901983665), (57.5384017110636, 24.78413068844809), (57.46840365545404, 24.85414235705953), (57.398405596899714, 24.92415402439226), (57.32840754129375, 24.994165693000095), (57.25661548517795, 25.064177361607943), (57.189084180272964, 25.134189030215786), (57.122201127653035, 25.204200698823634), (57.051703691653046, 25.27421236743147), (56.976721254378546, 25.344224036039307), (56.90045927262277, 25.414235704647155), (56.82889335102503, 25.484247373255), (56.768592697334476, 25.554259041862842), (56.72454357767396, 25.624270710470686), (56.6985946417285, 25.694282379078533), (56.69069124032289, 25.764294047686374), (56.68799835510386, 25.834305716294217), (56.69540802947841, 25.904317384902054), (56.701540043826014, 25.976123402911295), (56.7034094225085, 26.04366784109223), (56.702073344397725, 26.112358250319428), (56.69989491520724, 26.178607816610896), (56.69668757395966, 26.254750807280427), (56.68200390592139, 26.330381126692416), (56.65420632029091, 26.40759281075543), (56.6120058503154, 26.470332840717717), (56.55669146274771, 26.511063818200974), (56.48810674787951, 26.527529612707852), (56.42454787267482, 26.521262583548584), (56.35474014695487, 26.496588394458662), (56.27798934063656, 26.462974250363594), (56.2005028233302, 26.420168776278537), (56.12594603288787, 26.370432816112334), (56.058937938154855, 26.315022602928096), (56.005132073396574, 26.254370703099408), (55.97127062213742, 26.18854666651377), (55.96521155330295, 26.117997384182836), (55.99592880966533, 26.044567153259294), (56.07348554859199, 25.972797449460426)

Record time: 2023-08-07T14:06:08Z
Event time: 2023-08-08T12:14:11Z
Status: Underway
Travel distance: 211.88444924406048
Num waypoints: 44
Waypoints: (57.95839004472096, 24.364060676779452), (57.888391989111405, 24.4340723453909), (57.81839393350184, 24.504084014002334), (57.74839587789227, 24.574095682613766), (57.678397822282705, 24.6441073512252), (57.608399766673145, 24.714119019836634), (57.53840171106358, 24.784130688448077), (57.46840365545402, 24.854142357059516), (57.39840559984446, 24.92415402567096), (57.32840754129375, 24.994165693000095), (57.25661548517795, 25.064177361607943), (57.189084180272964, 25.134189030215786), (57.122201127653035, 25.204200698823634), (57.051703691653046, 25.27421236743147), (56.976721254378546, 25.344224036039307), (56.90045927262277, 25.414235704647155), (56.82889335102503, 25.484247373255), (56.768592697334476, 25.554259041862842), (56.72454357767396, 25.624270710470686), (56.6985946417285, 25.694282379078533), (56.69069124032289, 25.764294047686374), (56.68799835510386, 25.834305716294217), (56.69540802947841, 25.904317384902054), (56.701540043826014, 25.976123402911295), (56.7034094225085, 26.04366784109223), (56.702073344397725, 26.112358250319428), (56.69989491520724, 26.178607816610896), (56.69668757395966, 26.254750807280427), (56.68200390592139, 26.330381126692416), (56.65420632029091, 26.40759281075543), (56.6120058503154, 26.470332840717717), (56.55669146274771, 26.511063818200974), (56.48810674787951, 26.527529612707852), (56.42454787267482, 26.521262583548584), (56.35474014695487, 26.496588394458662), (56.27798934063656, 26.462974250363594), (56.2005028233302, 26.420168776278537), (56.12594603288787, 26.370432816112334), (56.058937938154855, 26.315022602928096), (56.005132073396574, 26.254370703099408), (55.97127062213742, 26.18854666651377), (55.96521155330295, 26.117997384182836), (55.99592880966533, 26.044567153259294), (56.07348554859199, 25.972797449460426)

Record time: 2023-08-07T14:57:20Z
Event time: 2023-08-08T12:50:35.750Z
Status: Underway
Travel distance: 206.27051835853132
Num waypoints: 43
Waypoints: (57.890194144169094, 24.434072345390906), (57.815107650749646, 24.50408401400234), (57.74717677300034, 24.574095682613777), (57.68004096365883, 24.644107351225212), (57.61108785509951, 24.714119019836648), (57.54006931608301, 24.784130688448087), (57.46796738714821, 24.854142357059523), (57.39611009464657, 24.924154025670962), (57.325537143419076, 24.9941656942824), (57.25661548517795, 25.064177361607943), (57.189084180272964, 25.134189030215786), (57.122201127653035, 25.204200698823634), (57.051703691653046, 25.27421236743147), (56.976721254378546, 25.344224036039307), (56.90045927262277, 25.414235704647155), (56.82889335102503, 25.484247373255), (56.768592697334476, 25.554259041862842), (56.72454357767396, 25.624270710470686), (56.6985946417285, 25.694282379078533), (56.69069124032289, 25.764294047686374), (56.68799835510386, 25.834305716294217), (56.69540802947841, 25.904317384902054), (56.701540043826014, 25.976123402911295), (56.7034094225085, 26.04366784109223), (56.702073344397725, 26.112358250319428), (56.69989491520724, 26.178607816610896), (56.69668757395966, 26.254750807280427), (56.68200390592139, 26.330381126692416), (56.65420632029091, 26.40759281075543), (56.6120058503154, 26.470332840717717), (56.55669146274771, 26.511063818200974), (56.48810674787951, 26.527529612707852), (56.42454787267482, 26.521262583548584), (56.35474014695487, 26.496588394458662), (56.27798934063656, 26.462974250363594), (56.2005028233302, 26.420168776278537), (56.12594603288787, 26.370432816112334), (56.058937938154855, 26.315022602928096), (56.005132073396574, 26.254370703099408), (55.97127062213742, 26.18854666651377), (55.96521155330295, 26.117997384182836), (55.99592880966533, 26.044567153259294), (56.07348554859199, 25.972797449460426)

Record time: 2023-08-07T16:22:41Z
Event time: 2023-08-08T14:24:58.500Z
Status: Underway
Travel distance: 200.52375809935205
Num waypoints: 42
Waypoints: (57.818711960864974, 24.50408401400233), (57.74753013673713, 24.574095682613777), (57.678468495030074, 24.644107351225212), (57.60917969092079, 24.714119019836644), (57.53901427292599, 24.78413068844808), (57.46825823268541, 24.854142357059516), (57.39753714050671, 24.92415402567095), (57.32738686667207, 24.994165694282394), (57.25799088850637, 25.064177362893833), (57.189084180272964, 25.134189030215786), (57.122201127653035, 25.204200698823634), (57.051703691653046, 25.27421236743147), (56.976721254378546, 25.344224036039307), (56.90045927262277, 25.414235704647155), (56.82889335102503, 25.484247373255), (56.768592697334476, 25.554259041862842), (56.72454357767396, 25.624270710470686), (56.6985946417285, 25.694282379078533), (56.69069124032289, 25.764294047686374), (56.68799835510386, 25.834305716294217), (56.69540802947841, 25.904317384902054), (56.701540043826014, 25.976123402911295), (56.7034094225085, 26.04366784109223), (56.702073344397725, 26.112358250319428), (56.69989491520724, 26.178607816610896), (56.69668757395966, 26.254750807280427), (56.68200390592139, 26.330381126692416), (56.65420632029091, 26.40759281075543), (56.6120058503154, 26.470332840717717), (56.55669146274771, 26.511063818200974), (56.48810674787951, 26.527529612707852), (56.42454787267482, 26.521262583548584), (56.35474014695487, 26.496588394458662), (56.27798934063656, 26.462974250363594), (56.2005028233302, 26.420168776278537), (56.12594603288787, 26.370432816112334), (56.058937938154855, 26.315022602928096), (56.005132073396574, 26.254370703099408), (55.97127062213742, 26.18854666651377), (55.96521155330295, 26.117997384182836), (55.99592880966533, 26.044567153259294), (56.07348554859199, 25.972797449460426)

Record time: 2023-08-07T16:33:51Z
Event time: 2023-08-08T15:14:06Z
Status: Underway
Travel distance: 200.52375809935205
Num waypoints: 42
Waypoints: (57.818711960864974, 24.50408401400233), (57.74753013673713, 24.574095682613777), (57.678468495030074, 24.644107351225212), (57.60917969092079, 24.714119019836644), (57.53901427292599, 24.78413068844808), (57.46825823268541, 24.854142357059516), (57.39753714050671, 24.92415402567095), (57.32738686667207, 24.994165694282394), (57.25799088850637, 25.064177362893833), (57.189084180272964, 25.134189030215786), (57.122201127653035, 25.204200698823634), (57.051703691653046, 25.27421236743147), (56.976721254378546, 25.344224036039307), (56.90045927262277, 25.414235704647155), (56.82889335102503, 25.484247373255), (56.768592697334476, 25.554259041862842), (56.72454357767396, 25.624270710470686), (56.6985946417285, 25.694282379078533), (56.69069124032289, 25.764294047686374), (56.68799835510386, 25.834305716294217), (56.69540802947841, 25.904317384902054), (56.701540043826014, 25.976123402911295), (56.7034094225085, 26.04366784109223), (56.702073344397725, 26.112358250319428), (56.69989491520724, 26.178607816610896), (56.69668757395966, 26.254750807280427), (56.68200390592139, 26.330381126692416), (56.65420632029091, 26.40759281075543), (56.6120058503154, 26.470332840717717), (56.55669146274771, 26.511063818200974), (56.48810674787951, 26.527529612707852), (56.42454787267482, 26.521262583548584), (56.35474014695487, 26.496588394458662), (56.27798934063656, 26.462974250363594), (56.2005028233302, 26.420168776278537), (56.12594603288787, 26.370432816112334), (56.058937938154855, 26.315022602928096), (56.005132073396574, 26.254370703099408), (55.97127062213742, 26.18854666651377), (55.96521155330295, 26.117997384182836), (55.99592880966533, 26.044567153259294), (56.07348554859199, 25.972797449460426)

Record time: 2023-08-07T16:46:09Z
Event time: 2023-08-08T16:15:21.571Z
Status: Underway
Travel distance: 194.75
Num waypoints: 41
Waypoints: (57.74601067266888, 24.574095682613777), (57.68246150525593, 24.644107351225223), (57.61036034152379, 24.71411901983666), (57.536712212111304, 24.784130688448087), (57.464856884010516, 24.854142357059523), (57.395593879793985, 24.924154025670955), (57.32816050940535, 24.994165694282394), (57.26106291451322, 25.064177362893833), (57.19276012542828, 25.13418903150527), (57.122201127653035, 25.204200698823634), (57.051703691653046, 25.27421236743147), (56.976721254378546, 25.344224036039307), (56.90045927262277, 25.414235704647155), (56.82889335102503, 25.484247373255), (56.768592697334476, 25.554259041862842), (56.72454357767396, 25.624270710470686), (56.6985946417285, 25.694282379078533), (56.69069124032289, 25.764294047686374), (56.68799835510386, 25.834305716294217), (56.69540802947841, 25.904317384902054), (56.701540043826014, 25.976123402911295), (56.7034094225085, 26.04366784109223), (56.702073344397725, 26.112358250319428), (56.69989491520724, 26.178607816610896), (56.69668757395966, 26.254750807280427), (56.68200390592139, 26.330381126692416), (56.65420632029091, 26.40759281075543), (56.6120058503154, 26.470332840717717), (56.55669146274771, 26.511063818200974), (56.48810674787951, 26.527529612707852), (56.42454787267482, 26.521262583548584), (56.35474014695487, 26.496588394458662), (56.27798934063656, 26.462974250363594), (56.2005028233302, 26.420168776278537), (56.12594603288787, 26.370432816112334), (56.058937938154855, 26.315022602928096), (56.005132073396574, 26.254370703099408), (55.97127062213742, 26.18854666651377), (55.96521155330295, 26.117997384182836), (55.99592880966533, 26.044567153259294), (56.07348554859199, 25.972797449460426)

Record time: 2023-08-07T17:11:53Z
Event time: 2023-08-08T17:22:11.625Z
Status: Underway
Travel distance: 194.75
Num waypoints: 41
Waypoints: (57.74601067266888, 24.574095682613777), (57.68246150525593, 24.644107351225223), (57.61036034152379, 24.71411901983666), (57.536712212111304, 24.784130688448087), (57.464856884010516, 24.854142357059523), (57.395593879793985, 24.924154025670955), (57.32816050940535, 24.994165694282394), (57.26106291451322, 25.064177362893833), (57.19276012542828, 25.13418903150527), (57.122201127653035, 25.204200698823634), (57.051703691653046, 25.27421236743147), (56.976721254378546, 25.344224036039307), (56.90045927262277, 25.414235704647155), (56.82889335102503, 25.484247373255), (56.768592697334476, 25.554259041862842), (56.72454357767396, 25.624270710470686), (56.6985946417285, 25.694282379078533), (56.69069124032289, 25.764294047686374), (56.68799835510386, 25.834305716294217), (56.69540802947841, 25.904317384902054), (56.701540043826014, 25.976123402911295), (56.7034094225085, 26.04366784109223), (56.702073344397725, 26.112358250319428), (56.69989491520724, 26.178607816610896), (56.69668757395966, 26.254750807280427), (56.68200390592139, 26.330381126692416), (56.65420632029091, 26.40759281075543), (56.6120058503154, 26.470332840717717), (56.55669146274771, 26.511063818200974), (56.48810674787951, 26.527529612707852), (56.42454787267482, 26.521262583548584), (56.35474014695487, 26.496588394458662), (56.27798934063656, 26.462974250363594), (56.2005028233302, 26.420168776278537), (56.12594603288787, 26.370432816112334), (56.058937938154855, 26.315022602928096), (56.005132073396574, 26.254370703099408), (55.97127062213742, 26.18854666651377), (55.96521155330295, 26.117997384182836), (55.99592880966533, 26.044567153259294), (56.07348554859199, 25.972797449460426)

Record time: 2023-08-07T17:23:21Z
Event time: 2023-08-08T18:03:53.500Z
Status: Underway
Travel distance: 193.27159827213822
Num waypoints: 41
Waypoints: (57.67495252584894, 24.574095682613777), (57.61488651527012, 24.644107351225223), (57.54064598194595, 24.71411901983666), (57.46488546490099, 24.784130688448087), (57.39290542018722, 24.854142357059523), (57.32524146111577, 24.924154025670955), (57.2598371340846, 24.994165694282394), (57.19380023000197, 25.064177362893833), (57.124742631306, 25.13418903150527), (57.051703691653046, 25.204200698823634), (56.976721254378546, 25.27421236743147), (56.90045927262277, 25.344224036039307), (56.82889335102503, 25.414235704647155), (56.768592697334476, 25.484247373255), (56.72454357767396, 25.554259041862842), (56.6985946417285, 25.624270710470686), (56.68889723981308, 25.694282379078533), (56.69225910631465, 25.764294047686374), (56.69426228125366, 25.834305716294217), (56.70039241114694, 25.904317384902054), (56.70203942422002, 25.976123402911295), (56.700294419522464, 26.04366784109223), (56.699606593696736, 26.112358250319428), (56.70168891571706, 26.178607816610896), (56.69668757395966, 26.254750807280427), (56.68200390592139, 26.330381126692416), (56.65420632029091, 26.40759281075543), (56.6120058503154, 26.470332840717717), (56.55669146274771, 26.511063818200974), (56.48810674787951, 26.527529612707852), (56.42454787267482, 26.521262583548584), (56.35474014695487, 26.496588394458662), (56.27798934063656, 26.462974250363594), (56.2005028233302, 26.420168776278537), (56.12594603288787, 26.370432816112334), (56.058937938154855, 26.315022602928096), (56.005132073396574, 26.254370703099408), (55.97127062213742, 26.18854666651377), (55.96521155330295, 26.117997384182836), (55.99592880966533, 26.044567153259294), (56.07348554859199, 25.972797449460426)

Record time: 2023-08-07T17:47:58Z
Event time: 2023-08-08T19:04:12Z
Status: Underway
Travel distance: 193.27159827213822
Num waypoints: 41
Waypoints: (57.67495252584894, 24.574095682613777), (57.61488651527012, 24.644107351225223), (57.54064598194595, 24.71411901983666), (57.46488546490099, 24.784130688448087), (57.39290542018722, 24.854142357059523), (57.32524146111577, 24.924154025670955), (57.2598371340846, 24.994165694282394), (57.19380023000197, 25.064177362893833), (57.124742631306, 25.13418903150527), (57.051703691653046, 25.204200698823634), (56.976721254378546, 25.27421236743147), (56.90045927262277, 25.344224036039307), (56.82889335102503, 25.414235704647155), (56.768592697334476, 25.484247373255), (56.72454357767396, 25.554259041862842), (56.6985946417285, 25.624270710470686), (56.68889723981308, 25.694282379078533), (56.69225910631465, 25.764294047686374), (56.69426228125366, 25.834305716294217), (56.70039241114694, 25.904317384902054), (56.70203942422002, 25.976123402911295), (56.700294419522464, 26.04366784109223), (56.699606593696736, 26.112358250319428), (56.70168891571706, 26.178607816610896), (56.69668757395966, 26.254750807280427), (56.68200390592139, 26.330381126692416), (56.65420632029091, 26.40759281075543), (56.6120058503154, 26.470332840717717), (56.55669146274771, 26.511063818200974), (56.48810674787951, 26.527529612707852), (56.42454787267482, 26.521262583548584), (56.35474014695487, 26.496588394458662), (56.27798934063656, 26.462974250363594), (56.2005028233302, 26.420168776278537), (56.12594603288787, 26.370432816112334), (56.058937938154855, 26.315022602928096), (56.005132073396574, 26.254370703099408), (55.97127062213742, 26.18854666651377), (55.96521155330295, 26.117997384182836), (55.99592880966533, 26.044567153259294), (56.07348554859199, 25.972797449460426)

Record time: 2023-08-07T18:00:48Z
Event time: 2023-08-08T19:50:32.444Z
Status: Underway
Travel distance: 189.04697624190064
Num waypoints: 40
Waypoints: (57.67495252584894, 24.644107351225205), (57.61488651527012, 24.714119019836648), (57.54064598194595, 24.78413068844808), (57.46488546490099, 24.854142357059516), (57.39290542018722, 24.92415402567095), (57.32524146111577, 24.994165694282387), (57.2598371340846, 25.064177362893826), (57.19380023000197, 25.134189031505265), (57.124742631306, 25.204200700116704), (57.051703691653046, 25.27421236743147), (56.976721254378546, 25.344224036039307), (56.90045927262277, 25.414235704647155), (56.82889335102503, 25.484247373255), (56.768592697334476, 25.554259041862842), (56.72454357767396, 25.624270710470686), (56.6985946417285, 25.694282379078533), (56.69069124032289, 25.764294047686374), (56.68799835510386, 25.834305716294217), (56.69540802947841, 25.904317384902054), (56.701540043826014, 25.976123402911295), (56.7034094225085, 26.04366784109223), (56.702073344397725, 26.112358250319428), (56.69989491520724, 26.178607816610896), (56.69668757395966, 26.254750807280427), (56.68200390592139, 26.330381126692416), (56.65420632029091, 26.40759281075543), (56.6120058503154, 26.470332840717717), (56.55669146274771, 26.511063818200974), (56.48810674787951, 26.527529612707852), (56.42454787267482, 26.521262583548584), (56.35474014695487, 26.496588394458662), (56.27798934063656, 26.462974250363594), (56.2005028233302, 26.420168776278537), (56.12594603288787, 26.370432816112334), (56.058937938154855, 26.315022602928096), (56.005132073396574, 26.254370703099408), (55.97127062213742, 26.18854666651377), (55.96521155330295, 26.117997384182836), (55.99592880966533, 26.044567153259294), (56.07348554859199, 25.972797449460426)

Record time: 2023-08-07T19:11:15Z
Event time: 2023-08-08T20:20:32.888Z
Status: Underway
Travel distance: 183.40766738660906
Num waypoints: 39
Waypoints: (57.606582467455304, 24.714119019836637), (57.54254791029397, 24.784130688448087), (57.46884781562607, 24.854142357059523), (57.39526464278285, 24.92415402567096), (57.32515015073836, 24.99416569428239), (57.25797318034621, 25.064177362893826), (57.19141422531307, 25.13418903150526), (57.12300679190885, 25.204200700116697), (57.0513255474137, 25.274212368728133), (56.976721254378546, 25.344224036039307), (56.90045927262277, 25.414235704647155), (56.82889335102503, 25.484247373255), (56.768592697334476, 25.554259041862842), (56.72454357767396, 25.624270710470686), (56.6985946417285, 25.694282379078533), (56.69069124032289, 25.764294047686374), (56.68799835510386, 25.834305716294217), (56.69540802947841, 25.904317384902054), (56.701540043826014, 25.976123402911295), (56.7034094225085, 26.04366784109223), (56.702073344397725, 26.112358250319428), (56.69989491520724, 26.178607816610896), (56.69668757395966, 26.254750807280427), (56.68200390592139, 26.330381126692416), (56.65420632029091, 26.40759281075543), (56.6120058503154, 26.470332840717717), (56.55669146274771, 26.511063818200974), (56.48810674787951, 26.527529612707852), (56.42454787267482, 26.521262583548584), (56.35474014695487, 26.496588394458662), (56.27798934063656, 26.462974250363594), (56.2005028233302, 26.420168776278537), (56.12594603288787, 26.370432816112334), (56.058937938154855, 26.315022602928096), (56.005132073396574, 26.254370703099408), (55.97127062213742, 26.18854666651377), (55.96521155330295, 26.117997384182836), (55.99592880966533, 26.044567153259294), (56.07348554859199, 25.972797449460426)

Record time: 2023-08-07T19:45:52Z
Event time: 2023-08-08T20:54:58.400Z
Status: Underway
Travel distance: 177.83747300215984
Num waypoints: 38
Waypoints: (57.53988001408117, 24.784130688448077), (57.46672867251043, 24.8541423570595), (57.396196379812416, 24.924154025670934), (57.327955754878055, 24.99416569428237), (57.26047901919825, 25.064177362893805), (57.192015463318185, 25.134189031505244), (57.12133373339283, 25.204200700116683), (57.048228937843724, 25.274212368728122), (56.97379457411687, 25.344224037339558), (56.90045927262277, 25.414235704647155), (56.82889335102503, 25.484247373255), (56.768592697334476, 25.554259041862842), (56.72454357767396, 25.624270710470686), (56.6985946417285, 25.694282379078533), (56.69069124032289, 25.764294047686374), (56.68799835510386, 25.834305716294217), (56.69540802947841, 25.904317384902054), (56.701540043826014, 25.976123402911295), (56.7034094225085, 26.04366784109223), (56.702073344397725, 26.112358250319428), (56.69989491520724, 26.178607816610896), (56.69668757395966, 26.254750807280427), (56.68200390592139, 26.330381126692416), (56.65420632029091, 26.40759281075543), (56.6120058503154, 26.470332840717717), (56.55669146274771, 26.511063818200974), (56.48810674787951, 26.527529612707852), (56.42454787267482, 26.521262583548584), (56.35474014695487, 26.496588394458662), (56.27798934063656, 26.462974250363594), (56.2005028233302, 26.420168776278537), (56.12594603288787, 26.370432816112334), (56.058937938154855, 26.315022602928096), (56.005132073396574, 26.254370703099408), (55.97127062213742, 26.18854666651377), (55.96521155330295, 26.117997384182836), (55.99592880966533, 26.044567153259294), (56.07348554859199, 25.972797449460426)

Record time: 2023-08-07T20:29:29Z
Event time: 2023-08-08T21:28:40.888Z
Status: Underway
Travel distance: 177.83747300215984
Num waypoints: 38
Waypoints: (57.53988001408117, 24.784130688448077), (57.46672867251043, 24.8541423570595), (57.396196379812416, 24.924154025670934), (57.327955754878055, 24.99416569428237), (57.26047901919825, 25.064177362893805), (57.192015463318185, 25.134189031505244), (57.12133373339283, 25.204200700116683), (57.048228937843724, 25.274212368728122), (56.97379457411687, 25.344224037339558), (56.90045927262277, 25.414235704647155), (56.82889335102503, 25.484247373255), (56.768592697334476, 25.554259041862842), (56.72454357767396, 25.624270710470686), (56.6985946417285, 25.694282379078533), (56.69069124032289, 25.764294047686374), (56.68799835510386, 25.834305716294217), (56.69540802947841, 25.904317384902054), (56.701540043826014, 25.976123402911295), (56.7034094225085, 26.04366784109223), (56.702073344397725, 26.112358250319428), (56.69989491520724, 26.178607816610896), (56.69668757395966, 26.254750807280427), (56.68200390592139, 26.330381126692416), (56.65420632029091, 26.40759281075543), (56.6120058503154, 26.470332840717717), (56.55669146274771, 26.511063818200974), (56.48810674787951, 26.527529612707852), (56.42454787267482, 26.521262583548584), (56.35474014695487, 26.496588394458662), (56.27798934063656, 26.462974250363594), (56.2005028233302, 26.420168776278537), (56.12594603288787, 26.370432816112334), (56.058937938154855, 26.315022602928096), (56.005132073396574, 26.254370703099408), (55.97127062213742, 26.18854666651377), (55.96521155330295, 26.117997384182836), (55.99592880966533, 26.044567153259294), (56.07348554859199, 25.972797449460426)

Record time: 2023-08-07T22:19:18Z
Event time: 2023-08-08T21:58:43.222Z
Status: Underway
Travel distance: 162.47516198704105
Num waypoints: 35
Waypoints: (57.40330706552332, 24.99416569428238), (57.318668684324024, 25.064177362893815), (57.255400015080895, 25.134189031505247), (57.19450575827735, 25.20420070011668), (57.127406935634674, 25.274212368728115), (57.052800446992585, 25.34422403733955), (56.97395393613697, 25.41423570595099), (56.89643596557493, 25.484247374562432), (56.82628150025705, 25.55425904317387), (56.768592697334476, 25.624270710470686), (56.72454357767396, 25.694282379078533), (56.70038864223831, 25.764294047686374), (56.6864304891121, 25.834305716294217), (56.68914410332861, 25.904317384902054), (56.69655566215748, 25.976123402911295), (56.702910042114496, 26.04366784109223), (56.705188347383775, 26.112358250319428), (56.70236166590823, 26.178607816610896), (56.694893573449846, 26.254750807280427), (56.68200390592139, 26.330381126692416), (56.65420632029091, 26.40759281075543), (56.6120058503154, 26.470332840717717), (56.55669146274771, 26.511063818200974), (56.48810674787951, 26.527529612707852), (56.42454787267482, 26.521262583548584), (56.35474014695487, 26.496588394458662), (56.27798934063656, 26.462974250363594), (56.2005028233302, 26.420168776278537), (56.12594603288787, 26.370432816112334), (56.058937938154855, 26.315022602928096), (56.005132073396574, 26.254370703099408), (55.97127062213742, 26.18854666651377), (55.96521155330295, 26.117997384182836), (55.99592880966533, 26.044567153259294), (56.07348554859199, 25.972797449460426)

Record time: 2023-08-08T01:33:57Z
Event time: 2023-08-08T22:17:42.142Z
Status: Underway
Travel distance: 145.06263498920086
Num waypoints: 32
Waypoints: (57.184782659257074, 25.204200700116676), (57.12462539540559, 25.274212368728115), (57.052829913005546, 25.34422403733955), (56.975447880125365, 25.41423570595099), (56.89891256683267, 25.48424737456243), (56.82915409389242, 25.554259043173868), (56.77091820253124, 25.624270711785307), (56.72728854526807, 25.694282380396743), (56.699412497810975, 25.76429404900818), (56.6864304891121, 25.834305716294217), (56.68914410332861, 25.904317384902054), (56.69655566215748, 25.976123402911295), (56.702910042114496, 26.04366784109223), (56.705188347383775, 26.112358250319428), (56.70236166590823, 26.178607816610896), (56.694893573449846, 26.254750807280427), (56.68200390592139, 26.330381126692416), (56.65420632029091, 26.40759281075543), (56.6120058503154, 26.470332840717717), (56.55669146274771, 26.511063818200974), (56.48810674787951, 26.527529612707852), (56.42454787267482, 26.521262583548584), (56.35474014695487, 26.496588394458662), (56.27798934063656, 26.462974250363594), (56.2005028233302, 26.420168776278537), (56.12594603288787, 26.370432816112334), (56.058937938154855, 26.315022602928096), (56.005132073396574, 26.254370703099408), (55.97127062213742, 26.18854666651377), (55.96521155330295, 26.117997384182836), (55.99592880966533, 26.044567153259294), (56.07348554859199, 25.972797449460426)

Record time: 2023-08-08T04:36:43Z
Event time: 2023-08-08T21:50:02.571Z
Status: Underway
Travel distance: 125.44600431965442
Num waypoints: 28
Waypoints: (57.04580120676792, 25.484830538117905), (56.986547932783736, 25.55348149176657), (56.90626791752908, 25.623529097627927), (56.82778849837443, 25.694328746988425), (56.76405681870559, 25.765152899019323), (56.720464867660155, 25.835450055154578), (56.69691974164028, 25.905000822253086), (56.689659127601836, 25.973971064545236), (56.692812008119816, 26.042862144363788), (56.69970458532122, 26.112358250319428), (56.70497728850026, 26.178607816610896), (56.700475327136886, 26.254750807280427), (56.68267665611256, 26.330381126692416), (56.6524123197811, 26.40759281075543), (56.6120058503154, 26.470332840717717), (56.55669146274771, 26.511063818200974), (56.48810674787951, 26.527529612707852), (56.42454787267482, 26.521262583548584), (56.35474014695487, 26.496588394458662), (56.27798934063656, 26.462974250363594), (56.2005028233302, 26.420168776278537), (56.12594603288787, 26.370432816112334), (56.058937938154855, 26.315022602928096), (56.005132073396574, 26.254370703099408), (55.97127062213742, 26.18854666651377), (55.96521155330295, 26.117997384182836), (55.99592880966533, 26.044567153259294), (56.07348554859199, 25.972797449460426)

Record time: 2023-08-08T06:38:31Z
Event time: 2023-08-08T22:21:13.428Z
Status: Underway
Travel distance: 114.32235421166307
Num waypoints: 26
Waypoints: (56.91251046368838, 25.626989617193313), (56.82911701011566, 25.688491913897444), (56.76343811238001, 25.763178874791393), (56.71942632775458, 25.838273728041166), (56.69611390329053, 25.909046944217845), (56.6892618617899, 25.97576433445841), (56.69278219947879, 26.041152154972014), (56.69993319538066, 26.108379217891606), (56.70428783238995, 26.179556008471014), (56.700475327136886, 26.254750807280427), (56.68267665611256, 26.330381126692416), (56.6524123197811, 26.40759281075543), (56.6120058503154, 26.470332840717717), (56.55669146274771, 26.511063818200974), (56.48810674787951, 26.527529612707852), (56.42454787267482, 26.521262583548584), (56.35474014695487, 26.496588394458662), (56.27798934063656, 26.462974250363594), (56.2005028233302, 26.420168776278537), (56.12594603288787, 26.370432816112334), (56.058937938154855, 26.315022602928096), (56.005132073396574, 26.254370703099408), (55.97127062213742, 26.18854666651377), (55.96521155330295, 26.117997384182836), (55.99592880966533, 26.044567153259294), (56.07348554859199, 25.972797449460426)

Record time: 2023-08-08T22:43:14Z
Event time: 2023-08-08T22:43:14Z
Status: Arrived
Travel distance: N/A
Num waypoints: 0
Waypoints: 

