MMSI: 626259000
Record time: 2023-10-26T09:39:15Z
Event time: 2023-11-02T01:59:08.545Z
Status: Underway
Travel distance: 502.38876889848814
Num waypoints: 39
Waypoints: (62.55, 21.690000000000012), (62.370000000000026, 21.870000000000022), (62.19000000000003, 22.050000000000022), (62.010000000000026, 22.230000000000018), (61.83000000000002, 22.410000000000014), (61.65000000000002, 22.590000000000014), (61.47000000000003, 22.770000000000017), (61.290000000000035, 22.950000000000024), (61.11000000000004, 23.130000000000027), (60.92999999687408, 23.30999999880413), (60.7499999968833, 23.489999998794886), (60.569999996892555, 23.67461327109663), (60.389999996901764, 23.848270021659797), (60.209999996911016, 24.020259791471954), (60.029999996920246, 24.201543948145915), (59.84999999692947, 24.38974801328635), (59.66999999693871, 24.596812221109886), (59.489999996947944, 24.782510969249508), (59.30999999695718, 24.923666441041963), (59.12999999696641, 25.036362093210094), (58.94999999697565, 25.096853141800345), (58.769999996984886, 25.130914792088003), (58.589999996994116, 25.152328710514688), (58.409999997003354, 25.173437338861962), (58.22999999701258, 25.206423205060293), (58.049999997021835, 25.259790818464484), (57.86999999703106, 25.339142009737838), (57.689999997040296, 25.427312692193944), (57.509999997049526, 25.51357410018521), (57.32077345243681, 25.6375557935427), (57.15253729977119, 25.816928415668333), (56.98470555439985, 26.021762140995364), (56.80977416267944, 26.226398947613156), (56.62172190555441, 26.397594596115944), (56.420458914083625, 26.50039909935262), (56.21756030788431, 26.506384532360826), (56.04328495943412, 26.404220183800486), (55.95487938423123, 26.212595048886886), (56.04616675681281, 25.995487663823358)
Day of Week: Thursday

MMSI: 626259000
Record time: 2023-10-26T09:53:02Z
Event time: 2023-11-01T20:44:27.727Z
Status: Underway
Travel distance: 502.38876889848814
Num waypoints: 39
Waypoints: (62.55, 21.690000000000012), (62.370000000000026, 21.870000000000022), (62.19000000000003, 22.050000000000022), (62.010000000000026, 22.230000000000018), (61.83000000000002, 22.410000000000014), (61.65000000000002, 22.590000000000014), (61.47000000000003, 22.770000000000017), (61.290000000000035, 22.950000000000024), (61.11000000000004, 23.130000000000027), (60.92999999687408, 23.30999999880413), (60.7499999968833, 23.489999998794886), (60.569999996892555, 23.67461327109663), (60.389999996901764, 23.848270021659797), (60.209999996911016, 24.020259791471954), (60.029999996920246, 24.201543948145915), (59.84999999692947, 24.38974801328635), (59.66999999693871, 24.596812221109886), (59.489999996947944, 24.782510969249508), (59.30999999695718, 24.923666441041963), (59.12999999696641, 25.036362093210094), (58.94999999697565, 25.096853141800345), (58.769999996984886, 25.130914792088003), (58.589999996994116, 25.152328710514688), (58.409999997003354, 25.173437338861962), (58.22999999701258, 25.206423205060293), (58.049999997021835, 25.259790818464484), (57.86999999703106, 25.339142009737838), (57.689999997040296, 25.427312692193944), (57.509999997049526, 25.51357410018521), (57.32077345243681, 25.6375557935427), (57.15253729977119, 25.816928415668333), (56.98470555439985, 26.021762140995364), (56.80977416267944, 26.226398947613156), (56.62172190555441, 26.397594596115944), (56.420458914083625, 26.50039909935262), (56.21756030788431, 26.506384532360826), (56.04328495943412, 26.404220183800486), (55.95487938423123, 26.212595048886886), (56.04616675681281, 25.995487663823358)
Day of Week: Thursday

MMSI: 626259000
Record time: 2023-10-26T10:17:04Z
Event time: 2023-11-01T09:59:43.909Z
Status: Underway
Travel distance: 489.7829373650108
Num waypoints: 38
Waypoints: (62.37000000000001, 21.68918219263573), (62.189999999999976, 21.872226253380486), (62.00999999999996, 22.049818265030165), (61.82999999999997, 22.227994424797167), (61.64999999999998, 22.408424797170788), (61.469999999999985, 22.590373954649465), (61.28999999999999, 22.772233243187017), (61.10999999999999, 22.952624672352815), (60.92999999999999, 23.131076430205948), (60.7499999968833, 23.30827002168751), (60.569999996892555, 23.475646519188675), (60.389999996901764, 23.66327392529024), (60.209999996911016, 23.864101492920263), (60.029999996920246, 24.06353829463301), (59.84999999692947, 24.22379620282238), (59.66999999693871, 24.36569793925339), (59.489999996947944, 24.47788962049679), (59.30999999695718, 24.568463856593905), (59.12999999696641, 24.675659441458507), (58.94999999697565, 24.782695112472), (58.769999996984886, 24.905838469579702), (58.589999996994116, 25.035770896548396), (58.409999997003354, 25.154538429184644), (58.22999999701258, 25.24610606950839), (58.049999997021835, 25.304353478308744), (57.86999999703106, 25.346963250819684), (57.689999997040296, 25.409630096959958), (57.509999997049526, 25.503833892889975), (57.32077345243681, 25.635825816426085), (57.15253729977119, 25.81800484587428), (56.98470555439985, 26.024386813348183), (56.80977416267944, 26.228632190800173), (56.62172190555441, 26.39796855076541), (56.420458914083625, 26.498823896523422), (56.21756030788431, 26.50437895715801), (56.04328495943412, 26.40403844883066), (55.95487938423123, 26.214821302267396), (56.04616675681281, 25.994669856459108)
Day of Week: Thursday

MMSI: 626259000
Record time: 2023-10-26T10:34:59Z
Event time: 2023-11-01T04:33:46.818Z
Status: Underway
Travel distance: 496.6268898488121
Num waypoints: 38
Waypoints: (62.37000000000001, 21.50536575826919), (62.189999999999976, 21.698450676097366), (62.00999999999996, 21.87313492822967), (61.82999999999997, 22.045774661951324), (61.64999999999998, 22.223087580611608), (61.469999999999985, 22.405711753692533), (61.28999999999999, 22.59112186394841), (61.10999999999999, 22.775902891616397), (60.92999999999999, 22.957381235697948), (60.7499999968833, 23.134613271124334), (60.569999996892555, 23.303656749376533), (60.389999996901764, 23.48198976861627), (60.209999996911016, 23.671284155468857), (60.029999996920246, 23.867430608548034), (59.84999999692947, 24.039764435433796), (59.66999999693871, 24.21063480828813), (59.489999996947944, 24.36461730928979), (59.30999999695718, 24.501736167810144), (59.12999999696641, 24.650722572433004), (58.94999999697565, 24.786726879869825), (58.769999996984886, 24.921946155673904), (58.589999996994116, 25.04858823400904), (58.409999997003354, 25.15582258586785), (58.22999999701258, 25.23809583932977), (58.049999997021835, 25.29801022888115), (57.86999999703106, 25.351576523130657), (57.689999997040296, 25.409630096959958), (57.509999997049526, 25.503833892889975), (57.32077345243681, 25.635825816426085), (57.15253729977119, 25.81800484587428), (56.98470555439985, 26.024386813348183), (56.80977416267944, 26.228632190800173), (56.62172190555441, 26.39796855076541), (56.420458914083625, 26.498823896523422), (56.21756030788431, 26.50437895715801), (56.04328495943412, 26.40403844883066), (55.95487938423123, 26.214821302267396), (56.04616675681281, 25.994669856459108)
Day of Week: Thursday

MMSI: 626259000
Record time: 2023-10-26T10:48:31Z
Event time: 2023-10-31T19:58:10.700Z
Status: Underway
Travel distance: 496.6268898488121
Num waypoints: 38
Waypoints: (62.37000000000001, 21.50536575826919), (62.189999999999976, 21.698450676097366), (62.00999999999996, 21.87313492822967), (61.82999999999997, 22.045774661951324), (61.64999999999998, 22.223087580611608), (61.469999999999985, 22.405711753692533), (61.28999999999999, 22.59112186394841), (61.10999999999999, 22.775902891616397), (60.92999999999999, 22.957381235697948), (60.7499999968833, 23.134613271124334), (60.569999996892555, 23.303656749376533), (60.389999996901764, 23.48198976861627), (60.209999996911016, 23.671284155468857), (60.029999996920246, 23.867430608548034), (59.84999999692947, 24.039764435433796), (59.66999999693871, 24.21063480828813), (59.489999996947944, 24.36461730928979), (59.30999999695718, 24.501736167810144), (59.12999999696641, 24.650722572433004), (58.94999999697565, 24.786726879869825), (58.769999996984886, 24.921946155673904), (58.589999996994116, 25.04858823400904), (58.409999997003354, 25.15582258586785), (58.22999999701258, 25.23809583932977), (58.049999997021835, 25.29801022888115), (57.86999999703106, 25.351576523130657), (57.689999997040296, 25.409630096959958), (57.509999997049526, 25.503833892889975), (57.32077345243681, 25.635825816426085), (57.15253729977119, 25.81800484587428), (56.98470555439985, 26.024386813348183), (56.80977416267944, 26.228632190800173), (56.62172190555441, 26.39796855076541), (56.420458914083625, 26.498823896523422), (56.21756030788431, 26.50437895715801), (56.04328495943412, 26.40403844883066), (55.95487938423123, 26.214821302267396), (56.04616675681281, 25.994669856459108)
Day of Week: Thursday

MMSI: 626259000
Record time: 2023-10-26T11:22:00Z
Event time: 2023-10-31T08:13:27.100Z
Status: Underway
Travel distance: 489.5129589632829
Num waypoints: 37
Waypoints: (62.19000000000002, 21.509999999999998), (62.01000000000002, 21.69), (61.83000000000001, 21.869999999999997), (61.650000000000006, 22.049999999999997), (61.470000000000006, 22.229999999999997), (61.290000000000006, 22.409999999999997), (61.110000000000014, 22.59), (60.93000000000002, 22.770000000000003), (60.750000000000036, 22.950000000000003), (60.569999996892555, 23.129999998813357), (60.389999996901764, 23.30999999880413), (60.209999996911016, 23.489999998794886), (60.029999996920246, 23.67461327109663), (59.84999999692947, 23.84365674934882), (59.66999999693871, 24.026603040899545), (59.489999996947944, 24.20955417832453), (59.30999999695718, 24.388463856603146), (59.12999999696641, 24.58399488364924), (58.94999999697565, 24.761790010844322), (58.769999996984886, 24.925977923071738), (58.589999996994116, 25.064695920103247), (58.409999997003354, 25.168639923328488), (58.22999999701258, 25.239379996012975), (58.049999997021835, 25.28999999870253), (57.86999999703106, 25.345233273703066), (57.689999997040296, 25.414243369270935), (57.509999997049526, 25.503833892889975), (57.32077345243681, 25.635825816426085), (57.15253729977119, 25.81800484587428), (56.98470555439985, 26.024386813348183), (56.80977416267944, 26.228632190800173), (56.62172190555441, 26.39796855076541), (56.420458914083625, 26.498823896523422), (56.21756030788431, 26.50437895715801), (56.04328495943412, 26.40403844883066), (55.95487938423123, 26.214821302267396), (56.04616675681281, 25.994669856459108)
Day of Week: Thursday

MMSI: 626259000
Record time: 2023-10-26T11:37:40Z
Event time: 2023-10-31T02:26:33.300Z
Status: Underway
Travel distance: 499.4109071274298
Num waypoints: 97
Waypoints: (62.158273381294975, 21.493582263710636), (62.08827532568543, 21.563593932322068), (62.018277270075856, 21.633605600933496), (61.94827921446628, 21.703617269544928), (61.87828115885671, 21.77362893815636), (61.80828310324715, 21.8436406067678), (61.73828504763759, 21.913652275379235), (61.66828699202804, 21.983663943990674), (61.59828893641848, 22.053675612602113), (61.52829087765227, 22.123687280078524), (61.45829282204629, 22.193698948686357), (61.38829476644031, 22.263710617294205), (61.318296710834325, 22.33372228590205), (61.24829865522835, 22.403733954509892), (61.17830059962238, 22.473745623117733), (61.1083025440164, 22.54375729172557), (61.03830448841043, 22.61376896033342), (60.968306432804454, 22.68378062894126), (60.898308377198454, 22.753792297549108), (60.82831032159251, 22.823803966156948), (60.758312265986525, 22.89381563476479), (60.68831421038055, 22.96382730337264), (60.618316154774575, 23.033838971980483), (60.548318099168604, 23.10385064058832), (60.47832004356263, 23.17386230919617), (60.408321987956654, 23.243873977804007), (60.338323932350676, 23.313885646411855), (60.268325876744704, 23.383897315019702), (60.198327821138726, 23.453908983627542), (60.12832976553274, 23.52392065223539), (60.05833170992677, 23.59393232084323), (59.9883336543208, 23.663943989451074), (59.918335598714826, 23.733955658058914), (59.848337543108855, 23.803967326666754), (59.778339487502876, 23.873978995274598), (59.7083414318969, 23.943990663882442), (59.638343376290926, 24.01400233249029), (59.56834532068494, 24.08401400109813), (59.49834726507898, 24.15402566970597), (59.428349209473, 24.224037338313817), (59.35835115386701, 24.294049006921664), (59.288353098261055, 24.36406067552951), (59.21835504265506, 24.43407234413735), (59.14835698704909, 24.50408401274519), (59.07835893144311, 24.57409568135304), (59.008360875837134, 24.64410734996088), (58.938362820231184, 24.714119018568724), (58.868364764625184, 24.78413068717657), (58.79836670901922, 24.854142355784415), (58.728368653413256, 24.92594837379365), (58.65837059780727, 24.993492811974576), (58.5883725422013, 25.05859452239899), (58.51837448659532, 25.131572898945684), (58.44837643098934, 25.21147987675238), (58.37837837538336, 25.284789981759843), (58.3083803197774, 25.350063210877035), (58.23838226417141, 25.39855399559298), (58.168384208565456, 25.45143641277242), (58.09838615295947, 25.493356712180336), (58.02838809735349, 25.53080056218877), (57.958390041747506, 25.562205446354714), (57.88839198614154, 25.59127503754973), (57.81839393053556, 25.61163675664976), (57.74839587492958, 25.616918024530747), (57.678397819323614, 25.60534899446169), (57.60839976371764, 25.58137972835088), (57.53840170811167, 25.558594129702335), (57.468403652505685, 25.55317526990296), (57.398405596899714, 25.57383856033095), (57.32840754129375, 25.62183929163897), (57.25661548517795, 25.68886728892076), (57.189084180272964, 25.766435204114927), (57.122201127653035, 25.839296721772037), (57.053497692162864, 25.90373686009573), (56.97425450367756, 25.940669923667425), (56.89913827014654, 25.975001934535417), (56.82871998122786, 26.009982323758546), (56.76978932582578, 26.05179895802248), (56.727519131040545, 26.104524935075535), (56.70185851660558, 26.16735732125701), (56.687159772932766, 26.24926597875307), (56.67404397088626, 26.33299725796251), (56.652510311405585, 26.413175649964376), (56.615294223098616, 26.47100572174324), (56.56047921592493, 26.50926946879958), (56.488779498070684, 26.527529612707852), (56.422753872165, 26.521262583548584), (56.35474014695487, 26.496588394458662), (56.27798934063656, 26.462974250363594), (56.2005028233302, 26.420168776278537), (56.12594603288787, 26.370432816112334), (56.058937938154855, 26.315022602928096), (56.005132073396574, 26.254370703099408), (55.97127062213742, 26.18854666651377), (55.96521155330295, 26.117997384182836), (55.99592880966533, 26.044567153259294), (56.07348554859199, 25.972797449460426)
Day of Week: Thursday

MMSI: 626259000
Record time: 2023-10-26T11:50:31Z
Event time: 2023-10-30T20:42:36.900Z
Status: Underway
Travel distance: 495.06425485961125
Num waypoints: 96
Waypoints: (62.088275325685395, 21.4235705950992), (62.01827727007584, 21.493582263710636), (61.948279214466275, 21.563593932322068), (61.8782811588567, 21.6336056009335), (61.808283103247135, 21.703617269544935), (61.73828504763757, 21.77362893815637), (61.66828699202801, 21.84364060676781), (61.59828893641845, 21.91365227537925), (61.528290880808896, 21.98366394399069), (61.45829282204629, 22.05367561147068), (61.38829476644031, 22.123687280078524), (61.318296710834325, 22.193698948686357), (61.24829865522835, 22.263710617294205), (61.17830059962238, 22.33372228590205), (61.1083025440164, 22.403733954509892), (61.03830448841043, 22.473745623117733), (60.968306432804454, 22.54375729172557), (60.898308377198454, 22.61376896033342), (60.82831032159251, 22.68378062894126), (60.758312265986525, 22.753792297549108), (60.68831421038055, 22.823803966156948), (60.618316154774575, 22.89381563476479), (60.548318099168604, 22.96382730337264), (60.47832004356263, 23.033838971980483), (60.408321987956654, 23.10385064058832), (60.338323932350676, 23.17386230919617), (60.268325876744704, 23.243873977804007), (60.198327821138726, 23.313885646411855), (60.12832976553274, 23.383897315019702), (60.05833170992677, 23.453908983627542), (59.9883336543208, 23.52392065223539), (59.918335598714826, 23.59393232084323), (59.848337543108855, 23.663943989451074), (59.778339487502876, 23.733955658058914), (59.7083414318969, 23.803967326666754), (59.638343376290926, 23.873978995274598), (59.56834532068494, 23.943990663882442), (59.49834726507898, 24.01400233249029), (59.428349209473, 24.08401400109813), (59.35835115386701, 24.15402566970597), (59.288353098261055, 24.224037338313817), (59.21835504265506, 24.294049006921664), (59.14835698704909, 24.36406067552951), (59.07835893144311, 24.43407234413735), (59.008360875837134, 24.50408401274519), (58.938362820231184, 24.57409568135304), (58.868364764625184, 24.64410734996088), (58.79836670901922, 24.715913367970117), (58.728368653413256, 24.78345780615105), (58.65837059780727, 24.850353865976857), (58.5883725422013, 24.91907066269525), (58.51837448659532, 24.998329262146818), (58.44837643098934, 25.073460104046863), (58.37837837538336, 25.143892087693054), (58.3083803197774, 25.20283420374378), (58.23838226417141, 25.24511261910365), (58.168384208565456, 25.27436692273704), (58.09838615295947, 25.282339714720116), (58.02838809735349, 25.291694080349426), (57.958390041747506, 25.315552142033045), (57.88839198614154, 25.364713922953722), (57.81839393053556, 25.4302001368213), (57.74839587492958, 25.49469681976899), (57.678397819323614, 25.541511998793926), (57.60839976371764, 25.56303476750662), (57.53840170811167, 25.572481489355113), (57.468403652505685, 25.5743059958893), (57.398405596899714, 25.583660361518614), (57.32840754129375, 25.615461058052514), (57.25661548517795, 25.681963190331164), (57.189084180272964, 25.763295092662496), (57.122201127653035, 25.84288542057482), (57.053497692162864, 25.90373686009573), (56.97425450367756, 25.940669923667425), (56.89913827014654, 25.975001934535417), (56.82871998122786, 26.009982323758546), (56.76978932582578, 26.05179895802248), (56.727519131040545, 26.104524935075535), (56.70185851660558, 26.16735732125701), (56.687159772932766, 26.24926597875307), (56.67404397088626, 26.33299725796251), (56.652510311405585, 26.413175649964376), (56.615294223098616, 26.47100572174324), (56.56047921592493, 26.50926946879958), (56.488779498070684, 26.527529612707852), (56.422753872165, 26.521262583548584), (56.35474014695487, 26.496588394458662), (56.27798934063656, 26.462974250363594), (56.2005028233302, 26.420168776278537), (56.12594603288787, 26.370432816112334), (56.058937938154855, 26.315022602928096), (56.005132073396574, 26.254370703099408), (55.97127062213742, 26.18854666651377), (55.96521155330295, 26.117997384182836), (55.99592880966533, 26.044567153259294), (56.07348554859199, 25.972797449460426)
Day of Week: Thursday

MMSI: 626259000
Record time: 2023-10-26T14:29:46Z
Event time: 2023-10-30T20:02:52.500Z
Status: Underway
Travel distance: 483.6274298056156
Num waypoints: 90
Waypoints: (61.59828893641845, 21.143523920653433), (61.52829088080888, 21.213535589264875), (61.45829282519931, 21.283547257876315), (61.38829476958974, 21.35355892648775), (61.31829671398018, 21.423570595099186), (61.24829865837062, 21.49358226371062), (61.17830060276106, 21.563593932322057), (61.1083025471515, 21.633605600933496), (61.03830449154194, 21.70361726954493), (60.968306432804454, 21.7736289370393), (60.898308377198454, 21.843640605647145), (60.82831032159251, 21.91365227425499), (60.758312265986525, 21.983663942862833), (60.68831421038055, 22.05367561147068), (60.618316154774575, 22.123687280078524), (60.548318099168604, 22.193698948686357), (60.47832004356263, 22.263710617294205), (60.408321987956654, 22.33372228590205), (60.338323932350676, 22.403733954509892), (60.268325876744704, 22.473745623117733), (60.198327821138726, 22.54375729172557), (60.12832976553274, 22.61376896033342), (60.05833170992677, 22.68378062894126), (59.9883336543208, 22.753792297549108), (59.918335598714826, 22.823803966156948), (59.848337543108855, 22.89381563476479), (59.778339487502876, 22.96382730337264), (59.7083414318969, 23.033838971980483), (59.638343376290926, 23.10385064058832), (59.56834532068494, 23.17386230919617), (59.49834726507898, 23.243873977804007), (59.428349209473, 23.313885646411855), (59.35835115386701, 23.383897315019702), (59.288353098261055, 23.453908983627542), (59.21835504265506, 23.52392065223539), (59.14835698704909, 23.59393232084323), (59.07835893144311, 23.663943989451074), (59.008360875837134, 23.733955658058914), (58.938362820231184, 23.803967326666754), (58.868364764625184, 23.873978995274598), (58.79836670901922, 23.943990663882442), (58.728368653413256, 24.01400233249029), (58.65837059780727, 24.08401400109813), (58.5883725422013, 24.15402566970597), (58.51837448659532, 24.224037338313817), (58.44837643098934, 24.294049006921664), (58.37837837538336, 24.36406067552951), (58.3083803197774, 24.43407234413735), (58.23838226417141, 24.50408401274519), (58.168384208565456, 24.57409568135304), (58.09838615295947, 24.64410734996088), (58.02838809735349, 24.714119018568724), (57.958390041747506, 24.78413068717657), (57.88839198614154, 24.854142355784415), (57.81839393053556, 24.92415402439226), (57.74839587492958, 24.994165693000095), (57.678397819323614, 25.064177361607943), (57.60839976371764, 25.134189030215786), (57.53840170811167, 25.204200698823634), (57.468403652505685, 25.27421236743147), (57.398405596899714, 25.344224036039307), (57.32840754129375, 25.414235704647155), (57.25661548517795, 25.484247373255), (57.189084180272964, 25.554259041862842), (57.122201127653035, 25.624270710470686), (57.051703691653046, 25.694282379078533), (56.97851525488835, 25.764294047686374), (56.89799252192179, 25.834305716294217), (56.8275723485488, 25.904317384902054), (56.7684193275373, 25.976123402911295), (56.72574020616527, 26.04366784109223), (56.70157019509508, 26.112358250319428), (56.692161114690165, 26.178607816610896), (56.68872763892453, 26.254750807280427), (56.68030789703606, 26.330381126692416), (56.65749469307412, 26.40759281075543), (56.61579360349262, 26.470332840717717), (56.55736421293889, 26.511063818200974), (56.486312747369695, 26.527529612707852), (56.42454787267482, 26.521262583548584), (56.35474014695487, 26.496588394458662), (56.27798934063656, 26.462974250363594), (56.2005028233302, 26.420168776278537), (56.12594603288787, 26.370432816112334), (56.058937938154855, 26.315022602928096), (56.005132073396574, 26.254370703099408), (55.97127062213742, 26.18854666651377), (55.96521155330295, 26.117997384182836), (55.99592880966533, 26.044567153259294), (56.07348554859199, 25.972797449460426)
Day of Week: Thursday

MMSI: 626259000
Record time: 2023-10-26T15:09:04Z
Event time: 2023-10-30T19:30:34.600Z
Status: Underway
Travel distance: 483.5323974082073
Num waypoints: 91
Waypoints: (61.458292825199294, 21.073512252042008), (61.388294769589756, 21.143523920653447), (61.31829671398019, 21.213535589264882), (61.248298658370615, 21.283547257876318), (61.17830060276105, 21.353558926487754), (61.10830254715148, 21.42357059509919), (61.03830449154192, 21.493582263710625), (60.96830643593236, 21.563593932322064), (60.8983083803228, 21.6336056009335), (60.82831032159251, 21.703617268431458), (60.758312265986525, 21.7736289370393), (60.68652020987074, 21.843640605647145), (60.618988904965754, 21.91365227425499), (60.55389985285563, 21.983663942862833), (60.48093566615466, 22.05367561147068), (60.4028382258941, 22.123687280078524), (60.32707562453234, 22.193698948686357), (60.26049408460314, 22.263710617294205), (60.206457357062376, 22.33372228590205), (60.16397610339363, 22.403733954509892), (60.12832976553275, 22.473745623117733), (60.09268342767185, 22.54375729172557), (60.050202174003125, 22.61376896033342), (59.99616544646236, 22.68378062894126), (59.92958390653316, 22.753792297549108), (59.85382130517141, 22.823803966156948), (59.775723864910844, 22.89381563476479), (59.70275967820986, 22.96382730337264), (59.63767062609975, 23.033838971980483), (59.57013932119475, 23.10385064058832), (59.49834726507898, 23.17386230919617), (59.428349209473, 23.243873977804007), (59.35835115386701, 23.313885646411855), (59.288353098261055, 23.383897315019702), (59.21835504265506, 23.453908983627542), (59.14835698704909, 23.52392065223539), (59.07835893144311, 23.59393232084323), (59.008360875837134, 23.663943989451074), (58.938362820231184, 23.733955658058914), (58.868364764625184, 23.803967326666754), (58.79836670901922, 23.873978995274598), (58.728368653413256, 23.943990663882442), (58.65837059780727, 24.01400233249029), (58.5883725422013, 24.08401400109813), (58.51837448659532, 24.15402566970597), (58.44837643098934, 24.224037338313817), (58.37837837538336, 24.294049006921664), (58.3083803197774, 24.36406067552951), (58.23838226417141, 24.43407234413735), (58.168384208565456, 24.50408401274519), (58.09838615295947, 24.57409568135304), (58.02838809735349, 24.64410734996088), (57.958390041747506, 24.714119018568724), (57.88839198614154, 24.78413068717657), (57.81839393053556, 24.854142355784415), (57.74839587492958, 24.92415402439226), (57.678397819323614, 24.994165693000095), (57.60839976371764, 25.064177361607943), (57.53840170811167, 25.134189030215786), (57.468403652505685, 25.204200698823634), (57.398405596899714, 25.27421236743147), (57.32840754129375, 25.344224036039307), (57.25661548517795, 25.414235704647155), (57.189084180272964, 25.484247373255), (57.122201127653035, 25.554259041862842), (57.051703691653046, 25.624270710470686), (56.976721254378546, 25.694282379078533), (56.90225327313259, 25.764294047686374), (56.82642660032404, 25.834305716294217), (56.767271694858245, 25.904317384902054), (56.7243702078768, 25.976123402911295), (56.69979127021982, 26.04366784109223), (56.69187279317966, 26.112358250319428), (56.693728980681925, 26.178607816610896), (56.69499156507433, 26.254750807280427), (56.685292278704594, 26.330381126692416), (56.65799407346814, 26.40759281075543), (56.612678600506584, 26.470332840717717), (56.5548974622379, 26.511063818200974), (56.48810674787951, 26.527529612707852), (56.42454787267482, 26.521262583548584), (56.35474014695487, 26.496588394458662), (56.27798934063656, 26.462974250363594), (56.2005028233302, 26.420168776278537), (56.12594603288787, 26.370432816112334), (56.058937938154855, 26.315022602928096), (56.005132073396574, 26.254370703099408), (55.97127062213742, 26.18854666651377), (55.96521155330295, 26.117997384182836), (55.99592880966533, 26.044567153259294), (56.07348554859199, 25.972797449460426)
Day of Week: Thursday

MMSI: 626259000
Record time: 2023-10-26T15:51:40Z
Event time: 2023-10-30T18:58:46.400Z
Status: Underway
Travel distance: 484.81425485961125
Num waypoints: 92
Waypoints: (61.31829671398017, 21.003500583430572), (61.24829865837061, 21.07351225204201), (61.178300602761055, 21.143523920653443), (61.10830254715149, 21.213535589264875), (61.03830449154193, 21.283547257876307), (60.96830643593237, 21.353558926487747), (60.8983083803228, 21.423570595099182), (60.828310324713236, 21.49358226371062), (60.75831226910367, 21.56359393232206), (60.68831421038055, 21.63360559982361), (60.618316154774575, 21.703617268431458), (60.546524098658786, 21.7736289370393), (60.47899279375381, 21.843640605647145), (60.41210974113388, 21.91365227425499), (60.343406305643704, 21.983663942862833), (60.265957117668194, 22.05367561147068), (60.18658013292638, 22.123687280078524), (60.115513591722646, 22.193698948686357), (60.06019731970063, 22.263710617294205), (60.02241212618993, 22.33372228590205), (59.99803105623621, 22.403733954509892), (59.97863625240539, 22.473745623117733), (59.95425518245168, 22.54375729172557), (59.91646998894097, 22.61376896033342), (59.86115371691896, 22.68378062894126), (59.79008717571522, 22.753792297549108), (59.710710190973394, 22.823803966156948), (59.633261002997905, 22.89381563476479), (59.56455756750772, 22.96382730337264), (59.4976745148878, 23.033838971980483), (59.430143209982816, 23.10385064058832), (59.35835115386701, 23.17386230919617), (59.288353098261055, 23.243873977804007), (59.21835504265506, 23.313885646411855), (59.14835698704909, 23.383897315019702), (59.07835893144311, 23.453908983627542), (59.008360875837134, 23.52392065223539), (58.938362820231184, 23.59393232084323), (58.868364764625184, 23.663943989451074), (58.79836670901922, 23.733955658058914), (58.728368653413256, 23.803967326666754), (58.65837059780727, 23.873978995274598), (58.5883725422013, 23.943990663882442), (58.51837448659532, 24.01400233249029), (58.44837643098934, 24.08401400109813), (58.37837837538336, 24.15402566970597), (58.3083803197774, 24.224037338313817), (58.23838226417141, 24.294049006921664), (58.168384208565456, 24.36406067552951), (58.09838615295947, 24.43407234413735), (58.02838809735349, 24.50408401274519), (57.958390041747506, 24.57409568135304), (57.88839198614154, 24.64410734996088), (57.81839393053556, 24.714119018568724), (57.74839587492958, 24.78413068717657), (57.678397819323614, 24.854142355784415), (57.60839976371764, 24.92415402439226), (57.53840170811167, 24.994165693000095), (57.468403652505685, 25.064177361607943), (57.398405596899714, 25.134189030215786), (57.32840754129375, 25.204200698823634), (57.25661548517795, 25.27421236743147), (57.189084180272964, 25.344224036039307), (57.122201127653035, 25.414235704647155), (57.051703691653046, 25.484247373255), (56.976721254378546, 25.554259041862842), (56.90045927262277, 25.624270710470686), (56.82889335102503, 25.694282379078533), (56.77038669784429, 25.764294047686374), (56.72207682697298, 25.834305716294217), (56.697273639252266, 25.904317384902054), (56.688723870015906, 25.976123402911295), (56.69166173429616, 26.04366784109223), (56.69970458532122, 26.112358250319428), (56.70497728850026, 26.178607816610896), (56.700475327136886, 26.254750807280427), (56.68267665611256, 26.330381126692416), (56.6524123197811, 26.40759281075543), (56.6120058503154, 26.470332840717717), (56.55669146274771, 26.511063818200974), (56.48810674787951, 26.527529612707852), (56.42454787267482, 26.521262583548584), (56.35474014695487, 26.496588394458662), (56.27798934063656, 26.462974250363594), (56.2005028233302, 26.420168776278537), (56.12594603288787, 26.370432816112334), (56.058937938154855, 26.315022602928096), (56.005132073396574, 26.254370703099408), (55.97127062213742, 26.18854666651377), (55.96521155330295, 26.117997384182836), (55.99592880966533, 26.044567153259294), (56.07348554859199, 25.972797449460426)
Day of Week: Thursday

MMSI: 626259000
Record time: 2023-10-26T16:35:42Z
Event time: 2023-10-30T18:25:20.800Z
Status: Underway
Travel distance: 485.07829373650105
Num waypoints: 93
Waypoints: (61.10862057451462, 20.933488914819133), (61.03743875038678, 21.00350058343057), (60.96837710867972, 21.073512252042), (60.89908830457043, 21.143523920653436), (60.828922886575626, 21.21353558926487), (60.75816684633504, 21.283547257876307), (60.68744575415634, 21.353558926487747), (60.61729548032171, 21.423570595099186), (60.54789950215601, 21.493582263710625), (60.47899279375381, 21.56359393121577), (60.41210974113388, 21.63360559982361), (60.341612305133886, 21.703617268431458), (60.266629867859386, 21.7736289370393), (60.19036788610361, 21.843640605647145), (60.118801964505856, 21.91365227425499), (60.06029531132511, 21.983663942862833), (60.01377944096362, 22.05367561147068), (59.98471550203212, 22.123687280078524), (59.9755174805107, 22.193698948686357), (59.982069728171005, 22.263710617294205), (59.994597580470604, 22.33372228590205), (60.0011498281309, 22.403733954509892), (59.9919518066095, 22.473745623117733), (59.96288786767798, 22.54375729172557), (59.91637199731648, 22.61376896033342), (59.857865344135746, 22.68378062894126), (59.786299422538, 22.753792297549108), (59.710037440782216, 22.823803966156948), (59.63505500350771, 22.89381563476479), (59.56455756750772, 22.96382730337264), (59.4976745148878, 23.033838971980483), (59.430143209982816, 23.10385064058832), (59.35835115386701, 23.17386230919617), (59.288353098261055, 23.243873977804007), (59.21835504265506, 23.313885646411855), (59.14835698704909, 23.383897315019702), (59.07835893144311, 23.453908983627542), (59.008360875837134, 23.52392065223539), (58.938362820231184, 23.59393232084323), (58.868364764625184, 23.663943989451074), (58.79836670901922, 23.733955658058914), (58.728368653413256, 23.803967326666754), (58.65837059780727, 23.873978995274598), (58.5883725422013, 23.943990663882442), (58.51837448659532, 24.01400233249029), (58.44837643098934, 24.08401400109813), (58.37837837538336, 24.15402566970597), (58.3083803197774, 24.224037338313817), (58.23838226417141, 24.294049006921664), (58.168384208565456, 24.36406067552951), (58.09838615295947, 24.43407234413735), (58.02838809735349, 24.50408401274519), (57.958390041747506, 24.57409568135304), (57.88839198614154, 24.64410734996088), (57.81839393053556, 24.714119018568724), (57.74839587492958, 24.78413068717657), (57.678397819323614, 24.854142355784415), (57.60839976371764, 24.92415402439226), (57.53840170811167, 24.994165693000095), (57.468403652505685, 25.064177361607943), (57.398405596899714, 25.134189030215786), (57.32840754129375, 25.204200698823634), (57.25661548517795, 25.27421236743147), (57.189084180272964, 25.344224036039307), (57.122201127653035, 25.414235704647155), (57.051703691653046, 25.484247373255), (56.976721254378546, 25.554259041862842), (56.90045927262277, 25.624270710470686), (56.82889335102503, 25.694282379078533), (56.77038669784429, 25.764294047686374), (56.72207682697298, 25.834305716294217), (56.697273639252266, 25.904317384902054), (56.688723870015906, 25.976123402911295), (56.69166173429616, 26.04366784109223), (56.69970458532122, 26.112358250319428), (56.70497728850026, 26.178607816610896), (56.700475327136886, 26.254750807280427), (56.68267665611256, 26.330381126692416), (56.6524123197811, 26.40759281075543), (56.6120058503154, 26.470332840717717), (56.55669146274771, 26.511063818200974), (56.48810674787951, 26.527529612707852), (56.42454787267482, 26.521262583548584), (56.35474014695487, 26.496588394458662), (56.27798934063656, 26.462974250363594), (56.2005028233302, 26.420168776278537), (56.12594603288787, 26.370432816112334), (56.058937938154855, 26.315022602928096), (56.005132073396574, 26.254370703099408), (55.97127062213742, 26.18854666651377), (55.96521155330295, 26.117997384182836), (55.99592880966533, 26.044567153259294), (56.07348554859199, 25.972797449460426)
Day of Week: Thursday

MMSI: 626259000
Record time: 2023-10-26T17:11:36Z
Event time: 2023-10-30T17:47:04.700Z
Status: Underway
Travel distance: 489.1830453563715
Num waypoints: 94
Waypoints: (61.04042467396269, 20.863477246207694), (60.96415441202496, 20.93348891481914), (60.89715994817819, 21.003500583430576), (60.830733390336995, 21.073512252042008), (60.76161291939245, 21.143523920653443), (60.689836395744926, 21.213535589264875), (60.61701143024097, 21.283547257876315), (60.54500191951425, 21.35355892648775), (60.47503104573059, 21.42357059509919), (60.40720073763803, 21.49358226260793), (60.344578436228886, 21.56359393121577), (60.274729252513964, 21.63360559982361), (60.19613243185939, 21.703617268431458), (60.115385448829095, 21.7736289370393), (60.04253998275008, 21.843640605647145), (59.98693538921757, 21.91365227425499), (59.95594553797405, 21.983663942862833), (59.94378138535764, 22.05367561147068), (59.94906916417122, 22.123687280078524), (59.967387944587045, 22.193698948686357), (59.989901520312564, 22.263710617294205), (60.00584588828894, 22.33372228590205), (60.006633590193445, 22.403733954509892), (59.98933618401747, 22.473745623117733), (59.95730611399095, 22.54375729172557), (59.91569924712531, 22.61376896033342), (59.859659344645564, 22.68378062894126), (59.786299422538, 22.753792297549108), (59.710037440782216, 22.823803966156948), (59.63505500350771, 22.89381563476479), (59.56455756750772, 22.96382730337264), (59.4976745148878, 23.033838971980483), (59.430143209982816, 23.10385064058832), (59.35835115386701, 23.17386230919617), (59.288353098261055, 23.243873977804007), (59.21835504265506, 23.313885646411855), (59.14835698704909, 23.383897315019702), (59.07835893144311, 23.453908983627542), (59.008360875837134, 23.52392065223539), (58.938362820231184, 23.59393232084323), (58.868364764625184, 23.663943989451074), (58.79836670901922, 23.733955658058914), (58.728368653413256, 23.803967326666754), (58.65837059780727, 23.873978995274598), (58.5883725422013, 23.943990663882442), (58.51837448659532, 24.01400233249029), (58.44837643098934, 24.08401400109813), (58.37837837538336, 24.15402566970597), (58.3083803197774, 24.224037338313817), (58.23838226417141, 24.294049006921664), (58.168384208565456, 24.36406067552951), (58.09838615295947, 24.43407234413735), (58.02838809735349, 24.50408401274519), (57.958390041747506, 24.57409568135304), (57.88839198614154, 24.64410734996088), (57.81839393053556, 24.714119018568724), (57.74839587492958, 24.78413068717657), (57.678397819323614, 24.854142355784415), (57.60839976371764, 24.92415402439226), (57.53840170811167, 24.994165693000095), (57.468403652505685, 25.064177361607943), (57.398405596899714, 25.134189030215786), (57.32840754129375, 25.204200698823634), (57.25661548517795, 25.27421236743147), (57.189084180272964, 25.344224036039307), (57.122201127653035, 25.414235704647155), (57.051703691653046, 25.484247373255), (56.976721254378546, 25.554259041862842), (56.90045927262277, 25.624270710470686), (56.82889335102503, 25.694282379078533), (56.77038669784429, 25.764294047686374), (56.72207682697298, 25.834305716294217), (56.697273639252266, 25.904317384902054), (56.688723870015906, 25.976123402911295), (56.69166173429616, 26.04366784109223), (56.69970458532122, 26.112358250319428), (56.70497728850026, 26.178607816610896), (56.700475327136886, 26.254750807280427), (56.68267665611256, 26.330381126692416), (56.6524123197811, 26.40759281075543), (56.6120058503154, 26.470332840717717), (56.55669146274771, 26.511063818200974), (56.48810674787951, 26.527529612707852), (56.42454787267482, 26.521262583548584), (56.35474014695487, 26.496588394458662), (56.27798934063656, 26.462974250363594), (56.2005028233302, 26.420168776278537), (56.12594603288787, 26.370432816112334), (56.058937938154855, 26.315022602928096), (56.005132073396574, 26.254370703099408), (55.97127062213742, 26.18854666651377), (55.96521155330295, 26.117997384182836), (55.99592880966533, 26.044567153259294), (56.07348554859199, 25.972797449460426)
Day of Week: Thursday

MMSI: 626259000
Record time: 2023-10-26T17:52:09Z
Event time: 2023-10-30T17:09:46.200Z
Status: Underway
Travel distance: 494.3266738660907
Num waypoints: 95
Waypoints: (60.826243146852974, 20.79346557759626), (60.761510210921685, 20.863477246207708), (60.69034546109204, 20.933488914819144), (60.61740658317985, 21.003500583430576), (60.54538389269385, 21.073512252042008), (60.475362903846296, 21.14352392065344), (60.40720649688852, 21.21353558926488), (60.33995668377131, 21.283547257876315), (60.27225597213022, 21.353558926487754), (60.202788324507125, 21.423570594000083), (60.13540589149318, 21.49358226260793), (60.06171807433447, 21.56359393121577), (59.97800496020918, 21.63360559982361), (59.89706010947558, 21.703617268431458), (59.835690970187294, 21.7736289370393), (59.80632363411073, 21.843640605647145), (59.81258756026053, 21.91365227425499), (59.85030114450719, 21.983663942862833), (59.9000055115731, 22.05367561147068), (59.948771420389136, 22.123687280078524), (59.986468044546946, 22.193698948686357), (60.00663359019345, 22.263710617294205), (60.00871402775946, 22.33372228590205), (59.99843621391438, 22.403733954509892), (59.98308168013924, 22.473745623117733), (59.95842736430958, 22.54375729172557), (59.917493247635115, 22.61376896033342), (59.859659344645564, 22.68378062894126), (59.786299422538, 22.753792297549108), (59.710037440782216, 22.823803966156948), (59.63505500350771, 22.89381563476479), (59.56455756750772, 22.96382730337264), (59.4976745148878, 23.033838971980483), (59.430143209982816, 23.10385064058832), (59.35835115386701, 23.17386230919617), (59.288353098261055, 23.243873977804007), (59.21835504265506, 23.313885646411855), (59.14835698704909, 23.383897315019702), (59.07835893144311, 23.453908983627542), (59.008360875837134, 23.52392065223539), (58.938362820231184, 23.59393232084323), (58.868364764625184, 23.663943989451074), (58.79836670901922, 23.733955658058914), (58.728368653413256, 23.803967326666754), (58.65837059780727, 23.873978995274598), (58.5883725422013, 23.943990663882442), (58.51837448659532, 24.01400233249029), (58.44837643098934, 24.08401400109813), (58.37837837538336, 24.15402566970597), (58.3083803197774, 24.224037338313817), (58.23838226417141, 24.294049006921664), (58.168384208565456, 24.36406067552951), (58.09838615295947, 24.43407234413735), (58.02838809735349, 24.50408401274519), (57.958390041747506, 24.57409568135304), (57.88839198614154, 24.64410734996088), (57.81839393053556, 24.714119018568724), (57.74839587492958, 24.78413068717657), (57.678397819323614, 24.854142355784415), (57.60839976371764, 24.92415402439226), (57.53840170811167, 24.994165693000095), (57.468403652505685, 25.064177361607943), (57.398405596899714, 25.134189030215786), (57.32840754129375, 25.204200698823634), (57.25661548517795, 25.27421236743147), (57.189084180272964, 25.344224036039307), (57.122201127653035, 25.414235704647155), (57.051703691653046, 25.484247373255), (56.976721254378546, 25.554259041862842), (56.90045927262277, 25.624270710470686), (56.82889335102503, 25.694282379078533), (56.77038669784429, 25.764294047686374), (56.72207682697298, 25.834305716294217), (56.697273639252266, 25.904317384902054), (56.688723870015906, 25.976123402911295), (56.69166173429616, 26.04366784109223), (56.69970458532122, 26.112358250319428), (56.70497728850026, 26.178607816610896), (56.700475327136886, 26.254750807280427), (56.68267665611256, 26.330381126692416), (56.6524123197811, 26.40759281075543), (56.6120058503154, 26.470332840717717), (56.55669146274771, 26.511063818200974), (56.48810674787951, 26.527529612707852), (56.42454787267482, 26.521262583548584), (56.35474014695487, 26.496588394458662), (56.27798934063656, 26.462974250363594), (56.2005028233302, 26.420168776278537), (56.12594603288787, 26.370432816112334), (56.058937938154855, 26.315022602928096), (56.005132073396574, 26.254370703099408), (55.97127062213742, 26.18854666651377), (55.96521155330295, 26.117997384182836), (55.99592880966533, 26.044567153259294), (56.07348554859199, 25.972797449460426)
Day of Week: Thursday

MMSI: 626259000
Record time: 2023-10-26T20:21:56Z
Event time: 2023-10-30T17:50:51.900Z
Status: Underway
Travel distance: 507.5890928725702
Num waypoints: 99
Waypoints: (60.34035500030923, 20.513418903150516), (60.267806901117716, 20.58343057176196), (60.19161615173122, 20.653442240373394), (60.12378389946833, 20.72345390898483), (60.06628505245339, 20.793465577596265), (60.015395552064895, 20.8634772462077), (59.96521366427248, 20.93348891481914), (59.91037528986245, 21.003500583430576), (59.84796329355189, 21.073512252042015), (59.77861084892454, 21.14352391956871), (59.700134633346245, 21.21353558817655), (59.63471580173065, 21.283547256784388), (59.58611760934883, 21.35355892539224), (59.56965501643526, 21.423570594000083), (59.58379596163024, 21.49358226260793), (59.612950354368984, 21.56359393121577), (59.648962276367385, 21.63360559982361), (59.68519844842948, 21.703617268431458), (59.72182847144388, 21.7736289370393), (59.76148115918277, 21.843640605647145), (59.80768986349059, 21.91365227425499), (59.86326619020834, 21.983663942862833), (59.912262002451044, 22.05367561147068), (59.95413080846676, 22.123687280078524), (59.98121230145676, 22.193698948686357), (60.001524834539985, 22.263710617294205), (60.005574526867285, 22.33372228590205), (60.002024214933996, 22.403733954509892), (59.98308168013924, 22.473745623117733), (59.95842736430958, 22.54375729172557), (59.917493247635115, 22.61376896033342), (59.859659344645564, 22.68378062894126), (59.786299422538, 22.753792297549108), (59.710037440782216, 22.823803966156948), (59.63505500350771, 22.89381563476479), (59.56455756750772, 22.96382730337264), (59.4976745148878, 23.033838971980483), (59.430143209982816, 23.10385064058832), (59.35835115386701, 23.17386230919617), (59.288353098261055, 23.243873977804007), (59.21835504265506, 23.313885646411855), (59.14835698704909, 23.383897315019702), (59.07835893144311, 23.453908983627542), (59.008360875837134, 23.52392065223539), (58.938362820231184, 23.59393232084323), (58.868364764625184, 23.663943989451074), (58.79836670901922, 23.733955658058914), (58.728368653413256, 23.803967326666754), (58.65837059780727, 23.873978995274598), (58.5883725422013, 23.943990663882442), (58.51837448659532, 24.01400233249029), (58.44837643098934, 24.08401400109813), (58.37837837538336, 24.15402566970597), (58.3083803197774, 24.224037338313817), (58.23838226417141, 24.294049006921664), (58.168384208565456, 24.36406067552951), (58.09838615295947, 24.43407234413735), (58.02838809735349, 24.50408401274519), (57.958390041747506, 24.57409568135304), (57.88839198614154, 24.64410734996088), (57.81839393053556, 24.714119018568724), (57.74839587492958, 24.78413068717657), (57.678397819323614, 24.854142355784415), (57.60839976371764, 24.92415402439226), (57.53840170811167, 24.994165693000095), (57.468403652505685, 25.064177361607943), (57.398405596899714, 25.134189030215786), (57.32840754129375, 25.204200698823634), (57.25661548517795, 25.27421236743147), (57.189084180272964, 25.344224036039307), (57.122201127653035, 25.414235704647155), (57.051703691653046, 25.484247373255), (56.976721254378546, 25.554259041862842), (56.90045927262277, 25.624270710470686), (56.82889335102503, 25.694282379078533), (56.77038669784429, 25.764294047686374), (56.72207682697298, 25.834305716294217), (56.697273639252266, 25.904317384902054), (56.688723870015906, 25.976123402911295), (56.69166173429616, 26.04366784109223), (56.69970458532122, 26.112358250319428), (56.70497728850026, 26.178607816610896), (56.700475327136886, 26.254750807280427), (56.68267665611256, 26.330381126692416), (56.6524123197811, 26.40759281075543), (56.6120058503154, 26.470332840717717), (56.55669146274771, 26.511063818200974), (56.48810674787951, 26.527529612707852), (56.42454787267482, 26.521262583548584), (56.35474014695487, 26.496588394458662), (56.27798934063656, 26.462974250363594), (56.2005028233302, 26.420168776278537), (56.12594603288787, 26.370432816112334), (56.058937938154855, 26.315022602928096), (56.005132073396574, 26.254370703099408), (55.97127062213742, 26.18854666651377), (55.96521155330295, 26.117997384182836), (55.99592880966533, 26.044567153259294), (56.07348554859199, 25.972797449460426)
Day of Week: Thursday

MMSI: 626259000
Record time: 2023-10-26T20:56:03Z
Event time: 2023-10-30T18:32:08.444Z
Status: Underway
Travel distance: 512.4843412526998
Num waypoints: 100
Waypoints: (60.203956209593045, 20.443407234539098), (60.117893500716235, 20.51341890315053), (60.05419292596457, 20.583430571761962), (59.993978934327636, 20.653442240373398), (59.9281007012985, 20.723453908984833), (59.85445375395282, 20.793465577596272), (59.775636463560055, 20.86347724620771), (59.69694140572686, 20.933488914819147), (59.624681588072626, 21.003500583430586), (59.56485154238118, 21.07351225096087), (59.52016924607016, 21.14352391956871), (59.49328562078346, 21.21353558817655), (59.494220310124696, 21.283547256784388), (59.51110502080526, 21.35355892539224), (59.54430722141694, 21.423570594000083), (59.58512073301511, 21.49358226260793), (59.626265908573096, 21.56359393121577), (59.657594961593674, 21.63360559982361), (59.685100456804996, 21.703617268431458), (59.718540098660675, 21.7736289370393), (59.75769340600554, 21.843640605647145), (59.8070171132994, 21.91365227425499), (59.86506019071816, 21.983663942862833), (59.912262002451044, 22.05367561147068), (59.95413080846676, 22.123687280078524), (59.98121230145676, 22.193698948686357), (60.001524834539985, 22.263710617294205), (60.005574526867285, 22.33372228590205), (60.002024214933996, 22.403733954509892), (59.98308168013924, 22.473745623117733), (59.95842736430958, 22.54375729172557), (59.917493247635115, 22.61376896033342), (59.859659344645564, 22.68378062894126), (59.786299422538, 22.753792297549108), (59.710037440782216, 22.823803966156948), (59.63505500350771, 22.89381563476479), (59.56455756750772, 22.96382730337264), (59.4976745148878, 23.033838971980483), (59.430143209982816, 23.10385064058832), (59.35835115386701, 23.17386230919617), (59.288353098261055, 23.243873977804007), (59.21835504265506, 23.313885646411855), (59.14835698704909, 23.383897315019702), (59.07835893144311, 23.453908983627542), (59.008360875837134, 23.52392065223539), (58.938362820231184, 23.59393232084323), (58.868364764625184, 23.663943989451074), (58.79836670901922, 23.733955658058914), (58.728368653413256, 23.803967326666754), (58.65837059780727, 23.873978995274598), (58.5883725422013, 23.943990663882442), (58.51837448659532, 24.01400233249029), (58.44837643098934, 24.08401400109813), (58.37837837538336, 24.15402566970597), (58.3083803197774, 24.224037338313817), (58.23838226417141, 24.294049006921664), (58.168384208565456, 24.36406067552951), (58.09838615295947, 24.43407234413735), (58.02838809735349, 24.50408401274519), (57.958390041747506, 24.57409568135304), (57.88839198614154, 24.64410734996088), (57.81839393053556, 24.714119018568724), (57.74839587492958, 24.78413068717657), (57.678397819323614, 24.854142355784415), (57.60839976371764, 24.92415402439226), (57.53840170811167, 24.994165693000095), (57.468403652505685, 25.064177361607943), (57.398405596899714, 25.134189030215786), (57.32840754129375, 25.204200698823634), (57.25661548517795, 25.27421236743147), (57.189084180272964, 25.344224036039307), (57.122201127653035, 25.414235704647155), (57.051703691653046, 25.484247373255), (56.976721254378546, 25.554259041862842), (56.90045927262277, 25.624270710470686), (56.82889335102503, 25.694282379078533), (56.77038669784429, 25.764294047686374), (56.72207682697298, 25.834305716294217), (56.697273639252266, 25.904317384902054), (56.688723870015906, 25.976123402911295), (56.69166173429616, 26.04366784109223), (56.69970458532122, 26.112358250319428), (56.70497728850026, 26.178607816610896), (56.700475327136886, 26.254750807280427), (56.68267665611256, 26.330381126692416), (56.6524123197811, 26.40759281075543), (56.6120058503154, 26.470332840717717), (56.55669146274771, 26.511063818200974), (56.48810674787951, 26.527529612707852), (56.42454787267482, 26.521262583548584), (56.35474014695487, 26.496588394458662), (56.27798934063656, 26.462974250363594), (56.2005028233302, 26.420168776278537), (56.12594603288787, 26.370432816112334), (56.058937938154855, 26.315022602928096), (56.005132073396574, 26.254370703099408), (55.97127062213742, 26.18854666651377), (55.96521155330295, 26.117997384182836), (55.99592880966533, 26.044567153259294), (56.07348554859199, 25.972797449460426)
Day of Week: Thursday

MMSI: 626259000
Record time: 2023-10-26T21:22:17Z
Event time: 2023-10-30T19:22:29.444Z
Status: Underway
Travel distance: 517.4119870410367
Num waypoints: 101
Waypoints: (60.13398261762682, 20.373395565927655), (60.0476152781439, 20.44340723453909), (59.98424427732089, 20.513418903150527), (59.924427186025945, 20.583430571761962), (59.85862909369949, 20.653442240373398), (59.78459756349049, 20.723453908984833), (59.70503815785625, 20.793465577596272), (59.625590534625815, 20.863477246207708), (59.55310511352701, 20.933488914819144), (59.494220310124675, 21.003500582353027), (59.449236501122925, 21.07351225096087), (59.43391965643414, 21.14352391956871), (59.43953909920752, 21.21353558817655), (59.469839240171, 21.283547256784388), (59.50767154503963, 21.35355892539224), (59.55085946907724, 21.423570594000083), (59.59188403955892, 21.49358226260793), (59.628135287255596, 21.56359393121577), (59.6556275912867, 21.63360559982361), (59.683779454328764, 21.703617268431458), (59.716073347959686, 21.7736289370393), (59.759487406515355, 21.843640605647145), (59.8070171132994, 21.91365227425499), (59.86506019071816, 21.983663942862833), (59.912262002451044, 22.05367561147068), (59.95413080846676, 22.123687280078524), (59.98121230145676, 22.193698948686357), (60.001524834539985, 22.263710617294205), (60.005574526867285, 22.33372228590205), (60.002024214933996, 22.403733954509892), (59.98308168013924, 22.473745623117733), (59.95842736430958, 22.54375729172557), (59.917493247635115, 22.61376896033342), (59.859659344645564, 22.68378062894126), (59.786299422538, 22.753792297549108), (59.710037440782216, 22.823803966156948), (59.63505500350771, 22.89381563476479), (59.56455756750772, 22.96382730337264), (59.4976745148878, 23.033838971980483), (59.430143209982816, 23.10385064058832), (59.35835115386701, 23.17386230919617), (59.288353098261055, 23.243873977804007), (59.21835504265506, 23.313885646411855), (59.14835698704909, 23.383897315019702), (59.07835893144311, 23.453908983627542), (59.008360875837134, 23.52392065223539), (58.938362820231184, 23.59393232084323), (58.868364764625184, 23.663943989451074), (58.79836670901922, 23.733955658058914), (58.728368653413256, 23.803967326666754), (58.65837059780727, 23.873978995274598), (58.5883725422013, 23.943990663882442), (58.51837448659532, 24.01400233249029), (58.44837643098934, 24.08401400109813), (58.37837837538336, 24.15402566970597), (58.3083803197774, 24.224037338313817), (58.23838226417141, 24.294049006921664), (58.168384208565456, 24.36406067552951), (58.09838615295947, 24.43407234413735), (58.02838809735349, 24.50408401274519), (57.958390041747506, 24.57409568135304), (57.88839198614154, 24.64410734996088), (57.81839393053556, 24.714119018568724), (57.74839587492958, 24.78413068717657), (57.678397819323614, 24.854142355784415), (57.60839976371764, 24.92415402439226), (57.53840170811167, 24.994165693000095), (57.468403652505685, 25.064177361607943), (57.398405596899714, 25.134189030215786), (57.32840754129375, 25.204200698823634), (57.25661548517795, 25.27421236743147), (57.189084180272964, 25.344224036039307), (57.122201127653035, 25.414235704647155), (57.051703691653046, 25.484247373255), (56.976721254378546, 25.554259041862842), (56.90045927262277, 25.624270710470686), (56.82889335102503, 25.694282379078533), (56.77038669784429, 25.764294047686374), (56.72207682697298, 25.834305716294217), (56.697273639252266, 25.904317384902054), (56.688723870015906, 25.976123402911295), (56.69166173429616, 26.04366784109223), (56.69970458532122, 26.112358250319428), (56.70497728850026, 26.178607816610896), (56.700475327136886, 26.254750807280427), (56.68267665611256, 26.330381126692416), (56.6524123197811, 26.40759281075543), (56.6120058503154, 26.470332840717717), (56.55669146274771, 26.511063818200974), (56.48810674787951, 26.527529612707852), (56.42454787267482, 26.521262583548584), (56.35474014695487, 26.496588394458662), (56.27798934063656, 26.462974250363594), (56.2005028233302, 26.420168776278537), (56.12594603288787, 26.370432816112334), (56.058937938154855, 26.315022602928096), (56.005132073396574, 26.254370703099408), (55.97127062213742, 26.18854666651377), (55.96521155330295, 26.117997384182836), (55.99592880966533, 26.044567153259294), (56.07348554859199, 25.972797449460426)
Day of Week: Thursday

MMSI: 626259000
Record time: 2023-10-26T21:51:47Z
Event time: 2023-10-30T20:25:55Z
Status: Underway
Travel distance: 521.0334773218143
Num waypoints: 102
Waypoints: (59.994514804609786, 20.303383897316227), (59.90515765843294, 20.37339556592766), (59.84571399745804, 20.44340723453909), (59.78774415107316, 20.513418903150523), (59.719630972355326, 20.583430571761955), (59.64112679261305, 20.65344224037339), (59.55871502553019, 20.72345390898483), (59.481786420911064, 20.793465577596265), (59.41962996802686, 20.863477246207704), (59.37923844551695, 20.933488913745183), (59.36392160082815, 21.003500582353027), (59.36954104360153, 21.07351225096087), (59.39984118456502, 21.14352391956871), (59.43767348943366, 21.21353558817655), (59.4826554139811, 21.283547256784388), (59.51941923325198, 21.35355892539224), (59.55322822815374, 21.423570594000083), (59.5868016662659, 21.49358226260793), (59.62434753407837, 21.56359393121577), (59.65495484109553, 21.63360559982361), (59.68557345483857, 21.703617268431458), (59.716073347959686, 21.7736289370393), (59.759487406515355, 21.843640605647145), (59.8070171132994, 21.91365227425499), (59.86506019071816, 21.983663942862833), (59.912262002451044, 22.05367561147068), (59.95413080846676, 22.123687280078524), (59.98121230145676, 22.193698948686357), (60.001524834539985, 22.263710617294205), (60.005574526867285, 22.33372228590205), (60.002024214933996, 22.403733954509892), (59.98308168013924, 22.473745623117733), (59.95842736430958, 22.54375729172557), (59.917493247635115, 22.61376896033342), (59.859659344645564, 22.68378062894126), (59.786299422538, 22.753792297549108), (59.710037440782216, 22.823803966156948), (59.63505500350771, 22.89381563476479), (59.56455756750772, 22.96382730337264), (59.4976745148878, 23.033838971980483), (59.430143209982816, 23.10385064058832), (59.35835115386701, 23.17386230919617), (59.288353098261055, 23.243873977804007), (59.21835504265506, 23.313885646411855), (59.14835698704909, 23.383897315019702), (59.07835893144311, 23.453908983627542), (59.008360875837134, 23.52392065223539), (58.938362820231184, 23.59393232084323), (58.868364764625184, 23.663943989451074), (58.79836670901922, 23.733955658058914), (58.728368653413256, 23.803967326666754), (58.65837059780727, 23.873978995274598), (58.5883725422013, 23.943990663882442), (58.51837448659532, 24.01400233249029), (58.44837643098934, 24.08401400109813), (58.37837837538336, 24.15402566970597), (58.3083803197774, 24.224037338313817), (58.23838226417141, 24.294049006921664), (58.168384208565456, 24.36406067552951), (58.09838615295947, 24.43407234413735), (58.02838809735349, 24.50408401274519), (57.958390041747506, 24.57409568135304), (57.88839198614154, 24.64410734996088), (57.81839393053556, 24.714119018568724), (57.74839587492958, 24.78413068717657), (57.678397819323614, 24.854142355784415), (57.60839976371764, 24.92415402439226), (57.53840170811167, 24.994165693000095), (57.468403652505685, 25.064177361607943), (57.398405596899714, 25.134189030215786), (57.32840754129375, 25.204200698823634), (57.25661548517795, 25.27421236743147), (57.189084180272964, 25.344224036039307), (57.122201127653035, 25.414235704647155), (57.051703691653046, 25.484247373255), (56.976721254378546, 25.554259041862842), (56.90045927262277, 25.624270710470686), (56.82889335102503, 25.694282379078533), (56.77038669784429, 25.764294047686374), (56.72207682697298, 25.834305716294217), (56.697273639252266, 25.904317384902054), (56.688723870015906, 25.976123402911295), (56.69166173429616, 26.04366784109223), (56.69970458532122, 26.112358250319428), (56.70497728850026, 26.178607816610896), (56.700475327136886, 26.254750807280427), (56.68267665611256, 26.330381126692416), (56.6524123197811, 26.40759281075543), (56.6120058503154, 26.470332840717717), (56.55669146274771, 26.511063818200974), (56.48810674787951, 26.527529612707852), (56.42454787267482, 26.521262583548584), (56.35474014695487, 26.496588394458662), (56.27798934063656, 26.462974250363594), (56.2005028233302, 26.420168776278537), (56.12594603288787, 26.370432816112334), (56.058937938154855, 26.315022602928096), (56.005132073396574, 26.254370703099408), (55.97127062213742, 26.18854666651377), (55.96521155330295, 26.117997384182836), (55.99592880966533, 26.044567153259294), (56.07348554859199, 25.972797449460426)
Day of Week: Thursday

MMSI: 626259000
Record time: 2023-10-26T22:22:47Z
Event time: 2023-10-30T21:31:07.888Z
Status: Underway
Travel distance: 520.5178185745141
Num waypoints: 102
Waypoints: (59.92221017691604, 20.303383897316227), (59.83823503226892, 20.37339556592766), (59.77883094483469, 20.44340723453909), (59.71776305555246, 20.513418903150523), (59.64592996401261, 20.583430571761955), (59.56541318705964, 20.65344224037339), (59.48446564098118, 20.72345390898483), (59.41343914728328, 20.793465577596265), (59.36165096205188, 20.863477246207704), (59.33518932585643, 20.933488913745183), (59.337972664882685, 21.003500582353027), (59.3598436416861, 21.07351225096087), (59.40140905055678, 21.14352391956871), (59.44393741558346, 21.21353558817655), (59.48763979564964, 21.283547256784388), (59.519918613645984, 21.35355892539224), (59.550113225167706, 21.423570594000083), (59.58433491556491, 21.49358226260793), (59.62614153458818, 21.56359393121577), (59.65495484109553, 21.63360559982361), (59.68557345483857, 21.703617268431458), (59.716073347959686, 21.7736289370393), (59.759487406515355, 21.843640605647145), (59.8070171132994, 21.91365227425499), (59.86506019071816, 21.983663942862833), (59.912262002451044, 22.05367561147068), (59.95413080846676, 22.123687280078524), (59.98121230145676, 22.193698948686357), (60.001524834539985, 22.263710617294205), (60.005574526867285, 22.33372228590205), (60.002024214933996, 22.403733954509892), (59.98308168013924, 22.473745623117733), (59.95842736430958, 22.54375729172557), (59.917493247635115, 22.61376896033342), (59.859659344645564, 22.68378062894126), (59.786299422538, 22.753792297549108), (59.710037440782216, 22.823803966156948), (59.63505500350771, 22.89381563476479), (59.56455756750772, 22.96382730337264), (59.4976745148878, 23.033838971980483), (59.430143209982816, 23.10385064058832), (59.35835115386701, 23.17386230919617), (59.288353098261055, 23.243873977804007), (59.21835504265506, 23.313885646411855), (59.14835698704909, 23.383897315019702), (59.07835893144311, 23.453908983627542), (59.008360875837134, 23.52392065223539), (58.938362820231184, 23.59393232084323), (58.868364764625184, 23.663943989451074), (58.79836670901922, 23.733955658058914), (58.728368653413256, 23.803967326666754), (58.65837059780727, 23.873978995274598), (58.5883725422013, 23.943990663882442), (58.51837448659532, 24.01400233249029), (58.44837643098934, 24.08401400109813), (58.37837837538336, 24.15402566970597), (58.3083803197774, 24.224037338313817), (58.23838226417141, 24.294049006921664), (58.168384208565456, 24.36406067552951), (58.09838615295947, 24.43407234413735), (58.02838809735349, 24.50408401274519), (57.958390041747506, 24.57409568135304), (57.88839198614154, 24.64410734996088), (57.81839393053556, 24.714119018568724), (57.74839587492958, 24.78413068717657), (57.678397819323614, 24.854142355784415), (57.60839976371764, 24.92415402439226), (57.53840170811167, 24.994165693000095), (57.468403652505685, 25.064177361607943), (57.398405596899714, 25.134189030215786), (57.32840754129375, 25.204200698823634), (57.25661548517795, 25.27421236743147), (57.189084180272964, 25.344224036039307), (57.122201127653035, 25.414235704647155), (57.051703691653046, 25.484247373255), (56.976721254378546, 25.554259041862842), (56.90045927262277, 25.624270710470686), (56.82889335102503, 25.694282379078533), (56.77038669784429, 25.764294047686374), (56.72207682697298, 25.834305716294217), (56.697273639252266, 25.904317384902054), (56.688723870015906, 25.976123402911295), (56.69166173429616, 26.04366784109223), (56.69970458532122, 26.112358250319428), (56.70497728850026, 26.178607816610896), (56.700475327136886, 26.254750807280427), (56.68267665611256, 26.330381126692416), (56.6524123197811, 26.40759281075543), (56.6120058503154, 26.470332840717717), (56.55669146274771, 26.511063818200974), (56.48810674787951, 26.527529612707852), (56.42454787267482, 26.521262583548584), (56.35474014695487, 26.496588394458662), (56.27798934063656, 26.462974250363594), (56.2005028233302, 26.420168776278537), (56.12594603288787, 26.370432816112334), (56.058937938154855, 26.315022602928096), (56.005132073396574, 26.254370703099408), (55.97127062213742, 26.18854666651377), (55.96521155330295, 26.117997384182836), (55.99592880966533, 26.044567153259294), (56.07348554859199, 25.972797449460426)
Day of Week: Thursday

MMSI: 626259000
Record time: 2023-10-26T22:36:37Z
Event time: 2023-10-30T22:03:45.777Z
Status: Underway
Travel distance: 525.3142548596112
Num waypoints: 103
Waypoints: (59.84994107975191, 20.233372228704784), (59.77152714252958, 20.30338389731622), (59.71128157200667, 20.37339556592765), (59.64727257489842, 20.443407234539084), (59.572927602831804, 20.51341890315052), (59.49157258062531, 20.583430571761955), (59.4118355337641, 20.653442240373394), (59.34391461507036, 20.723453908984833), (59.29671053056894, 20.793465577596272), (59.27582336150712, 20.863477245137343), (59.283291453965504, 20.933488913745183), (59.318577861051835, 21.003500582353027), (59.36297937366963, 21.07351225096087), (59.41393690285639, 21.14352391956871), (59.45390617892054, 21.21353558817655), (59.488638556437664, 21.283547256784388), (59.5136886076739, 21.35355892539224), (59.54517972376573, 21.423570594000083), (59.58792291658453, 21.49358226260793), (59.62614153458818, 21.56359393121577), (59.65495484109553, 21.63360559982361), (59.68557345483857, 21.703617268431458), (59.716073347959686, 21.7736289370393), (59.759487406515355, 21.843640605647145), (59.8070171132994, 21.91365227425499), (59.86506019071816, 21.983663942862833), (59.912262002451044, 22.05367561147068), (59.95413080846676, 22.123687280078524), (59.98121230145676, 22.193698948686357), (60.001524834539985, 22.263710617294205), (60.005574526867285, 22.33372228590205), (60.002024214933996, 22.403733954509892), (59.98308168013924, 22.473745623117733), (59.95842736430958, 22.54375729172557), (59.917493247635115, 22.61376896033342), (59.859659344645564, 22.68378062894126), (59.786299422538, 22.753792297549108), (59.710037440782216, 22.823803966156948), (59.63505500350771, 22.89381563476479), (59.56455756750772, 22.96382730337264), (59.4976745148878, 23.033838971980483), (59.430143209982816, 23.10385064058832), (59.35835115386701, 23.17386230919617), (59.288353098261055, 23.243873977804007), (59.21835504265506, 23.313885646411855), (59.14835698704909, 23.383897315019702), (59.07835893144311, 23.453908983627542), (59.008360875837134, 23.52392065223539), (58.938362820231184, 23.59393232084323), (58.868364764625184, 23.663943989451074), (58.79836670901922, 23.733955658058914), (58.728368653413256, 23.803967326666754), (58.65837059780727, 23.873978995274598), (58.5883725422013, 23.943990663882442), (58.51837448659532, 24.01400233249029), (58.44837643098934, 24.08401400109813), (58.37837837538336, 24.15402566970597), (58.3083803197774, 24.224037338313817), (58.23838226417141, 24.294049006921664), (58.168384208565456, 24.36406067552951), (58.09838615295947, 24.43407234413735), (58.02838809735349, 24.50408401274519), (57.958390041747506, 24.57409568135304), (57.88839198614154, 24.64410734996088), (57.81839393053556, 24.714119018568724), (57.74839587492958, 24.78413068717657), (57.678397819323614, 24.854142355784415), (57.60839976371764, 24.92415402439226), (57.53840170811167, 24.994165693000095), (57.468403652505685, 25.064177361607943), (57.398405596899714, 25.134189030215786), (57.32840754129375, 25.204200698823634), (57.25661548517795, 25.27421236743147), (57.189084180272964, 25.344224036039307), (57.122201127653035, 25.414235704647155), (57.051703691653046, 25.484247373255), (56.976721254378546, 25.554259041862842), (56.90045927262277, 25.624270710470686), (56.82889335102503, 25.694282379078533), (56.77038669784429, 25.764294047686374), (56.72207682697298, 25.834305716294217), (56.697273639252266, 25.904317384902054), (56.688723870015906, 25.976123402911295), (56.69166173429616, 26.04366784109223), (56.69970458532122, 26.112358250319428), (56.70497728850026, 26.178607816610896), (56.700475327136886, 26.254750807280427), (56.68267665611256, 26.330381126692416), (56.6524123197811, 26.40759281075543), (56.6120058503154, 26.470332840717717), (56.55669146274771, 26.511063818200974), (56.48810674787951, 26.527529612707852), (56.42454787267482, 26.521262583548584), (56.35474014695487, 26.496588394458662), (56.27798934063656, 26.462974250363594), (56.2005028233302, 26.420168776278537), (56.12594603288787, 26.370432816112334), (56.058937938154855, 26.315022602928096), (56.005132073396574, 26.254370703099408), (55.97127062213742, 26.18854666651377), (55.96521155330295, 26.117997384182836), (55.99592880966533, 26.044567153259294), (56.07348554859199, 25.972797449460426)
Day of Week: Thursday

MMSI: 626259000
Record time: 2023-10-26T22:58:29Z
Event time: 2023-10-30T22:47:55.600Z
Status: Underway
Travel distance: 524.5647948164146
Num waypoints: 103
Waypoints: (59.77584245154829, 20.233372228704784), (59.70886526757658, 20.30338389731622), (59.64504677166838, 20.37339556592765), (59.573677095997446, 20.443407234539084), (59.49474159321431, 20.51341890315052), (59.41457943059055, 20.583430571761955), (59.34228220937335, 20.653442240373394), (59.28683260935035, 20.723453908984833), (59.25498305862486, 20.793465577596272), (59.24987442556167, 20.863477245137343), (59.273594052050086, 20.933488913745183), (59.32014572704361, 21.003500582353027), (59.36924329981943, 21.07351225096087), (59.41892128452491, 21.14352391956871), (59.454405559314544, 21.21353558817655), (59.485523553451614, 21.283547256784388), (59.51122185697291, 21.35355892539224), (59.54697372427553, 21.423570594000083), (59.58792291658453, 21.49358226260793), (59.62614153458818, 21.56359393121577), (59.65495484109553, 21.63360559982361), (59.68557345483857, 21.703617268431458), (59.716073347959686, 21.7736289370393), (59.759487406515355, 21.843640605647145), (59.8070171132994, 21.91365227425499), (59.86506019071816, 21.983663942862833), (59.912262002451044, 22.05367561147068), (59.95413080846676, 22.123687280078524), (59.98121230145676, 22.193698948686357), (60.001524834539985, 22.263710617294205), (60.005574526867285, 22.33372228590205), (60.002024214933996, 22.403733954509892), (59.98308168013924, 22.473745623117733), (59.95842736430958, 22.54375729172557), (59.917493247635115, 22.61376896033342), (59.859659344645564, 22.68378062894126), (59.786299422538, 22.753792297549108), (59.710037440782216, 22.823803966156948), (59.63505500350771, 22.89381563476479), (59.56455756750772, 22.96382730337264), (59.4976745148878, 23.033838971980483), (59.430143209982816, 23.10385064058832), (59.35835115386701, 23.17386230919617), (59.288353098261055, 23.243873977804007), (59.21835504265506, 23.313885646411855), (59.14835698704909, 23.383897315019702), (59.07835893144311, 23.453908983627542), (59.008360875837134, 23.52392065223539), (58.938362820231184, 23.59393232084323), (58.868364764625184, 23.663943989451074), (58.79836670901922, 23.733955658058914), (58.728368653413256, 23.803967326666754), (58.65837059780727, 23.873978995274598), (58.5883725422013, 23.943990663882442), (58.51837448659532, 24.01400233249029), (58.44837643098934, 24.08401400109813), (58.37837837538336, 24.15402566970597), (58.3083803197774, 24.224037338313817), (58.23838226417141, 24.294049006921664), (58.168384208565456, 24.36406067552951), (58.09838615295947, 24.43407234413735), (58.02838809735349, 24.50408401274519), (57.958390041747506, 24.57409568135304), (57.88839198614154, 24.64410734996088), (57.81839393053556, 24.714119018568724), (57.74839587492958, 24.78413068717657), (57.678397819323614, 24.854142355784415), (57.60839976371764, 24.92415402439226), (57.53840170811167, 24.994165693000095), (57.468403652505685, 25.064177361607943), (57.398405596899714, 25.134189030215786), (57.32840754129375, 25.204200698823634), (57.25661548517795, 25.27421236743147), (57.189084180272964, 25.344224036039307), (57.122201127653035, 25.414235704647155), (57.051703691653046, 25.484247373255), (56.976721254378546, 25.554259041862842), (56.90045927262277, 25.624270710470686), (56.82889335102503, 25.694282379078533), (56.77038669784429, 25.764294047686374), (56.72207682697298, 25.834305716294217), (56.697273639252266, 25.904317384902054), (56.688723870015906, 25.976123402911295), (56.69166173429616, 26.04366784109223), (56.69970458532122, 26.112358250319428), (56.70497728850026, 26.178607816610896), (56.700475327136886, 26.254750807280427), (56.68267665611256, 26.330381126692416), (56.6524123197811, 26.40759281075543), (56.6120058503154, 26.470332840717717), (56.55669146274771, 26.511063818200974), (56.48810674787951, 26.527529612707852), (56.42454787267482, 26.521262583548584), (56.35474014695487, 26.496588394458662), (56.27798934063656, 26.462974250363594), (56.2005028233302, 26.420168776278537), (56.12594603288787, 26.370432816112334), (56.058937938154855, 26.315022602928096), (56.005132073396574, 26.254370703099408), (55.97127062213742, 26.18854666651377), (55.96521155330295, 26.117997384182836), (55.99592880966533, 26.044567153259294), (56.07348554859199, 25.972797449460426)
Day of Week: Thursday

MMSI: 626259000
Record time: 2023-10-26T23:20:19Z
Event time: 2023-10-30T23:42:12Z
Status: Underway
Travel distance: 529.3531317494601
Num waypoints: 104
Waypoints: (59.70688526571506, 20.16336056009334), (59.63759102524063, 20.23337222870478), (59.574047796713984, 20.303383897316216), (59.50336077318514, 20.373395565927648), (59.424959478938106, 20.443407234539084), (59.3455427207852, 20.513418903150523), (59.274904521754586, 20.583430571761962), (59.222641037171144, 20.6534422403734), (59.19573845313054, 20.72345390898484), (59.19704186432951, 20.793465576529496), (59.23047962173082, 20.863477245137343), (59.276729784033634, 20.933488913745183), (59.33267357934321, 21.003500582353027), (59.3792120631565, 21.07351225096087), (59.41992004531295, 21.14352391956871), (59.44817555334246, 21.21353558817655), (59.480590052049635, 21.283547256784388), (59.51480985799253, 21.35355892539224), (59.54697372427553, 21.423570594000083), (59.58792291658453, 21.49358226260793), (59.62614153458818, 21.56359393121577), (59.65495484109553, 21.63360559982361), (59.68557345483857, 21.703617268431458), (59.716073347959686, 21.7736289370393), (59.759487406515355, 21.843640605647145), (59.8070171132994, 21.91365227425499), (59.86506019071816, 21.983663942862833), (59.912262002451044, 22.05367561147068), (59.95413080846676, 22.123687280078524), (59.98121230145676, 22.193698948686357), (60.001524834539985, 22.263710617294205), (60.005574526867285, 22.33372228590205), (60.002024214933996, 22.403733954509892), (59.98308168013924, 22.473745623117733), (59.95842736430958, 22.54375729172557), (59.917493247635115, 22.61376896033342), (59.859659344645564, 22.68378062894126), (59.786299422538, 22.753792297549108), (59.710037440782216, 22.823803966156948), (59.63505500350771, 22.89381563476479), (59.56455756750772, 22.96382730337264), (59.4976745148878, 23.033838971980483), (59.430143209982816, 23.10385064058832), (59.35835115386701, 23.17386230919617), (59.288353098261055, 23.243873977804007), (59.21835504265506, 23.313885646411855), (59.14835698704909, 23.383897315019702), (59.07835893144311, 23.453908983627542), (59.008360875837134, 23.52392065223539), (58.938362820231184, 23.59393232084323), (58.868364764625184, 23.663943989451074), (58.79836670901922, 23.733955658058914), (58.728368653413256, 23.803967326666754), (58.65837059780727, 23.873978995274598), (58.5883725422013, 23.943990663882442), (58.51837448659532, 24.01400233249029), (58.44837643098934, 24.08401400109813), (58.37837837538336, 24.15402566970597), (58.3083803197774, 24.224037338313817), (58.23838226417141, 24.294049006921664), (58.168384208565456, 24.36406067552951), (58.09838615295947, 24.43407234413735), (58.02838809735349, 24.50408401274519), (57.958390041747506, 24.57409568135304), (57.88839198614154, 24.64410734996088), (57.81839393053556, 24.714119018568724), (57.74839587492958, 24.78413068717657), (57.678397819323614, 24.854142355784415), (57.60839976371764, 24.92415402439226), (57.53840170811167, 24.994165693000095), (57.468403652505685, 25.064177361607943), (57.398405596899714, 25.134189030215786), (57.32840754129375, 25.204200698823634), (57.25661548517795, 25.27421236743147), (57.189084180272964, 25.344224036039307), (57.122201127653035, 25.414235704647155), (57.051703691653046, 25.484247373255), (56.976721254378546, 25.554259041862842), (56.90045927262277, 25.624270710470686), (56.82889335102503, 25.694282379078533), (56.77038669784429, 25.764294047686374), (56.72207682697298, 25.834305716294217), (56.697273639252266, 25.904317384902054), (56.688723870015906, 25.976123402911295), (56.69166173429616, 26.04366784109223), (56.69970458532122, 26.112358250319428), (56.70497728850026, 26.178607816610896), (56.700475327136886, 26.254750807280427), (56.68267665611256, 26.330381126692416), (56.6524123197811, 26.40759281075543), (56.6120058503154, 26.470332840717717), (56.55669146274771, 26.511063818200974), (56.48810674787951, 26.527529612707852), (56.42454787267482, 26.521262583548584), (56.35474014695487, 26.496588394458662), (56.27798934063656, 26.462974250363594), (56.2005028233302, 26.420168776278537), (56.12594603288787, 26.370432816112334), (56.058937938154855, 26.315022602928096), (56.005132073396574, 26.254370703099408), (55.97127062213742, 26.18854666651377), (55.96521155330295, 26.117997384182836), (55.99592880966533, 26.044567153259294), (56.07348554859199, 25.972797449460426)
Day of Week: Thursday

Number of Journeys: 0
