MMSI: 636021949
Record time: 2023-08-17T02:36:32Z
Event time: 2023-08-18T04:45:48Z
Status: Underway
Travel distance: 342.68628509719224
Num waypoints: 83
Waypoints: (50.32860198327819, 26.67785034417183), (50.39860003888778, 26.738393518398265), (50.468598094497345, 26.801937670032782), (50.53859615010691, 26.836397922967446), (50.60859420571648, 26.831961386076063), (50.67859226132605, 26.793186172903187), (50.748590316935626, 26.7323728638751), (50.8185883725452, 26.6642084110328), (50.888586428154774, 26.601682485287004), (50.958584481149984, 26.553276264832846), (51.028582536755984, 26.524523323532204), (51.09858059236195, 26.50467993015212), (51.16857864796792, 26.48660261386142), (51.2385767035739, 26.460315018166877), (51.308574759179876, 26.410491665145482), (51.37857281478584, 26.346379485640952), (51.448570870391826, 26.261779304042808), (51.5185689259978, 26.17017135871108), (51.58856698160376, 26.091787316110615), (51.658565037209755, 26.03757233062573), (51.728563092815726, 26.003146078717737), (51.79856114842171, 25.987313583999587), (51.86855920402767, 25.990253904447243), (51.93855725963364, 26.005439905631075), (52.00855531523963, 26.024885601822408), (52.0785533708456, 26.05009696484027), (52.14855142645157, 26.067209252881476), (52.21854948205756, 26.07545345905972), (52.288547537663526, 26.082118185407744), (52.358545593269504, 26.097066699170803), (52.428543648875475, 26.109417929871764), (52.49854170448145, 26.128995563519084), (52.568539760087425, 26.145791201665926), (52.6385378156934, 26.163894905447815), (52.708535871299375, 26.17781430705419), (52.778533926905354, 26.186827520118744), (52.848531982511325, 26.1820513842121), (52.91853003811731, 26.15781258872692), (52.98852809372327, 26.138189719380406), (53.058526149329246, 26.12642089830658), (53.12852420493523, 26.121567484747143), (53.198522260541196, 26.117714911032394), (53.268520316147175, 26.101235922779914), (53.33851837175316, 26.078199642965), (53.40851642735913, 26.047456330899777), (53.47851448296509, 26.012449554185455), (53.54851253857108, 25.98066582103876), (53.618510594177046, 25.96649573826601), (53.688508649783024, 25.96307855815601), (53.758506705388996, 25.968844224982536), (53.828504760994974, 25.976945184779996), (53.89850281660096, 25.97991189271885), (53.96850087220693, 25.97500193453542), (54.038498927812924, 25.972534704108508), (54.10849698341888, 25.972534704108508), (54.17849503902486, 25.976796283936814), (54.24849309463083, 25.977444662291937), (54.31849115023681, 25.973829575997957), (54.38848920584279, 25.96934370249448), (54.45848726144877, 25.968063909171427), (54.528485317054745, 25.970966533203086), (54.59848337266071, 25.986495571772476), (54.668481428266695, 26.003398644704912), (54.73847948387265, 26.017887262192822), (54.80847753947863, 26.02965608326665), (54.8784755950846, 26.04143809808608), (54.94847365069058, 26.048364814525275), (55.018471706296545, 26.05344252175988), (55.08846976190252, 26.066383701371176), (55.15846781750851, 26.09144050908346), (55.22846587311449, 26.11901920702584), (55.29846392872046, 26.129958706947768), (55.36846198432644, 26.106328708580925), (55.43846003993242, 26.066851136929515), (55.5084580983862, 26.047141190198378), (55.57845615399576, 26.034574541614095), (55.648454209605326, 26.032127153209657), (55.718452265214886, 26.03980262327932), (55.78845032082445, 26.053909358939187), (55.85844837643401, 26.06651322416689), (55.92844643204357, 26.06506566465783), (55.998444487653124, 26.032207309497796), (56.06844254326265, 25.945747049652102)
Day of Week: Thursday

MMSI: 636021949
Record time: 2023-08-17T03:27:00Z
Event time: 2023-08-18T05:26:06.142Z
Status: Underway
Travel distance: 337.0199784017279
Num waypoints: 82
Waypoints: (50.39860003888777, 26.742429445195995), (50.46859809449735, 26.807662396267208), (50.53859615010692, 26.835303281874246), (50.608594205716486, 26.825827933595416), (50.678592261326045, 26.78705638725573), (50.74859031693561, 26.730356099907663), (50.81858837254518, 26.667575723353885), (50.888586428154746, 26.60870943421207), (50.95858448376431, 26.56029182052172), (51.028582536755984, 26.524523323532204), (51.09858059236195, 26.50467993015212), (51.16857864796792, 26.48660261386142), (51.2385767035739, 26.460315018166877), (51.308574759179876, 26.410491665145482), (51.37857281478584, 26.346379485640952), (51.448570870391826, 26.261779304042808), (51.5185689259978, 26.17017135871108), (51.58856698160376, 26.091787316110615), (51.658565037209755, 26.03757233062573), (51.728563092815726, 26.003146078717737), (51.79856114842171, 25.987313583999587), (51.86855920402767, 25.990253904447243), (51.93855725963364, 26.005439905631075), (52.00855531523963, 26.024885601822408), (52.0785533708456, 26.05009696484027), (52.14855142645157, 26.067209252881476), (52.21854948205756, 26.07545345905972), (52.288547537663526, 26.082118185407744), (52.358545593269504, 26.097066699170803), (52.428543648875475, 26.109417929871764), (52.49854170448145, 26.128995563519084), (52.568539760087425, 26.145791201665926), (52.6385378156934, 26.163894905447815), (52.708535871299375, 26.17781430705419), (52.778533926905354, 26.186827520118744), (52.848531982511325, 26.1820513842121), (52.91853003811731, 26.15781258872692), (52.98852809372327, 26.138189719380406), (53.058526149329246, 26.12642089830658), (53.12852420493523, 26.121567484747143), (53.198522260541196, 26.117714911032394), (53.268520316147175, 26.101235922779914), (53.33851837175316, 26.078199642965), (53.40851642735913, 26.047456330899777), (53.47851448296509, 26.012449554185455), (53.54851253857108, 25.98066582103876), (53.618510594177046, 25.96649573826601), (53.688508649783024, 25.96307855815601), (53.758506705388996, 25.968844224982536), (53.828504760994974, 25.976945184779996), (53.89850281660096, 25.97991189271885), (53.96850087220693, 25.97500193453542), (54.038498927812924, 25.972534704108508), (54.10849698341888, 25.972534704108508), (54.17849503902486, 25.976796283936814), (54.24849309463083, 25.977444662291937), (54.31849115023681, 25.973829575997957), (54.38848920584279, 25.96934370249448), (54.45848726144877, 25.968063909171427), (54.528485317054745, 25.970966533203086), (54.59848337266071, 25.986495571772476), (54.668481428266695, 26.003398644704912), (54.73847948387265, 26.017887262192822), (54.80847753947863, 26.02965608326665), (54.8784755950846, 26.04143809808608), (54.94847365069058, 26.048364814525275), (55.018471706296545, 26.05344252175988), (55.08846976190252, 26.066383701371176), (55.15846781750851, 26.09144050908346), (55.22846587311449, 26.11901920702584), (55.29846392872046, 26.129958706947768), (55.36846198432644, 26.106328708580925), (55.43846003993242, 26.066851136929515), (55.5084580983862, 26.047141190198378), (55.57845615399576, 26.034574541614095), (55.648454209605326, 26.032127153209657), (55.718452265214886, 26.03980262327932), (55.78845032082445, 26.053909358939187), (55.85844837643401, 26.06651322416689), (55.92844643204357, 26.06506566465783), (55.998444487653124, 26.032207309497796), (56.06844254326265, 25.945747049652102)
Day of Week: Thursday

MMSI: 636021949
Record time: 2023-08-17T04:31:40Z
Event time: 2023-08-18T06:02:15.300Z
Status: Underway
Travel distance: 324.6733261339093
Num waypoints: 79
Waypoints: (50.608594205716535, 26.81431818970728), (50.67859226132611, 26.816651038122878), (50.748590316935676, 26.747180952777764), (50.81858837254524, 26.662730654409916), (50.88858642815481, 26.592474427443907), (50.958584483764376, 26.54598328909311), (51.02858253937395, 26.52016075293907), (51.098580594983524, 26.50506918698812), (51.16857865059309, 26.48864676620511), (51.2385767035739, 26.460315018166877), (51.308574759179876, 26.410491665145482), (51.37857281478584, 26.346379485640952), (51.448570870391826, 26.261779304042808), (51.5185689259978, 26.17017135871108), (51.58856698160376, 26.091787316110615), (51.658565037209755, 26.03757233062573), (51.728563092815726, 26.003146078717737), (51.79856114842171, 25.987313583999587), (51.86855920402767, 25.990253904447243), (51.93855725963364, 26.005439905631075), (52.00855531523963, 26.024885601822408), (52.0785533708456, 26.05009696484027), (52.14855142645157, 26.067209252881476), (52.21854948205756, 26.07545345905972), (52.288547537663526, 26.082118185407744), (52.358545593269504, 26.097066699170803), (52.428543648875475, 26.109417929871764), (52.49854170448145, 26.128995563519084), (52.568539760087425, 26.145791201665926), (52.6385378156934, 26.163894905447815), (52.708535871299375, 26.17781430705419), (52.778533926905354, 26.186827520118744), (52.848531982511325, 26.1820513842121), (52.91853003811731, 26.15781258872692), (52.98852809372327, 26.138189719380406), (53.058526149329246, 26.12642089830658), (53.12852420493523, 26.121567484747143), (53.198522260541196, 26.117714911032394), (53.268520316147175, 26.101235922779914), (53.33851837175316, 26.078199642965), (53.40851642735913, 26.047456330899777), (53.47851448296509, 26.012449554185455), (53.54851253857108, 25.98066582103876), (53.618510594177046, 25.96649573826601), (53.688508649783024, 25.96307855815601), (53.758506705388996, 25.968844224982536), (53.828504760994974, 25.976945184779996), (53.89850281660096, 25.97991189271885), (53.96850087220693, 25.97500193453542), (54.038498927812924, 25.972534704108508), (54.10849698341888, 25.972534704108508), (54.17849503902486, 25.976796283936814), (54.24849309463083, 25.977444662291937), (54.31849115023681, 25.973829575997957), (54.38848920584279, 25.96934370249448), (54.45848726144877, 25.968063909171427), (54.528485317054745, 25.970966533203086), (54.59848337266071, 25.986495571772476), (54.668481428266695, 26.003398644704912), (54.73847948387265, 26.017887262192822), (54.80847753947863, 26.02965608326665), (54.8784755950846, 26.04143809808608), (54.94847365069058, 26.048364814525275), (55.018471706296545, 26.05344252175988), (55.08846976190252, 26.066383701371176), (55.15846781750851, 26.09144050908346), (55.22846587311449, 26.11901920702584), (55.29846392872046, 26.129958706947768), (55.36846198432644, 26.106328708580925), (55.43846003993242, 26.066851136929515), (55.5084580983862, 26.047141190198378), (55.57845615399576, 26.034574541614095), (55.648454209605326, 26.032127153209657), (55.718452265214886, 26.03980262327932), (55.78845032082445, 26.053909358939187), (55.85844837643401, 26.06651322416689), (55.92844643204357, 26.06506566465783), (55.998444487653124, 26.032207309497796), (56.06844254326265, 25.945747049652102)
Day of Week: Thursday

MMSI: 636021949
Record time: 2023-08-17T05:32:39Z
Event time: 2023-08-18T06:59:19.200Z
Status: Underway
Travel distance: 316.23812095032395
Num waypoints: 76
Waypoints: (50.818588372545214, 26.95250057105073), (50.888586428154795, 26.889787282694275), (50.958584483764355, 26.812243196200303), (51.028582539373915, 26.73889523484889), (51.098580594983474, 26.6766528089977), (51.16857865059304, 26.624585228405227), (51.23857670620261, 26.577520390583988), (51.30857476181218, 26.528964745183725), (51.378572817421755, 26.473344534404504), (51.448570870391826, 26.407568308085025), (51.5185689259978, 26.332162282348207), (51.58856698160376, 26.248193515717993), (51.658565037209755, 26.165227473753255), (51.728563092815726, 26.103254565856474), (51.79856114842171, 26.05911960200882), (51.86855920402767, 26.025907174695888), (51.93855725963364, 26.013571022561326), (52.00855531523963, 26.017052286578522), (52.0785533708456, 26.03884646948638), (52.14855142645157, 26.061724424354114), (52.21854948205756, 26.078069590329815), (52.288547537663526, 26.087701024616692), (52.358545593269504, 26.097739580196322), (52.428543648875475, 26.10762358047037), (52.49854170448145, 26.128995563519084), (52.568539760087425, 26.145791201665926), (52.6385378156934, 26.163894905447815), (52.708535871299375, 26.17781430705419), (52.778533926905354, 26.186827520118744), (52.848531982511325, 26.1820513842121), (52.91853003811731, 26.15781258872692), (52.98852809372327, 26.138189719380406), (53.058526149329246, 26.12642089830658), (53.12852420493523, 26.121567484747143), (53.198522260541196, 26.117714911032394), (53.268520316147175, 26.101235922779914), (53.33851837175316, 26.078199642965), (53.40851642735913, 26.047456330899777), (53.47851448296509, 26.012449554185455), (53.54851253857108, 25.98066582103876), (53.618510594177046, 25.96649573826601), (53.688508649783024, 25.96307855815601), (53.758506705388996, 25.968844224982536), (53.828504760994974, 25.976945184779996), (53.89850281660096, 25.97991189271885), (53.96850087220693, 25.97500193453542), (54.038498927812924, 25.972534704108508), (54.10849698341888, 25.972534704108508), (54.17849503902486, 25.976796283936814), (54.24849309463083, 25.977444662291937), (54.31849115023681, 25.973829575997957), (54.38848920584279, 25.96934370249448), (54.45848726144877, 25.968063909171427), (54.528485317054745, 25.970966533203086), (54.59848337266071, 25.986495571772476), (54.668481428266695, 26.003398644704912), (54.73847948387265, 26.017887262192822), (54.80847753947863, 26.02965608326665), (54.8784755950846, 26.04143809808608), (54.94847365069058, 26.048364814525275), (55.018471706296545, 26.05344252175988), (55.08846976190252, 26.066383701371176), (55.15846781750851, 26.09144050908346), (55.22846587311449, 26.11901920702584), (55.29846392872046, 26.129958706947768), (55.36846198432644, 26.106328708580925), (55.43846003993242, 26.066851136929515), (55.5084580983862, 26.047141190198378), (55.57845615399576, 26.034574541614095), (55.648454209605326, 26.032127153209657), (55.718452265214886, 26.03980262327932), (55.78845032082445, 26.053909358939187), (55.85844837643401, 26.06651322416689), (55.92844643204357, 26.06506566465783), (55.998444487653124, 26.032207309497796), (56.06844254326265, 25.945747049652102)
Day of Week: Thursday

MMSI: 636021949
Record time: 2023-08-17T05:45:21Z
Event time: 2023-08-18T07:46:43Z
Status: Underway
Travel distance: 316.23812095032395
Num waypoints: 76
Waypoints: (50.818588372545214, 26.95250057105073), (50.888586428154795, 26.889787282694275), (50.958584483764355, 26.812243196200303), (51.028582539373915, 26.73889523484889), (51.098580594983474, 26.6766528089977), (51.16857865059304, 26.624585228405227), (51.23857670620261, 26.577520390583988), (51.30857476181218, 26.528964745183725), (51.378572817421755, 26.473344534404504), (51.448570870391826, 26.407568308085025), (51.5185689259978, 26.332162282348207), (51.58856698160376, 26.248193515717993), (51.658565037209755, 26.165227473753255), (51.728563092815726, 26.103254565856474), (51.79856114842171, 26.05911960200882), (51.86855920402767, 26.025907174695888), (51.93855725963364, 26.013571022561326), (52.00855531523963, 26.017052286578522), (52.0785533708456, 26.03884646948638), (52.14855142645157, 26.061724424354114), (52.21854948205756, 26.078069590329815), (52.288547537663526, 26.087701024616692), (52.358545593269504, 26.097739580196322), (52.428543648875475, 26.10762358047037), (52.49854170448145, 26.128995563519084), (52.568539760087425, 26.145791201665926), (52.6385378156934, 26.163894905447815), (52.708535871299375, 26.17781430705419), (52.778533926905354, 26.186827520118744), (52.848531982511325, 26.1820513842121), (52.91853003811731, 26.15781258872692), (52.98852809372327, 26.138189719380406), (53.058526149329246, 26.12642089830658), (53.12852420493523, 26.121567484747143), (53.198522260541196, 26.117714911032394), (53.268520316147175, 26.101235922779914), (53.33851837175316, 26.078199642965), (53.40851642735913, 26.047456330899777), (53.47851448296509, 26.012449554185455), (53.54851253857108, 25.98066582103876), (53.618510594177046, 25.96649573826601), (53.688508649783024, 25.96307855815601), (53.758506705388996, 25.968844224982536), (53.828504760994974, 25.976945184779996), (53.89850281660096, 25.97991189271885), (53.96850087220693, 25.97500193453542), (54.038498927812924, 25.972534704108508), (54.10849698341888, 25.972534704108508), (54.17849503902486, 25.976796283936814), (54.24849309463083, 25.977444662291937), (54.31849115023681, 25.973829575997957), (54.38848920584279, 25.96934370249448), (54.45848726144877, 25.968063909171427), (54.528485317054745, 25.970966533203086), (54.59848337266071, 25.986495571772476), (54.668481428266695, 26.003398644704912), (54.73847948387265, 26.017887262192822), (54.80847753947863, 26.02965608326665), (54.8784755950846, 26.04143809808608), (54.94847365069058, 26.048364814525275), (55.018471706296545, 26.05344252175988), (55.08846976190252, 26.066383701371176), (55.15846781750851, 26.09144050908346), (55.22846587311449, 26.11901920702584), (55.29846392872046, 26.129958706947768), (55.36846198432644, 26.106328708580925), (55.43846003993242, 26.066851136929515), (55.5084580983862, 26.047141190198378), (55.57845615399576, 26.034574541614095), (55.648454209605326, 26.032127153209657), (55.718452265214886, 26.03980262327932), (55.78845032082445, 26.053909358939187), (55.85844837643401, 26.06651322416689), (55.92844643204357, 26.06506566465783), (55.998444487653124, 26.032207309497796), (56.06844254326265, 25.945747049652102)
Day of Week: Thursday

MMSI: 636021949
Record time: 2023-08-18T10:00:05Z
Event time: 2023-08-19T07:58:43.250Z
Status: Underway
Travel distance: 301.15334773218143
Num waypoints: 72
Waypoints: (51.098580594983474, 26.951190346439066), (51.16857865059305, 26.891048764697736), (51.23857670620261, 26.816203353201868), (51.308574761812174, 26.740452456659007), (51.37857281742174, 26.66911178376684), (51.448570873031315, 26.602184298834448), (51.51856892864089, 26.5369935049218), (51.58856698425046, 26.470280118497545), (51.65856503986003, 26.399762135615063), (51.728563092815726, 26.325158288256223), (51.79856114842171, 26.249529853665038), (51.86855920402767, 26.174334927857796), (51.93855725963364, 26.109536673582145), (52.00855531523963, 26.062404844662836), (52.0785533708456, 26.045409415511216), (52.14855142645157, 26.047625964771758), (52.21854948205756, 26.061833743960506), (52.288547537663526, 26.08171671857739), (52.358545593269504, 26.103471320248456), (52.428543648875475, 26.115673650106235), (52.49854170448145, 26.127874095143216), (52.568539760087425, 26.143996852264532), (52.6385378156934, 26.163894905447815), (52.708535871299375, 26.17781430705419), (52.778533926905354, 26.186827520118744), (52.848531982511325, 26.1820513842121), (52.91853003811731, 26.15781258872692), (52.98852809372327, 26.138189719380406), (53.058526149329246, 26.12642089830658), (53.12852420493523, 26.121567484747143), (53.198522260541196, 26.117714911032394), (53.268520316147175, 26.101235922779914), (53.33851837175316, 26.078199642965), (53.40851642735913, 26.047456330899777), (53.47851448296509, 26.012449554185455), (53.54851253857108, 25.98066582103876), (53.618510594177046, 25.96649573826601), (53.688508649783024, 25.96307855815601), (53.758506705388996, 25.968844224982536), (53.828504760994974, 25.976945184779996), (53.89850281660096, 25.97991189271885), (53.96850087220693, 25.97500193453542), (54.038498927812924, 25.972534704108508), (54.10849698341888, 25.972534704108508), (54.17849503902486, 25.976796283936814), (54.24849309463083, 25.977444662291937), (54.31849115023681, 25.973829575997957), (54.38848920584279, 25.96934370249448), (54.45848726144877, 25.968063909171427), (54.528485317054745, 25.970966533203086), (54.59848337266071, 25.986495571772476), (54.668481428266695, 26.003398644704912), (54.73847948387265, 26.017887262192822), (54.80847753947863, 26.02965608326665), (54.8784755950846, 26.04143809808608), (54.94847365069058, 26.048364814525275), (55.018471706296545, 26.05344252175988), (55.08846976190252, 26.066383701371176), (55.15846781750851, 26.09144050908346), (55.22846587311449, 26.11901920702584), (55.29846392872046, 26.129958706947768), (55.36846198432644, 26.106328708580925), (55.43846003993242, 26.066851136929515), (55.5084580983862, 26.047141190198378), (55.57845615399576, 26.034574541614095), (55.648454209605326, 26.032127153209657), (55.718452265214886, 26.03980262327932), (55.78845032082445, 26.053909358939187), (55.85844837643401, 26.06651322416689), (55.92844643204357, 26.06506566465783), (55.998444487653124, 26.032207309497796), (56.06844254326265, 25.945747049652102)
Day of Week: Friday

MMSI: 636021949
Record time: 2023-08-18T11:53:52Z
Event time: 2023-08-19T08:35:16Z
Status: Underway
Travel distance: 266.6447084233261
Num waypoints: 66
Waypoints: (51.51856892864086, 27.019871400104726), (51.58856698425043, 27.04380848718529), (51.658565039859994, 27.071544858956365), (51.72856309546957, 27.092921159959268), (51.79856115107914, 27.103881084485327), (51.868559206688715, 27.104374890400162), (51.93855726229829, 27.09660538490732), (52.00855531790786, 27.083616382251257), (52.07855337351743, 27.068223633359644), (52.14855142645157, 27.052288226037117), (52.21854948205756, 27.041229982404808), (52.288547537663526, 27.01932836471136), (52.358545593269504, 26.993255638587993), (52.428543648875475, 26.971205120051362), (52.49854170448145, 26.942324010936332), (52.568539760087425, 26.91221211383904), (52.6385378156934, 26.87208804865331), (52.708535871299375, 26.823346582770984), (52.778533926905354, 26.785399485609002), (52.848531982511325, 26.748072494490152), (52.91853003811731, 26.7073528259317), (52.98852809372327, 26.660792097714722), (53.058526149329246, 26.618185723535685), (53.12852420493523, 26.56608362216736), (53.198522260541196, 26.528515373986135), (53.268520316147175, 26.49265288862872), (53.33851837175316, 26.475009081121975), (53.40851642735913, 26.465309793286302), (53.47851448296509, 26.4567734398841), (53.54851253857108, 26.457310613812037), (53.618510594177046, 26.444461790419936), (53.688508649783024, 26.420722472446695), (53.758506705388996, 26.381891394329617), (53.828504760994974, 26.34160900419671), (53.89850281660096, 26.310971242096276), (53.96850087220693, 26.298963048780884), (54.038498927812924, 26.305003899444177), (54.10849698341888, 26.317513455092325), (54.17849503902486, 26.32292100596689), (54.24849309463083, 26.31467491496785), (54.31849115023681, 26.291808269024916), (54.38848920584279, 26.25148441283441), (54.45848726144877, 26.22101628460596), (54.528485317054745, 26.19553727703453), (54.59848337266071, 26.185986890042038), (54.668481428266695, 26.185856837406856), (54.73847948387265, 26.170248636363873), (54.80847753947863, 26.14634156933946), (54.8784755950846, 26.115464434997456), (54.94847365069058, 26.07842582146097), (55.018471706296545, 26.05479393827332), (55.08846976190252, 26.058050908615346), (55.15846781750851, 26.083305622511606), (55.22846587311449, 26.11600160892539), (55.29846392872046, 26.130780488816473), (55.36846198432644, 26.111911547789873), (55.43846003993242, 26.067524017955037), (55.5084580983862, 26.046722508671362), (55.57845615399576, 26.033553665553093), (55.648454209605326, 26.03125852497666), (55.718452265214886, 26.039657172229347), (55.78845032082445, 26.054522039930692), (55.85844837643401, 26.067293300091745), (55.92844643204357, 26.0651363511494), (55.998444487653124, 26.03134139997603), (56.06844254326265, 25.946065138864192)
Day of Week: Friday

MMSI: 636021949
Record time: 2023-08-18T12:25:16Z
Event time: 2023-08-19T09:06:06.666Z
Status: Underway
Travel distance: 261.35421166306696
Num waypoints: 64
Waypoints: (51.658565039859994, 27.013964029023203), (51.72856309546957, 26.973803615351883), (51.79856115107913, 26.97228425559353), (51.86855920668869, 26.989279319205014), (51.93855726229825, 27.011179885969202), (52.00855531790781, 27.029550303318363), (52.07855337351738, 27.03991700048819), (52.148551429126954, 27.040690559502355), (52.21854948473652, 27.032221042987594), (52.288547537663526, 27.01598657743335), (52.358545593269504, 26.997053552499555), (52.428543648875475, 26.97798482046817), (52.49854170448145, 26.942823488448276), (52.568539760087425, 26.909096505057004), (52.6385378156934, 26.8696208182264), (52.708535871299375, 26.825140932172378), (52.778533926905354, 26.787193835010395), (52.848531982511325, 26.74739961346463), (52.91853003811731, 26.703564336124142), (52.98852809372327, 26.655708736017722), (53.058526149329246, 26.62055494328101), (53.12852420493523, 26.577833595033187), (53.198522260541196, 26.53953969084405), (53.268520316147175, 26.493254146463844), (53.33851837175316, 26.444039590560777), (53.40851642735913, 26.38330500992945), (53.47851448296509, 26.32572561931696), (53.54851253857108, 26.275743941348384), (53.618510594177046, 26.231109499988786), (53.688508649783024, 26.20308221469605), (53.758506705388996, 26.182986255328792), (53.828504760994974, 26.1786323192813), (53.89850281660096, 26.18318227669197), (53.96850087220693, 26.18316719812557), (54.038498927812924, 26.18453746284701), (54.10849698341888, 26.18568531871408), (54.17849503902486, 26.186831289760345), (54.24849309463083, 26.184364059333433), (54.31849115023681, 26.18369117830791), (54.38848920584279, 26.178781220124485), (54.45848726144877, 26.181747928063334), (54.528485317054745, 26.1880545384594), (54.59848337266071, 26.19808178511423), (54.668481428266695, 26.195312983359354), (54.73847948387265, 26.175733464891234), (54.80847753947863, 26.143725438069364), (54.8784755950846, 26.109881595788508), (54.94847365069058, 26.07775294043545), (55.018471706296545, 26.05658828767471), (55.08846976190252, 26.058050908615346), (55.15846781750851, 26.083305622511606), (55.22846587311449, 26.11600160892539), (55.29846392872046, 26.130780488816473), (55.36846198432644, 26.111911547789873), (55.43846003993242, 26.067524017955037), (55.5084580983862, 26.046722508671362), (55.57845615399576, 26.033553665553093), (55.648454209605326, 26.03125852497666), (55.718452265214886, 26.039657172229347), (55.78845032082445, 26.054522039930692), (55.85844837643401, 26.067293300091745), (55.92844643204357, 26.0651363511494), (55.998444487653124, 26.03134139997603), (56.06844254326265, 25.946065138864192)
Day of Week: Friday

MMSI: 636021949
Record time: 2023-08-18T13:46:07Z
Event time: 2023-08-19T09:42:06.444Z
Status: Underway
Travel distance: 249.40550755939526
Num waypoints: 60
Waypoints: (51.93855726229831, 27.097564981446013), (52.00855531790788, 27.091911421475732), (52.07855337351744, 27.074437293532693), (52.148551429127, 27.053756571367032), (52.218549484736556, 27.033552537516393), (52.28854754034613, 27.014253577479124), (52.358545595955704, 26.99444246022632), (52.42854365156528, 26.97199910505282), (52.49854170717485, 26.944976834767033), (52.568539760087425, 26.91221211383904), (52.6385378156934, 26.87208804865331), (52.708535871299375, 26.823346582770984), (52.778533926905354, 26.787193835010395), (52.848531982511325, 26.74739961346463), (52.91853003811731, 26.703564336124142), (52.98852809372327, 26.655708736017722), (53.058526149329246, 26.62055494328101), (53.12852420493523, 26.57962794443458), (53.198522260541196, 26.53886680981853), (53.268520316147175, 26.48946565665629), (53.33851837175316, 26.438956228863766), (53.40851642735913, 26.385674229674773), (53.47851448296509, 26.337475592182788), (53.54851253857108, 26.288562607607687), (53.618510594177046, 26.229243527397), (53.688508649783024, 26.16899711535282), (53.758506705388996, 26.103275298885276), (53.828504760994974, 26.04830826990128), (53.89850281660096, 26.007232370211664), (53.96850087220693, 25.974998164893822), (54.038498927812924, 25.961683790764173), (54.10849698341888, 25.962105990623325), (54.17849503902486, 25.976894294618404), (54.24849309463083, 25.980733674587555), (54.31849115023681, 25.97761806580552), (54.38848920584279, 25.970016583520003), (54.45848726144877, 25.966269559770033), (54.528485317054745, 25.970966533203086), (54.59848337266071, 25.986495571772476), (54.668481428266695, 26.003398644704912), (54.73847948387265, 26.017887262192822), (54.80847753947863, 26.02965608326665), (54.8784755950846, 26.04143809808608), (54.94847365069058, 26.048364814525275), (55.018471706296545, 26.05344252175988), (55.08846976190252, 26.066383701371176), (55.15846781750851, 26.09144050908346), (55.22846587311449, 26.11901920702584), (55.29846392872046, 26.129958706947768), (55.36846198432644, 26.106328708580925), (55.43846003993242, 26.066851136929515), (55.5084580983862, 26.047141190198378), (55.57845615399576, 26.034574541614095), (55.648454209605326, 26.032127153209657), (55.718452265214886, 26.03980262327932), (55.78845032082445, 26.053909358939187), (55.85844837643401, 26.06651322416689), (55.92844643204357, 26.06506566465783), (55.998444487653124, 26.032207309497796), (56.06844254326265, 25.945747049652102)
Day of Week: Friday

MMSI: 636021949
Record time: 2023-08-18T16:58:29Z
Event time: 2023-08-19T09:52:22Z
Status: Underway
Travel distance: 209.51295896328293
Num waypoints: 50
Waypoints: (52.638537818393914, 26.880448703866577), (52.7085358740035, 26.83401641761736), (52.77853392961307, 26.78726097027463), (52.848531985222635, 26.742680092092925), (52.9185300408322, 26.700686901522104), (52.98852809644177, 26.660433760378996), (53.05852615205134, 26.620488359068307), (53.12852420766092, 26.579362031852824), (53.1985222632705, 26.535890302172913), (53.268520316147175, 26.48946565665629), (53.33851837175316, 26.438956228863766), (53.40851642735913, 26.385674229674773), (53.47851448296509, 26.337475592182788), (53.54851253857108, 26.288562607607687), (53.618510594177046, 26.229243527397), (53.688508649783024, 26.16899711535282), (53.758506705388996, 26.103275298885276), (53.828504760994974, 26.04830826990128), (53.89850281660096, 26.007232370211664), (53.96850087220693, 25.974998164893822), (54.038498927812924, 25.961683790764173), (54.10849698341888, 25.962105990623325), (54.17849503902486, 25.976894294618404), (54.24849309463083, 25.980733674587555), (54.31849115023681, 25.97761806580552), (54.38848920584279, 25.970016583520003), (54.45848726144877, 25.966269559770033), (54.528485317054745, 25.970966533203086), (54.59848337266071, 25.986495571772476), (54.668481428266695, 26.003398644704912), (54.73847948387265, 26.017887262192822), (54.80847753947863, 26.02965608326665), (54.8784755950846, 26.04143809808608), (54.94847365069058, 26.048364814525275), (55.018471706296545, 26.05344252175988), (55.08846976190252, 26.066383701371176), (55.15846781750851, 26.09144050908346), (55.22846587311449, 26.11901920702584), (55.29846392872046, 26.129958706947768), (55.36846198432644, 26.106328708580925), (55.43846003993242, 26.066851136929515), (55.5084580983862, 26.047141190198378), (55.57845615399576, 26.034574541614095), (55.648454209605326, 26.032127153209657), (55.718452265214886, 26.03980262327932), (55.78845032082445, 26.053909358939187), (55.85844837643401, 26.06651322416689), (55.92844643204357, 26.06506566465783), (55.998444487653124, 26.032207309497796), (56.06844254326265, 25.945747049652102)
Day of Week: Friday

MMSI: 636021949
Record time: 2023-08-18T20:05:18Z
Event time: 2023-08-19T09:36:04.333Z
Status: Underway
Travel distance: 173.02429805615552
Num waypoints: 42
Waypoints: (53.19852226327043, 26.53443988116318), (53.26852031888003, 26.47664590655546), (53.3385183744896, 26.435036545461593), (53.40851643009916, 26.39389667609424), (53.47851448570872, 26.345771403821523), (53.54851254131829, 26.289127940964782), (53.61851059692786, 26.2263181155139), (53.68850865253744, 26.161841508760215), (53.75850670814702, 26.100909221847026), (53.828504760994974, 26.04830826990128), (53.89850281660096, 26.007232370211664), (53.96850087220693, 25.974998164893822), (54.038498927812924, 25.961683790764173), (54.10849698341888, 25.962105990623325), (54.17849503902486, 25.976894294618404), (54.24849309463083, 25.980733674587555), (54.31849115023681, 25.97761806580552), (54.38848920584279, 25.970016583520003), (54.45848726144877, 25.966269559770033), (54.528485317054745, 25.970966533203086), (54.59848337266071, 25.986495571772476), (54.668481428266695, 26.003398644704912), (54.73847948387265, 26.017887262192822), (54.80847753947863, 26.02965608326665), (54.8784755950846, 26.04143809808608), (54.94847365069058, 26.048364814525275), (55.018471706296545, 26.05344252175988), (55.08846976190252, 26.066383701371176), (55.15846781750851, 26.09144050908346), (55.22846587311449, 26.11901920702584), (55.29846392872046, 26.129958706947768), (55.36846198432644, 26.106328708580925), (55.43846003993242, 26.066851136929515), (55.5084580983862, 26.047141190198378), (55.57845615399576, 26.034574541614095), (55.648454209605326, 26.032127153209657), (55.718452265214886, 26.03980262327932), (55.78845032082445, 26.053909358939187), (55.85844837643401, 26.06651322416689), (55.92844643204357, 26.06506566465783), (55.998444487653124, 26.032207309497796), (56.06844254326265, 25.945747049652102)
Day of Week: Friday

MMSI: 636021949
Record time: 2023-08-18T21:41:12Z
Event time: 2023-08-19T10:09:54Z
Status: Underway
Travel distance: 152.17710583153348
Num waypoints: 37
Waypoints: (53.54851254131831, 26.387052720422552), (53.618510596927905, 26.33929467406902), (53.68850865253748, 26.259181965212132), (53.758506708147046, 26.17343921095234), (53.828504763756605, 26.097821371334796), (53.89850281936617, 26.039815639965997), (53.968500874975746, 26.00102479991522), (54.03849893058531, 25.979232044900794), (54.10849698619488, 25.97014726576117), (54.17849503902486, 25.96883480087854), (54.24849309463083, 25.975748323572134), (54.31849115023681, 25.977118588293575), (54.38848920584279, 25.973132192302042), (54.45848726144877, 25.96873679019695), (54.528485317054745, 25.9691721838017), (54.59848337266071, 25.986495571772476), (54.668481428266695, 26.003398644704912), (54.73847948387265, 26.017887262192822), (54.80847753947863, 26.02965608326665), (54.8784755950846, 26.04143809808608), (54.94847365069058, 26.048364814525275), (55.018471706296545, 26.05344252175988), (55.08846976190252, 26.066383701371176), (55.15846781750851, 26.09144050908346), (55.22846587311449, 26.11901920702584), (55.29846392872046, 26.129958706947768), (55.36846198432644, 26.106328708580925), (55.43846003993242, 26.066851136929515), (55.5084580983862, 26.047141190198378), (55.57845615399576, 26.034574541614095), (55.648454209605326, 26.032127153209657), (55.718452265214886, 26.03980262327932), (55.78845032082445, 26.053909358939187), (55.85844837643401, 26.06651322416689), (55.92844643204357, 26.06506566465783), (55.998444487653124, 26.032207309497796), (56.06844254326265, 25.945747049652102)
Day of Week: Friday

MMSI: 636021949
Record time: 2023-08-18T23:13:27Z
Event time: 2023-08-19T10:40:01Z
Status: Underway
Travel distance: 135.43466522678185
Num waypoints: 33
Waypoints: (53.82850476375657, 26.324919294329373), (53.89850281936614, 26.257351358712345), (53.9685008749757, 26.179149264142396), (54.03849893058526, 26.105578174277742), (54.10849698619483, 26.04512826441144), (54.178495041804396, 26.001288714808215), (54.24849309741398, 25.974086478405514), (54.31849115302355, 25.96138982287867), (54.38848920863313, 25.959976647070288), (54.45848726144877, 25.966367570451624), (54.528485317054745, 25.974255545498703), (54.59848337266071, 25.990284061580038), (54.668481428266695, 26.004071525730435), (54.73847948387265, 26.016092912791432), (54.80847753947863, 26.02965608326665), (54.8784755950846, 26.04143809808608), (54.94847365069058, 26.048364814525275), (55.018471706296545, 26.05344252175988), (55.08846976190252, 26.066383701371176), (55.15846781750851, 26.09144050908346), (55.22846587311449, 26.11901920702584), (55.29846392872046, 26.129958706947768), (55.36846198432644, 26.106328708580925), (55.43846003993242, 26.066851136929515), (55.5084580983862, 26.047141190198378), (55.57845615399576, 26.034574541614095), (55.648454209605326, 26.032127153209657), (55.718452265214886, 26.03980262327932), (55.78845032082445, 26.053909358939187), (55.85844837643401, 26.06651322416689), (55.92844643204357, 26.06506566465783), (55.998444487653124, 26.032207309497796), (56.06844254326265, 25.945747049652102)
Day of Week: Friday

MMSI: 636021949
Record time: 2023-08-19T00:40:14Z
Event time: 2023-08-19T10:24:37.500Z
Status: Underway
Travel distance: 116.9244060475162
Num waypoints: 29
Waypoints: (54.1084969861948, 26.252251056474172), (54.1784950418044, 26.184585053059777), (54.24849309741397, 26.118081298689514), (54.31849115302352, 26.063673724497146), (54.38848920863309, 26.025738027643268), (54.45848726424265, 26.00419739311292), (54.52848531985222, 25.996305345710194), (54.598483375461804, 25.99810573224982), (54.668481431071385, 26.005569833945728), (54.73847948387265, 26.015410607661913), (54.80847753947863, 26.025343613276757), (54.8784755950846, 26.03914427117275), (54.94847365069058, 26.05148042330731), (55.018471706296545, 26.055909752186793), (55.08846976190252, 26.064589351969783), (55.15846781750851, 26.09144050908346), (55.22846587311449, 26.11901920702584), (55.29846392872046, 26.129958706947768), (55.36846198432644, 26.106328708580925), (55.43846003993242, 26.066851136929515), (55.5084580983862, 26.047141190198378), (55.57845615399576, 26.034574541614095), (55.648454209605326, 26.032127153209657), (55.718452265214886, 26.03980262327932), (55.78845032082445, 26.053909358939187), (55.85844837643401, 26.06651322416689), (55.92844643204357, 26.06506566465783), (55.998444487653124, 26.032207309497796), (56.06844254326265, 25.945747049652102)
Day of Week: Saturday

MMSI: 636021949
Record time: 2023-08-19T02:09:53Z
Event time: 2023-08-19T10:08:55.600Z
Status: Underway
Travel distance: 94.4681425485961
Num waypoints: 24
Waypoints: (54.45848726424268, 26.185274052158977), (54.528485319852216, 26.176635541468986), (54.598483375461775, 26.192352685155), (54.668481431071335, 26.197953995608074), (54.73847948668091, 26.182418925611326), (54.80847754229048, 26.149335797003566), (54.87847559790006, 26.10959076927864), (54.94847365350963, 26.07558784812054), (55.018471709119204, 26.05699993387424), (55.08846976190252, 26.058050908615346), (55.15846781750851, 26.083305622511606), (55.22846587311449, 26.11600160892539), (55.29846392872046, 26.130780488816473), (55.36846198432644, 26.111911547789873), (55.43846003993242, 26.067524017955037), (55.5084580983862, 26.046722508671362), (55.57845615399576, 26.033553665553093), (55.648454209605326, 26.03125852497666), (55.718452265214886, 26.039657172229347), (55.78845032082445, 26.054522039930692), (55.85844837643401, 26.067293300091745), (55.92844643204357, 26.0651363511494), (55.998444487653124, 26.03134139997603), (56.06844254326265, 25.946065138864192)
Day of Week: Saturday

MMSI: 636021949
Record time: 2023-08-19T04:08:33Z
Event time: 2023-08-19T09:53:41Z
Status: Underway
Travel distance: 70.44438444924405
Num waypoints: 18
Waypoints: (54.87847559790008, 26.184945213756727), (54.94847365350959, 26.119359732657), (55.018471709119154, 26.101832469902142), (55.08846976472873, 26.109594790229636), (55.1584678203383, 26.123743390878868), (55.22846587594787, 26.130868134324245), (55.29846393155743, 26.12388825627239), (55.36846198716699, 26.102096948923347), (55.438460042987366, 26.070414319595013), (55.508458098597195, 26.028630017254805), (55.57845615399566, 26.019406719064754), (55.64845420960522, 26.02870613491892), (55.71845226521479, 26.04999554831908), (55.78845032082438, 26.071026161324795), (55.85844837643397, 26.077343935659773), (55.92844643204356, 26.057689966769065), (55.998444487653146, 26.011290390728075), (56.06844254326271, 25.95703582400361)
Day of Week: Saturday

MMSI: 636021949
Record time: 2023-08-19T05:49:26Z
Event time: 2023-08-19T10:13:54.333Z
Status: Underway
Travel distance: 56.836933045356375
Num waypoints: 13
Waypoints: (55.22846587594787, 26.11664195506602), (55.29846393155744, 26.102962176131232), (55.368461987167, 26.133907276058405), (55.438460042776576, 26.105453335874078), (55.50845809838614, 26.03506727331285), (55.578456154037184, 25.979973763643358), (55.6484542096468, 25.976143425541615), (55.71845226525644, 26.04434072347333), (55.788450320824374, 26.10407095821329), (55.85844837643393, 26.11435239206531), (55.92844643204349, 26.05535654543819), (55.998444487653074, 25.966495581431367), (56.06844254326263, 25.976042627151074)
Day of Week: Saturday

MMSI: 636021949
Record time: 2023-08-19T07:18:16Z
Event time: 2023-08-19T09:57:24.666Z
Status: Underway
Travel distance: 33.93844492440605
Num waypoints: 8
Waypoints: (55.57845615399572, 26.114352392065342), (55.64845420960529, 26.044340723453907), (55.718452265214864, 26.044340723453907), (55.78845032082444, 26.114352392065342), (55.858448376433984, 26.114352392065342), (55.92844643204356, 26.044340723453907), (55.99844448765313, 25.97432905484247), (56.06844254326268, 25.97432905484247)
Day of Week: Saturday

MMSI: 636021949
Record time: 2023-08-19T08:23:05Z
Event time: 2023-08-19T09:41:16.250Z
Status: Underway
Travel distance: 16.986501079913605
Num waypoints: 5
Waypoints: (55.78845032082444, 26.044340723453907), (55.858448376433984, 26.044340723453907), (55.92844643204356, 26.044340723453907), (55.99844448765313, 25.97432905484247), (56.06844254326268, 25.97432905484247)
Day of Week: Saturday

MMSI: 636021949
Record time: 2023-08-23T01:30:12Z
Event time: 2023-08-23T01:30:12Z
Status: Arrived
Travel distance: N/A
Num waypoints: 0
Waypoints: 
Day of Week: Wednesday

MMSI: 636021949
Record time: 2024-01-04T23:04:44Z
Event time: 2024-01-06T01:08:38.500Z
Status: Underway
Travel distance: 337.0199784017279
Num waypoints: 82
Waypoints: (50.39860003888777, 26.742429445195995), (50.46859809449735, 26.807662396267208), (50.53859615010692, 26.835303281874246), (50.608594205716486, 26.825827933595416), (50.678592261326045, 26.78705638725573), (50.74859031693561, 26.730356099907663), (50.81858837254518, 26.667575723353885), (50.888586428154746, 26.60870943421207), (50.95858448376431, 26.56029182052172), (51.028582536755984, 26.524523323532204), (51.09858059236195, 26.50467993015212), (51.16857864796792, 26.48660261386142), (51.2385767035739, 26.460315018166877), (51.308574759179876, 26.410491665145482), (51.37857281478584, 26.346379485640952), (51.448570870391826, 26.261779304042808), (51.5185689259978, 26.17017135871108), (51.58856698160376, 26.091787316110615), (51.658565037209755, 26.03757233062573), (51.728563092815726, 26.003146078717737), (51.79856114842171, 25.987313583999587), (51.86855920402767, 25.990253904447243), (51.93855725963364, 26.005439905631075), (52.00855531523963, 26.024885601822408), (52.0785533708456, 26.05009696484027), (52.14855142645157, 26.067209252881476), (52.21854948205756, 26.07545345905972), (52.288547537663526, 26.082118185407744), (52.358545593269504, 26.097066699170803), (52.428543648875475, 26.109417929871764), (52.49854170448145, 26.128995563519084), (52.568539760087425, 26.145791201665926), (52.6385378156934, 26.163894905447815), (52.708535871299375, 26.17781430705419), (52.778533926905354, 26.186827520118744), (52.848531982511325, 26.1820513842121), (52.91853003811731, 26.15781258872692), (52.98852809372327, 26.138189719380406), (53.058526149329246, 26.12642089830658), (53.12852420493523, 26.121567484747143), (53.198522260541196, 26.117714911032394), (53.268520316147175, 26.101235922779914), (53.33851837175316, 26.078199642965), (53.40851642735913, 26.047456330899777), (53.47851448296509, 26.012449554185455), (53.54851253857108, 25.98066582103876), (53.618510594177046, 25.96649573826601), (53.688508649783024, 25.96307855815601), (53.758506705388996, 25.968844224982536), (53.828504760994974, 25.976945184779996), (53.89850281660096, 25.97991189271885), (53.96850087220693, 25.97500193453542), (54.038498927812924, 25.972534704108508), (54.10849698341888, 25.972534704108508), (54.17849503902486, 25.976796283936814), (54.24849309463083, 25.977444662291937), (54.31849115023681, 25.973829575997957), (54.38848920584279, 25.96934370249448), (54.45848726144877, 25.968063909171427), (54.528485317054745, 25.970966533203086), (54.59848337266071, 25.986495571772476), (54.668481428266695, 26.003398644704912), (54.73847948387265, 26.017887262192822), (54.80847753947863, 26.02965608326665), (54.8784755950846, 26.04143809808608), (54.94847365069058, 26.048364814525275), (55.018471706296545, 26.05344252175988), (55.08846976190252, 26.066383701371176), (55.15846781750851, 26.09144050908346), (55.22846587311449, 26.11901920702584), (55.29846392872046, 26.129958706947768), (55.36846198432644, 26.106328708580925), (55.43846003993242, 26.066851136929515), (55.5084580983862, 26.047141190198378), (55.57845615399576, 26.034574541614095), (55.648454209605326, 26.032127153209657), (55.718452265214886, 26.03980262327932), (55.78845032082445, 26.053909358939187), (55.85844837643401, 26.06651322416689), (55.92844643204357, 26.06506566465783), (55.998444487653124, 26.032207309497796), (56.06844254326265, 25.945747049652102)
Day of Week: Thursday

MMSI: 636021949
Record time: 2024-01-05T00:05:04Z
Event time: 2024-01-06T01:44:42.555Z
Status: Underway
Travel distance: 329.3871490280778
Num waypoints: 80
Waypoints: (50.5385961501069, 26.801606855424517), (50.6085942057165, 26.847489185233798), (50.67859226132608, 26.80559403961404), (50.74859031693565, 26.730920660853), (50.818588372545214, 26.65590133180151), (50.88858642815478, 26.59605169166735), (50.958584483764355, 26.55494967864018), (51.02858253937392, 26.52854309934762), (51.098580594983495, 26.508785825142333), (51.16857864796792, 26.48660261386142), (51.2385767035739, 26.460315018166877), (51.308574759179876, 26.410491665145482), (51.37857281478584, 26.346379485640952), (51.448570870391826, 26.261779304042808), (51.5185689259978, 26.17017135871108), (51.58856698160376, 26.091787316110615), (51.658565037209755, 26.03757233062573), (51.728563092815726, 26.003146078717737), (51.79856114842171, 25.987313583999587), (51.86855920402767, 25.990253904447243), (51.93855725963364, 26.005439905631075), (52.00855531523963, 26.024885601822408), (52.0785533708456, 26.05009696484027), (52.14855142645157, 26.067209252881476), (52.21854948205756, 26.07545345905972), (52.288547537663526, 26.082118185407744), (52.358545593269504, 26.097066699170803), (52.428543648875475, 26.109417929871764), (52.49854170448145, 26.128995563519084), (52.568539760087425, 26.145791201665926), (52.6385378156934, 26.163894905447815), (52.708535871299375, 26.17781430705419), (52.778533926905354, 26.186827520118744), (52.848531982511325, 26.1820513842121), (52.91853003811731, 26.15781258872692), (52.98852809372327, 26.138189719380406), (53.058526149329246, 26.12642089830658), (53.12852420493523, 26.121567484747143), (53.198522260541196, 26.117714911032394), (53.268520316147175, 26.101235922779914), (53.33851837175316, 26.078199642965), (53.40851642735913, 26.047456330899777), (53.47851448296509, 26.012449554185455), (53.54851253857108, 25.98066582103876), (53.618510594177046, 25.96649573826601), (53.688508649783024, 25.96307855815601), (53.758506705388996, 25.968844224982536), (53.828504760994974, 25.976945184779996), (53.89850281660096, 25.97991189271885), (53.96850087220693, 25.97500193453542), (54.038498927812924, 25.972534704108508), (54.10849698341888, 25.972534704108508), (54.17849503902486, 25.976796283936814), (54.24849309463083, 25.977444662291937), (54.31849115023681, 25.973829575997957), (54.38848920584279, 25.96934370249448), (54.45848726144877, 25.968063909171427), (54.528485317054745, 25.970966533203086), (54.59848337266071, 25.986495571772476), (54.668481428266695, 26.003398644704912), (54.73847948387265, 26.017887262192822), (54.80847753947863, 26.02965608326665), (54.8784755950846, 26.04143809808608), (54.94847365069058, 26.048364814525275), (55.018471706296545, 26.05344252175988), (55.08846976190252, 26.066383701371176), (55.15846781750851, 26.09144050908346), (55.22846587311449, 26.11901920702584), (55.29846392872046, 26.129958706947768), (55.36846198432644, 26.106328708580925), (55.43846003993242, 26.066851136929515), (55.5084580983862, 26.047141190198378), (55.57845615399576, 26.034574541614095), (55.648454209605326, 26.032127153209657), (55.718452265214886, 26.03980262327932), (55.78845032082445, 26.053909358939187), (55.85844837643401, 26.06651322416689), (55.92844643204357, 26.06506566465783), (55.998444487653124, 26.032207309497796), (56.06844254326265, 25.945747049652102)
Day of Week: Friday

MMSI: 636021949
Record time: 2024-01-05T01:00:39Z
Event time: 2024-01-06T02:21:36.100Z
Status: Underway
Travel distance: 319.33153347732184
Num waypoints: 77
Waypoints: (50.748590316935626, 26.88264794704533), (50.81858837254521, 26.819689780485927), (50.888586428154774, 26.74191503761868), (50.95858448376434, 26.668661037439932), (51.02858253937391, 26.606771564274048), (51.098580594983474, 26.55507256324478), (51.168578650593055, 26.508129907504006), (51.23857670620263, 26.459289237217753), (51.3085747618122, 26.402997870309584), (51.37857281478584, 26.336408783610114), (51.448570870391826, 26.260780349018926), (51.5185689259978, 26.176402576275155), (51.58856698160376, 26.09672177696444), (51.658565037209755, 26.033983631822945), (51.728563092815726, 26.003146078717737), (51.79856114842171, 25.987313583999587), (51.86855920402767, 25.990253904447243), (51.93855725963364, 26.005439905631075), (52.00855531523963, 26.024885601822408), (52.0785533708456, 26.05009696484027), (52.14855142645157, 26.067209252881476), (52.21854948205756, 26.07545345905972), (52.288547537663526, 26.082118185407744), (52.358545593269504, 26.097066699170803), (52.428543648875475, 26.109417929871764), (52.49854170448145, 26.128995563519084), (52.568539760087425, 26.145791201665926), (52.6385378156934, 26.163894905447815), (52.708535871299375, 26.17781430705419), (52.778533926905354, 26.186827520118744), (52.848531982511325, 26.1820513842121), (52.91853003811731, 26.15781258872692), (52.98852809372327, 26.138189719380406), (53.058526149329246, 26.12642089830658), (53.12852420493523, 26.121567484747143), (53.198522260541196, 26.117714911032394), (53.268520316147175, 26.101235922779914), (53.33851837175316, 26.078199642965), (53.40851642735913, 26.047456330899777), (53.47851448296509, 26.012449554185455), (53.54851253857108, 25.98066582103876), (53.618510594177046, 25.96649573826601), (53.688508649783024, 25.96307855815601), (53.758506705388996, 25.968844224982536), (53.828504760994974, 25.976945184779996), (53.89850281660096, 25.97991189271885), (53.96850087220693, 25.97500193453542), (54.038498927812924, 25.972534704108508), (54.10849698341888, 25.972534704108508), (54.17849503902486, 25.976796283936814), (54.24849309463083, 25.977444662291937), (54.31849115023681, 25.973829575997957), (54.38848920584279, 25.96934370249448), (54.45848726144877, 25.968063909171427), (54.528485317054745, 25.970966533203086), (54.59848337266071, 25.986495571772476), (54.668481428266695, 26.003398644704912), (54.73847948387265, 26.017887262192822), (54.80847753947863, 26.02965608326665), (54.8784755950846, 26.04143809808608), (54.94847365069058, 26.048364814525275), (55.018471706296545, 26.05344252175988), (55.08846976190252, 26.066383701371176), (55.15846781750851, 26.09144050908346), (55.22846587311449, 26.11901920702584), (55.29846392872046, 26.129958706947768), (55.36846198432644, 26.106328708580925), (55.43846003993242, 26.066851136929515), (55.5084580983862, 26.047141190198378), (55.57845615399576, 26.034574541614095), (55.648454209605326, 26.032127153209657), (55.718452265214886, 26.03980262327932), (55.78845032082445, 26.053909358939187), (55.85844837643401, 26.06651322416689), (55.92844643204357, 26.06506566465783), (55.998444487653124, 26.032207309497796), (56.06844254326265, 25.945747049652102)
Day of Week: Friday

MMSI: 636021949
Record time: 2024-01-05T01:53:20Z
Event time: 2024-01-06T02:53:19Z
Status: Underway
Travel distance: 313.87850971922245
Num waypoints: 76
Waypoints: (50.891372953622074, 26.95250057105073), (50.95840275384255, 26.889787282694275), (51.007099211953786, 26.812243196200303), (51.05304882092677, 26.73889523484889), (51.10436432791076, 26.6766528089977), (51.16387371636805, 26.624585228405227), (51.230995615010414, 26.577520390583988), (51.3033011335371, 26.528964745183725), (51.37776212517451, 26.473344534404504), (51.45168587337786, 26.407568308085025), (51.52103567669879, 26.332162282348207), (51.58677298109396, 26.248193515717993), (51.658565037209755, 26.165227473753255), (51.728563092815726, 26.103254565856474), (51.79856114842171, 26.05911960200882), (51.86855920402767, 26.025907174695888), (51.93855725963364, 26.013571022561326), (52.00855531523963, 26.017052286578522), (52.0785533708456, 26.03884646948638), (52.14855142645157, 26.061724424354114), (52.21854948205756, 26.078069590329815), (52.288547537663526, 26.087701024616692), (52.358545593269504, 26.097739580196322), (52.428543648875475, 26.10762358047037), (52.49854170448145, 26.128995563519084), (52.568539760087425, 26.145791201665926), (52.6385378156934, 26.163894905447815), (52.708535871299375, 26.17781430705419), (52.778533926905354, 26.186827520118744), (52.848531982511325, 26.1820513842121), (52.91853003811731, 26.15781258872692), (52.98852809372327, 26.138189719380406), (53.058526149329246, 26.12642089830658), (53.12852420493523, 26.121567484747143), (53.198522260541196, 26.117714911032394), (53.268520316147175, 26.101235922779914), (53.33851837175316, 26.078199642965), (53.40851642735913, 26.047456330899777), (53.47851448296509, 26.012449554185455), (53.54851253857108, 25.98066582103876), (53.618510594177046, 25.96649573826601), (53.688508649783024, 25.96307855815601), (53.758506705388996, 25.968844224982536), (53.828504760994974, 25.976945184779996), (53.89850281660096, 25.97991189271885), (53.96850087220693, 25.97500193453542), (54.038498927812924, 25.972534704108508), (54.10849698341888, 25.972534704108508), (54.17849503902486, 25.976796283936814), (54.24849309463083, 25.977444662291937), (54.31849115023681, 25.973829575997957), (54.38848920584279, 25.96934370249448), (54.45848726144877, 25.968063909171427), (54.528485317054745, 25.970966533203086), (54.59848337266071, 25.986495571772476), (54.668481428266695, 26.003398644704912), (54.73847948387265, 26.017887262192822), (54.80847753947863, 26.02965608326665), (54.8784755950846, 26.04143809808608), (54.94847365069058, 26.048364814525275), (55.018471706296545, 26.05344252175988), (55.08846976190252, 26.066383701371176), (55.15846781750851, 26.09144050908346), (55.22846587311449, 26.11901920702584), (55.29846392872046, 26.129958706947768), (55.36846198432644, 26.106328708580925), (55.43846003993242, 26.066851136929515), (55.5084580983862, 26.047141190198378), (55.57845615399576, 26.034574541614095), (55.648454209605326, 26.032127153209657), (55.718452265214886, 26.03980262327932), (55.78845032082445, 26.053909358939187), (55.85844837643401, 26.06651322416689), (55.92844643204357, 26.06506566465783), (55.998444487653124, 26.032207309497796), (56.06844254326265, 25.945747049652102)
Day of Week: Friday

MMSI: 636021949
Record time: 2024-01-05T03:08:51Z
Event time: 2024-01-06T03:41:09.300Z
Status: Underway
Travel distance: 300.5707343412527
Num waypoints: 72
Waypoints: (51.16320247374031, 27.019573701226737), (51.249278579374234, 26.963401437858398), (51.31462054809892, 26.888015482603443), (51.36932263077808, 26.81008681841578), (51.420478084775404, 26.736880230047518), (51.472698341118914, 26.66946566172781), (51.528595424806184, 26.60542972036556), (51.58922762825029, 26.541087324275985), (51.65450843786669, 26.473193497431076), (51.72357871114718, 26.400155307879484), (51.798061768027694, 26.32580666661135), (51.87167420701372, 26.245914767371058), (51.94102401033463, 26.16984905435432), (52.00676131472982, 26.106462530857705), (52.0785533708456, 26.07136339792419), (52.14855142645157, 26.057325252607427), (52.21854948205756, 26.06026557305509), (52.288547537663526, 26.07545157423892), (52.358545593269504, 26.098485969233035), (52.428543648875475, 26.115174172594294), (52.49854170448145, 26.130989703925252), (52.568539760087425, 26.146464082691445), (52.6385378156934, 26.162100556046422), (52.708535871299375, 26.17781430705419), (52.778533926905354, 26.186827520118744), (52.848531982511325, 26.1820513842121), (52.91853003811731, 26.15781258872692), (52.98852809372327, 26.138189719380406), (53.058526149329246, 26.12642089830658), (53.12852420493523, 26.121567484747143), (53.198522260541196, 26.117714911032394), (53.268520316147175, 26.101235922779914), (53.33851837175316, 26.078199642965), (53.40851642735913, 26.047456330899777), (53.47851448296509, 26.012449554185455), (53.54851253857108, 25.98066582103876), (53.618510594177046, 25.96649573826601), (53.688508649783024, 25.96307855815601), (53.758506705388996, 25.968844224982536), (53.828504760994974, 25.976945184779996), (53.89850281660096, 25.97991189271885), (53.96850087220693, 25.97500193453542), (54.038498927812924, 25.972534704108508), (54.10849698341888, 25.972534704108508), (54.17849503902486, 25.976796283936814), (54.24849309463083, 25.977444662291937), (54.31849115023681, 25.973829575997957), (54.38848920584279, 25.96934370249448), (54.45848726144877, 25.968063909171427), (54.528485317054745, 25.970966533203086), (54.59848337266071, 25.986495571772476), (54.668481428266695, 26.003398644704912), (54.73847948387265, 26.017887262192822), (54.80847753947863, 26.02965608326665), (54.8784755950846, 26.04143809808608), (54.94847365069058, 26.048364814525275), (55.018471706296545, 26.05344252175988), (55.08846976190252, 26.066383701371176), (55.15846781750851, 26.09144050908346), (55.22846587311449, 26.11901920702584), (55.29846392872046, 26.129958706947768), (55.36846198432644, 26.106328708580925), (55.43846003993242, 26.066851136929515), (55.5084580983862, 26.047141190198378), (55.57845615399576, 26.034574541614095), (55.648454209605326, 26.032127153209657), (55.718452265214886, 26.03980262327932), (55.78845032082445, 26.053909358939187), (55.85844837643401, 26.06651322416689), (55.92844643204357, 26.06506566465783), (55.998444487653124, 26.032207309497796), (56.06844254326265, 25.945747049652102)
Day of Week: Friday

MMSI: 636021949
Record time: 2024-01-05T03:23:48Z
Event time: 2024-01-06T04:31:56.555Z
Status: Underway
Travel distance: 300.5707343412527
Num waypoints: 72
Waypoints: (51.16320247374031, 27.019573701226737), (51.249278579374234, 26.963401437858398), (51.31462054809892, 26.888015482603443), (51.36932263077808, 26.81008681841578), (51.420478084775404, 26.736880230047518), (51.472698341118914, 26.66946566172781), (51.528595424806184, 26.60542972036556), (51.58922762825029, 26.541087324275985), (51.65450843786669, 26.473193497431076), (51.72357871114718, 26.400155307879484), (51.798061768027694, 26.32580666661135), (51.87167420701372, 26.245914767371058), (51.94102401033463, 26.16984905435432), (52.00676131472982, 26.106462530857705), (52.0785533708456, 26.07136339792419), (52.14855142645157, 26.057325252607427), (52.21854948205756, 26.06026557305509), (52.288547537663526, 26.07545157423892), (52.358545593269504, 26.098485969233035), (52.428543648875475, 26.115174172594294), (52.49854170448145, 26.130989703925252), (52.568539760087425, 26.146464082691445), (52.6385378156934, 26.162100556046422), (52.708535871299375, 26.17781430705419), (52.778533926905354, 26.186827520118744), (52.848531982511325, 26.1820513842121), (52.91853003811731, 26.15781258872692), (52.98852809372327, 26.138189719380406), (53.058526149329246, 26.12642089830658), (53.12852420493523, 26.121567484747143), (53.198522260541196, 26.117714911032394), (53.268520316147175, 26.101235922779914), (53.33851837175316, 26.078199642965), (53.40851642735913, 26.047456330899777), (53.47851448296509, 26.012449554185455), (53.54851253857108, 25.98066582103876), (53.618510594177046, 25.96649573826601), (53.688508649783024, 25.96307855815601), (53.758506705388996, 25.968844224982536), (53.828504760994974, 25.976945184779996), (53.89850281660096, 25.97991189271885), (53.96850087220693, 25.97500193453542), (54.038498927812924, 25.972534704108508), (54.10849698341888, 25.972534704108508), (54.17849503902486, 25.976796283936814), (54.24849309463083, 25.977444662291937), (54.31849115023681, 25.973829575997957), (54.38848920584279, 25.96934370249448), (54.45848726144877, 25.968063909171427), (54.528485317054745, 25.970966533203086), (54.59848337266071, 25.986495571772476), (54.668481428266695, 26.003398644704912), (54.73847948387265, 26.017887262192822), (54.80847753947863, 26.02965608326665), (54.8784755950846, 26.04143809808608), (54.94847365069058, 26.048364814525275), (55.018471706296545, 26.05344252175988), (55.08846976190252, 26.066383701371176), (55.15846781750851, 26.09144050908346), (55.22846587311449, 26.11901920702584), (55.29846392872046, 26.129958706947768), (55.36846198432644, 26.106328708580925), (55.43846003993242, 26.066851136929515), (55.5084580983862, 26.047141190198378), (55.57845615399576, 26.034574541614095), (55.648454209605326, 26.032127153209657), (55.718452265214886, 26.03980262327932), (55.78845032082445, 26.053909358939187), (55.85844837643401, 26.06651322416689), (55.92844643204357, 26.06506566465783), (55.998444487653124, 26.032207309497796), (56.06844254326265, 25.945747049652102)
Day of Week: Friday

MMSI: 636021949
Record time: 2024-01-05T14:38:29Z
Event time: 2024-01-07T10:49:48.875Z
Status: Underway
Travel distance: 277.05183585313176
Num waypoints: 67
Waypoints: (51.448570873031336, 27.161472366606567), (51.51856892864088, 27.10475480744609), (51.58856698425044, 27.08733421983692), (51.658565039860015, 27.08863915552718), (51.72856309546958, 27.095592213765297), (51.798561151079156, 27.100780634231633), (51.86855920668873, 27.100852879984057), (51.9385572622983, 27.09514121041737), (52.00855531790787, 27.08451024423668), (52.0785533708456, 27.0704315110558), (52.14855142645157, 27.054755456464033), (52.21854948205756, 27.039435633003414), (52.288547537663526, 27.01932836471136), (52.358545593269504, 26.993255638587993), (52.428543648875475, 26.971205120051362), (52.49854170448145, 26.942324010936332), (52.568539760087425, 26.91221211383904), (52.6385378156934, 26.87208804865331), (52.708535871299375, 26.823346582770984), (52.778533926905354, 26.787193835010395), (52.848531982511325, 26.74739961346463), (52.91853003811731, 26.703564336124142), (52.98852809372327, 26.655708736017722), (53.058526149329246, 26.62055494328101), (53.12852420493523, 26.57962794443458), (53.198522260541196, 26.53886680981853), (53.268520316147175, 26.48946565665629), (53.33851837175316, 26.438956228863766), (53.40851642735913, 26.385674229674773), (53.47851448296509, 26.337475592182788), (53.54851253857108, 26.288562607607687), (53.618510594177046, 26.229243527397), (53.688508649783024, 26.16899711535282), (53.758506705388996, 26.103275298885276), (53.828504760994974, 26.04830826990128), (53.89850281660096, 26.007232370211664), (53.96850087220693, 25.974998164893822), (54.038498927812924, 25.961683790764173), (54.10849698341888, 25.962105990623325), (54.17849503902486, 25.976894294618404), (54.24849309463083, 25.980733674587555), (54.31849115023681, 25.97761806580552), (54.38848920584279, 25.970016583520003), (54.45848726144877, 25.966269559770033), (54.528485317054745, 25.970966533203086), (54.59848337266071, 25.986495571772476), (54.668481428266695, 26.003398644704912), (54.73847948387265, 26.017887262192822), (54.80847753947863, 26.02965608326665), (54.8784755950846, 26.04143809808608), (54.94847365069058, 26.048364814525275), (55.018471706296545, 26.05344252175988), (55.08846976190252, 26.066383701371176), (55.15846781750851, 26.09144050908346), (55.22846587311449, 26.11901920702584), (55.29846392872046, 26.129958706947768), (55.36846198432644, 26.106328708580925), (55.43846003993242, 26.066851136929515), (55.5084580983862, 26.047141190198378), (55.57845615399576, 26.034574541614095), (55.648454209605326, 26.032127153209657), (55.718452265214886, 26.03980262327932), (55.78845032082445, 26.053909358939187), (55.85844837643401, 26.06651322416689), (55.92844643204357, 26.06506566465783), (55.998444487653124, 26.032207309497796), (56.06844254326265, 25.945747049652102)
Day of Week: Friday

MMSI: 636021949
Record time: 2024-01-05T14:50:14Z
Event time: 2024-01-07T09:44:58.333Z
Status: Underway
Travel distance: 277.05183585313176
Num waypoints: 67
Waypoints: (51.448570873031336, 27.161472366606567), (51.51856892864088, 27.10475480744609), (51.58856698425044, 27.08733421983692), (51.658565039860015, 27.08863915552718), (51.72856309546958, 27.095592213765297), (51.798561151079156, 27.100780634231633), (51.86855920668873, 27.100852879984057), (51.9385572622983, 27.09514121041737), (52.00855531790787, 27.08451024423668), (52.0785533708456, 27.0704315110558), (52.14855142645157, 27.054755456464033), (52.21854948205756, 27.039435633003414), (52.288547537663526, 27.01932836471136), (52.358545593269504, 26.993255638587993), (52.428543648875475, 26.971205120051362), (52.49854170448145, 26.942324010936332), (52.568539760087425, 26.91221211383904), (52.6385378156934, 26.87208804865331), (52.708535871299375, 26.823346582770984), (52.778533926905354, 26.787193835010395), (52.848531982511325, 26.74739961346463), (52.91853003811731, 26.703564336124142), (52.98852809372327, 26.655708736017722), (53.058526149329246, 26.62055494328101), (53.12852420493523, 26.57962794443458), (53.198522260541196, 26.53886680981853), (53.268520316147175, 26.48946565665629), (53.33851837175316, 26.438956228863766), (53.40851642735913, 26.385674229674773), (53.47851448296509, 26.337475592182788), (53.54851253857108, 26.288562607607687), (53.618510594177046, 26.229243527397), (53.688508649783024, 26.16899711535282), (53.758506705388996, 26.103275298885276), (53.828504760994974, 26.04830826990128), (53.89850281660096, 26.007232370211664), (53.96850087220693, 25.974998164893822), (54.038498927812924, 25.961683790764173), (54.10849698341888, 25.962105990623325), (54.17849503902486, 25.976894294618404), (54.24849309463083, 25.980733674587555), (54.31849115023681, 25.97761806580552), (54.38848920584279, 25.970016583520003), (54.45848726144877, 25.966269559770033), (54.528485317054745, 25.970966533203086), (54.59848337266071, 25.986495571772476), (54.668481428266695, 26.003398644704912), (54.73847948387265, 26.017887262192822), (54.80847753947863, 26.02965608326665), (54.8784755950846, 26.04143809808608), (54.94847365069058, 26.048364814525275), (55.018471706296545, 26.05344252175988), (55.08846976190252, 26.066383701371176), (55.15846781750851, 26.09144050908346), (55.22846587311449, 26.11901920702584), (55.29846392872046, 26.129958706947768), (55.36846198432644, 26.106328708580925), (55.43846003993242, 26.066851136929515), (55.5084580983862, 26.047141190198378), (55.57845615399576, 26.034574541614095), (55.648454209605326, 26.032127153209657), (55.718452265214886, 26.03980262327932), (55.78845032082445, 26.053909358939187), (55.85844837643401, 26.06651322416689), (55.92844643204357, 26.06506566465783), (55.998444487653124, 26.032207309497796), (56.06844254326265, 25.945747049652102)
Day of Week: Friday

MMSI: 636021949
Record time: 2024-01-18T02:13:07Z
Event time: 2024-01-18T10:41:21Z
Status: Underway
Travel distance: 104.82235421166307
Num waypoints: 22
Waypoints: (54.66538445032096, 25.060138911578527), (54.74216708967709, 25.140874730768704), (54.81455346842537, 25.207790187117443), (54.87987776896322, 25.27170826435234), (54.93856090985946, 25.33816125421573), (54.992846453898466, 25.40888108427115), (55.04575454748866, 25.483091174079583), (55.10025389143565, 25.55859981974546), (55.15865174307969, 25.632695106832443), (55.22220194696469, 25.702841350330335), (55.29347954705192, 25.77196903798308), (55.36796260393243, 25.82641020196394), (55.44157504291847, 25.87105972188993), (55.51322539091761, 25.92497376565051), (55.582130257446416, 25.976074713039978), (55.64907563411346, 26.021304443637828), (55.71578596793295, 26.056370278072336), (55.78429098751847, 26.076423514835827), (55.85597895323402, 26.077071579054177), (55.930336334146794, 26.055723784537967), (56.003373911781466, 26.013270709115133), (56.06573931067616, 25.95609718324526)
Day of Week: Thursday

MMSI: 636021949
Record time: 2024-01-18T02:50:28Z
Event time: 2024-01-18T10:57:32.750Z
Status: Underway
Travel distance: 101.58261339092873
Num waypoints: 21
Waypoints: (54.66848143107134, 25.127580232930445), (54.738479486680944, 25.21651277223827), (54.80847754229051, 25.278761560787547), (54.87847559790007, 25.33768004233079), (54.94847365350964, 25.40346278420617), (55.01847170911921, 25.477611371740743), (55.08846976472879, 25.55666503405965), (55.15846782033837, 25.635196001301285), (55.228465875947954, 25.708069593238413), (55.29846392872046, 25.77196903798308), (55.36846198432644, 25.82641020196394), (55.43846003993242, 25.87105972188993), (55.5084580983862, 25.92497376565051), (55.57845615399576, 25.976074713039978), (55.648454209605326, 26.021304443637828), (55.718452265214886, 26.056370278072336), (55.78845032082445, 26.076423514835827), (55.85844837643401, 26.077071579054177), (55.92844643204357, 26.055723784537967), (55.998444487653124, 26.013270709115133), (56.06844254326265, 25.95609718324526)
Day of Week: Thursday

MMSI: 636021949
Record time: 2024-01-18T03:54:18Z
Event time: 2024-01-18T11:20:42.750Z
Status: Underway
Travel distance: 90.29481641468682
Num waypoints: 19
Waypoints: (54.808477542290504, 25.269801888056374), (54.87847559790004, 25.35485913870284), (54.94847365350961, 25.414292250574967), (55.01847170911918, 25.475530078362976), (55.08846976472875, 25.546955000108785), (55.158467820338316, 25.62581227772026), (55.228465875947876, 25.70452674390959), (55.298463931557436, 25.775426815555736), (55.368461987377536, 25.833875833589236), (55.438460042987366, 25.87812345172867), (55.508458098597195, 25.915405932081455), (55.57845615399566, 25.966996739465415), (55.64845420960522, 26.01817651102731), (55.71845226521479, 26.06112070309036), (55.78845032082438, 26.08584230267399), (55.85844837643397, 26.08367222149537), (55.92844643204356, 26.052176865929436), (55.998444487653146, 26.00151288282876), (56.06844254326271, 25.962219081203337)
Day of Week: Thursday

MMSI: 636021949
Record time: 2024-01-18T07:04:18Z
Event time: 2024-01-18T11:29:48.250Z
Status: Underway
Travel distance: 55.71976241900648
Num waypoints: 12
Waypoints: (55.29846393155743, 25.696471145026294), (55.368461987167024, 25.754156612829135), (55.43846004277659, 25.848100694692757), (55.50845809838616, 25.908982910836137), (55.578456153995724, 25.947315091388102), (55.6484542096468, 25.991666374690773), (55.71845226525644, 26.047566271348483), (55.788450320824374, 26.09818433334114), (55.85844837643393, 26.112918175242257), (55.92844643204349, 26.060361904551602), (55.998444487653074, 25.963756745690983), (56.06844254326263, 25.976546619006616)
Day of Week: Thursday

MMSI: 636021949
Record time: 2024-01-18T08:48:58Z
Event time: 2024-01-18T11:06:58.500Z
Status: Underway
Travel distance: 28.293736501079913
Num waypoints: 7
Waypoints: (55.64845420960529, 25.904317386231043), (55.718452265214864, 25.97432905484247), (55.78845032082444, 26.044340723453907), (55.858448376433984, 26.044340723453907), (55.92844643204356, 26.044340723453907), (55.99844448765313, 25.97432905484247), (56.06844254326268, 25.97432905484247)
Day of Week: Thursday

MMSI: 636021949
Record time: 2024-01-18T09:12:39Z
Event time: 2024-01-18T10:48:45.250Z
Status: Underway
Travel distance: 20.771598272138228
Num waypoints: 6
Waypoints: (55.718452265214864, 25.904317386231043), (55.78845032082444, 25.97432905484247), (55.858448376433984, 25.97432905484247), (55.92844643204356, 25.97432905484247), (55.99844448765313, 25.97432905484247), (56.06844254326268, 25.97432905484247)
Day of Week: Thursday

MMSI: 636021949
Record time: 2024-01-18T10:57:28Z
Event time: 2024-01-18T11:07:47Z
Status: Underway
Travel distance: 5.65280777537797
Num waypoints: 2
Waypoints: (55.99844448765313, 26.044340723453907), (56.06844254326268, 25.97432905484247)
Day of Week: Thursday

MMSI: 636021949
Record time: 2024-01-18T11:54:47Z
Event time: 2024-01-18T11:54:47Z
Status: Arrived
Travel distance: N/A
Num waypoints: 0
Waypoints: 
Day of Week: Thursday

Number of Journeys: 2
