Record time: 2023-08-31T12:41:15Z
Event time: 2023-09-02T18:04:25.333Z
Status: Underway
Travel distance: 670.475161987041
Waypoints: (67.04999999999998, 24.77848695652173), (66.87, 24.674534553775718), (66.69, 24.606533692286952), (66.50999999999999, 24.579751837393967), (66.32999999999998, 24.58912989635211), (66.14999999999998, 24.623719100821084), (65.96999999999998, 24.670343034055712), (65.78999999999999, 24.716484802799823), (65.61, 24.752399353883412), (65.42999999664319, 24.772450934252042), (65.24999999665243, 24.75820406387991), (65.06999999666169, 24.751284155413444), (64.8899999966709, 24.741989768551626), (64.70999999668014, 24.74365674930265), (64.52999999668937, 24.754613271041222), (64.34999999669861, 24.749999998730246), (64.16999999670784, 24.749999998730246), (63.98999999671708, 24.749999998730246), (63.80999999672631, 24.749999998730246), (63.62999999673554, 24.749999998730246), (63.449999996744786, 24.749999998730246), (63.269999996754, 24.749999998730246), (63.089999996763254, 24.749999998730246), (62.909999996772484, 24.749999998730246), (62.72999999678173, 24.749999998730246), (62.54999999679096, 24.749999998730246), (62.3699999968002, 24.749999998730246), (62.189999996809426, 24.749999998730246), (62.009999996818664, 24.74538672641927), (61.829999996827894, 24.75172997584686), (61.64999999683714, 24.759740206025473), (61.469999996846376, 24.763069321653244), (61.289999996855585, 24.743908734765014), (61.10999999686484, 24.71979081849219), (60.92999999687408, 24.71704320777756), (60.7499999968833, 24.754797414263713), (60.569999996892555, 24.83763278914168), (60.389999996901764, 24.95493686774651), (60.209999996911016, 25.08506312968626), (60.029999996920246, 25.20236720829109), (59.84999999692947, 25.285202583169056), (59.66999999693871, 25.322956789655205), (59.489999996947944, 25.32020917894058), (59.30999999695718, 25.291477990356775), (59.12999999696641, 25.283273925207112), (58.94999999697565, 25.28365674927494), (58.769999996984886, 25.288715842019325), (58.589999996994116, 25.291536140848095), (58.409999997003354, 25.282348363220347), (58.22999999701258, 25.281606944456083), (58.049999997021835, 25.294467894785218), (57.86999999703106, 25.336840219456626), (57.689999997040296, 25.40659173378876), (57.509999997049526, 25.500756762724567), (57.32077345243681, 25.636271636859497), (57.15253729977119, 25.822021429532953), (56.98470555439985, 26.028796147774734), (56.80977416267944, 26.23070538797591), (56.62172190555441, 26.396683351485006), (56.420458914083625, 26.495375910131088), (56.21756030788431, 26.50168205190961), (56.04328495943412, 26.40494970814621), (55.95487938423123, 26.21882596213852), (56.04616675681281, 25.992761639275923)
Associated file(s): api_response_2023-08-31_17-06-17.json, api_response_2023-08-31_16-46-13.json, api_response_2023-08-31_16-56-15.json

Record time: 2023-08-31T13:07:05Z
Event time: 2023-09-02T19:08:01.200Z
Status: Underway
Travel distance: 668.1106911447084
Waypoints: (67.04999999999998, 24.610403578115243), (66.87, 24.642094861660066), (66.69, 24.619891212569893), (66.50999999999999, 24.595971683451822), (66.32999999999998, 24.593900439310314), (66.14999999999998, 24.617858148043904), (65.96999999999998, 24.660455952716017), (65.78999999999999, 24.709132025599924), (65.61, 24.751130703997852), (65.42999999664319, 24.77706420656302), (65.24999999665243, 24.75820406387991), (65.06999999666169, 24.751284155413444), (64.8899999966709, 24.741989768551626), (64.70999999668014, 24.74365674930265), (64.52999999668937, 24.754613271041222), (64.34999999669861, 24.749999998730246), (64.16999999670784, 24.749999998730246), (63.98999999671708, 24.749999998730246), (63.80999999672631, 24.749999998730246), (63.62999999673554, 24.749999998730246), (63.449999996744786, 24.749999998730246), (63.269999996754, 24.749999998730246), (63.089999996763254, 24.749999998730246), (62.909999996772484, 24.749999998730246), (62.72999999678173, 24.749999998730246), (62.54999999679096, 24.749999998730246), (62.3699999968002, 24.749999998730246), (62.189999996809426, 24.749999998730246), (62.009999996818664, 24.74538672641927), (61.829999996827894, 24.75172997584686), (61.64999999683714, 24.759740206025473), (61.469999996846376, 24.763069321653244), (61.289999996855585, 24.743908734765014), (61.10999999686484, 24.71979081849219), (60.92999999687408, 24.71704320777756), (60.7499999968833, 24.754797414263713), (60.569999996892555, 24.83763278914168), (60.389999996901764, 24.95493686774651), (60.209999996911016, 25.08506312968626), (60.029999996920246, 25.20236720829109), (59.84999999692947, 25.285202583169056), (59.66999999693871, 25.322956789655205), (59.489999996947944, 25.32020917894058), (59.30999999695718, 25.291477990356775), (59.12999999696641, 25.283273925207112), (58.94999999697565, 25.28365674927494), (58.769999996984886, 25.288715842019325), (58.589999996994116, 25.291536140848095), (58.409999997003354, 25.282348363220347), (58.22999999701258, 25.281606944456083), (58.049999997021835, 25.294467894785218), (57.86999999703106, 25.336840219456626), (57.689999997040296, 25.40659173378876), (57.509999997049526, 25.500756762724567), (57.32077345243681, 25.636271636859497), (57.15253729977119, 25.822021429532953), (56.98470555439985, 26.028796147774734), (56.80977416267944, 26.23070538797591), (56.62172190555441, 26.396683351485006), (56.420458914083625, 26.495375910131088), (56.21756030788431, 26.50168205190961), (56.04328495943412, 26.40494970814621), (55.95487938423123, 26.21882596213852), (56.04616675681281, 25.992761639275923)
Associated file(s): api_response_2023-08-31_17-56-25.json, api_response_2023-08-31_17-36-22.json, api_response_2023-08-31_17-46-24.json, api_response_2023-08-31_18-06-27.json, api_response_2023-08-31_17-16-18.json, api_response_2023-08-31_17-26-20.json

Record time: 2023-08-31T13:59:53Z
Event time: 2023-09-02T19:51:19.833Z
Status: Underway
Travel distance: 668.1106911447084
Waypoints: (67.04999999999998, 24.610403578115243), (66.87, 24.642094861660066), (66.69, 24.619891212569893), (66.50999999999999, 24.595971683451822), (66.32999999999998, 24.593900439310314), (66.14999999999998, 24.617858148043904), (65.96999999999998, 24.660455952716017), (65.78999999999999, 24.709132025599924), (65.61, 24.751130703997852), (65.42999999664319, 24.77706420656302), (65.24999999665243, 24.75820406387991), (65.06999999666169, 24.751284155413444), (64.8899999966709, 24.741989768551626), (64.70999999668014, 24.74365674930265), (64.52999999668937, 24.754613271041222), (64.34999999669861, 24.749999998730246), (64.16999999670784, 24.749999998730246), (63.98999999671708, 24.749999998730246), (63.80999999672631, 24.749999998730246), (63.62999999673554, 24.749999998730246), (63.449999996744786, 24.749999998730246), (63.269999996754, 24.749999998730246), (63.089999996763254, 24.749999998730246), (62.909999996772484, 24.749999998730246), (62.72999999678173, 24.749999998730246), (62.54999999679096, 24.749999998730246), (62.3699999968002, 24.749999998730246), (62.189999996809426, 24.749999998730246), (62.009999996818664, 24.74538672641927), (61.829999996827894, 24.75172997584686), (61.64999999683714, 24.759740206025473), (61.469999996846376, 24.763069321653244), (61.289999996855585, 24.743908734765014), (61.10999999686484, 24.71979081849219), (60.92999999687408, 24.71704320777756), (60.7499999968833, 24.754797414263713), (60.569999996892555, 24.83763278914168), (60.389999996901764, 24.95493686774651), (60.209999996911016, 25.08506312968626), (60.029999996920246, 25.20236720829109), (59.84999999692947, 25.285202583169056), (59.66999999693871, 25.322956789655205), (59.489999996947944, 25.32020917894058), (59.30999999695718, 25.291477990356775), (59.12999999696641, 25.283273925207112), (58.94999999697565, 25.28365674927494), (58.769999996984886, 25.288715842019325), (58.589999996994116, 25.291536140848095), (58.409999997003354, 25.282348363220347), (58.22999999701258, 25.281606944456083), (58.049999997021835, 25.294467894785218), (57.86999999703106, 25.336840219456626), (57.689999997040296, 25.40659173378876), (57.509999997049526, 25.500756762724567), (57.32077345243681, 25.636271636859497), (57.15253729977119, 25.822021429532953), (56.98470555439985, 26.028796147774734), (56.80977416267944, 26.23070538797591), (56.62172190555441, 26.396683351485006), (56.420458914083625, 26.495375910131088), (56.21756030788431, 26.50168205190961), (56.04328495943412, 26.40494970814621), (55.95487938423123, 26.21882596213852), (56.04616675681281, 25.992761639275923)
Associated file(s): api_response_2023-08-31_18-16-29.json, api_response_2023-08-31_18-26-31.json

Record time: 2023-08-31T14:33:14Z
Event time: 2023-09-02T20:36:48.500Z
Status: Underway
Travel distance: 658.3493520518358
Waypoints: (66.86999999999998, 24.583824838776774), (66.68999999999998, 24.54248013313916), (66.50999999999998, 24.554453260563626), (66.32999999999996, 24.593786854954164), (66.14999999999995, 24.642240605000055), (65.96999999999996, 24.687956215812722), (65.78999999999996, 24.724216865110932), (65.60999999999999, 24.74830115395441), (65.43, 24.760431552025853), (65.24999999665243, 24.762817336190885), (65.06999999666169, 24.751284155413444), (64.8899999966709, 24.741989768551626), (64.70999999668014, 24.74365674930265), (64.52999999668937, 24.754613271041222), (64.34999999669861, 24.749999998730246), (64.16999999670784, 24.749999998730246), (63.98999999671708, 24.749999998730246), (63.80999999672631, 24.749999998730246), (63.62999999673554, 24.749999998730246), (63.449999996744786, 24.749999998730246), (63.269999996754, 24.749999998730246), (63.089999996763254, 24.749999998730246), (62.909999996772484, 24.749999998730246), (62.72999999678173, 24.749999998730246), (62.54999999679096, 24.749999998730246), (62.3699999968002, 24.749999998730246), (62.189999996809426, 24.749999998730246), (62.009999996818664, 24.74538672641927), (61.829999996827894, 24.75172997584686), (61.64999999683714, 24.759740206025473), (61.469999996846376, 24.763069321653244), (61.289999996855585, 24.743908734765014), (61.10999999686484, 24.71979081849219), (60.92999999687408, 24.71704320777756), (60.7499999968833, 24.754797414263713), (60.569999996892555, 24.83763278914168), (60.389999996901764, 24.95493686774651), (60.209999996911016, 25.08506312968626), (60.029999996920246, 25.20236720829109), (59.84999999692947, 25.285202583169056), (59.66999999693871, 25.322956789655205), (59.489999996947944, 25.32020917894058), (59.30999999695718, 25.291477990356775), (59.12999999696641, 25.283273925207112), (58.94999999697565, 25.28365674927494), (58.769999996984886, 25.288715842019325), (58.589999996994116, 25.291536140848095), (58.409999997003354, 25.282348363220347), (58.22999999701258, 25.281606944456083), (58.049999997021835, 25.294467894785218), (57.86999999703106, 25.336840219456626), (57.689999997040296, 25.40659173378876), (57.509999997049526, 25.500756762724567), (57.32077345243681, 25.636271636859497), (57.15253729977119, 25.822021429532953), (56.98470555439985, 26.028796147774734), (56.80977416267944, 26.23070538797591), (56.62172190555441, 26.396683351485006), (56.420458914083625, 26.495375910131088), (56.21756030788431, 26.50168205190961), (56.04328495943412, 26.40494970814621), (55.95487938423123, 26.21882596213852), (56.04616675681281, 25.992761639275923)
Associated file(s): api_response_2023-08-31_18-36-32.json, api_response_2023-08-31_18-46-34.json, api_response_2023-08-31_18-56-36.json

Record time: 2023-08-31T14:50:16Z
Event time: 2023-09-02T21:42:57.571Z
Status: Underway
Travel distance: 658.3493520518358
Waypoints: (66.86999999999998, 24.583824838776774), (66.68999999999998, 24.54248013313916), (66.50999999999998, 24.554453260563626), (66.32999999999996, 24.593786854954164), (66.14999999999995, 24.642240605000055), (65.96999999999996, 24.687956215812722), (65.78999999999996, 24.724216865110932), (65.60999999999999, 24.74830115395441), (65.43, 24.760431552025853), (65.24999999665243, 24.762817336190885), (65.06999999666169, 24.751284155413444), (64.8899999966709, 24.741989768551626), (64.70999999668014, 24.74365674930265), (64.52999999668937, 24.754613271041222), (64.34999999669861, 24.749999998730246), (64.16999999670784, 24.749999998730246), (63.98999999671708, 24.749999998730246), (63.80999999672631, 24.749999998730246), (63.62999999673554, 24.749999998730246), (63.449999996744786, 24.749999998730246), (63.269999996754, 24.749999998730246), (63.089999996763254, 24.749999998730246), (62.909999996772484, 24.749999998730246), (62.72999999678173, 24.749999998730246), (62.54999999679096, 24.749999998730246), (62.3699999968002, 24.749999998730246), (62.189999996809426, 24.749999998730246), (62.009999996818664, 24.74538672641927), (61.829999996827894, 24.75172997584686), (61.64999999683714, 24.759740206025473), (61.469999996846376, 24.763069321653244), (61.289999996855585, 24.743908734765014), (61.10999999686484, 24.71979081849219), (60.92999999687408, 24.71704320777756), (60.7499999968833, 24.754797414263713), (60.569999996892555, 24.83763278914168), (60.389999996901764, 24.95493686774651), (60.209999996911016, 25.08506312968626), (60.029999996920246, 25.20236720829109), (59.84999999692947, 25.285202583169056), (59.66999999693871, 25.322956789655205), (59.489999996947944, 25.32020917894058), (59.30999999695718, 25.291477990356775), (59.12999999696641, 25.283273925207112), (58.94999999697565, 25.28365674927494), (58.769999996984886, 25.288715842019325), (58.589999996994116, 25.291536140848095), (58.409999997003354, 25.282348363220347), (58.22999999701258, 25.281606944456083), (58.049999997021835, 25.294467894785218), (57.86999999703106, 25.336840219456626), (57.689999997040296, 25.40659173378876), (57.509999997049526, 25.500756762724567), (57.32077345243681, 25.636271636859497), (57.15253729977119, 25.822021429532953), (56.98470555439985, 26.028796147774734), (56.80977416267944, 26.23070538797591), (56.62172190555441, 26.396683351485006), (56.420458914083625, 26.495375910131088), (56.21756030788431, 26.50168205190961), (56.04328495943412, 26.40494970814621), (55.95487938423123, 26.21882596213852), (56.04616675681281, 25.992761639275923)
Associated file(s): api_response_2023-08-31_19-06-38.json

Record time: 2023-08-31T15:12:07Z
Event time: 2023-09-02T22:34:05Z
Status: Underway
Travel distance: 658.3493520518358
Waypoints: (66.86999999999998, 24.583824838776774), (66.68999999999998, 24.54248013313916), (66.50999999999998, 24.554453260563626), (66.32999999999996, 24.593786854954164), (66.14999999999995, 24.642240605000055), (65.96999999999996, 24.687956215812722), (65.78999999999996, 24.724216865110932), (65.60999999999999, 24.74830115395441), (65.43, 24.760431552025853), (65.24999999665243, 24.762817336190885), (65.06999999666169, 24.751284155413444), (64.8899999966709, 24.741989768551626), (64.70999999668014, 24.74365674930265), (64.52999999668937, 24.754613271041222), (64.34999999669861, 24.749999998730246), (64.16999999670784, 24.749999998730246), (63.98999999671708, 24.749999998730246), (63.80999999672631, 24.749999998730246), (63.62999999673554, 24.749999998730246), (63.449999996744786, 24.749999998730246), (63.269999996754, 24.749999998730246), (63.089999996763254, 24.749999998730246), (62.909999996772484, 24.749999998730246), (62.72999999678173, 24.749999998730246), (62.54999999679096, 24.749999998730246), (62.3699999968002, 24.749999998730246), (62.189999996809426, 24.749999998730246), (62.009999996818664, 24.74538672641927), (61.829999996827894, 24.75172997584686), (61.64999999683714, 24.759740206025473), (61.469999996846376, 24.763069321653244), (61.289999996855585, 24.743908734765014), (61.10999999686484, 24.71979081849219), (60.92999999687408, 24.71704320777756), (60.7499999968833, 24.754797414263713), (60.569999996892555, 24.83763278914168), (60.389999996901764, 24.95493686774651), (60.209999996911016, 25.08506312968626), (60.029999996920246, 25.20236720829109), (59.84999999692947, 25.285202583169056), (59.66999999693871, 25.322956789655205), (59.489999996947944, 25.32020917894058), (59.30999999695718, 25.291477990356775), (59.12999999696641, 25.283273925207112), (58.94999999697565, 25.28365674927494), (58.769999996984886, 25.288715842019325), (58.589999996994116, 25.291536140848095), (58.409999997003354, 25.282348363220347), (58.22999999701258, 25.281606944456083), (58.049999997021835, 25.294467894785218), (57.86999999703106, 25.336840219456626), (57.689999997040296, 25.40659173378876), (57.509999997049526, 25.500756762724567), (57.32077345243681, 25.636271636859497), (57.15253729977119, 25.822021429532953), (56.98470555439985, 26.028796147774734), (56.80977416267944, 26.23070538797591), (56.62172190555441, 26.396683351485006), (56.420458914083625, 26.495375910131088), (56.21756030788431, 26.50168205190961), (56.04328495943412, 26.40494970814621), (55.95487938423123, 26.21882596213852), (56.04616675681281, 25.992761639275923)
Associated file(s): api_response_2023-08-31_19-26-41.json, api_response_2023-08-31_19-16-39.json

Record time: 2023-08-31T15:27:17Z
Event time: 2023-09-02T23:24:50.333Z
Status: Underway
Travel distance: 648.8439524838013
Waypoints: (66.69, 24.579054295818594), (66.51, 24.540889952153112), (66.33, 24.575686853730467), (66.15, 24.635739570968806), (65.97000000000001, 24.693174414762783), (65.79000000000002, 24.734706200516406), (65.61000000000003, 24.757087972197414), (65.43000000000004, 24.763253686413208), (65.25000000000003, 24.759153856508295), (65.06999999666169, 24.751284155413444), (64.8899999966709, 24.741989768551626), (64.70999999668014, 24.74365674930265), (64.52999999668937, 24.754613271041222), (64.34999999669861, 24.749999998730246), (64.16999999670784, 24.749999998730246), (63.98999999671708, 24.749999998730246), (63.80999999672631, 24.749999998730246), (63.62999999673554, 24.749999998730246), (63.449999996744786, 24.749999998730246), (63.269999996754, 24.749999998730246), (63.089999996763254, 24.749999998730246), (62.909999996772484, 24.749999998730246), (62.72999999678173, 24.749999998730246), (62.54999999679096, 24.749999998730246), (62.3699999968002, 24.749999998730246), (62.189999996809426, 24.749999998730246), (62.009999996818664, 24.74538672641927), (61.829999996827894, 24.75172997584686), (61.64999999683714, 24.759740206025473), (61.469999996846376, 24.763069321653244), (61.289999996855585, 24.743908734765014), (61.10999999686484, 24.71979081849219), (60.92999999687408, 24.71704320777756), (60.7499999968833, 24.754797414263713), (60.569999996892555, 24.83763278914168), (60.389999996901764, 24.95493686774651), (60.209999996911016, 25.08506312968626), (60.029999996920246, 25.20236720829109), (59.84999999692947, 25.285202583169056), (59.66999999693871, 25.322956789655205), (59.489999996947944, 25.32020917894058), (59.30999999695718, 25.291477990356775), (59.12999999696641, 25.283273925207112), (58.94999999697565, 25.28365674927494), (58.769999996984886, 25.288715842019325), (58.589999996994116, 25.291536140848095), (58.409999997003354, 25.282348363220347), (58.22999999701258, 25.281606944456083), (58.049999997021835, 25.294467894785218), (57.86999999703106, 25.336840219456626), (57.689999997040296, 25.40659173378876), (57.509999997049526, 25.500756762724567), (57.32077345243681, 25.636271636859497), (57.15253729977119, 25.822021429532953), (56.98470555439985, 26.028796147774734), (56.80977416267944, 26.23070538797591), (56.62172190555441, 26.396683351485006), (56.420458914083625, 26.495375910131088), (56.21756030788431, 26.50168205190961), (56.04328495943412, 26.40494970814621), (55.95487938423123, 26.21882596213852), (56.04616675681281, 25.992761639275923)
Associated file(s): api_response_2023-08-31_20-16-50.json, api_response_2023-08-31_22-47-15.json, api_response_2023-08-31_22-27-12.json, api_response_2023-08-31_21-06-58.json, api_response_2023-08-31_19-56-46.json, api_response_2023-08-31_22-17-10.json, api_response_2023-08-31_20-36-53.json, api_response_2023-08-31_21-57-07.json, api_response_2023-08-31_20-46-55.json, api_response_2023-08-31_22-37-14.json, api_response_2023-08-31_21-27-02.json, api_response_2023-08-31_21-47-05.json, api_response_2023-08-31_20-26-51.json, api_response_2023-08-31_20-56-57.json, api_response_2023-08-31_22-07-09.json, api_response_2023-08-31_21-37-04.json, api_response_2023-08-31_20-06-48.json, api_response_2023-08-31_21-17-00.json, api_response_2023-08-31_19-46-44.json, api_response_2023-08-31_19-36-43.json

Record time: 2023-08-31T18:33:25Z
Event time: 2023-09-02T23:25:46.444Z
Status: Underway
Travel distance: 620.5534557235421
Waypoints: (66.14999999999998, 24.581916621593493), (65.96999999999997, 24.717560307884327), (65.78999999999996, 24.763357520282913), (65.60999999999996, 24.76621984605782), (65.42999999999996, 24.754770542958173), (65.24999999999997, 24.744139047222784), (65.06999999999998, 24.740112918660277), (64.89, 24.742647222800077), (64.71000000000001, 24.748731350114415), (64.52999999668937, 24.754613271041222), (64.34999999669861, 24.749999998730246), (64.16999999670784, 24.749999998730246), (63.98999999671708, 24.749999998730246), (63.80999999672631, 24.749999998730246), (63.62999999673554, 24.749999998730246), (63.449999996744786, 24.749999998730246), (63.269999996754, 24.749999998730246), (63.089999996763254, 24.749999998730246), (62.909999996772484, 24.749999998730246), (62.72999999678173, 24.749999998730246), (62.54999999679096, 24.749999998730246), (62.3699999968002, 24.749999998730246), (62.189999996809426, 24.749999998730246), (62.009999996818664, 24.74538672641927), (61.829999996827894, 24.75172997584686), (61.64999999683714, 24.759740206025473), (61.469999996846376, 24.763069321653244), (61.289999996855585, 24.743908734765014), (61.10999999686484, 24.71979081849219), (60.92999999687408, 24.71704320777756), (60.7499999968833, 24.754797414263713), (60.569999996892555, 24.83763278914168), (60.389999996901764, 24.95493686774651), (60.209999996911016, 25.08506312968626), (60.029999996920246, 25.20236720829109), (59.84999999692947, 25.285202583169056), (59.66999999693871, 25.322956789655205), (59.489999996947944, 25.32020917894058), (59.30999999695718, 25.291477990356775), (59.12999999696641, 25.283273925207112), (58.94999999697565, 25.28365674927494), (58.769999996984886, 25.288715842019325), (58.589999996994116, 25.291536140848095), (58.409999997003354, 25.282348363220347), (58.22999999701258, 25.281606944456083), (58.049999997021835, 25.294467894785218), (57.86999999703106, 25.336840219456626), (57.689999997040296, 25.40659173378876), (57.509999997049526, 25.500756762724567), (57.32077345243681, 25.636271636859497), (57.15253729977119, 25.822021429532953), (56.98470555439985, 26.028796147774734), (56.80977416267944, 26.23070538797591), (56.62172190555441, 26.396683351485006), (56.420458914083625, 26.495375910131088), (56.21756030788431, 26.50168205190961), (56.04328495943412, 26.40494970814621), (55.95487938423123, 26.21882596213852), (56.04616675681281, 25.992761639275923)
Associated file(s): api_response_2023-08-31_23-57-27.json, api_response_2023-09-01_00-07-29.json, api_response_2023-09-01_01-17-41.json, api_response_2023-09-01_01-37-44.json, api_response_2023-08-31_23-47-26.json, api_response_2023-09-01_00-47-36.json, api_response_2023-08-31_23-07-19.json, api_response_2023-09-01_01-27-43.json, api_response_2023-09-01_00-57-37.json, api_response_2023-09-01_00-27-33.json, api_response_2023-08-31_23-37-24.json, api_response_2023-08-31_23-17-20.json, api_response_2023-08-31_23-27-22.json, api_response_2023-09-01_01-07-39.json, api_response_2023-08-31_22-57-17.json, api_response_2023-09-01_00-37-34.json, api_response_2023-09-01_00-17-31.json

Record time: 2023-08-31T21:38:35Z
Event time: 2023-09-02T23:12:18.222Z
Status: Underway
Travel distance: 581.2829373650108
Waypoints: (65.42999999999999, 24.581916621593493), (65.25000000000003, 24.717560307884327), (65.07000000000004, 24.763357520282913), (64.89000000000003, 24.76621984605782), (64.71000000000002, 24.754770542958173), (64.53000000000003, 24.744139047222784), (64.35000000000004, 24.740112918660277), (64.17000000000003, 24.742647222800077), (63.990000000000045, 24.748731350114415), (63.80999999672631, 24.754613271041222), (63.62999999673554, 24.749999998730246), (63.449999996744786, 24.749999998730246), (63.269999996754, 24.749999998730246), (63.089999996763254, 24.749999998730246), (62.909999996772484, 24.749999998730246), (62.72999999678173, 24.749999998730246), (62.54999999679096, 24.749999998730246), (62.3699999968002, 24.749999998730246), (62.189999996809426, 24.749999998730246), (62.009999996818664, 24.74538672641927), (61.829999996827894, 24.75172997584686), (61.64999999683714, 24.759740206025473), (61.469999996846376, 24.763069321653244), (61.289999996855585, 24.743908734765014), (61.10999999686484, 24.71979081849219), (60.92999999687408, 24.71704320777756), (60.7499999968833, 24.754797414263713), (60.569999996892555, 24.83763278914168), (60.389999996901764, 24.95493686774651), (60.209999996911016, 25.08506312968626), (60.029999996920246, 25.20236720829109), (59.84999999692947, 25.285202583169056), (59.66999999693871, 25.322956789655205), (59.489999996947944, 25.32020917894058), (59.30999999695718, 25.291477990356775), (59.12999999696641, 25.283273925207112), (58.94999999697565, 25.28365674927494), (58.769999996984886, 25.288715842019325), (58.589999996994116, 25.291536140848095), (58.409999997003354, 25.282348363220347), (58.22999999701258, 25.281606944456083), (58.049999997021835, 25.294467894785218), (57.86999999703106, 25.336840219456626), (57.689999997040296, 25.40659173378876), (57.509999997049526, 25.500756762724567), (57.32077345243681, 25.636271636859497), (57.15253729977119, 25.822021429532953), (56.98470555439985, 26.028796147774734), (56.80977416267944, 26.23070538797591), (56.62172190555441, 26.396683351485006), (56.420458914083625, 26.495375910131088), (56.21756030788431, 26.50168205190961), (56.04328495943412, 26.40494970814621), (55.95487938423123, 26.21882596213852), (56.04616675681281, 25.992761639275923)
Associated file(s): api_response_2023-09-01_04-18-13.json, api_response_2023-09-01_02-57-57.json, api_response_2023-09-01_04-38-17.json, api_response_2023-09-01_02-47-56.json, api_response_2023-09-01_01-57-48.json, api_response_2023-09-01_02-07-49.json, api_response_2023-09-01_03-48-07.json, api_response_2023-09-01_02-37-54.json, api_response_2023-09-01_02-17-51.json, api_response_2023-09-01_04-48-19.json, api_response_2023-09-01_01-47-46.json, api_response_2023-09-01_03-28-03.json, api_response_2023-09-01_03-07-59.json, api_response_2023-09-01_03-58-09.json, api_response_2023-09-01_04-08-11.json, api_response_2023-09-01_03-38-05.json, api_response_2023-09-01_02-27-52.json, api_response_2023-09-01_03-18-01.json, api_response_2023-09-01_04-28-15.json

Record time: 2023-09-01T00:42:56Z
Event time: 2023-09-02T23:02:10.800Z
Status: Underway
Travel distance: 551.8299136069114
Waypoints: (64.89000000000004, 24.581916621593493), (64.71000000000006, 24.717560307884327), (64.53000000000004, 24.763357520282913), (64.35000000000002, 24.76621984605782), (64.17000000000002, 24.754770542958173), (63.990000000000016, 24.744139047222784), (63.810000000000024, 24.740112918660277), (63.63000000000004, 24.742647222800077), (63.45000000000005, 24.748731350114415), (63.269999996754, 24.754613271041222), (63.089999996763254, 24.749999998730246), (62.909999996772484, 24.749999998730246), (62.72999999678173, 24.749999998730246), (62.54999999679096, 24.749999998730246), (62.3699999968002, 24.749999998730246), (62.189999996809426, 24.749999998730246), (62.009999996818664, 24.74538672641927), (61.829999996827894, 24.75172997584686), (61.64999999683714, 24.759740206025473), (61.469999996846376, 24.763069321653244), (61.289999996855585, 24.743908734765014), (61.10999999686484, 24.71979081849219), (60.92999999687408, 24.71704320777756), (60.7499999968833, 24.754797414263713), (60.569999996892555, 24.83763278914168), (60.389999996901764, 24.95493686774651), (60.209999996911016, 25.08506312968626), (60.029999996920246, 25.20236720829109), (59.84999999692947, 25.285202583169056), (59.66999999693871, 25.322956789655205), (59.489999996947944, 25.32020917894058), (59.30999999695718, 25.291477990356775), (59.12999999696641, 25.283273925207112), (58.94999999697565, 25.28365674927494), (58.769999996984886, 25.288715842019325), (58.589999996994116, 25.291536140848095), (58.409999997003354, 25.282348363220347), (58.22999999701258, 25.281606944456083), (58.049999997021835, 25.294467894785218), (57.86999999703106, 25.336840219456626), (57.689999997040296, 25.40659173378876), (57.509999997049526, 25.500756762724567), (57.32077345243681, 25.636271636859497), (57.15253729977119, 25.822021429532953), (56.98470555439985, 26.028796147774734), (56.80977416267944, 26.23070538797591), (56.62172190555441, 26.396683351485006), (56.420458914083625, 26.495375910131088), (56.21756030788431, 26.50168205190961), (56.04328495943412, 26.40494970814621), (55.95487938423123, 26.21882596213852), (56.04616675681281, 25.992761639275923)
Associated file(s): api_response_2023-09-01_08-18-57.json, api_response_2023-09-01_07-18-47.json, api_response_2023-09-01_05-38-28.json, api_response_2023-09-01_07-08-46.json, api_response_2023-09-01_08-08-56.json, api_response_2023-09-01_07-48-52.json, api_response_2023-09-01_06-48-41.json, api_response_2023-09-01_04-58-21.json, api_response_2023-09-01_05-58-32.json, api_response_2023-09-01_06-08-33.json, api_response_2023-09-01_06-38-40.json, api_response_2023-09-01_07-58-54.json, api_response_2023-09-01_07-28-49.json, api_response_2023-09-01_08-28-59.json, api_response_2023-09-01_08-39-00.json, api_response_2023-09-01_05-48-30.json, api_response_2023-09-01_06-28-38.json, api_response_2023-09-01_06-58-44.json, api_response_2023-09-01_07-38-51.json, api_response_2023-09-01_05-18-25.json, api_response_2023-09-01_05-08-22.json, api_response_2023-09-01_06-18-36.json, api_response_2023-09-01_05-28-26.json

Record time: 2023-09-01T04:37:54Z
Event time: 2023-09-02T23:08:54Z
Status: Underway
Travel distance: 499.3498920086393
Waypoints: (63.989999999999995, 24.750000000000014), (63.810000000000024, 24.750000000000007), (63.63000000000002, 24.75), (63.45, 24.749999999999996), (63.26999999999999, 24.749999999999996), (63.08999999999999, 24.750000000000004), (62.91, 24.75000000000001), (62.73000000000001, 24.750000000000014), (62.550000000000026, 24.750000000000018), (62.3699999968002, 24.749999998730246), (62.189999996809426, 24.749999998730246), (62.009999996818664, 24.74538672641927), (61.829999996827894, 24.75172997584686), (61.64999999683714, 24.759740206025473), (61.469999996846376, 24.763069321653244), (61.289999996855585, 24.743908734765014), (61.10999999686484, 24.71979081849219), (60.92999999687408, 24.71704320777756), (60.7499999968833, 24.754797414263713), (60.569999996892555, 24.83763278914168), (60.389999996901764, 24.95493686774651), (60.209999996911016, 25.08506312968626), (60.029999996920246, 25.20236720829109), (59.84999999692947, 25.285202583169056), (59.66999999693871, 25.322956789655205), (59.489999996947944, 25.32020917894058), (59.30999999695718, 25.291477990356775), (59.12999999696641, 25.283273925207112), (58.94999999697565, 25.28365674927494), (58.769999996984886, 25.288715842019325), (58.589999996994116, 25.291536140848095), (58.409999997003354, 25.282348363220347), (58.22999999701258, 25.281606944456083), (58.049999997021835, 25.294467894785218), (57.86999999703106, 25.336840219456626), (57.689999997040296, 25.40659173378876), (57.509999997049526, 25.500756762724567), (57.32077345243681, 25.636271636859497), (57.15253729977119, 25.822021429532953), (56.98470555439985, 26.028796147774734), (56.80977416267944, 26.23070538797591), (56.62172190555441, 26.396683351485006), (56.420458914083625, 26.495375910131088), (56.21756030788431, 26.50168205190961), (56.04328495943412, 26.40494970814621), (55.95487938423123, 26.21882596213852), (56.04616675681281, 25.992761639275923)
Associated file(s): api_response_2023-09-01_09-09-05.json, api_response_2023-09-01_08-49-02.json, api_response_2023-09-01_09-39-11.json, api_response_2023-09-01_08-59-04.json, api_response_2023-09-01_09-29-09.json, api_response_2023-09-01_09-59-14.json, api_response_2023-09-01_10-09-16.json, api_response_2023-09-01_09-49-12.json, api_response_2023-09-01_09-19-07.json

Record time: 2023-09-01T06:07:43Z
Event time: 2023-09-02T23:49:48.750Z
Status: Underway
Travel distance: 496.1630669546436
Waypoints: (63.768228660314996, 24.714119019836637), (63.69823060470544, 24.71411901983665), (63.62823254909587, 24.71411901983665), (63.55823449348631, 24.71411901983665), (63.48823643787674, 24.714119019836648), (63.418238382267184, 24.714119019836648), (63.348240326657624, 24.71411901983665), (63.278242271048065, 24.714119019836655), (63.208244215438505, 24.71411901983666), (63.138246156589695, 24.714119018568724), (63.068248100983716, 24.714119018568724), (62.99825004537775, 24.714119018568724), (62.92825198977176, 24.714119018568724), (62.85825393416579, 24.714119018568724), (62.78825587855981, 24.714119018568724), (62.71825782295384, 24.714119018568724), (62.64825976734785, 24.714119018568724), (62.578261711741874, 24.714119018568724), (62.5082636561359, 24.71232466916733), (62.43826560052994, 24.716586248995633), (62.36826754492397, 24.71723462735076), (62.29826948931799, 24.71361954105678), (62.22827143371201, 24.709133667553303), (62.15827337810604, 24.707853874230253), (62.08827532250007, 24.71255084766331), (62.018277266894074, 24.72381830640439), (61.94827921128813, 24.73827865158031), (61.878281155682146, 24.75884958578911), (61.80828310007616, 24.780014238549843), (61.738285044470175, 24.78831498935207), (61.668286988864196, 24.783116653586276), (61.598288933258225, 24.780332773265002), (61.52829087765227, 24.77811810882526), (61.45829282204629, 24.789319598838354), (61.38829476644031, 24.817914215191827), (61.318296710834325, 24.854082041518815), (61.24829865522835, 24.880774873685304), (61.17830059962238, 24.910683210136224), (61.1083025440164, 24.945024645108223), (61.03830448841043, 24.989962542616585), (60.968306432804454, 25.037354476806268), (60.898308377198454, 25.075948067502576), (60.82831032159251, 25.09555774310349), (60.758312265986525, 25.098752514359113), (60.68831421038055, 25.067720824711525), (60.618316154774575, 25.011500389895676), (60.548318099168604, 24.956271370820506), (60.47832004356263, 24.918933070776855), (60.408321987956654, 24.904184348018575), (60.338323932350676, 24.921430458336566), (60.268325876744704, 24.947738787059905), (60.198327821138726, 24.97576230271104), (60.12832976553274, 24.991370503754023), (60.05833170992677, 24.9959072674191), (59.9883336543208, 24.993651136921763), (59.918335598714826, 24.991091550275662), (59.848337543108855, 24.99376988063215), (59.778339487502876, 25.004537861861294), (59.7083414318969, 25.022735806683173), (59.638343376290926, 25.03764850885103), (59.56834532068494, 25.042728100906437), (59.49834726507898, 25.05292686625405), (59.428349209473, 25.072308478538194), (59.35835115386701, 25.101453462565196), (59.288353098261055, 25.14685502599031), (59.21835504265506, 25.194501410987957), (59.14835698704909, 25.237160560149384), (59.07835893144311, 25.269155393225653), (59.008360875837134, 25.278971539950906), (58.938362820231184, 25.286861399818786), (58.868364764625184, 25.289396483794494), (58.79836670901922, 25.292789161234097), (58.728368653413256, 25.31196344323027), (58.65837059780727, 25.330702331621687), (58.5883725422013, 25.34372455852737), (58.51837448659532, 25.355875998223553), (58.44837643098934, 25.37448106433818), (58.37837837538336, 25.3898291601108), (58.3083803197774, 25.407429616739147), (58.23838226417141, 25.423778552356442), (58.168384208565456, 25.459665540384258), (58.09838615295947, 25.488812409232064), (58.02838809735349, 25.52333855664244), (57.958390041747506, 25.55739349885288), (57.88839198614154, 25.592096819418437), (57.81839393053556, 25.617219595858707), (57.74839587492958, 25.61759090555627), (57.678397819323614, 25.603554645060296), (57.60839976371764, 25.58137972835088), (57.53840170811167, 25.558594129702335), (57.468403652505685, 25.55317526990296), (57.398405596899714, 25.57383856033095), (57.32840754129375, 25.62183929163897), (57.25661548517795, 25.68886728892076), (57.189084180272964, 25.766435204114927), (57.122201127653035, 25.839296721772037), (57.053497692162864, 25.90373686009573), (56.97425450367756, 25.940669923667425), (56.89913827014654, 25.975001934535417), (56.82871998122786, 26.009982323758546), (56.76978932582578, 26.05179895802248), (56.727519131040545, 26.104524935075535), (56.70185851660558, 26.16735732125701), (56.687159772932766, 26.24926597875307), (56.67404397088626, 26.33299725796251), (56.652510311405585, 26.413175649964376), (56.615294223098616, 26.47100572174324), (56.56047921592493, 26.50926946879958), (56.488779498070684, 26.527529612707852), (56.422753872165, 26.521262583548584), (56.35474014695487, 26.496588394458662), (56.27798934063656, 26.462974250363594), (56.2005028233302, 26.420168776278537), (56.12594603288787, 26.370432816112334), (56.058937938154855, 26.315022602928096), (56.005132073396574, 26.254370703099408), (55.97127062213742, 26.18854666651377), (55.96521155330295, 26.117997384182836), (55.99592880966533, 26.044567153259294), (56.07348554859199, 25.972797449460426)
Associated file(s): api_response_2023-09-01_13-09-47.json, api_response_2023-09-01_11-29-29.json, api_response_2023-09-01_12-19-39.json, api_response_2023-09-01_11-59-34.json, api_response_2023-09-01_10-39-21.json, api_response_2023-09-01_11-49-32.json, api_response_2023-09-01_11-09-26.json, api_response_2023-09-01_11-19-27.json, api_response_2023-09-01_12-29-40.json, api_response_2023-09-01_10-19-17.json, api_response_2023-09-01_12-49-44.json, api_response_2023-09-01_12-39-42.json, api_response_2023-09-01_12-59-45.json, api_response_2023-09-01_10-49-22.json, api_response_2023-09-01_11-39-31.json, api_response_2023-09-01_13-19-49.json, api_response_2023-09-01_10-59-24.json, api_response_2023-09-01_12-09-36.json, api_response_2023-09-01_10-29-19.json

Record time: 2023-09-01T09:19:03Z
Event time: 2023-09-02T23:41:11.200Z
Status: Underway
Travel distance: 457.9767818574514
Waypoints: (63.06824810421934, 24.712634603513585), (62.9982500486098, 24.716540032173036), (62.928251993000224, 24.715409048307855), (62.85825393739065, 24.713255634832414), (62.788255881781076, 24.7120430896308), (62.71825782617152, 24.71230563945665), (62.64825977056196, 24.71368674475355), (62.578261714952404, 24.715394095396178), (62.50826365934285, 24.716571297352004), (62.43826560052994, 24.716586248995633), (62.36826754492397, 24.71723462735076), (62.29826948931799, 24.71361954105678), (62.22827143371201, 24.709133667553303), (62.15827337810604, 24.707853874230253), (62.08827532250007, 24.71255084766331), (62.018277266894074, 24.72381830640439), (61.94827921128813, 24.73827865158031), (61.878281155682146, 24.75884958578911), (61.80828310007616, 24.780014238549843), (61.738285044470175, 24.78831498935207), (61.668286988864196, 24.783116653586276), (61.598288933258225, 24.780332773265002), (61.52829087765227, 24.77811810882526), (61.45829282204629, 24.789319598838354), (61.38829476644031, 24.817914215191827), (61.318296710834325, 24.854082041518815), (61.24829865522835, 24.880774873685304), (61.17830059962238, 24.910683210136224), (61.1083025440164, 24.945024645108223), (61.03830448841043, 24.989962542616585), (60.968306432804454, 25.037354476806268), (60.898308377198454, 25.075948067502576), (60.82831032159251, 25.09555774310349), (60.758312265986525, 25.098752514359113), (60.68831421038055, 25.067720824711525), (60.618316154774575, 25.011500389895676), (60.548318099168604, 24.956271370820506), (60.47832004356263, 24.918933070776855), (60.408321987956654, 24.904184348018575), (60.338323932350676, 24.921430458336566), (60.268325876744704, 24.947738787059905), (60.198327821138726, 24.97576230271104), (60.12832976553274, 24.991370503754023), (60.05833170992677, 24.9959072674191), (59.9883336543208, 24.993651136921763), (59.918335598714826, 24.991091550275662), (59.848337543108855, 24.99376988063215), (59.778339487502876, 25.004537861861294), (59.7083414318969, 25.022735806683173), (59.638343376290926, 25.03764850885103), (59.56834532068494, 25.042728100906437), (59.49834726507898, 25.05292686625405), (59.428349209473, 25.072308478538194), (59.35835115386701, 25.101453462565196), (59.288353098261055, 25.14685502599031), (59.21835504265506, 25.194501410987957), (59.14835698704909, 25.237160560149384), (59.07835893144311, 25.269155393225653), (59.008360875837134, 25.278971539950906), (58.938362820231184, 25.286861399818786), (58.868364764625184, 25.289396483794494), (58.79836670901922, 25.292789161234097), (58.728368653413256, 25.31196344323027), (58.65837059780727, 25.330702331621687), (58.5883725422013, 25.34372455852737), (58.51837448659532, 25.355875998223553), (58.44837643098934, 25.37448106433818), (58.37837837538336, 25.3898291601108), (58.3083803197774, 25.407429616739147), (58.23838226417141, 25.423778552356442), (58.168384208565456, 25.459665540384258), (58.09838615295947, 25.488812409232064), (58.02838809735349, 25.52333855664244), (57.958390041747506, 25.55739349885288), (57.88839198614154, 25.592096819418437), (57.81839393053556, 25.617219595858707), (57.74839587492958, 25.61759090555627), (57.678397819323614, 25.603554645060296), (57.60839976371764, 25.58137972835088), (57.53840170811167, 25.558594129702335), (57.468403652505685, 25.55317526990296), (57.398405596899714, 25.57383856033095), (57.32840754129375, 25.62183929163897), (57.25661548517795, 25.68886728892076), (57.189084180272964, 25.766435204114927), (57.122201127653035, 25.839296721772037), (57.053497692162864, 25.90373686009573), (56.97425450367756, 25.940669923667425), (56.89913827014654, 25.975001934535417), (56.82871998122786, 26.009982323758546), (56.76978932582578, 26.05179895802248), (56.727519131040545, 26.104524935075535), (56.70185851660558, 26.16735732125701), (56.687159772932766, 26.24926597875307), (56.67404397088626, 26.33299725796251), (56.652510311405585, 26.413175649964376), (56.615294223098616, 26.47100572174324), (56.56047921592493, 26.50926946879958), (56.488779498070684, 26.527529612707852), (56.422753872165, 26.521262583548584), (56.35474014695487, 26.496588394458662), (56.27798934063656, 26.462974250363594), (56.2005028233302, 26.420168776278537), (56.12594603288787, 26.370432816112334), (56.058937938154855, 26.315022602928096), (56.005132073396574, 26.254370703099408), (55.97127062213742, 26.18854666651377), (55.96521155330295, 26.117997384182836), (55.99592880966533, 26.044567153259294), (56.07348554859199, 25.972797449460426)
Associated file(s): api_response_2023-09-01_15-10-08.json, api_response_2023-09-01_14-40-03.json, api_response_2023-09-01_16-20-19.json, api_response_2023-09-01_14-09-57.json, api_response_2023-09-01_15-30-11.json, api_response_2023-09-01_13-39-52.json, api_response_2023-09-01_16-40-23.json, api_response_2023-09-01_14-50-05.json, api_response_2023-09-01_16-00-16.json, api_response_2023-09-01_13-49-54.json, api_response_2023-09-01_15-20-10.json, api_response_2023-09-01_16-10-18.json, api_response_2023-09-01_14-30-01.json, api_response_2023-09-01_13-29-51.json, api_response_2023-09-01_13-59-56.json, api_response_2023-09-01_15-50-15.json, api_response_2023-09-01_15-00-06.json, api_response_2023-09-01_16-30-21.json, api_response_2023-09-01_15-40-13.json, api_response_2023-09-01_14-19-59.json

Record time: 2023-09-01T12:34:02Z
Event time: 2023-09-02T23:30:17.666Z
Status: Underway
Travel distance: 420.7143628509719
Waypoints: (62.36826754812363, 24.78749625873779), (62.2982694925141, 24.77220078944576), (62.22827143690454, 24.78668069106611), (62.15827338129497, 24.81174908757181), (62.088275325685395, 24.834612415088998), (62.01827727007583, 24.8479276345329), (61.94827921446627, 24.848860952100377), (61.878281158856716, 24.838148047619086), (61.80828310324716, 24.819155810753315), (61.738285044470175, 24.796945583794265), (61.668286988864196, 24.77216772956035), (61.598288933258225, 24.766615047484198), (61.52829087765227, 24.774427629699293), (61.45829282204629, 24.79193573010845), (61.38829476644031, 24.823497054400775), (61.318296710834325, 24.854754922544338), (61.24829865522835, 24.878980524283914), (61.17830059962238, 24.910683210136224), (61.1083025440164, 24.945024645108223), (61.03830448841043, 24.989962542616585), (60.968306432804454, 25.037354476806268), (60.898308377198454, 25.075948067502576), (60.82831032159251, 25.09555774310349), (60.758312265986525, 25.098752514359113), (60.68831421038055, 25.067720824711525), (60.618316154774575, 25.011500389895676), (60.548318099168604, 24.956271370820506), (60.47832004356263, 24.918933070776855), (60.408321987956654, 24.904184348018575), (60.338323932350676, 24.921430458336566), (60.268325876744704, 24.947738787059905), (60.198327821138726, 24.97576230271104), (60.12832976553274, 24.991370503754023), (60.05833170992677, 24.9959072674191), (59.9883336543208, 24.993651136921763), (59.918335598714826, 24.991091550275662), (59.848337543108855, 24.99376988063215), (59.778339487502876, 25.004537861861294), (59.7083414318969, 25.022735806683173), (59.638343376290926, 25.03764850885103), (59.56834532068494, 25.042728100906437), (59.49834726507898, 25.05292686625405), (59.428349209473, 25.072308478538194), (59.35835115386701, 25.101453462565196), (59.288353098261055, 25.14685502599031), (59.21835504265506, 25.194501410987957), (59.14835698704909, 25.237160560149384), (59.07835893144311, 25.269155393225653), (59.008360875837134, 25.278971539950906), (58.938362820231184, 25.286861399818786), (58.868364764625184, 25.289396483794494), (58.79836670901922, 25.292789161234097), (58.728368653413256, 25.31196344323027), (58.65837059780727, 25.330702331621687), (58.5883725422013, 25.34372455852737), (58.51837448659532, 25.355875998223553), (58.44837643098934, 25.37448106433818), (58.37837837538336, 25.3898291601108), (58.3083803197774, 25.407429616739147), (58.23838226417141, 25.423778552356442), (58.168384208565456, 25.459665540384258), (58.09838615295947, 25.488812409232064), (58.02838809735349, 25.52333855664244), (57.958390041747506, 25.55739349885288), (57.88839198614154, 25.592096819418437), (57.81839393053556, 25.617219595858707), (57.74839587492958, 25.61759090555627), (57.678397819323614, 25.603554645060296), (57.60839976371764, 25.58137972835088), (57.53840170811167, 25.558594129702335), (57.468403652505685, 25.55317526990296), (57.398405596899714, 25.57383856033095), (57.32840754129375, 25.62183929163897), (57.25661548517795, 25.68886728892076), (57.189084180272964, 25.766435204114927), (57.122201127653035, 25.839296721772037), (57.053497692162864, 25.90373686009573), (56.97425450367756, 25.940669923667425), (56.89913827014654, 25.975001934535417), (56.82871998122786, 26.009982323758546), (56.76978932582578, 26.05179895802248), (56.727519131040545, 26.104524935075535), (56.70185851660558, 26.16735732125701), (56.687159772932766, 26.24926597875307), (56.67404397088626, 26.33299725796251), (56.652510311405585, 26.413175649964376), (56.615294223098616, 26.47100572174324), (56.56047921592493, 26.50926946879958), (56.488779498070684, 26.527529612707852), (56.422753872165, 26.521262583548584), (56.35474014695487, 26.496588394458662), (56.27798934063656, 26.462974250363594), (56.2005028233302, 26.420168776278537), (56.12594603288787, 26.370432816112334), (56.058937938154855, 26.315022602928096), (56.005132073396574, 26.254370703099408), (55.97127062213742, 26.18854666651377), (55.96521155330295, 26.117997384182836), (55.99592880966533, 26.044567153259294), (56.07348554859199, 25.972797449460426)
Associated file(s): api_response_2023-09-01_19-50-54.json, api_response_2023-09-01_19-20-49.json, api_response_2023-09-01_17-30-31.json, api_response_2023-09-01_16-50-24.json, api_response_2023-09-01_18-30-41.json, api_response_2023-09-01_19-00-46.json, api_response_2023-09-01_17-10-28.json, api_response_2023-09-01_18-10-38.json, api_response_2023-09-01_19-40-53.json, api_response_2023-09-01_18-00-36.json, api_response_2023-09-01_18-40-43.json, api_response_2023-09-01_17-00-26.json, api_response_2023-09-01_19-10-48.json, api_response_2023-09-01_17-40-33.json, api_response_2023-09-01_18-20-39.json, api_response_2023-09-01_19-30-51.json, api_response_2023-09-01_17-20-29.json, api_response_2023-09-01_17-50-34.json, api_response_2023-09-01_18-50-44.json

Record time: 2023-09-01T15:41:04Z
Event time: 2023-09-02T23:16:38.800Z
Status: Underway
Travel distance: 385.11663066954645
Waypoints: (61.73828504763758, 24.795577822016174), (61.668286992028015, 24.765954938818076), (61.59828893641845, 24.771261897377993), (61.52829088080888, 24.78811226957941), (61.45829282519932, 24.80621724704417), (61.38829476958976, 24.823673777614832), (61.3182967139802, 24.843043572644714), (61.248298658370636, 24.868222985095525), (61.17830060276108, 24.90210375844264), (61.1083025440164, 24.945024645108223), (61.03830448841043, 24.989962542616585), (60.968306432804454, 25.037354476806268), (60.898308377198454, 25.075948067502576), (60.82831032159251, 25.09555774310349), (60.758312265986525, 25.098752514359113), (60.68831421038055, 25.067720824711525), (60.618316154774575, 25.011500389895676), (60.548318099168604, 24.956271370820506), (60.47832004356263, 24.918933070776855), (60.408321987956654, 24.904184348018575), (60.338323932350676, 24.921430458336566), (60.268325876744704, 24.947738787059905), (60.198327821138726, 24.97576230271104), (60.12832976553274, 24.991370503754023), (60.05833170992677, 24.9959072674191), (59.9883336543208, 24.993651136921763), (59.918335598714826, 24.991091550275662), (59.848337543108855, 24.99376988063215), (59.778339487502876, 25.004537861861294), (59.7083414318969, 25.022735806683173), (59.638343376290926, 25.03764850885103), (59.56834532068494, 25.042728100906437), (59.49834726507898, 25.05292686625405), (59.428349209473, 25.072308478538194), (59.35835115386701, 25.101453462565196), (59.288353098261055, 25.14685502599031), (59.21835504265506, 25.194501410987957), (59.14835698704909, 25.237160560149384), (59.07835893144311, 25.269155393225653), (59.008360875837134, 25.278971539950906), (58.938362820231184, 25.286861399818786), (58.868364764625184, 25.289396483794494), (58.79836670901922, 25.292789161234097), (58.728368653413256, 25.31196344323027), (58.65837059780727, 25.330702331621687), (58.5883725422013, 25.34372455852737), (58.51837448659532, 25.355875998223553), (58.44837643098934, 25.37448106433818), (58.37837837538336, 25.3898291601108), (58.3083803197774, 25.407429616739147), (58.23838226417141, 25.423778552356442), (58.168384208565456, 25.459665540384258), (58.09838615295947, 25.488812409232064), (58.02838809735349, 25.52333855664244), (57.958390041747506, 25.55739349885288), (57.88839198614154, 25.592096819418437), (57.81839393053556, 25.617219595858707), (57.74839587492958, 25.61759090555627), (57.678397819323614, 25.603554645060296), (57.60839976371764, 25.58137972835088), (57.53840170811167, 25.558594129702335), (57.468403652505685, 25.55317526990296), (57.398405596899714, 25.57383856033095), (57.32840754129375, 25.62183929163897), (57.25661548517795, 25.68886728892076), (57.189084180272964, 25.766435204114927), (57.122201127653035, 25.839296721772037), (57.053497692162864, 25.90373686009573), (56.97425450367756, 25.940669923667425), (56.89913827014654, 25.975001934535417), (56.82871998122786, 26.009982323758546), (56.76978932582578, 26.05179895802248), (56.727519131040545, 26.104524935075535), (56.70185851660558, 26.16735732125701), (56.687159772932766, 26.24926597875307), (56.67404397088626, 26.33299725796251), (56.652510311405585, 26.413175649964376), (56.615294223098616, 26.47100572174324), (56.56047921592493, 26.50926946879958), (56.488779498070684, 26.527529612707852), (56.422753872165, 26.521262583548584), (56.35474014695487, 26.496588394458662), (56.27798934063656, 26.462974250363594), (56.2005028233302, 26.420168776278537), (56.12594603288787, 26.370432816112334), (56.058937938154855, 26.315022602928096), (56.005132073396574, 26.254370703099408), (55.97127062213742, 26.18854666651377), (55.96521155330295, 26.117997384182836), (55.99592880966533, 26.044567153259294), (56.07348554859199, 25.972797449460426)
Associated file(s): api_response_2023-09-01_21-01-06.json, api_response_2023-09-01_21-41-13.json, api_response_2023-09-01_20-10-58.json, api_response_2023-09-01_21-21-09.json, api_response_2023-09-01_21-51-14.json, api_response_2023-09-01_20-31-01.json, api_response_2023-09-01_22-11-17.json, api_response_2023-09-01_21-31-11.json, api_response_2023-09-01_22-01-16.json, api_response_2023-09-01_20-51-04.json, api_response_2023-09-01_20-20-59.json, api_response_2023-09-01_20-41-03.json, api_response_2023-09-01_21-11-08.json, api_response_2023-09-01_20-00-56.json, api_response_2023-09-01_22-21-19.json

Record time: 2023-09-01T18:20:24Z
Event time: 2023-09-02T22:45:45Z
Status: Underway
Travel distance: 354.8963282937365
Waypoints: (61.17830060276101, 24.86977941299626), (61.1083025471515, 24.893682321992983), (61.038304491541936, 24.970027970883454), (60.968306435932355, 25.046651887862925), (60.898308380322774, 25.096492586949815), (60.8283103247132, 25.11067597198888), (60.75831226910364, 25.092497669283436), (60.68831421349409, 25.05230328885666), (60.61831615788453, 25.003266614341953), (60.548318099168604, 24.958065720221896), (60.47832004356263, 24.918933070776855), (60.408321987956654, 24.904184348018575), (60.338323932350676, 24.921430458336566), (60.268325876744704, 24.947738787059905), (60.198327821138726, 24.97576230271104), (60.12832976553274, 24.991370503754023), (60.05833170992677, 24.9959072674191), (59.9883336543208, 24.993651136921763), (59.918335598714826, 24.991091550275662), (59.848337543108855, 24.99376988063215), (59.778339487502876, 25.004537861861294), (59.7083414318969, 25.022735806683173), (59.638343376290926, 25.03764850885103), (59.56834532068494, 25.042728100906437), (59.49834726507898, 25.05292686625405), (59.428349209473, 25.072308478538194), (59.35835115386701, 25.101453462565196), (59.288353098261055, 25.14685502599031), (59.21835504265506, 25.194501410987957), (59.14835698704909, 25.237160560149384), (59.07835893144311, 25.269155393225653), (59.008360875837134, 25.278971539950906), (58.938362820231184, 25.286861399818786), (58.868364764625184, 25.289396483794494), (58.79836670901922, 25.292789161234097), (58.728368653413256, 25.31196344323027), (58.65837059780727, 25.330702331621687), (58.5883725422013, 25.34372455852737), (58.51837448659532, 25.355875998223553), (58.44837643098934, 25.37448106433818), (58.37837837538336, 25.3898291601108), (58.3083803197774, 25.407429616739147), (58.23838226417141, 25.423778552356442), (58.168384208565456, 25.459665540384258), (58.09838615295947, 25.488812409232064), (58.02838809735349, 25.52333855664244), (57.958390041747506, 25.55739349885288), (57.88839198614154, 25.592096819418437), (57.81839393053556, 25.617219595858707), (57.74839587492958, 25.61759090555627), (57.678397819323614, 25.603554645060296), (57.60839976371764, 25.58137972835088), (57.53840170811167, 25.558594129702335), (57.468403652505685, 25.55317526990296), (57.398405596899714, 25.57383856033095), (57.32840754129375, 25.62183929163897), (57.25661548517795, 25.68886728892076), (57.189084180272964, 25.766435204114927), (57.122201127653035, 25.839296721772037), (57.053497692162864, 25.90373686009573), (56.97425450367756, 25.940669923667425), (56.89913827014654, 25.975001934535417), (56.82871998122786, 26.009982323758546), (56.76978932582578, 26.05179895802248), (56.727519131040545, 26.104524935075535), (56.70185851660558, 26.16735732125701), (56.687159772932766, 26.24926597875307), (56.67404397088626, 26.33299725796251), (56.652510311405585, 26.413175649964376), (56.615294223098616, 26.47100572174324), (56.56047921592493, 26.50926946879958), (56.488779498070684, 26.527529612707852), (56.422753872165, 26.521262583548584), (56.35474014695487, 26.496588394458662), (56.27798934063656, 26.462974250363594), (56.2005028233302, 26.420168776278537), (56.12594603288787, 26.370432816112334), (56.058937938154855, 26.315022602928096), (56.005132073396574, 26.254370703099408), (55.97127062213742, 26.18854666651377), (55.96521155330295, 26.117997384182836), (55.99592880966533, 26.044567153259294), (56.07348554859199, 25.972797449460426)
Associated file(s): api_response_2023-09-01_23-51-34.json, api_response_2023-09-01_23-21-29.json, api_response_2023-09-02_01-01-45.json, api_response_2023-09-02_00-41-42.json, api_response_2023-09-02_00-11-37.json, api_response_2023-09-01_22-31-21.json, api_response_2023-09-01_23-01-26.json, api_response_2023-09-01_23-41-32.json, api_response_2023-09-02_00-21-39.json, api_response_2023-09-02_00-51-44.json, api_response_2023-09-02_01-31-50.json, api_response_2023-09-01_23-11-27.json, api_response_2023-09-02_01-21-49.json, api_response_2023-09-02_00-31-41.json, api_response_2023-09-01_22-41-22.json, api_response_2023-09-01_23-31-31.json, api_response_2023-09-02_01-11-47.json, api_response_2023-09-01_22-51-24.json, api_response_2023-09-02_00-01-35.json

Record time: 2023-09-01T21:31:55Z
Event time: 2023-09-02T22:18:26.625Z
Status: Underway
Travel distance: 306.38606911447084
Waypoints: (60.408321991055786, 24.918837391697608), (60.33832393544621, 25.00100208782458), (60.268325879836645, 25.07467549490076), (60.198327824227086, 25.13393105094195), (60.128329768617526, 25.176482725338925), (60.058331713007966, 25.202747508991557), (59.98833365739841, 25.215010815658626), (59.91833560178885, 25.216694794523338), (59.84833754617928, 25.211729553974443), (59.778339487502876, 25.20402729531004), (59.7083414318969, 25.199912731504124), (59.638343376290926, 25.198542466782687), (59.56834532068494, 25.19972990388655), (59.49834726507898, 25.202632527918208), (59.428349209473, 25.213899986659293), (59.35835115386701, 25.22836033183521), (59.288353098261055, 25.250725615445404), (59.21835504265506, 25.267628688377833), (59.14835698704909, 25.275281060824938), (59.07835893144311, 25.27549216075451), (59.008360875837134, 25.271138224707016), (58.938362820231184, 25.275610904464894), (58.868364764625184, 25.283911655267136), (58.79836670901922, 25.295405292504192), (58.728368653413256, 25.317546282439217), (58.65837059780727, 25.33137521264721), (58.5883725422013, 25.341930209125977), (58.51837448659532, 25.355875998223553), (58.44837643098934, 25.37448106433818), (58.37837837538336, 25.3898291601108), (58.3083803197774, 25.407429616739147), (58.23838226417141, 25.423778552356442), (58.168384208565456, 25.459665540384258), (58.09838615295947, 25.488812409232064), (58.02838809735349, 25.52333855664244), (57.958390041747506, 25.55739349885288), (57.88839198614154, 25.592096819418437), (57.81839393053556, 25.617219595858707), (57.74839587492958, 25.61759090555627), (57.678397819323614, 25.603554645060296), (57.60839976371764, 25.58137972835088), (57.53840170811167, 25.558594129702335), (57.468403652505685, 25.55317526990296), (57.398405596899714, 25.57383856033095), (57.32840754129375, 25.62183929163897), (57.25661548517795, 25.68886728892076), (57.189084180272964, 25.766435204114927), (57.122201127653035, 25.839296721772037), (57.053497692162864, 25.90373686009573), (56.97425450367756, 25.940669923667425), (56.89913827014654, 25.975001934535417), (56.82871998122786, 26.009982323758546), (56.76978932582578, 26.05179895802248), (56.727519131040545, 26.104524935075535), (56.70185851660558, 26.16735732125701), (56.687159772932766, 26.24926597875307), (56.67404397088626, 26.33299725796251), (56.652510311405585, 26.413175649964376), (56.615294223098616, 26.47100572174324), (56.56047921592493, 26.50926946879958), (56.488779498070684, 26.527529612707852), (56.422753872165, 26.521262583548584), (56.35474014695487, 26.496588394458662), (56.27798934063656, 26.462974250363594), (56.2005028233302, 26.420168776278537), (56.12594603288787, 26.370432816112334), (56.058937938154855, 26.315022602928096), (56.005132073396574, 26.254370703099408), (55.97127062213742, 26.18854666651377), (55.96521155330295, 26.117997384182836), (55.99592880966533, 26.044567153259294), (56.07348554859199, 25.972797449460426)
Associated file(s): api_response_2023-09-02_02-21-58.json, api_response_2023-09-02_03-02-05.json, api_response_2023-09-02_02-42-02.json, api_response_2023-09-02_04-02-15.json, api_response_2023-09-02_02-52-03.json, api_response_2023-09-02_03-32-10.json, api_response_2023-09-02_02-11-57.json, api_response_2023-09-02_04-32-20.json, api_response_2023-09-02_03-22-08.json, api_response_2023-09-02_02-01-55.json, api_response_2023-09-02_01-51-54.json, api_response_2023-09-02_02-32-00.json, api_response_2023-09-02_04-22-18.json, api_response_2023-09-02_03-12-07.json, api_response_2023-09-02_01-41-52.json, api_response_2023-09-02_04-12-16.json, api_response_2023-09-02_03-52-13.json, api_response_2023-09-02_03-42-12.json

Record time: 2023-09-02T00:32:15Z
Event time: 2023-09-02T22:27:59.400Z
Status: Underway
Travel distance: 268.6177105831533
Waypoints: (59.7783394905697, 25.05902152126941), (59.70834143496014, 25.153511300493065), (59.63834337935058, 25.187203614606503), (59.56834532374101, 25.197256848942573), (59.49834726813145, 25.203705791867243), (59.42834921252189, 25.214673164291256), (59.35835115691232, 25.230789524445843), (59.28835310130276, 25.24882154792249), (59.2183550456932, 25.26450868297674), (59.14835698704909, 25.27460817979942), (59.07835893144311, 25.277286510155903), (59.008360875837134, 25.271138224707016), (58.938362820231184, 25.275610904464894), (58.868364764625184, 25.283911655267136), (58.79836670901922, 25.295405292504192), (58.728368653413256, 25.317546282439217), (58.65837059780727, 25.33137521264721), (58.5883725422013, 25.341930209125977), (58.51837448659532, 25.355875998223553), (58.44837643098934, 25.37448106433818), (58.37837837538336, 25.3898291601108), (58.3083803197774, 25.407429616739147), (58.23838226417141, 25.423778552356442), (58.168384208565456, 25.459665540384258), (58.09838615295947, 25.488812409232064), (58.02838809735349, 25.52333855664244), (57.958390041747506, 25.55739349885288), (57.88839198614154, 25.592096819418437), (57.81839393053556, 25.617219595858707), (57.74839587492958, 25.61759090555627), (57.678397819323614, 25.603554645060296), (57.60839976371764, 25.58137972835088), (57.53840170811167, 25.558594129702335), (57.468403652505685, 25.55317526990296), (57.398405596899714, 25.57383856033095), (57.32840754129375, 25.62183929163897), (57.25661548517795, 25.68886728892076), (57.189084180272964, 25.766435204114927), (57.122201127653035, 25.839296721772037), (57.053497692162864, 25.90373686009573), (56.97425450367756, 25.940669923667425), (56.89913827014654, 25.975001934535417), (56.82871998122786, 26.009982323758546), (56.76978932582578, 26.05179895802248), (56.727519131040545, 26.104524935075535), (56.70185851660558, 26.16735732125701), (56.687159772932766, 26.24926597875307), (56.67404397088626, 26.33299725796251), (56.652510311405585, 26.413175649964376), (56.615294223098616, 26.47100572174324), (56.56047921592493, 26.50926946879958), (56.488779498070684, 26.527529612707852), (56.422753872165, 26.521262583548584), (56.35474014695487, 26.496588394458662), (56.27798934063656, 26.462974250363594), (56.2005028233302, 26.420168776278537), (56.12594603288787, 26.370432816112334), (56.058937938154855, 26.315022602928096), (56.005132073396574, 26.254370703099408), (55.97127062213742, 26.18854666651377), (55.96521155330295, 26.117997384182836), (55.99592880966533, 26.044567153259294), (56.07348554859199, 25.972797449460426)
Associated file(s): api_response_2023-09-02_05-52-33.json, api_response_2023-09-02_04-42-21.json, api_response_2023-09-02_07-22-48.json, api_response_2023-09-02_05-12-26.json, api_response_2023-09-02_06-02-34.json, api_response_2023-09-02_06-42-41.json, api_response_2023-09-02_05-22-28.json, api_response_2023-09-02_07-12-46.json, api_response_2023-09-02_06-52-43.json, api_response_2023-09-02_06-12-36.json, api_response_2023-09-02_05-32-30.json, api_response_2023-09-02_07-02-44.json, api_response_2023-09-02_05-02-25.json, api_response_2023-09-02_06-32-39.json, api_response_2023-09-02_05-42-31.json, api_response_2023-09-02_06-22-38.json, api_response_2023-09-02_04-52-23.json

Record time: 2023-09-02T03:21:44Z
Event time: 2023-09-02T23:09:48.500Z
Status: Underway
Travel distance: 233.292656587473
Waypoints: (59.14835699008366, 25.136449445686356), (59.07835893447407, 25.20810496361419), (59.0083608788645, 25.252113587354728), (58.93836282325494, 25.277884856383004), (58.86836476764538, 25.293009458102162), (58.79836671203582, 25.303281845693057), (58.72836865642626, 25.312783170229462), (58.658370600816696, 25.324024527058842), (58.58837254520713, 25.33815051644876), (58.51837448659532, 25.35520311719803), (58.44837643098934, 25.376275413739574), (58.37837837538336, 25.3898291601108), (58.3083803197774, 25.407429616739147), (58.23838226417141, 25.423778552356442), (58.168384208565456, 25.459665540384258), (58.09838615295947, 25.488812409232064), (58.02838809735349, 25.52333855664244), (57.958390041747506, 25.55739349885288), (57.88839198614154, 25.592096819418437), (57.81839393053556, 25.617219595858707), (57.74839587492958, 25.61759090555627), (57.678397819323614, 25.603554645060296), (57.60839976371764, 25.58137972835088), (57.53840170811167, 25.558594129702335), (57.468403652505685, 25.55317526990296), (57.398405596899714, 25.57383856033095), (57.32840754129375, 25.62183929163897), (57.25661548517795, 25.68886728892076), (57.189084180272964, 25.766435204114927), (57.122201127653035, 25.839296721772037), (57.053497692162864, 25.90373686009573), (56.97425450367756, 25.940669923667425), (56.89913827014654, 25.975001934535417), (56.82871998122786, 26.009982323758546), (56.76978932582578, 26.05179895802248), (56.727519131040545, 26.104524935075535), (56.70185851660558, 26.16735732125701), (56.687159772932766, 26.24926597875307), (56.67404397088626, 26.33299725796251), (56.652510311405585, 26.413175649964376), (56.615294223098616, 26.47100572174324), (56.56047921592493, 26.50926946879958), (56.488779498070684, 26.527529612707852), (56.422753872165, 26.521262583548584), (56.35474014695487, 26.496588394458662), (56.27798934063656, 26.462974250363594), (56.2005028233302, 26.420168776278537), (56.12594603288787, 26.370432816112334), (56.058937938154855, 26.315022602928096), (56.005132073396574, 26.254370703099408), (55.97127062213742, 26.18854666651377), (55.96521155330295, 26.117997384182836), (55.99592880966533, 26.044567153259294), (56.07348554859199, 25.972797449460426)
Associated file(s): api_response_2023-09-02_07-52-53.json, api_response_2023-09-02_08-02-55.json, api_response_2023-09-02_07-42-51.json, api_response_2023-09-02_07-32-50.json

Record time: 2023-09-02T04:04:15Z
Event time: 2023-09-02T23:51:41.333Z
Status: Underway
Travel distance: 223.99730021598273
Waypoints: (59.008360878864465, 25.207351880607792), (58.93836282325493, 25.259145659565405), (58.86836476764536, 25.28595768094675), (58.798366712035794, 25.301936866128152), (58.72836865642622, 25.314901965829534), (58.65837060081666, 25.328361334083585), (58.5883725452071, 25.3432002198158), (58.51837448959754, 25.35903557603544), (58.44837643398798, 25.37523838663738), (58.37837837538336, 25.39162350951219), (58.3083803197774, 25.407429616739147), (58.23838226417141, 25.423778552356442), (58.168384208565456, 25.459665540384258), (58.09838615295947, 25.488812409232064), (58.02838809735349, 25.52333855664244), (57.958390041747506, 25.55739349885288), (57.88839198614154, 25.592096819418437), (57.81839393053556, 25.617219595858707), (57.74839587492958, 25.61759090555627), (57.678397819323614, 25.603554645060296), (57.60839976371764, 25.58137972835088), (57.53840170811167, 25.558594129702335), (57.468403652505685, 25.55317526990296), (57.398405596899714, 25.57383856033095), (57.32840754129375, 25.62183929163897), (57.25661548517795, 25.68886728892076), (57.189084180272964, 25.766435204114927), (57.122201127653035, 25.839296721772037), (57.053497692162864, 25.90373686009573), (56.97425450367756, 25.940669923667425), (56.89913827014654, 25.975001934535417), (56.82871998122786, 26.009982323758546), (56.76978932582578, 26.05179895802248), (56.727519131040545, 26.104524935075535), (56.70185851660558, 26.16735732125701), (56.687159772932766, 26.24926597875307), (56.67404397088626, 26.33299725796251), (56.652510311405585, 26.413175649964376), (56.615294223098616, 26.47100572174324), (56.56047921592493, 26.50926946879958), (56.488779498070684, 26.527529612707852), (56.422753872165, 26.521262583548584), (56.35474014695487, 26.496588394458662), (56.27798934063656, 26.462974250363594), (56.2005028233302, 26.420168776278537), (56.12594603288787, 26.370432816112334), (56.058937938154855, 26.315022602928096), (56.005132073396574, 26.254370703099408), (55.97127062213742, 26.18854666651377), (55.96521155330295, 26.117997384182836), (55.99592880966533, 26.044567153259294), (56.07348554859199, 25.972797449460426)
Associated file(s): api_response_2023-09-02_08-32-59.json, api_response_2023-09-02_09-33-10.json, api_response_2023-09-02_11-13-26.json, api_response_2023-09-02_08-22-58.json, api_response_2023-09-02_10-43-21.json, api_response_2023-09-02_10-03-15.json, api_response_2023-09-02_11-23-28.json, api_response_2023-09-02_09-43-11.json, api_response_2023-09-02_09-03-05.json, api_response_2023-09-02_08-12-56.json, api_response_2023-09-02_08-53-03.json, api_response_2023-09-02_09-53-13.json, api_response_2023-09-02_10-33-19.json, api_response_2023-09-02_10-23-18.json, api_response_2023-09-02_09-13-06.json, api_response_2023-09-02_08-43-01.json, api_response_2023-09-02_09-23-08.json, api_response_2023-09-02_10-13-16.json, api_response_2023-09-02_11-03-24.json, api_response_2023-09-02_10-53-23.json

Record time: 2023-09-02T07:10:58Z
Event time: 2023-09-02T23:44:55.833Z
Status: Underway
Travel distance: 189.0610151187905
Waypoints: (58.378378378378386, 25.344986635835195), (58.30838032276882, 25.408946647477105), (58.23838226715926, 25.43418113096474), (58.1683842115497, 25.453979791265528), (58.09838615594013, 25.48203302425938), (58.028388100330574, 25.519239135539515), (57.95839004472101, 25.559420436452253), (57.88839198911144, 25.593948217375765), (57.818393933501866, 25.61527659823773), (57.74839587492958, 25.619385254957656), (57.678397819323614, 25.603554645060296), (57.60839976371764, 25.58137972835088), (57.53840170811167, 25.558594129702335), (57.468403652505685, 25.55317526990296), (57.398405596899714, 25.57383856033095), (57.32840754129375, 25.62183929163897), (57.25661548517795, 25.68886728892076), (57.189084180272964, 25.766435204114927), (57.122201127653035, 25.839296721772037), (57.053497692162864, 25.90373686009573), (56.97425450367756, 25.940669923667425), (56.89913827014654, 25.975001934535417), (56.82871998122786, 26.009982323758546), (56.76978932582578, 26.05179895802248), (56.727519131040545, 26.104524935075535), (56.70185851660558, 26.16735732125701), (56.687159772932766, 26.24926597875307), (56.67404397088626, 26.33299725796251), (56.652510311405585, 26.413175649964376), (56.615294223098616, 26.47100572174324), (56.56047921592493, 26.50926946879958), (56.488779498070684, 26.527529612707852), (56.422753872165, 26.521262583548584), (56.35474014695487, 26.496588394458662), (56.27798934063656, 26.462974250363594), (56.2005028233302, 26.420168776278537), (56.12594603288787, 26.370432816112334), (56.058937938154855, 26.315022602928096), (56.005132073396574, 26.254370703099408), (55.97127062213742, 26.18854666651377), (55.96521155330295, 26.117997384182836), (55.99592880966533, 26.044567153259294), (56.07348554859199, 25.972797449460426)
Associated file(s): api_response_2023-09-02_11-53-33.json, api_response_2023-09-02_12-33-40.json, api_response_2023-09-02_13-23-48.json, api_response_2023-09-02_13-43-52.json, api_response_2023-09-02_14-13-57.json, api_response_2023-09-02_13-53-53.json, api_response_2023-09-02_12-03-35.json, api_response_2023-09-02_13-13-47.json, api_response_2023-09-02_14-03-55.json, api_response_2023-09-02_11-33-30.json, api_response_2023-09-02_12-53-43.json, api_response_2023-09-02_12-13-36.json, api_response_2023-09-02_12-43-42.json, api_response_2023-09-02_13-03-45.json, api_response_2023-09-02_11-43-31.json, api_response_2023-09-02_12-23-38.json, api_response_2023-09-02_13-33-50.json

Record time: 2023-09-02T10:18:35Z
Event time: 2023-09-02T23:31:09.500Z
Status: Underway
Travel distance: 146.62257019438445
Waypoints: (57.673150370791255, 25.566065629203223), (57.61817279802233, 25.592148362012885), (57.54186508683787, 25.57193407016783), (57.46324232352484, 25.557003959108915), (57.39021733176082, 25.57027299473165), (57.32357385609632, 25.61526020600834), (57.26027340239038, 25.68393858665541), (57.19609573519983, 25.76316459584594), (57.127613032121815, 25.83968725796741), (57.053497692162864, 25.90373686009573), (56.97425450367756, 25.940669923667425), (56.89913827014654, 25.975001934535417), (56.82871998122786, 26.009982323758546), (56.76978932582578, 26.05179895802248), (56.727519131040545, 26.104524935075535), (56.70185851660558, 26.16735732125701), (56.687159772932766, 26.24926597875307), (56.67404397088626, 26.33299725796251), (56.652510311405585, 26.413175649964376), (56.615294223098616, 26.47100572174324), (56.56047921592493, 26.50926946879958), (56.488779498070684, 26.527529612707852), (56.422753872165, 26.521262583548584), (56.35474014695487, 26.496588394458662), (56.27798934063656, 26.462974250363594), (56.2005028233302, 26.420168776278537), (56.12594603288787, 26.370432816112334), (56.058937938154855, 26.315022602928096), (56.005132073396574, 26.254370703099408), (55.97127062213742, 26.18854666651377), (55.96521155330295, 26.117997384182836), (55.99592880966533, 26.044567153259294), (56.07348554859199, 25.972797449460426)
Associated file(s): api_response_2023-09-02_14-23-58.json, api_response_2023-09-02_15-14-07.json, api_response_2023-09-02_15-54-13.json, api_response_2023-09-02_16-34-20.json, api_response_2023-09-02_15-44-12.json, api_response_2023-09-02_15-24-09.json, api_response_2023-09-02_14-34-00.json, api_response_2023-09-02_16-04-15.json, api_response_2023-09-02_15-34-10.json, api_response_2023-09-02_16-44-22.json, api_response_2023-09-02_16-14-17.json, api_response_2023-09-02_15-04-05.json, api_response_2023-09-02_14-44-02.json, api_response_2023-09-02_16-24-18.json, api_response_2023-09-02_14-54-03.json

Record time: 2023-09-02T12:40:33Z
Event time: 2023-09-02T23:00:08Z
Status: Underway
Travel distance: 116.73596112311016
Waypoints: (57.18125639981325, 25.691624063410046), (57.13096769201342, 25.769207536947178), (57.055529399525284, 25.839237505455106), (56.9722327612207, 25.899033411061733), (56.89307087265893, 25.95096036117622), (56.82533869634121, 25.999896494780202), (56.7722733992877, 26.051180601058796), (56.73373501793684, 26.109039990371436), (56.70692745036709, 26.1754986175625), (56.687159772932766, 26.249765456265006), (56.67404397088626, 26.32988164918048), (56.652510311405585, 26.410708419537464), (56.615294223098616, 26.472800071144633), (56.56047921592493, 26.50926946879958), (56.488779498070684, 26.527529612707852), (56.422753872165, 26.521262583548584), (56.35474014695487, 26.496588394458662), (56.27798934063656, 26.462974250363594), (56.2005028233302, 26.420168776278537), (56.12594603288787, 26.370432816112334), (56.058937938154855, 26.315022602928096), (56.005132073396574, 26.254370703099408), (55.97127062213742, 26.18854666651377), (55.96521155330295, 26.117997384182836), (55.99592880966533, 26.044567153259294), (56.07348554859199, 25.972797449460426)
Associated file(s): api_response_2023-09-02_18-54-44.json, api_response_2023-09-02_17-24-28.json, api_response_2023-09-02_18-24-39.json, api_response_2023-09-02_17-54-33.json, api_response_2023-09-02_18-44-42.json, api_response_2023-09-02_18-14-37.json, api_response_2023-09-02_17-14-27.json, api_response_2023-09-02_17-44-32.json, api_response_2023-09-02_17-04-25.json, api_response_2023-09-02_18-04-35.json, api_response_2023-09-02_16-54-23.json, api_response_2023-09-02_19-04-46.json, api_response_2023-09-02_17-34-30.json, api_response_2023-09-02_18-34-40.json

Record time: 2023-09-02T15:03:24Z
Event time: 2023-09-02T22:44:22.750Z
Status: Underway
Travel distance: 85.27861771058315
Waypoints: (56.915159275518384, 26.120053974984963), (56.82430816251122, 26.172795973017507), (56.76250120166673, 26.24972022191249), (56.71049340327129, 26.333180086931055), (56.65874652931978, 26.409828137085757), (56.60381021643654, 26.470503418358113), (56.54544745825169, 26.509967941252153), (56.48450444723262, 26.526492382683998), (56.42152477618536, 26.521291002308256), (56.3555203141476, 26.492540960730334), (56.280603832770055, 26.454482079194204), (56.20164833742573, 26.412390285155126), (56.12529338925306, 26.367983786288182), (56.057065150323, 26.319396972366434), (56.00324827578314, 26.262640910139375), (55.970669201397286, 26.194185547728164), (55.9664794312989, 26.11474820443336), (55.997938825744704, 26.034288345854616), (56.07219888886817, 25.978208644322265)
Associated file(s): api_response_2023-09-02_20-04-56.json, api_response_2023-09-02_19-34-51.json, api_response_2023-09-02_19-14-48.json, api_response_2023-09-02_19-44-53.json, api_response_2023-09-02_20-14-58.json, api_response_2023-09-02_19-24-49.json, api_response_2023-09-02_19-54-54.json

Record time: 2023-09-02T16:18:24Z
Event time: 2023-09-02T23:00:27Z
Status: Underway
Travel distance: 79.76349892008639
Waypoints: (56.84054430683189, 26.324151795299706), (56.75980800237188, 26.258362125279948), (56.70160034927309, 26.3125884196924), (56.65240038781018, 26.40116086113063), (56.603770473778205, 26.477501178043198), (56.55100889365593, 26.522354838562737), (56.49204745883032, 26.53384680845891), (56.42659407888222, 26.519360873215234), (56.3555203141476, 26.489242524330535), (56.280603832770055, 26.454482079194204), (56.20164833742573, 26.412390285155126), (56.12529338925306, 26.367983786288182), (56.057065150323, 26.319396972366434), (56.00324827578314, 26.262640910139375), (55.970669201397286, 26.194185547728164), (55.9664794312989, 26.11474820443336), (55.997938825744704, 26.034288345854616), (56.07219888886817, 25.978208644322265)
Associated file(s): api_response_2023-09-02_23-25-30.json, api_response_2023-09-02_21-15-08.json, api_response_2023-09-02_20-45-03.json, api_response_2023-09-02_22-55-25.json, api_response_2023-09-02_21-25-10.json, api_response_2023-09-02_23-15-28.json, api_response_2023-09-02_20-35-02.json, api_response_2023-09-02_20-55-05.json, api_response_2023-09-02_22-05-17.json, api_response_2023-09-02_22-45-23.json, api_response_2023-09-02_22-15-18.json, api_response_2023-09-02_21-35-12.json, api_response_2023-09-02_21-55-15.json, api_response_2023-09-02_20-25-00.json, api_response_2023-09-02_23-05-26.json, api_response_2023-09-02_22-35-21.json, api_response_2023-09-02_21-45-13.json, api_response_2023-09-02_21-05-07.json, api_response_2023-09-02_22-25-20.json

Record time: 2023-09-02T19:25:26Z
Event time: 2023-09-02T23:21:10.750Z
Status: Underway
Travel distance: 49.375269978401725
Waypoints: (56.348434765700944, 26.60443407234539), (56.2784367100914, 26.534422403733956), (56.208438654481824, 26.46441073512252), (56.13844059887225, 26.394399066511085), (56.06844254326268, 26.32438739789965), (55.99844448765313, 26.254375729288213), (55.92844643204356, 26.184364060676778), (55.99844448765313, 26.114352392065342), (55.99844448765313, 26.044340723453907), (56.06844254326268, 25.97432905484247)
Associated file(s): api_response_2023-09-03_00-05-36.json, api_response_2023-09-03_00-45-43.json, api_response_2023-09-02_23-35-31.json, api_response_2023-09-03_00-25-39.json, api_response_2023-09-03_00-55-45.json, api_response_2023-09-03_00-35-41.json, api_response_2023-09-02_23-45-33.json, api_response_2023-09-02_23-55-34.json, api_response_2023-09-03_00-15-38.json, api_response_2023-09-03_01-05-46.json

Record time: 2023-09-02T21:12:36Z
Event time: 2023-09-02T22:58:15.750Z
Status: Underway
Travel distance: 21.156047516198704
Waypoints: (56.13844059887225, 26.254375729288213), (56.06844254326268, 26.184364060676778), (55.99844448765313, 26.114352392065342), (55.99844448765313, 26.044340723453907), (56.06844254326268, 25.97432905484247)
Associated file(s): api_response_2023-09-03_02-46-03.json, api_response_2023-09-03_02-25-59.json, api_response_2023-09-03_01-15-48.json, api_response_2023-09-03_02-05-56.json, api_response_2023-09-03_01-25-50.json, api_response_2023-09-03_02-56-04.json, api_response_2023-09-03_01-35-51.json, api_response_2023-09-03_02-15-58.json, api_response_2023-09-03_02-36-01.json, api_response_2023-09-03_01-55-54.json, api_response_2023-09-03_03-06-06.json, api_response_2023-09-03_01-45-53.json

Record time: 2023-09-04T11:48:23Z
Event time: 2023-09-04T11:48:23Z
Status: Arrived
Travel distance: N/A
Waypoints: 
Associated file(s): api_response_2023-09-05_03-04-17.json, api_response_2023-09-04_16-32-26.json, api_response_2023-09-04_17-22-35.json, api_response_2023-09-05_01-34-02.json, api_response_2023-09-04_21-03-14.json, api_response_2023-09-04_20-53-13.json, api_response_2023-09-05_00-03-47.json, api_response_2023-09-04_17-02-31.json, api_response_2023-09-04_16-12-22.json, api_response_2023-09-04_19-22-56.json, api_response_2023-09-04_22-53-34.json, api_response_2023-09-04_15-52-19.json, api_response_2023-09-05_02-14-09.json, api_response_2023-09-05_01-13-59.json, api_response_2023-09-04_19-02-53.json, api_response_2023-09-04_21-43-21.json, api_response_2023-09-04_22-23-29.json, api_response_2023-09-04_23-33-41.json, api_response_2023-09-05_01-44-04.json, api_response_2023-09-04_17-42-38.json, api_response_2023-09-05_02-24-11.json, api_response_2023-09-04_19-43-00.json, api_response_2023-09-04_23-13-38.json, api_response_2023-09-05_02-54-16.json, api_response_2023-09-04_18-42-49.json, api_response_2023-09-05_00-33-52.json, api_response_2023-09-05_03-34-22.json, api_response_2023-09-04_22-13-27.json, api_response_2023-09-04_19-12-54.json, api_response_2023-09-04_20-33-09.json, api_response_2023-09-05_00-43-54.json, api_response_2023-09-05_03-44-24.json, api_response_2023-09-04_21-33-20.json, api_response_2023-09-04_22-43-32.json, api_response_2023-09-05_02-44-14.json, api_response_2023-09-04_19-53-02.json, api_response_2023-09-05_02-34-13.json, api_response_2023-09-04_16-52-29.json, api_response_2023-09-04_18-52-51.json, api_response_2023-09-04_23-03-36.json, api_response_2023-09-04_22-03-25.json, api_response_2023-09-04_23-43-43.json, api_response_2023-09-05_00-23-50.json, api_response_2023-09-05_00-53-56.json, api_response_2023-09-05_03-24-21.json, api_response_2023-09-04_18-12-44.json, api_response_2023-09-04_21-23-18.json, api_response_2023-09-04_16-42-28.json, api_response_2023-09-04_17-52-40.json, api_response_2023-09-04_20-23-07.json, api_response_2023-09-05_00-13-49.json, api_response_2023-09-04_21-13-16.json, api_response_2023-09-04_20-13-05.json, api_response_2023-09-04_17-32-37.json, api_response_2023-09-04_23-23-39.json, api_response_2023-09-04_16-22-24.json, api_response_2023-09-04_22-33-30.json, api_response_2023-09-04_18-22-46.json, api_response_2023-09-04_16-02-21.json, api_response_2023-09-04_20-43-11.json, api_response_2023-09-05_03-14-19.json, api_response_2023-09-04_17-12-33.json, api_response_2023-09-04_18-32-47.json, api_response_2023-09-05_01-03-57.json, api_response_2023-09-05_01-54-06.json, api_response_2023-09-05_02-04-07.json, api_response_2023-09-04_23-53-44.json, api_response_2023-09-04_21-53-23.json, api_response_2023-09-04_19-32-58.json, api_response_2023-09-04_18-02-42.json, api_response_2023-09-04_20-03-04.json, api_response_2023-09-05_01-24-01.json
