Record time: 2023-10-31T05:12:53Z
Event time: 2023-11-02T09:15:58.666Z
Status: Underway
Travel distance: 659.8871490280777
Waypoints: (66.86999999999998, 24.41574146037029), (66.68999999999998, 24.510040441023495), (66.50999999999998, 24.56781078084655), (66.32999999999996, 24.610006701012), (66.14999999999995, 24.64701114795825), (65.96999999999996, 24.68209526303553), (65.78999999999996, 24.714329783771223), (65.60999999999999, 24.740948376754496), (65.43, 24.75916290214027), (65.24999999665243, 24.76743060850186), (65.06999999666169, 24.751284155413444), (64.8899999966709, 24.741989768551626), (64.70999999668014, 24.74365674930265), (64.52999999668937, 24.754613271041222), (64.34999999669861, 24.749999998730246), (64.16999999670784, 24.749999998730246), (63.98999999671708, 24.749999998730246), (63.80999999672631, 24.749999998730246), (63.62999999673554, 24.749999998730246), (63.449999996744786, 24.749999998730246), (63.269999996754, 24.749999998730246), (63.089999996763254, 24.749999998730246), (62.909999996772484, 24.749999998730246), (62.72999999678173, 24.749999998730246), (62.54999999679096, 24.749999998730246), (62.3699999968002, 24.749999998730246), (62.189999996809426, 24.749999998730246), (62.009999996818664, 24.74538672641927), (61.829999996827894, 24.75172997584686), (61.64999999683714, 24.759740206025473), (61.469999996846376, 24.763069321653244), (61.289999996855585, 24.743908734765014), (61.10999999686484, 24.71979081849219), (60.92999999687408, 24.71704320777756), (60.7499999968833, 24.754797414263713), (60.569999996892555, 24.83763278914168), (60.389999996901764, 24.95493686774651), (60.209999996911016, 25.08506312968626), (60.029999996920246, 25.20236720829109), (59.84999999692947, 25.285202583169056), (59.66999999693871, 25.322956789655205), (59.489999996947944, 25.32020917894058), (59.30999999695718, 25.291477990356775), (59.12999999696641, 25.283273925207112), (58.94999999697565, 25.28365674927494), (58.769999996984886, 25.288715842019325), (58.589999996994116, 25.291536140848095), (58.409999997003354, 25.282348363220347), (58.22999999701258, 25.281606944456083), (58.049999997021835, 25.294467894785218), (57.86999999703106, 25.336840219456626), (57.689999997040296, 25.40659173378876), (57.509999997049526, 25.500756762724567), (57.32077345243681, 25.636271636859497), (57.15253729977119, 25.822021429532953), (56.98470555439985, 26.028796147774734), (56.80977416267944, 26.23070538797591), (56.62172190555441, 26.396683351485006), (56.420458914083625, 26.495375910131088), (56.21756030788431, 26.50168205190961), (56.04328495943412, 26.40494970814621), (55.95487938423123, 26.21882596213852), (56.04616675681281, 25.992761639275923)
Associated file(s): api_response_2023-10-31_09-22-48.json

Record time: 2023-10-31T05:37:42Z
Event time: 2023-11-02T07:04:12.666Z
Status: Underway
Travel distance: 659.8871490280777
Waypoints: (66.86999999999998, 24.41574146037029), (66.68999999999998, 24.510040441023495), (66.50999999999998, 24.56781078084655), (66.32999999999996, 24.610006701012), (66.14999999999995, 24.64701114795825), (65.96999999999996, 24.68209526303553), (65.78999999999996, 24.714329783771223), (65.60999999999999, 24.740948376754496), (65.43, 24.75916290214027), (65.24999999665243, 24.76743060850186), (65.06999999666169, 24.751284155413444), (64.8899999966709, 24.741989768551626), (64.70999999668014, 24.74365674930265), (64.52999999668937, 24.754613271041222), (64.34999999669861, 24.749999998730246), (64.16999999670784, 24.749999998730246), (63.98999999671708, 24.749999998730246), (63.80999999672631, 24.749999998730246), (63.62999999673554, 24.749999998730246), (63.449999996744786, 24.749999998730246), (63.269999996754, 24.749999998730246), (63.089999996763254, 24.749999998730246), (62.909999996772484, 24.749999998730246), (62.72999999678173, 24.749999998730246), (62.54999999679096, 24.749999998730246), (62.3699999968002, 24.749999998730246), (62.189999996809426, 24.749999998730246), (62.009999996818664, 24.74538672641927), (61.829999996827894, 24.75172997584686), (61.64999999683714, 24.759740206025473), (61.469999996846376, 24.763069321653244), (61.289999996855585, 24.743908734765014), (61.10999999686484, 24.71979081849219), (60.92999999687408, 24.71704320777756), (60.7499999968833, 24.754797414263713), (60.569999996892555, 24.83763278914168), (60.389999996901764, 24.95493686774651), (60.209999996911016, 25.08506312968626), (60.029999996920246, 25.20236720829109), (59.84999999692947, 25.285202583169056), (59.66999999693871, 25.322956789655205), (59.489999996947944, 25.32020917894058), (59.30999999695718, 25.291477990356775), (59.12999999696641, 25.283273925207112), (58.94999999697565, 25.28365674927494), (58.769999996984886, 25.288715842019325), (58.589999996994116, 25.291536140848095), (58.409999997003354, 25.282348363220347), (58.22999999701258, 25.281606944456083), (58.049999997021835, 25.294467894785218), (57.86999999703106, 25.336840219456626), (57.689999997040296, 25.40659173378876), (57.509999997049526, 25.500756762724567), (57.32077345243681, 25.636271636859497), (57.15253729977119, 25.822021429532953), (56.98470555439985, 26.028796147774734), (56.80977416267944, 26.23070538797591), (56.62172190555441, 26.396683351485006), (56.420458914083625, 26.495375910131088), (56.21756030788431, 26.50168205190961), (56.04328495943412, 26.40494970814621), (55.95487938423123, 26.21882596213852), (56.04616675681281, 25.992761639275923)
Associated file(s): api_response_2023-10-31_09-42-51.json, api_response_2023-10-31_10-02-54.json

Record time: 2023-10-31T06:18:58Z
Event time: 2023-11-02T06:46:12.125Z
Status: Underway
Travel distance: 650.8039956803456
Waypoints: (66.69, 24.410970917412126), (66.51, 24.508450260037453), (66.33, 24.589044374013394), (66.15, 24.651959417026653), (65.97000000000001, 24.69794495772099), (65.79000000000002, 24.728845247739226), (65.61000000000003, 24.74720089085772), (65.43000000000004, 24.755900909213306), (65.25000000000003, 24.75788520662272), (65.06999999666169, 24.75589742772442), (64.8899999966709, 24.741989768551626), (64.70999999668014, 24.74365674930265), (64.52999999668937, 24.754613271041222), (64.34999999669861, 24.749999998730246), (64.16999999670784, 24.749999998730246), (63.98999999671708, 24.749999998730246), (63.80999999672631, 24.749999998730246), (63.62999999673554, 24.749999998730246), (63.449999996744786, 24.749999998730246), (63.269999996754, 24.749999998730246), (63.089999996763254, 24.749999998730246), (62.909999996772484, 24.749999998730246), (62.72999999678173, 24.749999998730246), (62.54999999679096, 24.749999998730246), (62.3699999968002, 24.749999998730246), (62.189999996809426, 24.749999998730246), (62.009999996818664, 24.74538672641927), (61.829999996827894, 24.75172997584686), (61.64999999683714, 24.759740206025473), (61.469999996846376, 24.763069321653244), (61.289999996855585, 24.743908734765014), (61.10999999686484, 24.71979081849219), (60.92999999687408, 24.71704320777756), (60.7499999968833, 24.754797414263713), (60.569999996892555, 24.83763278914168), (60.389999996901764, 24.95493686774651), (60.209999996911016, 25.08506312968626), (60.029999996920246, 25.20236720829109), (59.84999999692947, 25.285202583169056), (59.66999999693871, 25.322956789655205), (59.489999996947944, 25.32020917894058), (59.30999999695718, 25.291477990356775), (59.12999999696641, 25.283273925207112), (58.94999999697565, 25.28365674927494), (58.769999996984886, 25.288715842019325), (58.589999996994116, 25.291536140848095), (58.409999997003354, 25.282348363220347), (58.22999999701258, 25.281606944456083), (58.049999997021835, 25.294467894785218), (57.86999999703106, 25.336840219456626), (57.689999997040296, 25.40659173378876), (57.509999997049526, 25.500756762724567), (57.32077345243681, 25.636271636859497), (57.15253729977119, 25.822021429532953), (56.98470555439985, 26.028796147774734), (56.80977416267944, 26.23070538797591), (56.62172190555441, 26.396683351485006), (56.420458914083625, 26.495375910131088), (56.21756030788431, 26.50168205190961), (56.04328495943412, 26.40494970814621), (55.95487938423123, 26.21882596213852), (56.04616675681281, 25.992761639275923)
Associated file(s): api_response_2023-10-31_10-22-58.json

Record time: 2023-10-31T06:31:49Z
Event time: 2023-11-02T07:53:02.888Z
Status: Underway
Travel distance: 642.8515118790497
Waypoints: (66.51, 24.394751071354285), (66.33000000000003, 24.5380276263782), (66.15000000000003, 24.638601896743715), (65.97000000000003, 24.703304803044574), (65.79000000000003, 24.7398976737356), (65.61000000000004, 24.7562377855823), (65.43000000000005, 24.759607694660975), (65.25000000000006, 24.75620835790943), (65.07000000000006, 24.75081604522817), (64.8899999966709, 24.746603040862603), (64.70999999668014, 24.74365674930265), (64.52999999668937, 24.754613271041222), (64.34999999669861, 24.749999998730246), (64.16999999670784, 24.749999998730246), (63.98999999671708, 24.749999998730246), (63.80999999672631, 24.749999998730246), (63.62999999673554, 24.749999998730246), (63.449999996744786, 24.749999998730246), (63.269999996754, 24.749999998730246), (63.089999996763254, 24.749999998730246), (62.909999996772484, 24.749999998730246), (62.72999999678173, 24.749999998730246), (62.54999999679096, 24.749999998730246), (62.3699999968002, 24.749999998730246), (62.189999996809426, 24.749999998730246), (62.009999996818664, 24.74538672641927), (61.829999996827894, 24.75172997584686), (61.64999999683714, 24.759740206025473), (61.469999996846376, 24.763069321653244), (61.289999996855585, 24.743908734765014), (61.10999999686484, 24.71979081849219), (60.92999999687408, 24.71704320777756), (60.7499999968833, 24.754797414263713), (60.569999996892555, 24.83763278914168), (60.389999996901764, 24.95493686774651), (60.209999996911016, 25.08506312968626), (60.029999996920246, 25.20236720829109), (59.84999999692947, 25.285202583169056), (59.66999999693871, 25.322956789655205), (59.489999996947944, 25.32020917894058), (59.30999999695718, 25.291477990356775), (59.12999999696641, 25.283273925207112), (58.94999999697565, 25.28365674927494), (58.769999996984886, 25.288715842019325), (58.589999996994116, 25.291536140848095), (58.409999997003354, 25.282348363220347), (58.22999999701258, 25.281606944456083), (58.049999997021835, 25.294467894785218), (57.86999999703106, 25.336840219456626), (57.689999997040296, 25.40659173378876), (57.509999997049526, 25.500756762724567), (57.32077345243681, 25.636271636859497), (57.15253729977119, 25.822021429532953), (56.98470555439985, 26.028796147774734), (56.80977416267944, 26.23070538797591), (56.62172190555441, 26.396683351485006), (56.420458914083625, 26.495375910131088), (56.21756030788431, 26.50168205190961), (56.04328495943412, 26.40494970814621), (55.95487938423123, 26.21882596213852), (56.04616675681281, 25.992761639275923)
Associated file(s): api_response_2023-10-31_10-43-01.json

Record time: 2023-10-31T06:45:24Z
Event time: 2023-11-02T08:45:41Z
Status: Underway
Travel distance: 642.8515118790497
Waypoints: (66.51, 24.394751071354285), (66.33000000000003, 24.5380276263782), (66.15000000000003, 24.638601896743715), (65.97000000000003, 24.703304803044574), (65.79000000000003, 24.7398976737356), (65.61000000000004, 24.7562377855823), (65.43000000000005, 24.759607694660975), (65.25000000000006, 24.75620835790943), (65.07000000000006, 24.75081604522817), (64.8899999966709, 24.746603040862603), (64.70999999668014, 24.74365674930265), (64.52999999668937, 24.754613271041222), (64.34999999669861, 24.749999998730246), (64.16999999670784, 24.749999998730246), (63.98999999671708, 24.749999998730246), (63.80999999672631, 24.749999998730246), (63.62999999673554, 24.749999998730246), (63.449999996744786, 24.749999998730246), (63.269999996754, 24.749999998730246), (63.089999996763254, 24.749999998730246), (62.909999996772484, 24.749999998730246), (62.72999999678173, 24.749999998730246), (62.54999999679096, 24.749999998730246), (62.3699999968002, 24.749999998730246), (62.189999996809426, 24.749999998730246), (62.009999996818664, 24.74538672641927), (61.829999996827894, 24.75172997584686), (61.64999999683714, 24.759740206025473), (61.469999996846376, 24.763069321653244), (61.289999996855585, 24.743908734765014), (61.10999999686484, 24.71979081849219), (60.92999999687408, 24.71704320777756), (60.7499999968833, 24.754797414263713), (60.569999996892555, 24.83763278914168), (60.389999996901764, 24.95493686774651), (60.209999996911016, 25.08506312968626), (60.029999996920246, 25.20236720829109), (59.84999999692947, 25.285202583169056), (59.66999999693871, 25.322956789655205), (59.489999996947944, 25.32020917894058), (59.30999999695718, 25.291477990356775), (59.12999999696641, 25.283273925207112), (58.94999999697565, 25.28365674927494), (58.769999996984886, 25.288715842019325), (58.589999996994116, 25.291536140848095), (58.409999997003354, 25.282348363220347), (58.22999999701258, 25.281606944456083), (58.049999997021835, 25.294467894785218), (57.86999999703106, 25.336840219456626), (57.689999997040296, 25.40659173378876), (57.509999997049526, 25.500756762724567), (57.32077345243681, 25.636271636859497), (57.15253729977119, 25.822021429532953), (56.98470555439985, 26.028796147774734), (56.80977416267944, 26.23070538797591), (56.62172190555441, 26.396683351485006), (56.420458914083625, 26.495375910131088), (56.21756030788431, 26.50168205190961), (56.04328495943412, 26.40494970814621), (55.95487938423123, 26.21882596213852), (56.04616675681281, 25.992761639275923)
Associated file(s): api_response_2023-10-31_11-03-04.json

Record time: 2023-10-31T07:06:55Z
Event time: 2023-11-02T09:29:04.090Z
Status: Underway
Travel distance: 642.8515118790497
Waypoints: (66.51, 24.394751071354285), (66.33000000000003, 24.5380276263782), (66.15000000000003, 24.638601896743715), (65.97000000000003, 24.703304803044574), (65.79000000000003, 24.7398976737356), (65.61000000000004, 24.7562377855823), (65.43000000000005, 24.759607694660975), (65.25000000000006, 24.75620835790943), (65.07000000000006, 24.75081604522817), (64.8899999966709, 24.746603040862603), (64.70999999668014, 24.74365674930265), (64.52999999668937, 24.754613271041222), (64.34999999669861, 24.749999998730246), (64.16999999670784, 24.749999998730246), (63.98999999671708, 24.749999998730246), (63.80999999672631, 24.749999998730246), (63.62999999673554, 24.749999998730246), (63.449999996744786, 24.749999998730246), (63.269999996754, 24.749999998730246), (63.089999996763254, 24.749999998730246), (62.909999996772484, 24.749999998730246), (62.72999999678173, 24.749999998730246), (62.54999999679096, 24.749999998730246), (62.3699999968002, 24.749999998730246), (62.189999996809426, 24.749999998730246), (62.009999996818664, 24.74538672641927), (61.829999996827894, 24.75172997584686), (61.64999999683714, 24.759740206025473), (61.469999996846376, 24.763069321653244), (61.289999996855585, 24.743908734765014), (61.10999999686484, 24.71979081849219), (60.92999999687408, 24.71704320777756), (60.7499999968833, 24.754797414263713), (60.569999996892555, 24.83763278914168), (60.389999996901764, 24.95493686774651), (60.209999996911016, 25.08506312968626), (60.029999996920246, 25.20236720829109), (59.84999999692947, 25.285202583169056), (59.66999999693871, 25.322956789655205), (59.489999996947944, 25.32020917894058), (59.30999999695718, 25.291477990356775), (59.12999999696641, 25.283273925207112), (58.94999999697565, 25.28365674927494), (58.769999996984886, 25.288715842019325), (58.589999996994116, 25.291536140848095), (58.409999997003354, 25.282348363220347), (58.22999999701258, 25.281606944456083), (58.049999997021835, 25.294467894785218), (57.86999999703106, 25.336840219456626), (57.689999997040296, 25.40659173378876), (57.509999997049526, 25.500756762724567), (57.32077345243681, 25.636271636859497), (57.15253729977119, 25.822021429532953), (56.98470555439985, 26.028796147774734), (56.80977416267944, 26.23070538797591), (56.62172190555441, 26.396683351485006), (56.420458914083625, 26.495375910131088), (56.21756030788431, 26.50168205190961), (56.04328495943412, 26.40494970814621), (55.95487938423123, 26.21882596213852), (56.04616675681281, 25.992761639275923)
Associated file(s): api_response_2023-10-31_11-23-07.json

Record time: 2023-10-31T07:41:33Z
Event time: 2023-11-02T13:26:12.900Z
Status: Underway
Travel distance: 636.036717062635
Waypoints: (66.32999999999998, 24.381393551071355), (66.15000000000002, 24.603543083003945), (65.97000000000001, 24.71119958394008), (65.79, 24.752862325774903), (65.61, 24.761131266902428), (65.42999999999999, 24.756315290201787), (65.25, 24.749612065737466), (65.07000000000002, 24.745859538173498), (64.89000000000003, 24.745859038901603), (64.70999999668014, 24.748270021613628), (64.52999999668937, 24.754613271041222), (64.34999999669861, 24.749999998730246), (64.16999999670784, 24.749999998730246), (63.98999999671708, 24.749999998730246), (63.80999999672631, 24.749999998730246), (63.62999999673554, 24.749999998730246), (63.449999996744786, 24.749999998730246), (63.269999996754, 24.749999998730246), (63.089999996763254, 24.749999998730246), (62.909999996772484, 24.749999998730246), (62.72999999678173, 24.749999998730246), (62.54999999679096, 24.749999998730246), (62.3699999968002, 24.749999998730246), (62.189999996809426, 24.749999998730246), (62.009999996818664, 24.74538672641927), (61.829999996827894, 24.75172997584686), (61.64999999683714, 24.759740206025473), (61.469999996846376, 24.763069321653244), (61.289999996855585, 24.743908734765014), (61.10999999686484, 24.71979081849219), (60.92999999687408, 24.71704320777756), (60.7499999968833, 24.754797414263713), (60.569999996892555, 24.83763278914168), (60.389999996901764, 24.95493686774651), (60.209999996911016, 25.08506312968626), (60.029999996920246, 25.20236720829109), (59.84999999692947, 25.285202583169056), (59.66999999693871, 25.322956789655205), (59.489999996947944, 25.32020917894058), (59.30999999695718, 25.291477990356775), (59.12999999696641, 25.283273925207112), (58.94999999697565, 25.28365674927494), (58.769999996984886, 25.288715842019325), (58.589999996994116, 25.291536140848095), (58.409999997003354, 25.282348363220347), (58.22999999701258, 25.281606944456083), (58.049999997021835, 25.294467894785218), (57.86999999703106, 25.336840219456626), (57.689999997040296, 25.40659173378876), (57.509999997049526, 25.500756762724567), (57.32077345243681, 25.636271636859497), (57.15253729977119, 25.822021429532953), (56.98470555439985, 26.028796147774734), (56.80977416267944, 26.23070538797591), (56.62172190555441, 26.396683351485006), (56.420458914083625, 26.495375910131088), (56.21756030788431, 26.50168205190961), (56.04328495943412, 26.40494970814621), (55.95487938423123, 26.21882596213852), (56.04616675681281, 25.992761639275923)
Associated file(s): api_response_2023-10-31_11-43-10.json

Record time: 2023-10-31T07:56:07Z
Event time: 2023-11-02T14:35:39.400Z
Status: Underway
Travel distance: 636.036717062635
Waypoints: (66.32999999999998, 24.381393551071355), (66.15000000000002, 24.603543083003945), (65.97000000000001, 24.71119958394008), (65.79, 24.752862325774903), (65.61, 24.761131266902428), (65.42999999999999, 24.756315290201787), (65.25, 24.749612065737466), (65.07000000000002, 24.745859538173498), (64.89000000000003, 24.745859038901603), (64.70999999668014, 24.748270021613628), (64.52999999668937, 24.754613271041222), (64.34999999669861, 24.749999998730246), (64.16999999670784, 24.749999998730246), (63.98999999671708, 24.749999998730246), (63.80999999672631, 24.749999998730246), (63.62999999673554, 24.749999998730246), (63.449999996744786, 24.749999998730246), (63.269999996754, 24.749999998730246), (63.089999996763254, 24.749999998730246), (62.909999996772484, 24.749999998730246), (62.72999999678173, 24.749999998730246), (62.54999999679096, 24.749999998730246), (62.3699999968002, 24.749999998730246), (62.189999996809426, 24.749999998730246), (62.009999996818664, 24.74538672641927), (61.829999996827894, 24.75172997584686), (61.64999999683714, 24.759740206025473), (61.469999996846376, 24.763069321653244), (61.289999996855585, 24.743908734765014), (61.10999999686484, 24.71979081849219), (60.92999999687408, 24.71704320777756), (60.7499999968833, 24.754797414263713), (60.569999996892555, 24.83763278914168), (60.389999996901764, 24.95493686774651), (60.209999996911016, 25.08506312968626), (60.029999996920246, 25.20236720829109), (59.84999999692947, 25.285202583169056), (59.66999999693871, 25.322956789655205), (59.489999996947944, 25.32020917894058), (59.30999999695718, 25.291477990356775), (59.12999999696641, 25.283273925207112), (58.94999999697565, 25.28365674927494), (58.769999996984886, 25.288715842019325), (58.589999996994116, 25.291536140848095), (58.409999997003354, 25.282348363220347), (58.22999999701258, 25.281606944456083), (58.049999997021835, 25.294467894785218), (57.86999999703106, 25.336840219456626), (57.689999997040296, 25.40659173378876), (57.509999997049526, 25.500756762724567), (57.32077345243681, 25.636271636859497), (57.15253729977119, 25.822021429532953), (56.98470555439985, 26.028796147774734), (56.80977416267944, 26.23070538797591), (56.62172190555441, 26.396683351485006), (56.420458914083625, 26.495375910131088), (56.21756030788431, 26.50168205190961), (56.04328495943412, 26.40494970814621), (55.95487938423123, 26.21882596213852), (56.04616675681281, 25.992761639275923)
Associated file(s): api_response_2023-10-31_12-03-14.json

Record time: 2023-10-31T08:09:20Z
Event time: 2023-11-02T15:40:42Z
Status: Underway
Travel distance: 626.219222462203
Waypoints: (66.14999999999998, 24.381393551071355), (65.96999999999997, 24.603543083003945), (65.78999999999996, 24.71119958394008), (65.60999999999996, 24.752862325774903), (65.42999999999996, 24.761131266902428), (65.24999999999997, 24.756315290201787), (65.06999999999998, 24.749612065737466), (64.89, 24.745859538173498), (64.71000000000001, 24.745859038901603), (64.52999999668937, 24.748270021613628), (64.34999999669861, 24.754613271041222), (64.16999999670784, 24.749999998730246), (63.98999999671708, 24.749999998730246), (63.80999999672631, 24.749999998730246), (63.62999999673554, 24.749999998730246), (63.449999996744786, 24.749999998730246), (63.269999996754, 24.749999998730246), (63.089999996763254, 24.749999998730246), (62.909999996772484, 24.749999998730246), (62.72999999678173, 24.749999998730246), (62.54999999679096, 24.749999998730246), (62.3699999968002, 24.749999998730246), (62.189999996809426, 24.749999998730246), (62.009999996818664, 24.74538672641927), (61.829999996827894, 24.75172997584686), (61.64999999683714, 24.759740206025473), (61.469999996846376, 24.763069321653244), (61.289999996855585, 24.743908734765014), (61.10999999686484, 24.71979081849219), (60.92999999687408, 24.71704320777756), (60.7499999968833, 24.754797414263713), (60.569999996892555, 24.83763278914168), (60.389999996901764, 24.95493686774651), (60.209999996911016, 25.08506312968626), (60.029999996920246, 25.20236720829109), (59.84999999692947, 25.285202583169056), (59.66999999693871, 25.322956789655205), (59.489999996947944, 25.32020917894058), (59.30999999695718, 25.291477990356775), (59.12999999696641, 25.283273925207112), (58.94999999697565, 25.28365674927494), (58.769999996984886, 25.288715842019325), (58.589999996994116, 25.291536140848095), (58.409999997003354, 25.282348363220347), (58.22999999701258, 25.281606944456083), (58.049999997021835, 25.294467894785218), (57.86999999703106, 25.336840219456626), (57.689999997040296, 25.40659173378876), (57.509999997049526, 25.500756762724567), (57.32077345243681, 25.636271636859497), (57.15253729977119, 25.822021429532953), (56.98470555439985, 26.028796147774734), (56.80977416267944, 26.23070538797591), (56.62172190555441, 26.396683351485006), (56.420458914083625, 26.495375910131088), (56.21756030788431, 26.50168205190961), (56.04328495943412, 26.40494970814621), (55.95487938423123, 26.21882596213852), (56.04616675681281, 25.992761639275923)
Associated file(s): api_response_2023-10-31_12-23-18.json

Record time: 2023-10-31T08:20:34Z
Event time: 2023-11-02T16:44:54.200Z
Status: Underway
Travel distance: 626.219222462203
Waypoints: (66.14999999999998, 24.381393551071355), (65.96999999999997, 24.603543083003945), (65.78999999999996, 24.71119958394008), (65.60999999999996, 24.752862325774903), (65.42999999999996, 24.761131266902428), (65.24999999999997, 24.756315290201787), (65.06999999999998, 24.749612065737466), (64.89, 24.745859538173498), (64.71000000000001, 24.745859038901603), (64.52999999668937, 24.748270021613628), (64.34999999669861, 24.754613271041222), (64.16999999670784, 24.749999998730246), (63.98999999671708, 24.749999998730246), (63.80999999672631, 24.749999998730246), (63.62999999673554, 24.749999998730246), (63.449999996744786, 24.749999998730246), (63.269999996754, 24.749999998730246), (63.089999996763254, 24.749999998730246), (62.909999996772484, 24.749999998730246), (62.72999999678173, 24.749999998730246), (62.54999999679096, 24.749999998730246), (62.3699999968002, 24.749999998730246), (62.189999996809426, 24.749999998730246), (62.009999996818664, 24.74538672641927), (61.829999996827894, 24.75172997584686), (61.64999999683714, 24.759740206025473), (61.469999996846376, 24.763069321653244), (61.289999996855585, 24.743908734765014), (61.10999999686484, 24.71979081849219), (60.92999999687408, 24.71704320777756), (60.7499999968833, 24.754797414263713), (60.569999996892555, 24.83763278914168), (60.389999996901764, 24.95493686774651), (60.209999996911016, 25.08506312968626), (60.029999996920246, 25.20236720829109), (59.84999999692947, 25.285202583169056), (59.66999999693871, 25.322956789655205), (59.489999996947944, 25.32020917894058), (59.30999999695718, 25.291477990356775), (59.12999999696641, 25.283273925207112), (58.94999999697565, 25.28365674927494), (58.769999996984886, 25.288715842019325), (58.589999996994116, 25.291536140848095), (58.409999997003354, 25.282348363220347), (58.22999999701258, 25.281606944456083), (58.049999997021835, 25.294467894785218), (57.86999999703106, 25.336840219456626), (57.689999997040296, 25.40659173378876), (57.509999997049526, 25.500756762724567), (57.32077345243681, 25.636271636859497), (57.15253729977119, 25.822021429532953), (56.98470555439985, 26.028796147774734), (56.80977416267944, 26.23070538797591), (56.62172190555441, 26.396683351485006), (56.420458914083625, 26.495375910131088), (56.21756030788431, 26.50168205190961), (56.04328495943412, 26.40494970814621), (55.95487938423123, 26.21882596213852), (56.04616675681281, 25.992761639275923)
Associated file(s): api_response_2023-10-31_13-23-27.json, api_response_2023-10-31_14-03-34.json, api_response_2023-10-31_13-43-30.json, api_response_2023-10-31_13-03-24.json, api_response_2023-10-31_12-43-21.json

Record time: 2023-11-03T02:25:01Z
Event time: 2023-11-03T02:50:46.500Z
Status: Underway
Travel distance: 9.431965442764579
Waypoints: (55.92844643204356, 26.044340723453907), (55.99844448765313, 25.97432905484247), (56.06844254326268, 25.97432905484247)
Associated file(s): api_response_2023-11-03_06-34-15.json

Record time: 2023-11-03T14:10:35Z
Event time: 2023-11-03T14:10:35Z
Status: Arrived
Travel distance: N/A
Waypoints: 
Associated file(s): api_response_2023-11-03_22-56-59.json, api_response_2023-11-04_00-17-12.json, api_response_2023-11-04_04-57-59.json, api_response_2023-11-03_21-16-43.json, api_response_2023-11-03_18-56-19.json, api_response_2023-11-03_21-36-46.json, api_response_2023-11-04_03-57-49.json, api_response_2023-11-04_02-17-32.json, api_response_2023-11-04_01-57-29.json, api_response_2023-11-03_23-17-02.json, api_response_2023-11-04_05-58-09.json, api_response_2023-11-04_02-37-36.json, api_response_2023-11-03_19-16-22.json, api_response_2023-11-03_23-37-06.json, api_response_2023-11-03_22-36-56.json, api_response_2023-11-03_18-16-12.json, api_response_2023-11-04_04-17-53.json, api_response_2023-11-03_22-16-53.json, api_response_2023-11-04_04-37-56.json, api_response_2023-11-03_18-36-16.json, api_response_2023-11-03_20-56-40.json, api_response_2023-11-04_03-17-43.json, api_response_2023-11-03_19-36-25.json, api_response_2023-11-03_21-56-49.json, api_response_2023-11-04_00-57-19.json, api_response_2023-11-04_03-37-46.json, api_response_2023-11-03_19-56-29.json, api_response_2023-11-03_20-16-32.json, api_response_2023-11-04_00-37-15.json, api_response_2023-11-04_01-37-26.json, api_response_2023-11-04_05-38-06.json, api_response_2023-11-04_02-57-39.json, api_response_2023-11-03_20-36-36.json, api_response_2023-11-04_05-18-03.json, api_response_2023-11-03_23-57-09.json, api_response_2023-11-04_01-17-22.json
