MMSI: 636016468
Record time: 2023-08-26T04:57:02Z
Event time: 2023-08-27T23:06:20.166Z
Status: Underway
Travel distance: 372.3326133909287
Num waypoints: 82
Waypoints: (50.39860003888777, 28.63477246207701), (50.46859809449735, 28.564760793465584), (50.53859615010692, 28.49474912485415), (50.608594205716486, 28.424737456242717), (50.678592261326045, 28.35472578763128), (50.74859031693561, 28.284714119019846), (50.81858837254518, 28.21470245040841), (50.888586428154746, 28.144690781796974), (50.95858448376431, 28.07467911318554), (51.028582536755984, 28.00466744313736), (51.09858059236195, 27.934655774529514), (51.16857864796792, 27.86464410592167), (51.2385767035739, 27.794632437313826), (51.308574759179876, 27.724620768705986), (51.37857281478584, 27.652814750696745), (51.448570870391826, 27.58527031251582), (51.5185689259978, 27.520168602091402), (51.58856698160376, 27.44539587614331), (51.658565037209755, 27.36975047816493), (51.728563092815726, 27.297088751512597), (51.79856114842171, 27.231789134904197), (51.86855920402767, 27.168494967626774), (51.93855725963364, 27.120886279045124), (52.00855531523963, 27.08301834435674), (52.0785533708456, 27.062696206493506), (52.14855142645157, 27.04679397340576), (52.21854948205756, 27.03773929428361), (52.288547537663526, 27.022617377006977), (52.358545593269504, 26.997044128395554), (52.428543648875475, 26.971878001076885), (52.49854170448145, 26.94052966153494), (52.568539760087425, 26.91221211383904), (52.6385378156934, 26.87208804865331), (52.708535871299375, 26.823346582770984), (52.778533926905354, 26.787193835010395), (52.848531982511325, 26.74739961346463), (52.91853003811731, 26.703564336124142), (52.98852809372327, 26.655708736017722), (53.058526149329246, 26.62055494328101), (53.12852420493523, 26.57962794443458), (53.198522260541196, 26.53886680981853), (53.268520316147175, 26.48946565665629), (53.33851837175316, 26.438956228863766), (53.40851642735913, 26.385674229674773), (53.47851448296509, 26.337475592182788), (53.54851253857108, 26.288562607607687), (53.618510594177046, 26.229243527397), (53.688508649783024, 26.16899711535282), (53.758506705388996, 26.103275298885276), (53.828504760994974, 26.04830826990128), (53.89850281660096, 26.007232370211664), (53.96850087220693, 25.974998164893822), (54.038498927812924, 25.961683790764173), (54.10849698341888, 25.962105990623325), (54.17849503902486, 25.976894294618404), (54.24849309463083, 25.980733674587555), (54.31849115023681, 25.97761806580552), (54.38848920584279, 25.970016583520003), (54.45848726144877, 25.966269559770033), (54.528485317054745, 25.970966533203086), (54.59848337266071, 25.986495571772476), (54.668481428266695, 26.003398644704912), (54.73847948387265, 26.017887262192822), (54.80847753947863, 26.02965608326665), (54.8784755950846, 26.04143809808608), (54.94847365069058, 26.048364814525275), (55.018471706296545, 26.05344252175988), (55.08846976190252, 26.066383701371176), (55.15846781750851, 26.09144050908346), (55.22846587311449, 26.11901920702584), (55.29846392872046, 26.129958706947768), (55.36846198432644, 26.106328708580925), (55.43846003993242, 26.066851136929515), (55.5084580983862, 26.047141190198378), (55.57845615399576, 26.034574541614095), (55.648454209605326, 26.032127153209657), (55.718452265214886, 26.03980262327932), (55.78845032082445, 26.053909358939187), (55.85844837643401, 26.06651322416689), (55.92844643204357, 26.06506566465783), (55.998444487653124, 26.032207309497796), (56.06844254326265, 25.945747049652102)
Day of Week: Saturday

MMSI: 636016468
Record time: 2023-08-26T05:07:12Z
Event time: 2023-08-27T22:17:28.363Z
Status: Underway
Travel distance: 370.225161987041
Num waypoints: 82
Waypoints: (50.39860003888777, 28.564760793465563), (50.46859809449735, 28.494749124854142), (50.53859615010692, 28.42473745624271), (50.608594205716486, 28.354725787631274), (50.678592261326045, 28.28471411901984), (50.74859031693561, 28.214702450408403), (50.81858837254518, 28.14469078179697), (50.888586428154746, 28.074679113185535), (50.95858448376431, 28.004667444574103), (51.028582536755984, 27.934655774529514), (51.09858059236195, 27.86464410592167), (51.16857864796792, 27.794632437313826), (51.2385767035739, 27.724620768705986), (51.308574759179876, 27.652814750696745), (51.37857281478584, 27.58527031251582), (51.448570870391826, 27.51837425269001), (51.5185689259978, 27.44965745597161), (51.58856698160376, 27.370398856520055), (51.658565037209755, 27.29347366521862), (51.728563092815726, 27.22550891199933), (51.79856114842171, 27.171476754132026), (51.86855920402767, 27.12443728143191), (51.93855725963364, 27.09493229663215), (52.00855531523963, 27.07331905652107), (52.0785533708456, 27.06426437739892), (52.14855142645157, 27.05305911774423), (52.21854948205756, 27.04272464529903), (52.288547537663526, 27.02311685451892), (52.358545593269504, 26.993928519613515), (52.428543648875475, 26.96941077064997), (52.49854170448145, 26.942324010936332), (52.568539760087425, 26.91221211383904), (52.6385378156934, 26.87208804865331), (52.708535871299375, 26.823346582770984), (52.778533926905354, 26.787193835010395), (52.848531982511325, 26.74739961346463), (52.91853003811731, 26.703564336124142), (52.98852809372327, 26.655708736017722), (53.058526149329246, 26.62055494328101), (53.12852420493523, 26.57962794443458), (53.198522260541196, 26.53886680981853), (53.268520316147175, 26.48946565665629), (53.33851837175316, 26.438956228863766), (53.40851642735913, 26.385674229674773), (53.47851448296509, 26.337475592182788), (53.54851253857108, 26.288562607607687), (53.618510594177046, 26.229243527397), (53.688508649783024, 26.16899711535282), (53.758506705388996, 26.103275298885276), (53.828504760994974, 26.04830826990128), (53.89850281660096, 26.007232370211664), (53.96850087220693, 25.974998164893822), (54.038498927812924, 25.961683790764173), (54.10849698341888, 25.962105990623325), (54.17849503902486, 25.976894294618404), (54.24849309463083, 25.980733674587555), (54.31849115023681, 25.97761806580552), (54.38848920584279, 25.970016583520003), (54.45848726144877, 25.966269559770033), (54.528485317054745, 25.970966533203086), (54.59848337266071, 25.986495571772476), (54.668481428266695, 26.003398644704912), (54.73847948387265, 26.017887262192822), (54.80847753947863, 26.02965608326665), (54.8784755950846, 26.04143809808608), (54.94847365069058, 26.048364814525275), (55.018471706296545, 26.05344252175988), (55.08846976190252, 26.066383701371176), (55.15846781750851, 26.09144050908346), (55.22846587311449, 26.11901920702584), (55.29846392872046, 26.129958706947768), (55.36846198432644, 26.106328708580925), (55.43846003993242, 26.066851136929515), (55.5084580983862, 26.047141190198378), (55.57845615399576, 26.034574541614095), (55.648454209605326, 26.032127153209657), (55.718452265214886, 26.03980262327932), (55.78845032082445, 26.053909358939187), (55.85844837643401, 26.06651322416689), (55.92844643204357, 26.06506566465783), (55.998444487653124, 26.032207309497796), (56.06844254326265, 25.945747049652102)
Day of Week: Saturday

MMSI: 636016468
Record time: 2023-08-26T05:30:12Z
Event time: 2023-08-27T21:14:23.750Z
Status: Underway
Travel distance: 366.7375809935205
Num waypoints: 81
Waypoints: (50.46859809449738, 28.564760793465563), (50.53859615010696, 28.494749124854142), (50.60859420571653, 28.42473745624271), (50.67859226132609, 28.354725787631274), (50.74859031693565, 28.28471411901984), (50.818588372545214, 28.214702450408403), (50.88858642815479, 28.14469078179697), (50.95858448376436, 28.074679113185535), (51.028582539373936, 28.004667444574103), (51.09858059236195, 27.934655774529514), (51.16857864796792, 27.86464410592167), (51.2385767035739, 27.794632437313826), (51.308574759179876, 27.724620768705986), (51.37857281478584, 27.652814750696745), (51.448570870391826, 27.58527031251582), (51.5185689259978, 27.520168602091402), (51.58856698160376, 27.44539587614331), (51.658565037209755, 27.36975047816493), (51.728563092815726, 27.297088751512597), (51.79856114842171, 27.231789134904197), (51.86855920402767, 27.168494967626774), (51.93855725963364, 27.120886279045124), (52.00855531523963, 27.08301834435674), (52.0785533708456, 27.062696206493506), (52.14855142645157, 27.04679397340576), (52.21854948205756, 27.03773929428361), (52.288547537663526, 27.022617377006977), (52.358545593269504, 26.997044128395554), (52.428543648875475, 26.971878001076885), (52.49854170448145, 26.94052966153494), (52.568539760087425, 26.91221211383904), (52.6385378156934, 26.87208804865331), (52.708535871299375, 26.823346582770984), (52.778533926905354, 26.787193835010395), (52.848531982511325, 26.74739961346463), (52.91853003811731, 26.703564336124142), (52.98852809372327, 26.655708736017722), (53.058526149329246, 26.62055494328101), (53.12852420493523, 26.57962794443458), (53.198522260541196, 26.53886680981853), (53.268520316147175, 26.48946565665629), (53.33851837175316, 26.438956228863766), (53.40851642735913, 26.385674229674773), (53.47851448296509, 26.337475592182788), (53.54851253857108, 26.288562607607687), (53.618510594177046, 26.229243527397), (53.688508649783024, 26.16899711535282), (53.758506705388996, 26.103275298885276), (53.828504760994974, 26.04830826990128), (53.89850281660096, 26.007232370211664), (53.96850087220693, 25.974998164893822), (54.038498927812924, 25.961683790764173), (54.10849698341888, 25.962105990623325), (54.17849503902486, 25.976894294618404), (54.24849309463083, 25.980733674587555), (54.31849115023681, 25.97761806580552), (54.38848920584279, 25.970016583520003), (54.45848726144877, 25.966269559770033), (54.528485317054745, 25.970966533203086), (54.59848337266071, 25.986495571772476), (54.668481428266695, 26.003398644704912), (54.73847948387265, 26.017887262192822), (54.80847753947863, 26.02965608326665), (54.8784755950846, 26.04143809808608), (54.94847365069058, 26.048364814525275), (55.018471706296545, 26.05344252175988), (55.08846976190252, 26.066383701371176), (55.15846781750851, 26.09144050908346), (55.22846587311449, 26.11901920702584), (55.29846392872046, 26.129958706947768), (55.36846198432644, 26.106328708580925), (55.43846003993242, 26.066851136929515), (55.5084580983862, 26.047141190198378), (55.57845615399576, 26.034574541614095), (55.648454209605326, 26.032127153209657), (55.718452265214886, 26.03980262327932), (55.78845032082445, 26.053909358939187), (55.85844837643401, 26.06651322416689), (55.92844643204357, 26.06506566465783), (55.998444487653124, 26.032207309497796), (56.06844254326265, 25.945747049652102)
Day of Week: Saturday

MMSI: 636016468
Record time: 2023-08-26T06:07:42Z
Event time: 2023-08-27T21:49:38.083Z
Status: Underway
Travel distance: 364.627969762419
Num waypoints: 81
Waypoints: (50.46859809449738, 28.494749124854135), (50.53859615010696, 28.42473745624272), (50.60859420571653, 28.35472578763129), (50.67859226132609, 28.28471411901985), (50.74859031693565, 28.214702450408407), (50.818588372545214, 28.14469078179697), (50.88858642815479, 28.074679113185535), (50.95858448376436, 28.004667444574107), (51.028582539373936, 27.934655775962675), (51.09858059236195, 27.86464410592167), (51.16857864796792, 27.794632437313826), (51.2385767035739, 27.724620768705986), (51.308574759179876, 27.652814750696745), (51.37857281478584, 27.58527031251582), (51.448570870391826, 27.51837425269001), (51.5185689259978, 27.44965745597161), (51.58856698160376, 27.370398856520055), (51.658565037209755, 27.29347366521862), (51.728563092815726, 27.22550891199933), (51.79856114842171, 27.171476754132026), (51.86855920402767, 27.12443728143191), (51.93855725963364, 27.09493229663215), (52.00855531523963, 27.07331905652107), (52.0785533708456, 27.06426437739892), (52.14855142645157, 27.05305911774423), (52.21854948205756, 27.04272464529903), (52.288547537663526, 27.02311685451892), (52.358545593269504, 26.993928519613515), (52.428543648875475, 26.96941077064997), (52.49854170448145, 26.942324010936332), (52.568539760087425, 26.91221211383904), (52.6385378156934, 26.87208804865331), (52.708535871299375, 26.823346582770984), (52.778533926905354, 26.787193835010395), (52.848531982511325, 26.74739961346463), (52.91853003811731, 26.703564336124142), (52.98852809372327, 26.655708736017722), (53.058526149329246, 26.62055494328101), (53.12852420493523, 26.57962794443458), (53.198522260541196, 26.53886680981853), (53.268520316147175, 26.48946565665629), (53.33851837175316, 26.438956228863766), (53.40851642735913, 26.385674229674773), (53.47851448296509, 26.337475592182788), (53.54851253857108, 26.288562607607687), (53.618510594177046, 26.229243527397), (53.688508649783024, 26.16899711535282), (53.758506705388996, 26.103275298885276), (53.828504760994974, 26.04830826990128), (53.89850281660096, 26.007232370211664), (53.96850087220693, 25.974998164893822), (54.038498927812924, 25.961683790764173), (54.10849698341888, 25.962105990623325), (54.17849503902486, 25.976894294618404), (54.24849309463083, 25.980733674587555), (54.31849115023681, 25.97761806580552), (54.38848920584279, 25.970016583520003), (54.45848726144877, 25.966269559770033), (54.528485317054745, 25.970966533203086), (54.59848337266071, 25.986495571772476), (54.668481428266695, 26.003398644704912), (54.73847948387265, 26.017887262192822), (54.80847753947863, 26.02965608326665), (54.8784755950846, 26.04143809808608), (54.94847365069058, 26.048364814525275), (55.018471706296545, 26.05344252175988), (55.08846976190252, 26.066383701371176), (55.15846781750851, 26.09144050908346), (55.22846587311449, 26.11901920702584), (55.29846392872046, 26.129958706947768), (55.36846198432644, 26.106328708580925), (55.43846003993242, 26.066851136929515), (55.5084580983862, 26.047141190198378), (55.57845615399576, 26.034574541614095), (55.648454209605326, 26.032127153209657), (55.718452265214886, 26.03980262327932), (55.78845032082445, 26.053909358939187), (55.85844837643401, 26.06651322416689), (55.92844643204357, 26.06506566465783), (55.998444487653124, 26.032207309497796), (56.06844254326265, 25.945747049652102)
Day of Week: Saturday

MMSI: 636016468
Record time: 2023-08-26T11:55:40Z
Event time: 2023-08-28T05:28:40Z
Status: Underway
Travel distance: 330.8428725701944
Num waypoints: 75
Waypoints: (50.88858642815477, 28.069430641186194), (50.95858448376434, 28.014442376551717), (51.02858253937391, 27.93811982528341), (51.09858059498347, 27.859481771662455), (51.168578650593034, 27.786442578227533), (51.2385767062026, 27.719786141949317), (51.308574761812174, 27.656473377770087), (51.37857281742175, 27.592283229508517), (51.44857087303132, 27.523787208129626), (51.5185689259978, 27.44965745597161), (51.58856698160376, 27.370398856520055), (51.658565037209755, 27.29347366521862), (51.728563092815726, 27.22550891199933), (51.79856114842171, 27.171476754132026), (51.86855920402767, 27.12443728143191), (51.93855725963364, 27.09493229663215), (52.00855531523963, 27.07331905652107), (52.0785533708456, 27.06426437739892), (52.14855142645157, 27.05305911774423), (52.21854948205756, 27.04272464529903), (52.288547537663526, 27.02311685451892), (52.358545593269504, 26.993928519613515), (52.428543648875475, 26.96941077064997), (52.49854170448145, 26.942324010936332), (52.568539760087425, 26.91221211383904), (52.6385378156934, 26.87208804865331), (52.708535871299375, 26.823346582770984), (52.778533926905354, 26.787193835010395), (52.848531982511325, 26.74739961346463), (52.91853003811731, 26.703564336124142), (52.98852809372327, 26.655708736017722), (53.058526149329246, 26.62055494328101), (53.12852420493523, 26.57962794443458), (53.198522260541196, 26.53886680981853), (53.268520316147175, 26.48946565665629), (53.33851837175316, 26.438956228863766), (53.40851642735913, 26.385674229674773), (53.47851448296509, 26.337475592182788), (53.54851253857108, 26.288562607607687), (53.618510594177046, 26.229243527397), (53.688508649783024, 26.16899711535282), (53.758506705388996, 26.103275298885276), (53.828504760994974, 26.04830826990128), (53.89850281660096, 26.007232370211664), (53.96850087220693, 25.974998164893822), (54.038498927812924, 25.961683790764173), (54.10849698341888, 25.962105990623325), (54.17849503902486, 25.976894294618404), (54.24849309463083, 25.980733674587555), (54.31849115023681, 25.97761806580552), (54.38848920584279, 25.970016583520003), (54.45848726144877, 25.966269559770033), (54.528485317054745, 25.970966533203086), (54.59848337266071, 25.986495571772476), (54.668481428266695, 26.003398644704912), (54.73847948387265, 26.017887262192822), (54.80847753947863, 26.02965608326665), (54.8784755950846, 26.04143809808608), (54.94847365069058, 26.048364814525275), (55.018471706296545, 26.05344252175988), (55.08846976190252, 26.066383701371176), (55.15846781750851, 26.09144050908346), (55.22846587311449, 26.11901920702584), (55.29846392872046, 26.129958706947768), (55.36846198432644, 26.106328708580925), (55.43846003993242, 26.066851136929515), (55.5084580983862, 26.047141190198378), (55.57845615399576, 26.034574541614095), (55.648454209605326, 26.032127153209657), (55.718452265214886, 26.03980262327932), (55.78845032082445, 26.053909358939187), (55.85844837643401, 26.06651322416689), (55.92844643204357, 26.06506566465783), (55.998444487653124, 26.032207309497796), (56.06844254326265, 25.945747049652102)
Day of Week: Saturday

MMSI: 636016468
Record time: 2023-08-26T15:01:34Z
Event time: 2023-08-28T05:57:04.181Z
Status: Underway
Travel distance: 312.5799136069115
Num waypoints: 72
Waypoints: (51.098580594983474, 27.800595155013873), (51.16857865059305, 27.71245647938064), (51.23857670620261, 27.65131529149546), (51.308574761812174, 27.592521990611214), (51.37857281742174, 27.52553485966787), (51.448570873031315, 27.44931450566797), (51.51856892864089, 27.368423223031286), (51.58856698425046, 27.289829279928636), (51.65856503986003, 27.220416127594838), (51.728563092815726, 27.16519653122716), (51.79856114842171, 27.12741906793716), (51.86855920402767, 27.098483299018934), (51.93855725963364, 27.08523300879648), (52.00855531523963, 27.074887227426483), (52.0785533708456, 27.07052952173739), (52.14855142645157, 27.05804446875965), (52.21854948205756, 27.043224122810976), (52.288547537663526, 27.020001245736882), (52.358545593269504, 26.991461289186606), (52.428543648875475, 26.971205120051362), (52.49854170448145, 26.942324010936332), (52.568539760087425, 26.91221211383904), (52.6385378156934, 26.87208804865331), (52.708535871299375, 26.823346582770984), (52.778533926905354, 26.787193835010395), (52.848531982511325, 26.74739961346463), (52.91853003811731, 26.703564336124142), (52.98852809372327, 26.655708736017722), (53.058526149329246, 26.62055494328101), (53.12852420493523, 26.57962794443458), (53.198522260541196, 26.53886680981853), (53.268520316147175, 26.48946565665629), (53.33851837175316, 26.438956228863766), (53.40851642735913, 26.385674229674773), (53.47851448296509, 26.337475592182788), (53.54851253857108, 26.288562607607687), (53.618510594177046, 26.229243527397), (53.688508649783024, 26.16899711535282), (53.758506705388996, 26.103275298885276), (53.828504760994974, 26.04830826990128), (53.89850281660096, 26.007232370211664), (53.96850087220693, 25.974998164893822), (54.038498927812924, 25.961683790764173), (54.10849698341888, 25.962105990623325), (54.17849503902486, 25.976894294618404), (54.24849309463083, 25.980733674587555), (54.31849115023681, 25.97761806580552), (54.38848920584279, 25.970016583520003), (54.45848726144877, 25.966269559770033), (54.528485317054745, 25.970966533203086), (54.59848337266071, 25.986495571772476), (54.668481428266695, 26.003398644704912), (54.73847948387265, 26.017887262192822), (54.80847753947863, 26.02965608326665), (54.8784755950846, 26.04143809808608), (54.94847365069058, 26.048364814525275), (55.018471706296545, 26.05344252175988), (55.08846976190252, 26.066383701371176), (55.15846781750851, 26.09144050908346), (55.22846587311449, 26.11901920702584), (55.29846392872046, 26.129958706947768), (55.36846198432644, 26.106328708580925), (55.43846003993242, 26.066851136929515), (55.5084580983862, 26.047141190198378), (55.57845615399576, 26.034574541614095), (55.648454209605326, 26.032127153209657), (55.718452265214886, 26.03980262327932), (55.78845032082445, 26.053909358939187), (55.85844837643401, 26.06651322416689), (55.92844643204357, 26.06506566465783), (55.998444487653124, 26.032207309497796), (56.06844254326265, 25.945747049652102)
Day of Week: Saturday

MMSI: 636016468
Record time: 2023-08-26T16:42:25Z
Event time: 2023-08-28T06:31:01.833Z
Status: Underway
Travel distance: 298.77645788336935
Num waypoints: 70
Waypoints: (51.23857670620259, 27.577671710280544), (51.308574761812146, 27.526621304646405), (51.378572817421706, 27.45164344165251), (51.44857087303127, 27.368902772846983), (51.518568928640846, 27.289714305859842), (51.58856698425041, 27.221229102210025), (51.65856503985999, 27.16710546199222), (51.72856309546956, 27.128165595443534), (51.79856115107913, 27.10303778139002), (51.86855920402767, 27.088784011183265), (51.93855725963364, 27.086801179701897), (52.00855531523963, 27.081152371764954), (52.0785533708456, 27.075514872752812), (52.14855142645157, 27.058543946271588), (52.21854948205756, 27.040108514028937), (52.288547537663526, 27.017534015309966), (52.358545593269504, 26.993255638587993), (52.428543648875475, 26.971205120051362), (52.49854170448145, 26.942324010936332), (52.568539760087425, 26.91221211383904), (52.6385378156934, 26.87208804865331), (52.708535871299375, 26.823346582770984), (52.778533926905354, 26.787193835010395), (52.848531982511325, 26.74739961346463), (52.91853003811731, 26.703564336124142), (52.98852809372327, 26.655708736017722), (53.058526149329246, 26.62055494328101), (53.12852420493523, 26.57962794443458), (53.198522260541196, 26.53886680981853), (53.268520316147175, 26.48946565665629), (53.33851837175316, 26.438956228863766), (53.40851642735913, 26.385674229674773), (53.47851448296509, 26.337475592182788), (53.54851253857108, 26.288562607607687), (53.618510594177046, 26.229243527397), (53.688508649783024, 26.16899711535282), (53.758506705388996, 26.103275298885276), (53.828504760994974, 26.04830826990128), (53.89850281660096, 26.007232370211664), (53.96850087220693, 25.974998164893822), (54.038498927812924, 25.961683790764173), (54.10849698341888, 25.962105990623325), (54.17849503902486, 25.976894294618404), (54.24849309463083, 25.980733674587555), (54.31849115023681, 25.97761806580552), (54.38848920584279, 25.970016583520003), (54.45848726144877, 25.966269559770033), (54.528485317054745, 25.970966533203086), (54.59848337266071, 25.986495571772476), (54.668481428266695, 26.003398644704912), (54.73847948387265, 26.017887262192822), (54.80847753947863, 26.02965608326665), (54.8784755950846, 26.04143809808608), (54.94847365069058, 26.048364814525275), (55.018471706296545, 26.05344252175988), (55.08846976190252, 26.066383701371176), (55.15846781750851, 26.09144050908346), (55.22846587311449, 26.11901920702584), (55.29846392872046, 26.129958706947768), (55.36846198432644, 26.106328708580925), (55.43846003993242, 26.066851136929515), (55.5084580983862, 26.047141190198378), (55.57845615399576, 26.034574541614095), (55.648454209605326, 26.032127153209657), (55.718452265214886, 26.03980262327932), (55.78845032082445, 26.053909358939187), (55.85844837643401, 26.06651322416689), (55.92844643204357, 26.06506566465783), (55.998444487653124, 26.032207309497796), (56.06844254326265, 25.945747049652102)
Day of Week: Saturday

MMSI: 636016468
Record time: 2023-08-26T18:04:25Z
Event time: 2023-08-28T07:06:04.166Z
Status: Underway
Travel distance: 289.627969762419
Num waypoints: 68
Waypoints: (51.37857281742175, 27.51070460984188), (51.448570873031315, 27.454463019337556), (51.51856892864088, 27.37570518821056), (51.58856698425044, 27.294377489596606), (51.65856503986001, 27.222416750642335), (51.728563095469575, 27.16558550251814), (51.79856115107915, 27.125109701211212), (51.86855920668872, 27.099118919098682), (51.938557262298296, 27.08388900730101), (52.00855531523963, 27.074887227426483), (52.0785533708456, 27.07052952173739), (52.14855142645157, 27.05804446875965), (52.21854948205756, 27.043224122810976), (52.288547537663526, 27.020001245736882), (52.358545593269504, 26.991461289186606), (52.428543648875475, 26.971205120051362), (52.49854170448145, 26.942324010936332), (52.568539760087425, 26.91221211383904), (52.6385378156934, 26.87208804865331), (52.708535871299375, 26.823346582770984), (52.778533926905354, 26.787193835010395), (52.848531982511325, 26.74739961346463), (52.91853003811731, 26.703564336124142), (52.98852809372327, 26.655708736017722), (53.058526149329246, 26.62055494328101), (53.12852420493523, 26.57962794443458), (53.198522260541196, 26.53886680981853), (53.268520316147175, 26.48946565665629), (53.33851837175316, 26.438956228863766), (53.40851642735913, 26.385674229674773), (53.47851448296509, 26.337475592182788), (53.54851253857108, 26.288562607607687), (53.618510594177046, 26.229243527397), (53.688508649783024, 26.16899711535282), (53.758506705388996, 26.103275298885276), (53.828504760994974, 26.04830826990128), (53.89850281660096, 26.007232370211664), (53.96850087220693, 25.974998164893822), (54.038498927812924, 25.961683790764173), (54.10849698341888, 25.962105990623325), (54.17849503902486, 25.976894294618404), (54.24849309463083, 25.980733674587555), (54.31849115023681, 25.97761806580552), (54.38848920584279, 25.970016583520003), (54.45848726144877, 25.966269559770033), (54.528485317054745, 25.970966533203086), (54.59848337266071, 25.986495571772476), (54.668481428266695, 26.003398644704912), (54.73847948387265, 26.017887262192822), (54.80847753947863, 26.02965608326665), (54.8784755950846, 26.04143809808608), (54.94847365069058, 26.048364814525275), (55.018471706296545, 26.05344252175988), (55.08846976190252, 26.066383701371176), (55.15846781750851, 26.09144050908346), (55.22846587311449, 26.11901920702584), (55.29846392872046, 26.129958706947768), (55.36846198432644, 26.106328708580925), (55.43846003993242, 26.066851136929515), (55.5084580983862, 26.047141190198378), (55.57845615399576, 26.034574541614095), (55.648454209605326, 26.032127153209657), (55.718452265214886, 26.03980262327932), (55.78845032082445, 26.053909358939187), (55.85844837643401, 26.06651322416689), (55.92844643204357, 26.06506566465783), (55.998444487653124, 26.032207309497796), (56.06844254326265, 25.945747049652102)
Day of Week: Saturday

MMSI: 636016468
Record time: 2023-08-26T19:07:35Z
Event time: 2023-08-28T07:38:15Z
Status: Underway
Travel distance: 284.1722462203024
Num waypoints: 67
Waypoints: (51.448570873031336, 27.443389708561455), (51.51856892864088, 27.380981886829296), (51.58856698425044, 27.30000378249267), (51.658565039860015, 27.22350735364978), (51.72856309546958, 27.162918983705204), (51.798561151079156, 27.121419530510277), (51.86855920668873, 27.096847138877017), (51.9385572622983, 27.084122816465456), (52.00855531790787, 27.0771987730445), (52.0785533708456, 27.07052952173739), (52.14855142645157, 27.05804446875965), (52.21854948205756, 27.043224122810976), (52.288547537663526, 27.020001245736882), (52.358545593269504, 26.991461289186606), (52.428543648875475, 26.971205120051362), (52.49854170448145, 26.942324010936332), (52.568539760087425, 26.91221211383904), (52.6385378156934, 26.87208804865331), (52.708535871299375, 26.823346582770984), (52.778533926905354, 26.787193835010395), (52.848531982511325, 26.74739961346463), (52.91853003811731, 26.703564336124142), (52.98852809372327, 26.655708736017722), (53.058526149329246, 26.62055494328101), (53.12852420493523, 26.57962794443458), (53.198522260541196, 26.53886680981853), (53.268520316147175, 26.48946565665629), (53.33851837175316, 26.438956228863766), (53.40851642735913, 26.385674229674773), (53.47851448296509, 26.337475592182788), (53.54851253857108, 26.288562607607687), (53.618510594177046, 26.229243527397), (53.688508649783024, 26.16899711535282), (53.758506705388996, 26.103275298885276), (53.828504760994974, 26.04830826990128), (53.89850281660096, 26.007232370211664), (53.96850087220693, 25.974998164893822), (54.038498927812924, 25.961683790764173), (54.10849698341888, 25.962105990623325), (54.17849503902486, 25.976894294618404), (54.24849309463083, 25.980733674587555), (54.31849115023681, 25.97761806580552), (54.38848920584279, 25.970016583520003), (54.45848726144877, 25.966269559770033), (54.528485317054745, 25.970966533203086), (54.59848337266071, 25.986495571772476), (54.668481428266695, 26.003398644704912), (54.73847948387265, 26.017887262192822), (54.80847753947863, 26.02965608326665), (54.8784755950846, 26.04143809808608), (54.94847365069058, 26.048364814525275), (55.018471706296545, 26.05344252175988), (55.08846976190252, 26.066383701371176), (55.15846781750851, 26.09144050908346), (55.22846587311449, 26.11901920702584), (55.29846392872046, 26.129958706947768), (55.36846198432644, 26.106328708580925), (55.43846003993242, 26.066851136929515), (55.5084580983862, 26.047141190198378), (55.57845615399576, 26.034574541614095), (55.648454209605326, 26.032127153209657), (55.718452265214886, 26.03980262327932), (55.78845032082445, 26.053909358939187), (55.85844837643401, 26.06651322416689), (55.92844643204357, 26.06506566465783), (55.998444487653124, 26.032207309497796), (56.06844254326265, 25.945747049652102)
Day of Week: Saturday

MMSI: 636016468
Record time: 2023-08-26T19:58:16Z
Event time: 2023-08-28T08:10:56.181Z
Status: Underway
Travel distance: 280.5448164146868
Num waypoints: 66
Waypoints: (51.51856892864086, 27.445159589561978), (51.58856698425043, 27.377000528449493), (51.658565039859994, 27.29930598756307), (51.72856309546957, 27.226676045839586), (51.79856115107914, 27.166878306816358), (51.868559206688715, 27.12255743109663), (51.93855726229829, 27.092750532272685), (52.00855531790786, 27.074208436306552), (52.07855337351743, 27.06252280436834), (52.14855142645157, 27.05305911774423), (52.21854948205756, 27.04272464529903), (52.288547537663526, 27.02311685451892), (52.358545593269504, 26.993928519613515), (52.428543648875475, 26.96941077064997), (52.49854170448145, 26.942324010936332), (52.568539760087425, 26.91221211383904), (52.6385378156934, 26.87208804865331), (52.708535871299375, 26.823346582770984), (52.778533926905354, 26.787193835010395), (52.848531982511325, 26.74739961346463), (52.91853003811731, 26.703564336124142), (52.98852809372327, 26.655708736017722), (53.058526149329246, 26.62055494328101), (53.12852420493523, 26.57962794443458), (53.198522260541196, 26.53886680981853), (53.268520316147175, 26.48946565665629), (53.33851837175316, 26.438956228863766), (53.40851642735913, 26.385674229674773), (53.47851448296509, 26.337475592182788), (53.54851253857108, 26.288562607607687), (53.618510594177046, 26.229243527397), (53.688508649783024, 26.16899711535282), (53.758506705388996, 26.103275298885276), (53.828504760994974, 26.04830826990128), (53.89850281660096, 26.007232370211664), (53.96850087220693, 25.974998164893822), (54.038498927812924, 25.961683790764173), (54.10849698341888, 25.962105990623325), (54.17849503902486, 25.976894294618404), (54.24849309463083, 25.980733674587555), (54.31849115023681, 25.97761806580552), (54.38848920584279, 25.970016583520003), (54.45848726144877, 25.966269559770033), (54.528485317054745, 25.970966533203086), (54.59848337266071, 25.986495571772476), (54.668481428266695, 26.003398644704912), (54.73847948387265, 26.017887262192822), (54.80847753947863, 26.02965608326665), (54.8784755950846, 26.04143809808608), (54.94847365069058, 26.048364814525275), (55.018471706296545, 26.05344252175988), (55.08846976190252, 26.066383701371176), (55.15846781750851, 26.09144050908346), (55.22846587311449, 26.11901920702584), (55.29846392872046, 26.129958706947768), (55.36846198432644, 26.106328708580925), (55.43846003993242, 26.066851136929515), (55.5084580983862, 26.047141190198378), (55.57845615399576, 26.034574541614095), (55.648454209605326, 26.032127153209657), (55.718452265214886, 26.03980262327932), (55.78845032082445, 26.053909358939187), (55.85844837643401, 26.06651322416689), (55.92844643204357, 26.06506566465783), (55.998444487653124, 26.032207309497796), (56.06844254326265, 25.945747049652102)
Day of Week: Saturday

MMSI: 636016468
Record time: 2023-08-26T23:05:45Z
Event time: 2023-08-28T07:36:26.454Z
Status: Underway
Travel distance: 256.98596112311014
Num waypoints: 61
Waypoints: (51.8685592066887, 27.23833635264015), (51.938557262298296, 27.155080482347923), (52.00855531790787, 27.104270602694157), (52.07855337351743, 27.072735500255646), (52.14855142912699, 27.051225331283316), (52.218549484736556, 27.033522363248867), (52.28854754034613, 27.01567366429712), (52.358545595955704, 26.995345740604147), (52.42854365156528, 26.971301121641165), (52.49854170448145, 26.942996891961855), (52.568539760087425, 26.91041776443765), (52.6385378156934, 26.87208804865331), (52.708535871299375, 26.823346582770984), (52.778533926905354, 26.787193835010395), (52.848531982511325, 26.74739961346463), (52.91853003811731, 26.703564336124142), (52.98852809372327, 26.655708736017722), (53.058526149329246, 26.62055494328101), (53.12852420493523, 26.57962794443458), (53.198522260541196, 26.53886680981853), (53.268520316147175, 26.48946565665629), (53.33851837175316, 26.438956228863766), (53.40851642735913, 26.385674229674773), (53.47851448296509, 26.337475592182788), (53.54851253857108, 26.288562607607687), (53.618510594177046, 26.229243527397), (53.688508649783024, 26.16899711535282), (53.758506705388996, 26.103275298885276), (53.828504760994974, 26.04830826990128), (53.89850281660096, 26.007232370211664), (53.96850087220693, 25.974998164893822), (54.038498927812924, 25.961683790764173), (54.10849698341888, 25.962105990623325), (54.17849503902486, 25.976894294618404), (54.24849309463083, 25.980733674587555), (54.31849115023681, 25.97761806580552), (54.38848920584279, 25.970016583520003), (54.45848726144877, 25.966269559770033), (54.528485317054745, 25.970966533203086), (54.59848337266071, 25.986495571772476), (54.668481428266695, 26.003398644704912), (54.73847948387265, 26.017887262192822), (54.80847753947863, 26.02965608326665), (54.8784755950846, 26.04143809808608), (54.94847365069058, 26.048364814525275), (55.018471706296545, 26.05344252175988), (55.08846976190252, 26.066383701371176), (55.15846781750851, 26.09144050908346), (55.22846587311449, 26.11901920702584), (55.29846392872046, 26.129958706947768), (55.36846198432644, 26.106328708580925), (55.43846003993242, 26.066851136929515), (55.5084580983862, 26.047141190198378), (55.57845615399576, 26.034574541614095), (55.648454209605326, 26.032127153209657), (55.718452265214886, 26.03980262327932), (55.78845032082445, 26.053909358939187), (55.85844837643401, 26.06651322416689), (55.92844643204357, 26.06506566465783), (55.998444487653124, 26.032207309497796), (56.06844254326265, 25.945747049652102)
Day of Week: Saturday

MMSI: 636016468
Record time: 2023-08-26T23:38:35Z
Event time: 2023-08-28T07:01:57.545Z
Status: Underway
Travel distance: 254.0097192224622
Num waypoints: 60
Waypoints: (51.93855726229831, 27.240935828948405), (52.00855531790788, 27.14887638335674), (52.07855337351744, 27.08952885948366), (52.148551429127, 27.05264325912475), (52.218549484736556, 27.029222989907513), (52.28854754034613, 27.01179722189694), (52.358545595955704, 26.994593348698718), (52.42854365156528, 26.973609553060015), (52.49854170717485, 26.94658747696789), (52.568539760087425, 26.912884994864562), (52.6385378156934, 26.870293699251924), (52.708535871299375, 26.823346582770984), (52.778533926905354, 26.787193835010395), (52.848531982511325, 26.74739961346463), (52.91853003811731, 26.703564336124142), (52.98852809372327, 26.655708736017722), (53.058526149329246, 26.62055494328101), (53.12852420493523, 26.57962794443458), (53.198522260541196, 26.53886680981853), (53.268520316147175, 26.48946565665629), (53.33851837175316, 26.438956228863766), (53.40851642735913, 26.385674229674773), (53.47851448296509, 26.337475592182788), (53.54851253857108, 26.288562607607687), (53.618510594177046, 26.229243527397), (53.688508649783024, 26.16899711535282), (53.758506705388996, 26.103275298885276), (53.828504760994974, 26.04830826990128), (53.89850281660096, 26.007232370211664), (53.96850087220693, 25.974998164893822), (54.038498927812924, 25.961683790764173), (54.10849698341888, 25.962105990623325), (54.17849503902486, 25.976894294618404), (54.24849309463083, 25.980733674587555), (54.31849115023681, 25.97761806580552), (54.38848920584279, 25.970016583520003), (54.45848726144877, 25.966269559770033), (54.528485317054745, 25.970966533203086), (54.59848337266071, 25.986495571772476), (54.668481428266695, 26.003398644704912), (54.73847948387265, 26.017887262192822), (54.80847753947863, 26.02965608326665), (54.8784755950846, 26.04143809808608), (54.94847365069058, 26.048364814525275), (55.018471706296545, 26.05344252175988), (55.08846976190252, 26.066383701371176), (55.15846781750851, 26.09144050908346), (55.22846587311449, 26.11901920702584), (55.29846392872046, 26.129958706947768), (55.36846198432644, 26.106328708580925), (55.43846003993242, 26.066851136929515), (55.5084580983862, 26.047141190198378), (55.57845615399576, 26.034574541614095), (55.648454209605326, 26.032127153209657), (55.718452265214886, 26.03980262327932), (55.78845032082445, 26.053909358939187), (55.85844837643401, 26.06651322416689), (55.92844643204357, 26.06506566465783), (55.998444487653124, 26.032207309497796), (56.06844254326265, 25.945747049652102)
Day of Week: Saturday

MMSI: 636016468
Record time: 2023-08-27T00:47:16Z
Event time: 2023-08-28T06:28:11.666Z
Status: Underway
Travel distance: 244.73218142548595
Num waypoints: 58
Waypoints: (52.07855337351741, 27.166483145568307), (52.148551429126975, 27.08403842218625), (52.21854948473655, 27.043488467459788), (52.288547540346116, 27.020373619174222), (52.35854559595569, 27.000203974735815), (52.428543651565256, 26.97576277805338), (52.49854170717482, 26.944782623974138), (52.56853976278439, 26.907994480273747), (52.63853781839396, 26.867549527200573), (52.708535871299375, 26.825813813197893), (52.778533926905354, 26.785399485609002), (52.848531982511325, 26.74739961346463), (52.91853003811731, 26.703564336124142), (52.98852809372327, 26.655708736017722), (53.058526149329246, 26.62055494328101), (53.12852420493523, 26.57962794443458), (53.198522260541196, 26.53886680981853), (53.268520316147175, 26.48946565665629), (53.33851837175316, 26.438956228863766), (53.40851642735913, 26.385674229674773), (53.47851448296509, 26.337475592182788), (53.54851253857108, 26.288562607607687), (53.618510594177046, 26.229243527397), (53.688508649783024, 26.16899711535282), (53.758506705388996, 26.103275298885276), (53.828504760994974, 26.04830826990128), (53.89850281660096, 26.007232370211664), (53.96850087220693, 25.974998164893822), (54.038498927812924, 25.961683790764173), (54.10849698341888, 25.962105990623325), (54.17849503902486, 25.976894294618404), (54.24849309463083, 25.980733674587555), (54.31849115023681, 25.97761806580552), (54.38848920584279, 25.970016583520003), (54.45848726144877, 25.966269559770033), (54.528485317054745, 25.970966533203086), (54.59848337266071, 25.986495571772476), (54.668481428266695, 26.003398644704912), (54.73847948387265, 26.017887262192822), (54.80847753947863, 26.02965608326665), (54.8784755950846, 26.04143809808608), (54.94847365069058, 26.048364814525275), (55.018471706296545, 26.05344252175988), (55.08846976190252, 26.066383701371176), (55.15846781750851, 26.09144050908346), (55.22846587311449, 26.11901920702584), (55.29846392872046, 26.129958706947768), (55.36846198432644, 26.106328708580925), (55.43846003993242, 26.066851136929515), (55.5084580983862, 26.047141190198378), (55.57845615399576, 26.034574541614095), (55.648454209605326, 26.032127153209657), (55.718452265214886, 26.03980262327932), (55.78845032082445, 26.053909358939187), (55.85844837643401, 26.06651322416689), (55.92844643204357, 26.06506566465783), (55.998444487653124, 26.032207309497796), (56.06844254326265, 25.945747049652102)
Day of Week: Sunday

MMSI: 636016468
Record time: 2023-08-27T02:25:26Z
Event time: 2023-08-28T05:56:43.166Z
Status: Underway
Travel distance: 235.35529157667386
Num waypoints: 56
Waypoints: (52.21854948473652, 27.09070101240435), (52.28854754034612, 27.039979765020817), (52.3585455959557, 27.00222385722494), (52.42854365156525, 26.970140488973637), (52.498541707174816, 26.93895686563326), (52.56853976278438, 26.905915631451457), (52.63853781839396, 26.86980950730171), (52.70853587400354, 26.830555132700457), (52.77853392961311, 26.788806112096896), (52.848531982511325, 26.74560526406324), (52.91853003811731, 26.703564336124142), (52.98852809372327, 26.655708736017722), (53.058526149329246, 26.62055494328101), (53.12852420493523, 26.57962794443458), (53.198522260541196, 26.53886680981853), (53.268520316147175, 26.48946565665629), (53.33851837175316, 26.438956228863766), (53.40851642735913, 26.385674229674773), (53.47851448296509, 26.337475592182788), (53.54851253857108, 26.288562607607687), (53.618510594177046, 26.229243527397), (53.688508649783024, 26.16899711535282), (53.758506705388996, 26.103275298885276), (53.828504760994974, 26.04830826990128), (53.89850281660096, 26.007232370211664), (53.96850087220693, 25.974998164893822), (54.038498927812924, 25.961683790764173), (54.10849698341888, 25.962105990623325), (54.17849503902486, 25.976894294618404), (54.24849309463083, 25.980733674587555), (54.31849115023681, 25.97761806580552), (54.38848920584279, 25.970016583520003), (54.45848726144877, 25.966269559770033), (54.528485317054745, 25.970966533203086), (54.59848337266071, 25.986495571772476), (54.668481428266695, 26.003398644704912), (54.73847948387265, 26.017887262192822), (54.80847753947863, 26.02965608326665), (54.8784755950846, 26.04143809808608), (54.94847365069058, 26.048364814525275), (55.018471706296545, 26.05344252175988), (55.08846976190252, 26.066383701371176), (55.15846781750851, 26.09144050908346), (55.22846587311449, 26.11901920702584), (55.29846392872046, 26.129958706947768), (55.36846198432644, 26.106328708580925), (55.43846003993242, 26.066851136929515), (55.5084580983862, 26.047141190198378), (55.57845615399576, 26.034574541614095), (55.648454209605326, 26.032127153209657), (55.718452265214886, 26.03980262327932), (55.78845032082445, 26.053909358939187), (55.85844837643401, 26.06651322416689), (55.92844643204357, 26.06506566465783), (55.998444487653124, 26.032207309497796), (56.06844254326265, 25.945747049652102)
Day of Week: Sunday

MMSI: 636016468
Record time: 2023-08-27T05:37:57Z
Event time: 2023-08-28T05:35:23.666Z
Status: Underway
Travel distance: 209.51295896328293
Num waypoints: 50
Waypoints: (52.638537818393914, 26.880448703866577), (52.7085358740035, 26.83401641761736), (52.77853392961307, 26.78726097027463), (52.848531985222635, 26.742680092092925), (52.9185300408322, 26.700686901522104), (52.98852809644177, 26.660433760378996), (53.05852615205134, 26.620488359068307), (53.12852420766092, 26.579362031852824), (53.1985222632705, 26.535890302172913), (53.268520316147175, 26.48946565665629), (53.33851837175316, 26.438956228863766), (53.40851642735913, 26.385674229674773), (53.47851448296509, 26.337475592182788), (53.54851253857108, 26.288562607607687), (53.618510594177046, 26.229243527397), (53.688508649783024, 26.16899711535282), (53.758506705388996, 26.103275298885276), (53.828504760994974, 26.04830826990128), (53.89850281660096, 26.007232370211664), (53.96850087220693, 25.974998164893822), (54.038498927812924, 25.961683790764173), (54.10849698341888, 25.962105990623325), (54.17849503902486, 25.976894294618404), (54.24849309463083, 25.980733674587555), (54.31849115023681, 25.97761806580552), (54.38848920584279, 25.970016583520003), (54.45848726144877, 25.966269559770033), (54.528485317054745, 25.970966533203086), (54.59848337266071, 25.986495571772476), (54.668481428266695, 26.003398644704912), (54.73847948387265, 26.017887262192822), (54.80847753947863, 26.02965608326665), (54.8784755950846, 26.04143809808608), (54.94847365069058, 26.048364814525275), (55.018471706296545, 26.05344252175988), (55.08846976190252, 26.066383701371176), (55.15846781750851, 26.09144050908346), (55.22846587311449, 26.11901920702584), (55.29846392872046, 26.129958706947768), (55.36846198432644, 26.106328708580925), (55.43846003993242, 26.066851136929515), (55.5084580983862, 26.047141190198378), (55.57845615399576, 26.034574541614095), (55.648454209605326, 26.032127153209657), (55.718452265214886, 26.03980262327932), (55.78845032082445, 26.053909358939187), (55.85844837643401, 26.06651322416689), (55.92844643204357, 26.06506566465783), (55.998444487653124, 26.032207309497796), (56.06844254326265, 25.945747049652102)
Day of Week: Sunday

MMSI: 636016468
Record time: 2023-08-27T08:46:16Z
Event time: 2023-08-28T06:10:58.111Z
Status: Underway
Travel distance: 189.8585313174946
Num waypoints: 45
Waypoints: (52.98852809644176, 26.743915609261965), (53.058526152051364, 26.675226399462662), (53.12852420766093, 26.602595343981434), (53.19852226327049, 26.536934698512844), (53.26852031888005, 26.48106141341598), (53.33851837448962, 26.432845726860652), (53.40851643009919, 26.387818814404024), (53.478514485708764, 26.34123949499768), (53.54851254131834, 26.289619993425116), (53.618510594177046, 26.23171075782391), (53.688508649783024, 26.16720276595143), (53.758506705388996, 26.103275298885276), (53.828504760994974, 26.04830826990128), (53.89850281660096, 26.007232370211664), (53.96850087220693, 25.974998164893822), (54.038498927812924, 25.961683790764173), (54.10849698341888, 25.962105990623325), (54.17849503902486, 25.976894294618404), (54.24849309463083, 25.980733674587555), (54.31849115023681, 25.97761806580552), (54.38848920584279, 25.970016583520003), (54.45848726144877, 25.966269559770033), (54.528485317054745, 25.970966533203086), (54.59848337266071, 25.986495571772476), (54.668481428266695, 26.003398644704912), (54.73847948387265, 26.017887262192822), (54.80847753947863, 26.02965608326665), (54.8784755950846, 26.04143809808608), (54.94847365069058, 26.048364814525275), (55.018471706296545, 26.05344252175988), (55.08846976190252, 26.066383701371176), (55.15846781750851, 26.09144050908346), (55.22846587311449, 26.11901920702584), (55.29846392872046, 26.129958706947768), (55.36846198432644, 26.106328708580925), (55.43846003993242, 26.066851136929515), (55.5084580983862, 26.047141190198378), (55.57845615399576, 26.034574541614095), (55.648454209605326, 26.032127153209657), (55.718452265214886, 26.03980262327932), (55.78845032082445, 26.053909358939187), (55.85844837643401, 26.06651322416689), (55.92844643204357, 26.06506566465783), (55.998444487653124, 26.032207309497796), (56.06844254326265, 25.945747049652102)
Day of Week: Sunday

MMSI: 636016468
Record time: 2023-08-27T10:06:13Z
Event time: 2023-08-28T06:44:20.222Z
Status: Underway
Travel distance: 178.68088552915768
Num waypoints: 43
Waypoints: (53.128524207660824, 26.605237451509257), (53.198522263270455, 26.530962649520028), (53.26852031888003, 26.479899244333943), (53.33851837448958, 26.4370028533474), (53.40851643009913, 26.393041881303624), (53.47851448570869, 26.3434517377284), (53.54851254131826, 26.28726746291114), (53.618510596927834, 26.22613476243114), (53.688508652537415, 26.16339945022921), (53.758506705388996, 26.103275298885276), (53.828504760994974, 26.04830826990128), (53.89850281660096, 26.007232370211664), (53.96850087220693, 25.974998164893822), (54.038498927812924, 25.961683790764173), (54.10849698341888, 25.962105990623325), (54.17849503902486, 25.976894294618404), (54.24849309463083, 25.980733674587555), (54.31849115023681, 25.97761806580552), (54.38848920584279, 25.970016583520003), (54.45848726144877, 25.966269559770033), (54.528485317054745, 25.970966533203086), (54.59848337266071, 25.986495571772476), (54.668481428266695, 26.003398644704912), (54.73847948387265, 26.017887262192822), (54.80847753947863, 26.02965608326665), (54.8784755950846, 26.04143809808608), (54.94847365069058, 26.048364814525275), (55.018471706296545, 26.05344252175988), (55.08846976190252, 26.066383701371176), (55.15846781750851, 26.09144050908346), (55.22846587311449, 26.11901920702584), (55.29846392872046, 26.129958706947768), (55.36846198432644, 26.106328708580925), (55.43846003993242, 26.066851136929515), (55.5084580983862, 26.047141190198378), (55.57845615399576, 26.034574541614095), (55.648454209605326, 26.032127153209657), (55.718452265214886, 26.03980262327932), (55.78845032082445, 26.053909358939187), (55.85844837643401, 26.06651322416689), (55.92844643204357, 26.06506566465783), (55.998444487653124, 26.032207309497796), (56.06844254326265, 25.945747049652102)
Day of Week: Sunday

MMSI: 636016468
Record time: 2023-08-27T11:30:34Z
Event time: 2023-08-28T07:14:30.222Z
Status: Underway
Travel distance: 167.4362850971922
Num waypoints: 40
Waypoints: (53.33851837448962, 26.53291643191485), (53.40851643009915, 26.46508361614808), (53.4785144857087, 26.398268603613232), (53.548512541318274, 26.32690174884668), (53.61851059692785, 26.2514778173084), (53.68850865253743, 26.176036922382917), (53.758506708147, 26.10608085598508), (53.82850476375657, 26.046924812770538), (53.898502819366136, 26.00248450795104), (53.96850087220693, 25.974498687381878), (54.038498927812924, 25.96479939954621), (54.10849698341888, 25.964573221050234), (54.17849503902486, 25.97509994521701), (54.24849309463083, 25.980733674587555), (54.31849115023681, 25.97761806580552), (54.38848920584279, 25.970016583520003), (54.45848726144877, 25.966269559770033), (54.528485317054745, 25.970966533203086), (54.59848337266071, 25.986495571772476), (54.668481428266695, 26.003398644704912), (54.73847948387265, 26.017887262192822), (54.80847753947863, 26.02965608326665), (54.8784755950846, 26.04143809808608), (54.94847365069058, 26.048364814525275), (55.018471706296545, 26.05344252175988), (55.08846976190252, 26.066383701371176), (55.15846781750851, 26.09144050908346), (55.22846587311449, 26.11901920702584), (55.29846392872046, 26.129958706947768), (55.36846198432644, 26.106328708580925), (55.43846003993242, 26.066851136929515), (55.5084580983862, 26.047141190198378), (55.57845615399576, 26.034574541614095), (55.648454209605326, 26.032127153209657), (55.718452265214886, 26.03980262327932), (55.78845032082445, 26.053909358939187), (55.85844837643401, 26.06651322416689), (55.92844643204357, 26.06506566465783), (55.998444487653124, 26.032207309497796), (56.06844254326265, 25.945747049652102)
Day of Week: Sunday

MMSI: 636016468
Record time: 2023-08-27T14:15:15Z
Event time: 2023-08-28T07:46:33.375Z
Status: Underway
Travel distance: 148.28725701943844
Num waypoints: 36
Waypoints: (53.6185105969279, 26.3858333784429), (53.688508652537436, 26.341804044519872), (53.758506708146996, 26.259782206386365), (53.828504763756555, 26.171832692510915), (53.89850281936612, 26.095737159340583), (53.968500874975696, 26.038962204530947), (54.03849893058528, 26.002078620359143), (54.10849698619485, 25.981631787320016), (54.178495041804425, 25.972463207905314), (54.24849309463083, 25.969483179233663), (54.31849115023681, 25.972133237278154), (54.38848920584279, 25.972632714790098), (54.45848726144877, 25.97185239897899), (54.528485317054745, 25.97163941422861), (54.59848337266071, 25.98470122237109), (54.668481428266695, 26.003398644704912), (54.73847948387265, 26.017887262192822), (54.80847753947863, 26.02965608326665), (54.8784755950846, 26.04143809808608), (54.94847365069058, 26.048364814525275), (55.018471706296545, 26.05344252175988), (55.08846976190252, 26.066383701371176), (55.15846781750851, 26.09144050908346), (55.22846587311449, 26.11901920702584), (55.29846392872046, 26.129958706947768), (55.36846198432644, 26.106328708580925), (55.43846003993242, 26.066851136929515), (55.5084580983862, 26.047141190198378), (55.57845615399576, 26.034574541614095), (55.648454209605326, 26.032127153209657), (55.718452265214886, 26.03980262327932), (55.78845032082445, 26.053909358939187), (55.85844837643401, 26.06651322416689), (55.92844643204357, 26.06506566465783), (55.998444487653124, 26.032207309497796), (56.06844254326265, 25.945747049652102)
Day of Week: Sunday

MMSI: 636016468
Record time: 2023-08-27T15:19:15Z
Event time: 2023-08-28T08:20:49.500Z
Status: Underway
Travel distance: 142.89470842332614
Num waypoints: 35
Waypoints: (53.68850865253742, 26.320562753802), (53.758506708147, 26.265597209825522), (53.82850476375657, 26.182086911571623), (53.89850281936613, 26.101059436353196), (53.968500874975696, 26.03784651627215), (54.03849893058526, 25.996893158490312), (54.10849698619484, 25.975843936723543), (54.17849504180441, 25.96890645395912), (54.248493097413984, 25.969491976396395), (54.31849115023681, 25.972133237278154), (54.38848920584279, 25.972632714790098), (54.45848726144877, 25.97185239897899), (54.528485317054745, 25.97163941422861), (54.59848337266071, 25.98470122237109), (54.668481428266695, 26.003398644704912), (54.73847948387265, 26.017887262192822), (54.80847753947863, 26.02965608326665), (54.8784755950846, 26.04143809808608), (54.94847365069058, 26.048364814525275), (55.018471706296545, 26.05344252175988), (55.08846976190252, 26.066383701371176), (55.15846781750851, 26.09144050908346), (55.22846587311449, 26.11901920702584), (55.29846392872046, 26.129958706947768), (55.36846198432644, 26.106328708580925), (55.43846003993242, 26.066851136929515), (55.5084580983862, 26.047141190198378), (55.57845615399576, 26.034574541614095), (55.648454209605326, 26.032127153209657), (55.718452265214886, 26.03980262327932), (55.78845032082445, 26.053909358939187), (55.85844837643401, 26.06651322416689), (55.92844643204357, 26.06506566465783), (55.998444487653124, 26.032207309497796), (56.06844254326265, 25.945747049652102)
Day of Week: Sunday

MMSI: 636016468
Record time: 2023-08-27T16:04:26Z
Event time: 2023-08-28T08:52:10.375Z
Status: Underway
Travel distance: 137.4951403887689
Num waypoints: 34
Waypoints: (53.758506708146975, 26.258616918782618), (53.82850476375656, 26.180117045372636), (53.898502819366115, 26.103944068913755), (53.96850087497567, 26.04250610742627), (54.03849893058522, 26.00013010975099), (54.10849698619479, 25.97584573587068), (54.17849504180436, 25.96571593782909), (54.24849309741394, 25.964714241247627), (54.31849115302352, 25.9681487274397), (54.38848920584279, 25.972632714790098), (54.45848726144877, 25.97185239897899), (54.528485317054745, 25.97163941422861), (54.59848337266071, 25.98470122237109), (54.668481428266695, 26.003398644704912), (54.73847948387265, 26.017887262192822), (54.80847753947863, 26.02965608326665), (54.8784755950846, 26.04143809808608), (54.94847365069058, 26.048364814525275), (55.018471706296545, 26.05344252175988), (55.08846976190252, 26.066383701371176), (55.15846781750851, 26.09144050908346), (55.22846587311449, 26.11901920702584), (55.29846392872046, 26.129958706947768), (55.36846198432644, 26.106328708580925), (55.43846003993242, 26.066851136929515), (55.5084580983862, 26.047141190198378), (55.57845615399576, 26.034574541614095), (55.648454209605326, 26.032127153209657), (55.718452265214886, 26.03980262327932), (55.78845032082445, 26.053909358939187), (55.85844837643401, 26.06651322416689), (55.92844643204357, 26.06506566465783), (55.998444487653124, 26.032207309497796), (56.06844254326265, 25.945747049652102)
Day of Week: Sunday

MMSI: 636016468
Record time: 2023-08-27T17:01:35Z
Event time: 2023-08-28T09:22:57.142Z
Status: Underway
Travel distance: 130.09071274298057
Num waypoints: 32
Waypoints: (53.89850281936617, 26.261651000497878), (53.9685008749757, 26.17335289187129), (54.03849893058526, 26.102925111943023), (54.10849698619483, 26.047515412800827), (54.178495041804396, 26.00580390584276), (54.24849309741398, 25.977166578306186), (54.31849115302355, 25.96102766884094), (54.38848920863313, 25.95640090212666), (54.458487264242706, 25.961619582534205), (54.528485317054745, 25.974255545498703), (54.59848337266071, 25.990284061580038), (54.668481428266695, 26.004071525730435), (54.73847948387265, 26.016092912791432), (54.80847753947863, 26.02965608326665), (54.8784755950846, 26.04143809808608), (54.94847365069058, 26.048364814525275), (55.018471706296545, 26.05344252175988), (55.08846976190252, 26.066383701371176), (55.15846781750851, 26.09144050908346), (55.22846587311449, 26.11901920702584), (55.29846392872046, 26.129958706947768), (55.36846198432644, 26.106328708580925), (55.43846003993242, 26.066851136929515), (55.5084580983862, 26.047141190198378), (55.57845615399576, 26.034574541614095), (55.648454209605326, 26.032127153209657), (55.718452265214886, 26.03980262327932), (55.78845032082445, 26.053909358939187), (55.85844837643401, 26.06651322416689), (55.92844643204357, 26.06506566465783), (55.998444487653124, 26.032207309497796), (56.06844254326265, 25.945747049652102)
Day of Week: Sunday

MMSI: 636016468
Record time: 2023-08-27T20:01:45Z
Event time: 2023-08-28T09:01:03.500Z
Status: Underway
Travel distance: 107.70626349892008
Num waypoints: 27
Waypoints: (54.24849309741396, 26.257642843393267), (54.318491153023565, 26.1840325721023), (54.38848920863313, 26.17085445338106), (54.45848726424269, 26.182682680580154), (54.528485319852244, 26.19704110835574), (54.598483375461804, 26.201730011329065), (54.66848143107137, 26.192370916512544), (54.738479486680944, 26.170169509502383), (54.80847754229052, 26.13989661443777), (54.8784755950846, 26.108087246387118), (54.94847365069058, 26.07775294043545), (55.018471706296545, 26.05658828767471), (55.08846976190252, 26.058050908615346), (55.15846781750851, 26.083305622511606), (55.22846587311449, 26.11600160892539), (55.29846392872046, 26.130780488816473), (55.36846198432644, 26.111911547789873), (55.43846003993242, 26.067524017955037), (55.5084580983862, 26.046722508671362), (55.57845615399576, 26.033553665553093), (55.648454209605326, 26.03125852497666), (55.718452265214886, 26.039657172229347), (55.78845032082445, 26.054522039930692), (55.85844837643401, 26.067293300091745), (55.92844643204357, 26.0651363511494), (55.998444487653124, 26.03134139997603), (56.06844254326265, 25.946065138864192)
Day of Week: Sunday

MMSI: 636016468
Record time: 2023-08-27T23:10:25Z
Event time: 2023-08-28T08:58:17.200Z
Status: Underway
Travel distance: 89.57181425485962
Num waypoints: 22
Waypoints: (54.598483375461775, 26.16274448071279), (54.66848143107135, 26.22986654769068), (54.738479486680916, 26.19766969609249), (54.808477542290476, 26.13679443928744), (54.87847559790004, 26.08586289730683), (54.948473653509616, 26.06041473225627), (55.01847170911919, 26.060643395288764), (55.088469764728764, 26.077932685138695), (55.15846782033833, 26.10019361821666), (55.22846587311449, 26.11600160892539), (55.29846392872046, 26.130780488816473), (55.36846198432644, 26.111911547789873), (55.43846003993242, 26.067524017955037), (55.5084580983862, 26.046722508671362), (55.57845615399576, 26.033553665553093), (55.648454209605326, 26.03125852497666), (55.718452265214886, 26.039657172229347), (55.78845032082445, 26.054522039930692), (55.85844837643401, 26.067293300091745), (55.92844643204357, 26.0651363511494), (55.998444487653124, 26.03134139997603), (56.06844254326265, 25.946065138864192)
Day of Week: Sunday

MMSI: 636016468
Record time: 2023-08-28T02:13:05Z
Event time: 2023-08-28T09:01:24.600Z
Status: Underway
Travel distance: 64.17818574514038
Num waypoints: 16
Waypoints: (55.01847170911911, 26.122935865987955), (55.088469764728764, 26.092893707258746), (55.15846782033833, 26.113797167353574), (55.228465875947876, 26.13463393378932), (55.29846393155742, 26.1334701294385), (55.36846198716698, 26.108341626041426), (55.43846004277655, 26.069250805117512), (55.50845809783134, 26.031268766015494), (55.578456153440214, 25.995015204504988), (55.648454209605255, 26.008178865724286), (55.718452265214815, 26.0489814905644), (55.78845032082438, 26.090336561213828), (55.85844837643395, 26.099416902896557), (55.92844643204353, 26.056567894283912), (55.99844448765311, 25.981922683708387), (56.0684425432627, 25.969719411439616)
Day of Week: Monday

MMSI: 636016468
Record time: 2023-08-28T02:48:46Z
Event time: 2023-08-28T09:27:30.750Z
Status: Underway
Travel distance: 63.73596112311015
Num waypoints: 15
Waypoints: (55.08846976472876, 26.118337338194934), (55.15846782033832, 26.102172462577208), (55.22846587594789, 26.117644633599557), (55.29846393155745, 26.1299602240533), (55.36846198716702, 26.1199069128306), (55.43846004277658, 26.084954130299145), (55.50845809867343, 26.037210565127804), (55.57845615428335, 25.98623387312141), (55.64845420989328, 25.986562794121838), (55.71845226521487, 26.0350642417829), (55.78845032082444, 26.097916952398883), (55.858448376434005, 26.12035785291183), (55.92844643204356, 26.06327187015818), (55.998444487653096, 25.95768898690394), (56.06844254326259, 25.97835568450907)
Day of Week: Monday

MMSI: 636016468
Record time: 2023-08-28T03:22:06Z
Event time: 2023-08-28T09:49:43.250Z
Status: Underway
Travel distance: 61.442764578833696
Num waypoints: 14
Waypoints: (55.15846782033835, 26.12072997321414), (55.22846587594792, 26.090726163338854), (55.298463931557464, 26.133260044412385), (55.368461987167024, 26.136703104562006), (55.43846004277659, 26.089208882594953), (55.50845809838617, 26.02526633695912), (55.57845615428335, 25.98623387312141), (55.64845420989328, 25.986562794121838), (55.71845226521487, 26.0350642417829), (55.78845032082444, 26.097916952398883), (55.858448376434005, 26.12035785291183), (55.92844643204356, 26.06327187015818), (55.998444487653096, 25.95768898690394), (56.06844254326259, 25.97835568450907)
Day of Week: Monday

MMSI: 636016468
Record time: 2023-08-28T03:54:15Z
Event time: 2023-08-28T10:05:30.500Z
Status: Underway
Travel distance: 56.836933045356375
Num waypoints: 13
Waypoints: (55.22846587594787, 26.11664195506602), (55.29846393155744, 26.102962176131232), (55.368461987167, 26.133907276058405), (55.438460042776576, 26.105453335874078), (55.50845809838614, 26.03506727331285), (55.578456154037184, 25.979973763643358), (55.6484542096468, 25.976143425541615), (55.71845226525644, 26.04434072347333), (55.788450320824374, 26.10407095821329), (55.85844837643393, 26.11435239206531), (55.92844643204349, 26.05535654543819), (55.998444487653074, 25.966495581431367), (56.06844254326263, 25.976042627151074)
Day of Week: Monday

MMSI: 636016468
Record time: 2023-08-28T04:29:45Z
Event time: 2023-08-28T10:38:02.250Z
Status: Underway
Travel distance: 52.30831533477322
Num waypoints: 12
Waypoints: (55.29846393155743, 26.11324360998328), (55.368461987167024, 26.119271352574945), (55.43846004277659, 26.107932975803095), (55.50845809838616, 26.04334425955675), (55.578456153995724, 25.980699511895875), (55.6484542096468, 25.976143425541615), (55.71845226525644, 26.04434072347333), (55.788450320824374, 26.10407095821329), (55.85844837643393, 26.11435239206531), (55.92844643204349, 26.05535654543819), (55.998444487653074, 25.966495581431367), (56.06844254326263, 25.976042627151074)
Day of Week: Monday

MMSI: 636016468
Record time: 2023-08-28T05:14:34Z
Event time: 2023-08-28T10:56:46.600Z
Status: Underway
Travel distance: 48.95464362850972
Num waypoints: 11
Waypoints: (55.36846198716699, 26.114276233296053), (55.438460042776526, 26.114798464856783), (55.50845809838616, 26.043350659453317), (55.57845615399573, 25.975166801304468), (55.64845420960529, 25.974709848688843), (55.71845226521487, 26.04434072345389), (55.78845032082443, 26.113971598218967), (55.858448376434005, 26.113514645603342), (55.928446432043586, 26.0453307874545), (55.99844448765318, 25.97388298205104), (56.06844254326276, 25.974405213611764)
Day of Week: Monday

MMSI: 636016468
Record time: 2023-08-28T05:36:15Z
Event time: 2023-08-28T11:12:17.250Z
Status: Underway
Travel distance: 45.24676025917927
Num waypoints: 10
Waypoints: (55.4384600427766, 26.114352392065342), (55.50845809838617, 26.044340723453907), (55.57845615399572, 25.97432905484247), (55.64845420960529, 25.97432905484247), (55.718452265214864, 26.044340723453907), (55.78845032082444, 26.114352392065342), (55.858448376433984, 26.114352392065342), (55.92844643204356, 26.044340723453907), (55.99844448765313, 25.97432905484247), (56.06844254326268, 25.97432905484247)
Day of Week: Monday

MMSI: 636016468
Record time: 2023-08-28T05:58:04Z
Event time: 2023-08-28T11:32:24.600Z
Status: Underway
Travel distance: 49.25323974082073
Num waypoints: 11
Waypoints: (55.4383730211068, 26.184200863314043), (55.43899305050379, 26.115331576241708), (55.507163651048536, 26.042055960375674), (55.5799028892554, 25.9766138179207), (55.64807348980011, 25.97432905484247), (55.71845226521487, 26.04434072345389), (55.78845032082443, 26.113971598218967), (55.858448376434005, 26.113514645603342), (55.928446432043586, 26.0453307874545), (55.99844448765318, 25.97388298205104), (56.06844254326276, 25.974405213611764)
Day of Week: Monday

MMSI: 636016468
Record time: 2023-08-28T06:35:05Z
Event time: 2023-08-28T11:13:35.250Z
Status: Underway
Travel distance: 35.83315334773218
Num waypoints: 9
Waypoints: (55.50845809838617, 26.184364060676778), (55.57845615399572, 26.184364060676778), (55.64845420960529, 26.184364060676778), (55.718452265214864, 26.114352392065342), (55.78845032082444, 26.044340723453907), (55.858448376433984, 26.044340723453907), (55.92844643204356, 26.044340723453907), (55.99844448765313, 25.97432905484247), (56.06844254326268, 25.97432905484247)
Day of Week: Monday

MMSI: 636016468
Record time: 2023-08-28T06:48:27Z
Event time: 2023-08-28T10:50:41Z
Status: Underway
Travel distance: 33.93844492440605
Num waypoints: 8
Waypoints: (55.57845615399572, 26.114352392065342), (55.64845420960529, 26.044340723453907), (55.718452265214864, 26.044340723453907), (55.78845032082444, 26.114352392065342), (55.858448376433984, 26.114352392065342), (55.92844643204356, 26.044340723453907), (55.99844448765313, 25.97432905484247), (56.06844254326268, 25.97432905484247)
Day of Week: Monday

MMSI: 636016468
Record time: 2023-08-28T07:26:16Z
Event time: 2023-08-28T11:06:01Z
Status: Underway
Travel distance: 33.93844492440605
Num waypoints: 8
Waypoints: (55.57845615399572, 26.114352392065342), (55.64845420960529, 26.044340723453907), (55.718452265214864, 26.044340723453907), (55.78845032082444, 26.114352392065342), (55.858448376433984, 26.114352392065342), (55.92844643204356, 26.044340723453907), (55.99844448765313, 25.97432905484247), (56.06844254326268, 25.97432905484247)
Day of Week: Monday

MMSI: 636016468
Record time: 2023-08-28T08:42:05Z
Event time: 2023-08-28T11:22:44.250Z
Status: Underway
Travel distance: 24.509719222462202
Num waypoints: 6
Waypoints: (55.718452265214864, 26.044340723453907), (55.78845032082444, 26.114352392065342), (55.858448376433984, 26.114352392065342), (55.92844643204356, 26.044340723453907), (55.99844448765313, 25.97432905484247), (56.06844254326268, 25.97432905484247)
Day of Week: Monday

Number of Journeys: 0
