Record time: 2024-01-12T14:24:12Z
Event time: 2024-01-13T00:31:56.250Z
Status: Underway
Travel distance: 124.38390928725703
Num waypoints: 31
Waypoints: (53.968500874975675, 26.189578160398618), (54.03849893058526, 26.10129772339494), (54.10849698619484, 26.040034479084024), (54.17849504180441, 25.99962763366047), (54.24849309741398, 25.97540540175077), (54.318491153023544, 25.96375149762935), (54.38848920863311, 25.961756443370575), (54.45848726424268, 25.96695369393679), (54.52848531985225, 25.977140579202313), (54.59848337266071, 25.990284061580038), (54.668481428266695, 26.004071525730435), (54.73847948387265, 26.016092912791432), (54.80847753947863, 26.02965608326665), (54.8784755950846, 26.04143809808608), (54.94847365069058, 26.048364814525275), (55.018471706296545, 26.05344252175988), (55.08846976190252, 26.066383701371176), (55.15846781750851, 26.09144050908346), (55.22846587311449, 26.11901920702584), (55.29846392872046, 26.129958706947768), (55.36846198432644, 26.106328708580925), (55.43846003993242, 26.066851136929515), (55.5084580983862, 26.047141190198378), (55.57845615399576, 26.034574541614095), (55.648454209605326, 26.032127153209657), (55.718452265214886, 26.03980262327932), (55.78845032082445, 26.053909358939187), (55.85844837643401, 26.06651322416689), (55.92844643204357, 26.06506566465783), (55.998444487653124, 26.032207309497796), (56.06844254326265, 25.945747049652102)

Record time: 2024-01-12T15:14:57Z
Event time: 2024-01-12T23:58:57Z
Status: Underway
Travel distance: 111.16522678185746
Num waypoints: 28
Waypoints: (54.178495041804375, 26.180354738410205), (54.248493097413956, 26.11762999262791), (54.318491153023515, 26.065514731780784), (54.388489208633075, 26.028005032985575), (54.45848726424264, 26.005469635729682), (54.52848531985221, 25.995980059909606), (54.598483375461775, 25.996418691979205), (54.66848143107135, 26.00336483920773), (54.73847948668093, 26.01375875204759), (54.80847753947863, 26.025343613276757), (54.8784755950846, 26.03914427117275), (54.94847365069058, 26.05148042330731), (55.018471706296545, 26.055909752186793), (55.08846976190252, 26.064589351969783), (55.15846781750851, 26.09144050908346), (55.22846587311449, 26.11901920702584), (55.29846392872046, 26.129958706947768), (55.36846198432644, 26.106328708580925), (55.43846003993242, 26.066851136929515), (55.5084580983862, 26.047141190198378), (55.57845615399576, 26.034574541614095), (55.648454209605326, 26.032127153209657), (55.718452265214886, 26.03980262327932), (55.78845032082445, 26.053909358939187), (55.85844837643401, 26.06651322416689), (55.92844643204357, 26.06506566465783), (55.998444487653124, 26.032207309497796), (56.06844254326265, 25.945747049652102)

Record time: 2024-01-12T18:16:26Z
Event time: 2024-01-13T00:08:38.750Z
Status: Underway
Travel distance: 70.44438444924405
Num waypoints: 18
Waypoints: (54.87847559790008, 26.184945213756727), (54.94847365350959, 26.119359732657), (55.018471709119154, 26.101832469902142), (55.08846976472873, 26.109594790229636), (55.1584678203383, 26.123743390878868), (55.22846587594787, 26.130868134324245), (55.29846393155743, 26.12388825627239), (55.36846198716699, 26.102096948923347), (55.438460042987366, 26.070414319595013), (55.508458098597195, 26.028630017254805), (55.57845615399566, 26.019406719064754), (55.64845420960522, 26.02870613491892), (55.71845226521479, 26.04999554831908), (55.78845032082438, 26.071026161324795), (55.85844837643397, 26.077343935659773), (55.92844643204356, 26.057689966769065), (55.998444487653146, 26.011290390728075), (56.06844254326271, 25.95703582400361)

Record time: 2024-01-12T19:49:27Z
Event time: 2024-01-13T00:26:23Z
Status: Underway
Travel distance: 56.836933045356375
Num waypoints: 13
Waypoints: (55.22846587594787, 26.11664195506602), (55.29846393155744, 26.102962176131232), (55.368461987167, 26.133907276058405), (55.438460042776576, 26.105453335874078), (55.50845809838614, 26.03506727331285), (55.578456154037184, 25.979973763643358), (55.6484542096468, 25.976143425541615), (55.71845226525644, 26.04434072347333), (55.788450320824374, 26.10407095821329), (55.85844837643393, 26.11435239206531), (55.92844643204349, 26.05535654543819), (55.998444487653074, 25.966495581431367), (56.06844254326263, 25.976042627151074)

Record time: 2024-01-12T21:00:49Z
Event time: 2024-01-13T00:43:55Z
Status: Underway
Travel distance: 49.25323974082073
Num waypoints: 11
Waypoints: (55.4383730211068, 26.184200863314043), (55.43899305050379, 26.115331576241708), (55.507163651048536, 26.042055960375674), (55.5799028892554, 25.9766138179207), (55.64807348980011, 25.97432905484247), (55.71845226521487, 26.04434072345389), (55.78845032082443, 26.113971598218967), (55.858448376434005, 26.113514645603342), (55.928446432043586, 26.0453307874545), (55.99844448765318, 25.97388298205104), (56.06844254326276, 25.974405213611764)

Record time: 2024-01-12T21:35:54Z
Event time: 2024-01-13T00:25:53Z
Status: Underway
Travel distance: 32.06047516198704
Num waypoints: 8
Waypoints: (55.57845615399572, 26.184364060676778), (55.64845420960529, 26.184364060676778), (55.718452265214864, 26.114352392065342), (55.78845032082444, 26.044340723453907), (55.858448376433984, 26.044340723453907), (55.92844643204356, 26.044340723453907), (55.99844448765313, 25.97432905484247), (56.06844254326268, 25.97432905484247)

