Record time: 2023-06-23T01:59:07Z
Event time: 2023-06-23T16:33:50.500Z
Status: Underway
Travel distance: 160.3682505399568
Waypoints: (57.03894730936531, 24.924154025670944), (56.998860911608055, 24.99416569428238), (56.91377031847732, 25.064177362893812), (56.82201518134005, 25.13418903150524), (56.74528599767142, 25.20420070011667), (56.69295929821133, 25.274212368728104), (56.665882573460415, 25.344224037339544), (56.65960893951533, 25.414235705950983), (56.66708154324351, 25.484247374562425), (56.68076770388942, 25.554259041862842), (56.698296897946406, 25.624270710470686), (56.70797733977298, 25.694282379078533), (56.70899117619554, 25.764294047686374), (56.69713042072417, 25.834305716294217), (56.69219503486787, 25.904317384902054), (56.69578492034181, 25.976123402911295), (56.70141566984108, 26.04366784109223), (56.70140059420655, 26.112358250319428), (56.70168891571706, 26.178607816610896), (56.69668757395966, 26.254750807280427), (56.68200390592139, 26.330381126692416), (56.65420632029091, 26.40759281075543), (56.6120058503154, 26.470332840717717), (56.55669146274771, 26.511063818200974), (56.48810674787951, 26.527529612707852), (56.42454787267482, 26.521262583548584), (56.35474014695487, 26.496588394458662), (56.27798934063656, 26.462974250363594), (56.2005028233302, 26.420168776278537), (56.12594603288787, 26.370432816112334), (56.058937938154855, 26.315022602928096), (56.005132073396574, 26.254370703099408), (55.97127062213742, 26.18854666651377), (55.96521155330295, 26.117997384182836), (55.99592880966533, 26.044567153259294), (56.07348554859199, 25.972797449460426)
Associated file(s): api_response_2023-06-23_06-05-34.json, api_response_2023-06-23_06-15-36.json, api_response_2023-06-23_06-05-34.json, api_response_2023-06-23_06-15-36.json

Record time: 2023-06-23T02:14:38Z
Event time: 2023-06-23T17:24:48Z
Status: Underway
Travel distance: 164.94060475161987
Waypoints: (57.03845395922514, 24.854142357059523), (56.99823728285943, 24.924154025670955), (56.91569798961349, 24.994165694282387), (56.8247642232979, 25.06417736289382), (56.74578286545972, 25.134189031505255), (56.68871877347667, 25.20420070011669), (56.65599446476762, 25.274212368728126), (56.64497024711937, 25.344224037339565), (56.65006479512964, 25.414235705951004), (56.664516169859375, 25.484247373255), (56.68703163003922, 25.554259041862842), (56.70328127961495, 25.624270710470686), (56.70847672016699, 25.694282379078533), (56.70587617320949, 25.764294047686374), (56.69466367002318, 25.834305716294217), (56.69398903537768, 25.904317384902054), (56.69578492034181, 25.976123402911295), (56.70141566984108, 26.04366784109223), (56.70140059420655, 26.112358250319428), (56.70168891571706, 26.178607816610896), (56.69668757395966, 26.254750807280427), (56.68200390592139, 26.330381126692416), (56.65420632029091, 26.40759281075543), (56.6120058503154, 26.470332840717717), (56.55669146274771, 26.511063818200974), (56.48810674787951, 26.527529612707852), (56.42454787267482, 26.521262583548584), (56.35474014695487, 26.496588394458662), (56.27798934063656, 26.462974250363594), (56.2005028233302, 26.420168776278537), (56.12594603288787, 26.370432816112334), (56.058937938154855, 26.315022602928096), (56.005132073396574, 26.254370703099408), (55.97127062213742, 26.18854666651377), (55.96521155330295, 26.117997384182836), (55.99592880966533, 26.044567153259294), (56.07348554859199, 25.972797449460426)
Associated file(s): api_response_2023-06-23_06-35-40.json, api_response_2023-06-23_06-45-41.json, api_response_2023-06-23_06-25-38.json, api_response_2023-06-23_06-35-40.json, api_response_2023-06-23_06-45-41.json, api_response_2023-06-23_06-25-38.json

Record time: 2023-06-23T02:46:47Z
Event time: 2023-06-23T18:11:48.833Z
Status: Underway
Travel distance: 171.59557235421167
Waypoints: (57.18459918193222, 24.784130688448077), (57.12216155704298, 24.8541423570595), (57.05539910949591, 24.924154025670934), (56.98094808833497, 24.99416569428237), (56.90181890933177, 25.064177362893805), (56.82438008585105, 25.134189031505244), (56.75590184264824, 25.204200700116683), (56.702659412599395, 25.274212368728122), (56.66859601636307, 25.344224037339558), (56.654545522067984, 25.414235704647155), (56.66294830386761, 25.484247373255), (56.68076770388942, 25.554259041862842), (56.698296897946406, 25.624270710470686), (56.70797733977298, 25.694282379078533), (56.70899117619554, 25.764294047686374), (56.69713042072417, 25.834305716294217), (56.69219503486787, 25.904317384902054), (56.69578492034181, 25.976123402911295), (56.70141566984108, 26.04366784109223), (56.70140059420655, 26.112358250319428), (56.70168891571706, 26.178607816610896), (56.69668757395966, 26.254750807280427), (56.68200390592139, 26.330381126692416), (56.65420632029091, 26.40759281075543), (56.6120058503154, 26.470332840717717), (56.55669146274771, 26.511063818200974), (56.48810674787951, 26.527529612707852), (56.42454787267482, 26.521262583548584), (56.35474014695487, 26.496588394458662), (56.27798934063656, 26.462974250363594), (56.2005028233302, 26.420168776278537), (56.12594603288787, 26.370432816112334), (56.058937938154855, 26.315022602928096), (56.005132073396574, 26.254370703099408), (55.97127062213742, 26.18854666651377), (55.96521155330295, 26.117997384182836), (55.99592880966533, 26.044567153259294), (56.07348554859199, 25.972797449460426)
Associated file(s): api_response_2023-06-23_07-05-45.json, api_response_2023-06-23_06-55-43.json, api_response_2023-06-23_07-05-45.json, api_response_2023-06-23_06-55-43.json

Record time: 2023-06-23T03:09:17Z
Event time: 2023-06-23T18:44:27.857Z
Status: Underway
Travel distance: 177.6900647948164
Waypoints: (57.26156821095171, 24.714119019836637), (57.17950123048328, 24.784130688448087), (57.1193184179996, 24.854142357059523), (57.05733029828011, 24.92415402567096), (56.98540450871926, 24.99416569428239), (56.905487125290364, 25.064177362893826), (56.824998752203385, 25.13418903150526), (56.7531053752568, 25.204200700116697), (56.69786397888349, 25.274212368728133), (56.6642429239834, 25.344224036039307), (56.654545522067984, 25.414235704647155), (56.66294830386761, 25.484247373255), (56.68076770388942, 25.554259041862842), (56.698296897946406, 25.624270710470686), (56.70797733977298, 25.694282379078533), (56.70899117619554, 25.764294047686374), (56.69713042072417, 25.834305716294217), (56.69219503486787, 25.904317384902054), (56.69578492034181, 25.976123402911295), (56.70141566984108, 26.04366784109223), (56.70140059420655, 26.112358250319428), (56.70168891571706, 26.178607816610896), (56.69668757395966, 26.254750807280427), (56.68200390592139, 26.330381126692416), (56.65420632029091, 26.40759281075543), (56.6120058503154, 26.470332840717717), (56.55669146274771, 26.511063818200974), (56.48810674787951, 26.527529612707852), (56.42454787267482, 26.521262583548584), (56.35474014695487, 26.496588394458662), (56.27798934063656, 26.462974250363594), (56.2005028233302, 26.420168776278537), (56.12594603288787, 26.370432816112334), (56.058937938154855, 26.315022602928096), (56.005132073396574, 26.254370703099408), (55.97127062213742, 26.18854666651377), (55.96521155330295, 26.117997384182836), (55.99592880966533, 26.044567153259294), (56.07348554859199, 25.972797449460426)
Associated file(s): api_response_2023-06-23_07-25-49.json, api_response_2023-06-23_07-15-47.json, api_response_2023-06-23_07-35-50.json, api_response_2023-06-23_07-25-49.json, api_response_2023-06-23_07-15-47.json, api_response_2023-06-23_07-35-50.json

Record time: 2023-06-23T03:35:45Z
Event time: 2023-06-23T19:26:40.571Z
Status: Underway
Travel distance: 178.6511879049676
Waypoints: (57.333872838645405, 24.714119019836637), (57.24642385664728, 24.784130688448087), (57.18620147062295, 24.854142357059523), (57.12731139380082, 24.92415402567096), (57.05910551706199, 24.99416569428239), (56.981200730843774, 25.064177362893826), (56.899248136752384, 25.13418903150526), (56.82145264888457, 25.204200700116697), (56.75584298485843, 25.274212368728133), (56.708292043643915, 25.344224036039307), (56.68049445801345, 25.414235704647155), (56.67264570578303, 25.484247373255), (56.679199837897656, 25.554259041862842), (56.69203297179661, 25.624270710470686), (56.70299295810444, 25.694282379078533), (56.70849179580153, 25.764294047686374), (56.70024542371022, 25.834305716294217), (56.69466178556886, 25.904317384902054), (56.693990919832004, 25.976123402911295), (56.70141566984108, 26.04366784109223), (56.70140059420655, 26.112358250319428), (56.70168891571706, 26.178607816610896), (56.69668757395966, 26.254750807280427), (56.68200390592139, 26.330381126692416), (56.65420632029091, 26.40759281075543), (56.6120058503154, 26.470332840717717), (56.55669146274771, 26.511063818200974), (56.48810674787951, 26.527529612707852), (56.42454787267482, 26.521262583548584), (56.35474014695487, 26.496588394458662), (56.27798934063656, 26.462974250363594), (56.2005028233302, 26.420168776278537), (56.12594603288787, 26.370432816112334), (56.058937938154855, 26.315022602928096), (56.005132073396574, 26.254370703099408), (55.97127062213742, 26.18854666651377), (55.96521155330295, 26.117997384182836), (55.99592880966533, 26.044567153259294), (56.07348554859199, 25.972797449460426)
Associated file(s): api_response_2023-06-23_07-55-54.json, api_response_2023-06-23_07-45-53.json, api_response_2023-06-23_07-55-54.json, api_response_2023-06-23_07-45-53.json

Record time: 2023-06-23T03:59:35Z
Event time: 2023-06-23T20:18:56Z
Status: Underway
Travel distance: 184.41144708423326
Waypoints: (57.40560257072121, 24.644107351225205), (57.315098351491066, 24.714119019836648), (57.253000739265275, 24.78413068844808), (57.195444490629725, 24.854142357059516), (57.1309376892165, 24.92415402567095), (57.05678486296462, 24.994165694282387), (56.97598573765027, 25.064177362893826), (56.89460962668684, 25.134189031505265), (56.819645457194426, 25.204200700116704), (56.757327429427285, 25.27421236743147), (56.708292043643915, 25.344224036039307), (56.68049445801345, 25.414235704647155), (56.67264570578303, 25.484247373255), (56.679199837897656, 25.554259041862842), (56.69203297179661, 25.624270710470686), (56.70299295810444, 25.694282379078533), (56.70849179580153, 25.764294047686374), (56.70024542371022, 25.834305716294217), (56.69466178556886, 25.904317384902054), (56.693990919832004, 25.976123402911295), (56.70141566984108, 26.04366784109223), (56.70140059420655, 26.112358250319428), (56.70168891571706, 26.178607816610896), (56.69668757395966, 26.254750807280427), (56.68200390592139, 26.330381126692416), (56.65420632029091, 26.40759281075543), (56.6120058503154, 26.470332840717717), (56.55669146274771, 26.511063818200974), (56.48810674787951, 26.527529612707852), (56.42454787267482, 26.521262583548584), (56.35474014695487, 26.496588394458662), (56.27798934063656, 26.462974250363594), (56.2005028233302, 26.420168776278537), (56.12594603288787, 26.370432816112334), (56.058937938154855, 26.315022602928096), (56.005132073396574, 26.254370703099408), (55.97127062213742, 26.18854666651377), (55.96521155330295, 26.117997384182836), (55.99592880966533, 26.044567153259294), (56.07348554859199, 25.972797449460426)
Associated file(s): api_response_2023-06-23_08-05-56.json, api_response_2023-06-23_08-15-58.json, api_response_2023-06-23_08-05-56.json, api_response_2023-06-23_08-15-58.json

Record time: 2023-06-23T04:22:38Z
Event time: 2023-06-23T20:54:26.285Z
Status: Underway
Travel distance: 189.9195464362851
Waypoints: (57.47317756070699, 24.574095682613777), (57.39090943472688, 24.644107351225223), (57.32354494399876, 24.71411901983666), (57.26064686697327, 24.784130688448087), (57.19580788765815, 24.854142357059523), (57.12605774629017, 24.924154025670955), (57.05125324147262, 24.994165694282394), (56.97345108377863, 25.064177362893833), (56.89626360082007, 25.13418903150527), (56.824197290867, 25.204200698823634), (56.757327429427285, 25.27421236743147), (56.708292043643915, 25.344224036039307), (56.68049445801345, 25.414235704647155), (56.67264570578303, 25.484247373255), (56.679199837897656, 25.554259041862842), (56.69203297179661, 25.624270710470686), (56.70299295810444, 25.694282379078533), (56.70849179580153, 25.764294047686374), (56.70024542371022, 25.834305716294217), (56.69466178556886, 25.904317384902054), (56.693990919832004, 25.976123402911295), (56.70141566984108, 26.04366784109223), (56.70140059420655, 26.112358250319428), (56.70168891571706, 26.178607816610896), (56.69668757395966, 26.254750807280427), (56.68200390592139, 26.330381126692416), (56.65420632029091, 26.40759281075543), (56.6120058503154, 26.470332840717717), (56.55669146274771, 26.511063818200974), (56.48810674787951, 26.527529612707852), (56.42454787267482, 26.521262583548584), (56.35474014695487, 26.496588394458662), (56.27798934063656, 26.462974250363594), (56.2005028233302, 26.420168776278537), (56.12594603288787, 26.370432816112334), (56.058937938154855, 26.315022602928096), (56.005132073396574, 26.254370703099408), (55.97127062213742, 26.18854666651377), (55.96521155330295, 26.117997384182836), (55.99592880966533, 26.044567153259294), (56.07348554859199, 25.972797449460426)
Associated file(s): api_response_2023-06-23_08-46-03.json, api_response_2023-06-23_08-36-02.json, api_response_2023-06-23_08-26-00.json, api_response_2023-06-23_08-46-03.json, api_response_2023-06-23_08-36-02.json, api_response_2023-06-23_08-26-00.json

Record time: 2023-06-23T04:50:36Z
Event time: 2023-06-23T21:34:30.142Z
Status: Underway
Travel distance: 195.38984881209504
Waypoints: (57.538212409061714, 24.50408401400233), (57.470209305317894, 24.574095682613777), (57.39704964930628, 24.644107351225212), (57.3256438206648, 24.714119019836644), (57.25739488128957, 24.78413068844808), (57.1907048995767, 24.854142357059516), (57.12299131654158, 24.92415402567095), (57.05221335381578, 24.994165694282394), (56.97790846352145, 25.064177362893833), (56.901738817104025, 25.134189030215786), (56.824197290867, 25.204200698823634), (56.757327429427285, 25.27421236743147), (56.708292043643915, 25.344224036039307), (56.68049445801345, 25.414235704647155), (56.67264570578303, 25.484247373255), (56.679199837897656, 25.554259041862842), (56.69203297179661, 25.624270710470686), (56.70299295810444, 25.694282379078533), (56.70849179580153, 25.764294047686374), (56.70024542371022, 25.834305716294217), (56.69466178556886, 25.904317384902054), (56.693990919832004, 25.976123402911295), (56.70141566984108, 26.04366784109223), (56.70140059420655, 26.112358250319428), (56.70168891571706, 26.178607816610896), (56.69668757395966, 26.254750807280427), (56.68200390592139, 26.330381126692416), (56.65420632029091, 26.40759281075543), (56.6120058503154, 26.470332840717717), (56.55669146274771, 26.511063818200974), (56.48810674787951, 26.527529612707852), (56.42454787267482, 26.521262583548584), (56.35474014695487, 26.496588394458662), (56.27798934063656, 26.462974250363594), (56.2005028233302, 26.420168776278537), (56.12594603288787, 26.370432816112334), (56.058937938154855, 26.315022602928096), (56.005132073396574, 26.254370703099408), (55.97127062213742, 26.18854666651377), (55.96521155330295, 26.117997384182836), (55.99592880966533, 26.044567153259294), (56.07348554859199, 25.972797449460426)
Associated file(s): api_response_2023-06-23_08-56-05.json, api_response_2023-06-23_09-06-07.json, api_response_2023-06-23_08-56-05.json, api_response_2023-06-23_09-06-07.json

Record time: 2023-06-23T05:06:57Z
Event time: 2023-06-23T22:04:37.833Z
Status: Underway
Travel distance: 196.0977321814255
Waypoints: (57.606582467455304, 24.50408401400233), (57.54254791029397, 24.574095682613777), (57.46884781562607, 24.644107351225212), (57.39526464278285, 24.714119019836644), (57.32515015073836, 24.78413068844808), (57.25797318034621, 24.854142357059516), (57.19141422531307, 24.92415402567095), (57.12300679190885, 24.994165694282394), (57.0513255474137, 25.064177362893833), (56.976721254378546, 25.134189030215786), (56.90045927262277, 25.204200698823634), (56.82889335102503, 25.27421236743147), (56.768592697334476, 25.344224036039307), (56.72454357767396, 25.414235704647155), (56.6985946417285, 25.484247373255), (56.68889723981308, 25.554259041862842), (56.69046510580484, 25.624270710470686), (56.69672903195464, 25.694282379078533), (56.703507414132986, 25.764294047686374), (56.69974604331621, 25.834305716294217), (56.69777678855491, 25.904317384902054), (56.69645767053299, 25.976123402911295), (56.69962166933128, 26.04366784109223), (56.70140059420655, 26.112358250319428), (56.70168891571706, 26.178607816610896), (56.69668757395966, 26.254750807280427), (56.68200390592139, 26.330381126692416), (56.65420632029091, 26.40759281075543), (56.6120058503154, 26.470332840717717), (56.55669146274771, 26.511063818200974), (56.48810674787951, 26.527529612707852), (56.42454787267482, 26.521262583548584), (56.35474014695487, 26.496588394458662), (56.27798934063656, 26.462974250363594), (56.2005028233302, 26.420168776278537), (56.12594603288787, 26.370432816112334), (56.058937938154855, 26.315022602928096), (56.005132073396574, 26.254370703099408), (55.97127062213742, 26.18854666651377), (55.96521155330295, 26.117997384182836), (55.99592880966533, 26.044567153259294), (56.07348554859199, 25.972797449460426)
Associated file(s): api_response_2023-06-23_09-16-09.json, api_response_2023-06-23_09-26-11.json, api_response_2023-06-23_09-36-12.json, api_response_2023-06-23_09-16-09.json, api_response_2023-06-23_09-26-11.json, api_response_2023-06-23_09-36-12.json

Record time: 2023-06-23T05:35:57Z
Event time: 2023-06-23T22:44:16.833Z
Status: Underway
Travel distance: 201.74082073434124
Waypoints: (57.67495252584894, 24.434072345390906), (57.61488651527012, 24.50408401400234), (57.54064598194595, 24.574095682613777), (57.46488546490099, 24.644107351225212), (57.39290542018722, 24.714119019836648), (57.32524146111577, 24.784130688448087), (57.2598371340846, 24.854142357059523), (57.19380023000197, 24.924154025670962), (57.124742631306, 24.9941656942824), (57.051703691653046, 25.064177361607943), (56.976721254378546, 25.134189030215786), (56.90045927262277, 25.204200698823634), (56.82889335102503, 25.27421236743147), (56.768592697334476, 25.344224036039307), (56.72454357767396, 25.414235704647155), (56.6985946417285, 25.484247373255), (56.68889723981308, 25.554259041862842), (56.69046510580484, 25.624270710470686), (56.69672903195464, 25.694282379078533), (56.703507414132986, 25.764294047686374), (56.69974604331621, 25.834305716294217), (56.69777678855491, 25.904317384902054), (56.69645767053299, 25.976123402911295), (56.69962166933128, 26.04366784109223), (56.70140059420655, 26.112358250319428), (56.70168891571706, 26.178607816610896), (56.69668757395966, 26.254750807280427), (56.68200390592139, 26.330381126692416), (56.65420632029091, 26.40759281075543), (56.6120058503154, 26.470332840717717), (56.55669146274771, 26.511063818200974), (56.48810674787951, 26.527529612707852), (56.42454787267482, 26.521262583548584), (56.35474014695487, 26.496588394458662), (56.27798934063656, 26.462974250363594), (56.2005028233302, 26.420168776278537), (56.12594603288787, 26.370432816112334), (56.058937938154855, 26.315022602928096), (56.005132073396574, 26.254370703099408), (55.97127062213742, 26.18854666651377), (55.96521155330295, 26.117997384182836), (55.99592880966533, 26.044567153259294), (56.07348554859199, 25.972797449460426)
Associated file(s): api_response_2023-06-23_10-06-18.json, api_response_2023-06-23_09-56-16.json, api_response_2023-06-23_09-46-14.json, api_response_2023-06-23_10-06-18.json, api_response_2023-06-23_09-56-16.json, api_response_2023-06-23_09-46-14.json

Record time: 2023-06-23T06:01:26Z
Event time: 2023-06-23T23:22:13.333Z
Status: Underway
Travel distance: 207.44816414686824
Waypoints: (57.74601067266888, 24.364060676779452), (57.68246150525593, 24.4340723453909), (57.61036034152379, 24.504084014002334), (57.536712212111304, 24.574095682613766), (57.464856884010516, 24.6441073512252), (57.395593879793985, 24.714119019836634), (57.32816050940535, 24.784130688448077), (57.26106291451322, 24.854142357059516), (57.19276012542828, 24.92415402567096), (57.122201127653035, 24.994165693000095), (57.051703691653046, 25.064177361607943), (56.976721254378546, 25.134189030215786), (56.90045927262277, 25.204200698823634), (56.82889335102503, 25.27421236743147), (56.768592697334476, 25.344224036039307), (56.72454357767396, 25.414235704647155), (56.6985946417285, 25.484247373255), (56.68889723981308, 25.554259041862842), (56.69046510580484, 25.624270710470686), (56.69672903195464, 25.694282379078533), (56.703507414132986, 25.764294047686374), (56.69974604331621, 25.834305716294217), (56.69777678855491, 25.904317384902054), (56.69645767053299, 25.976123402911295), (56.69962166933128, 26.04366784109223), (56.70140059420655, 26.112358250319428), (56.70168891571706, 26.178607816610896), (56.69668757395966, 26.254750807280427), (56.68200390592139, 26.330381126692416), (56.65420632029091, 26.40759281075543), (56.6120058503154, 26.470332840717717), (56.55669146274771, 26.511063818200974), (56.48810674787951, 26.527529612707852), (56.42454787267482, 26.521262583548584), (56.35474014695487, 26.496588394458662), (56.27798934063656, 26.462974250363594), (56.2005028233302, 26.420168776278537), (56.12594603288787, 26.370432816112334), (56.058937938154855, 26.315022602928096), (56.005132073396574, 26.254370703099408), (55.97127062213742, 26.18854666651377), (55.96521155330295, 26.117997384182836), (55.99592880966533, 26.044567153259294), (56.07348554859199, 25.972797449460426)
Associated file(s): api_response_2023-06-23_10-26-21.json, api_response_2023-06-23_10-16-19.json, api_response_2023-06-23_10-36-23.json, api_response_2023-06-23_10-26-21.json, api_response_2023-06-23_10-16-19.json, api_response_2023-06-23_10-36-23.json

Record time: 2023-06-23T06:38:09Z
Event time: 2023-06-24T00:07:59.714Z
Status: Underway
Travel distance: 214.7375809935205
Waypoints: (57.890194144169094, 24.294049008168038), (57.815107650749646, 24.364060676779474), (57.74717677300034, 24.434072345390906), (57.68004096365883, 24.50408401400234), (57.61108785509951, 24.574095682613773), (57.54006931608301, 24.644107351225212), (57.46796738714821, 24.71411901983665), (57.39611009464657, 24.78413068844809), (57.325537143419076, 24.85414235705953), (57.25661548517795, 24.92415402439226), (57.189084180272964, 24.994165693000095), (57.122201127653035, 25.064177361607943), (57.051703691653046, 25.134189030215786), (56.976721254378546, 25.204200698823634), (56.90045927262277, 25.27421236743147), (56.82889335102503, 25.344224036039307), (56.768592697334476, 25.414235704647155), (56.72454357767396, 25.484247373255), (56.6985946417285, 25.554259041862842), (56.68889723981308, 25.624270710470686), (56.69046510580484, 25.694282379078533), (56.69852303246445, 25.764294047686374), (56.69924666292219, 25.834305716294217), (56.700891791540954, 25.904317384902054), (56.69892442123398, 25.976123402911295), (56.697827668821475, 26.04366784109223), (56.70140059420655, 26.112358250319428), (56.70168891571706, 26.178607816610896), (56.69668757395966, 26.254750807280427), (56.68200390592139, 26.330381126692416), (56.65420632029091, 26.40759281075543), (56.6120058503154, 26.470332840717717), (56.55669146274771, 26.511063818200974), (56.48810674787951, 26.527529612707852), (56.42454787267482, 26.521262583548584), (56.35474014695487, 26.496588394458662), (56.27798934063656, 26.462974250363594), (56.2005028233302, 26.420168776278537), (56.12594603288787, 26.370432816112334), (56.058937938154855, 26.315022602928096), (56.005132073396574, 26.254370703099408), (55.97127062213742, 26.18854666651377), (55.96521155330295, 26.117997384182836), (55.99592880966533, 26.044567153259294), (56.07348554859199, 25.972797449460426)
Associated file(s): api_response_2023-06-23_10-56-27.json, api_response_2023-06-23_11-06-28.json, api_response_2023-06-23_10-46-25.json, api_response_2023-06-23_10-56-27.json, api_response_2023-06-23_11-06-28.json, api_response_2023-06-23_10-46-25.json

Record time: 2023-06-23T07:06:17Z
Event time: 2023-06-24T00:41:47Z
Status: Underway
Travel distance: 220.35421166306696
Waypoints: (57.95839004472096, 24.22403733955657), (57.888391989111405, 24.294049008168024), (57.81839393350184, 24.364060676779463), (57.74839587789227, 24.434072345390895), (57.678397822282705, 24.504084014002327), (57.608399766673145, 24.574095682613763), (57.53840171106358, 24.644107351225202), (57.46840365545402, 24.71411901983664), (57.39840559984446, 24.784130688448077), (57.32840754129375, 24.854142355784415), (57.25661548517795, 24.92415402439226), (57.189084180272964, 24.994165693000095), (57.122201127653035, 25.064177361607943), (57.051703691653046, 25.134189030215786), (56.976721254378546, 25.204200698823634), (56.90045927262277, 25.27421236743147), (56.82889335102503, 25.344224036039307), (56.768592697334476, 25.414235704647155), (56.72454357767396, 25.484247373255), (56.6985946417285, 25.554259041862842), (56.68889723981308, 25.624270710470686), (56.69046510580484, 25.694282379078533), (56.69852303246445, 25.764294047686374), (56.69924666292219, 25.834305716294217), (56.700891791540954, 25.904317384902054), (56.69892442123398, 25.976123402911295), (56.697827668821475, 26.04366784109223), (56.70140059420655, 26.112358250319428), (56.70168891571706, 26.178607816610896), (56.69668757395966, 26.254750807280427), (56.68200390592139, 26.330381126692416), (56.65420632029091, 26.40759281075543), (56.6120058503154, 26.470332840717717), (56.55669146274771, 26.511063818200974), (56.48810674787951, 26.527529612707852), (56.42454787267482, 26.521262583548584), (56.35474014695487, 26.496588394458662), (56.27798934063656, 26.462974250363594), (56.2005028233302, 26.420168776278537), (56.12594603288787, 26.370432816112334), (56.058937938154855, 26.315022602928096), (56.005132073396574, 26.254370703099408), (55.97127062213742, 26.18854666651377), (55.96521155330295, 26.117997384182836), (55.99592880966533, 26.044567153259294), (56.07348554859199, 25.972797449460426)
Associated file(s): api_response_2023-06-23_11-26-32.json, api_response_2023-06-23_11-16-30.json, api_response_2023-06-23_11-26-32.json, api_response_2023-06-23_11-16-30.json

Record time: 2023-06-23T07:34:34Z
Event time: 2023-06-24T01:20:19Z
Status: Underway
Travel distance: 226.04481641468684
Waypoints: (58.02838810033054, 24.15402567094516), (57.95839004472099, 24.224037339556602), (57.888391989111426, 24.294049008168034), (57.81839393350185, 24.364060676779467), (57.748395877892285, 24.4340723453909), (57.67839782228272, 24.504084014002334), (57.60839976667315, 24.57409568261377), (57.5384017110636, 24.64410735122521), (57.46840365545404, 24.71411901983665), (57.398405596899714, 24.78413068717657), (57.32840754129375, 24.854142355784415), (57.25661548517795, 24.92415402439226), (57.189084180272964, 24.994165693000095), (57.122201127653035, 25.064177361607943), (57.051703691653046, 25.134189030215786), (56.976721254378546, 25.204200698823634), (56.90045927262277, 25.27421236743147), (56.82889335102503, 25.344224036039307), (56.768592697334476, 25.414235704647155), (56.72454357767396, 25.484247373255), (56.6985946417285, 25.554259041862842), (56.68889723981308, 25.624270710470686), (56.69046510580484, 25.694282379078533), (56.69852303246445, 25.764294047686374), (56.69924666292219, 25.834305716294217), (56.700891791540954, 25.904317384902054), (56.69892442123398, 25.976123402911295), (56.697827668821475, 26.04366784109223), (56.70140059420655, 26.112358250319428), (56.70168891571706, 26.178607816610896), (56.69668757395966, 26.254750807280427), (56.68200390592139, 26.330381126692416), (56.65420632029091, 26.40759281075543), (56.6120058503154, 26.470332840717717), (56.55669146274771, 26.511063818200974), (56.48810674787951, 26.527529612707852), (56.42454787267482, 26.521262583548584), (56.35474014695487, 26.496588394458662), (56.27798934063656, 26.462974250363594), (56.2005028233302, 26.420168776278537), (56.12594603288787, 26.370432816112334), (56.058937938154855, 26.315022602928096), (56.005132073396574, 26.254370703099408), (55.97127062213742, 26.18854666651377), (55.96521155330295, 26.117997384182836), (55.99592880966533, 26.044567153259294), (56.07348554859199, 25.972797449460426)
Associated file(s): api_response_2023-06-23_11-36-34.json, api_response_2023-06-23_11-56-37.json, api_response_2023-06-23_11-46-36.json, api_response_2023-06-23_11-36-34.json, api_response_2023-06-23_11-56-37.json, api_response_2023-06-23_11-46-36.json

Record time: 2023-06-23T07:58:16Z
Event time: 2023-06-24T01:56:56.285Z
Status: Underway
Travel distance: 231.7375809935205
Waypoints: (58.09838615594015, 24.08401400233373), (58.02838810033058, 24.154025670945163), (57.95839004472101, 24.224037339556595), (57.88839198911143, 24.29404900816803), (57.818393933501866, 24.364060676779467), (57.7483958778923, 24.434072345390906), (57.67839782228274, 24.504084014002345), (57.60839976667318, 24.57409568261378), (57.53840171106363, 24.644107351225216), (57.468403652505685, 24.714119018568724), (57.398405596899714, 24.78413068717657), (57.32840754129375, 24.854142355784415), (57.25661548517795, 24.92415402439226), (57.189084180272964, 24.994165693000095), (57.122201127653035, 25.064177361607943), (57.051703691653046, 25.134189030215786), (56.976721254378546, 25.204200698823634), (56.90045927262277, 25.27421236743147), (56.82889335102503, 25.344224036039307), (56.768592697334476, 25.414235704647155), (56.72454357767396, 25.484247373255), (56.6985946417285, 25.554259041862842), (56.68889723981308, 25.624270710470686), (56.69046510580484, 25.694282379078533), (56.69852303246445, 25.764294047686374), (56.69924666292219, 25.834305716294217), (56.700891791540954, 25.904317384902054), (56.69892442123398, 25.976123402911295), (56.697827668821475, 26.04366784109223), (56.70140059420655, 26.112358250319428), (56.70168891571706, 26.178607816610896), (56.69668757395966, 26.254750807280427), (56.68200390592139, 26.330381126692416), (56.65420632029091, 26.40759281075543), (56.6120058503154, 26.470332840717717), (56.55669146274771, 26.511063818200974), (56.48810674787951, 26.527529612707852), (56.42454787267482, 26.521262583548584), (56.35474014695487, 26.496588394458662), (56.27798934063656, 26.462974250363594), (56.2005028233302, 26.420168776278537), (56.12594603288787, 26.370432816112334), (56.058937938154855, 26.315022602928096), (56.005132073396574, 26.254370703099408), (55.97127062213742, 26.18854666651377), (55.96521155330295, 26.117997384182836), (55.99592880966533, 26.044567153259294), (56.07348554859199, 25.972797449460426)
Associated file(s): api_response_2023-06-23_12-06-39.json, api_response_2023-06-23_12-16-41.json, api_response_2023-06-23_12-06-39.json, api_response_2023-06-23_12-16-41.json

Record time: 2023-06-23T08:21:42Z
Event time: 2023-06-24T02:39:09.714Z
Status: Underway
Travel distance: 233.1879049676026
Waypoints: (58.16838421154968, 24.08401400233373), (58.09838615594011, 24.154025670945163), (58.02838810033054, 24.224037339556595), (57.958390044720964, 24.29404900816803), (57.8883919891114, 24.364060676779467), (57.81839393350183, 24.434072345390906), (57.74839587789227, 24.504084014002345), (57.67839782228271, 24.57409568261378), (57.60839976667315, 24.644107351225216), (57.53840170811167, 24.714119018568724), (57.468403652505685, 24.78413068717657), (57.398405596899714, 24.854142355784415), (57.32840754129375, 24.92415402439226), (57.25661548517795, 24.994165693000095), (57.189084180272964, 25.064177361607943), (57.122201127653035, 25.134189030215786), (57.051703691653046, 25.204200698823634), (56.976721254378546, 25.27421236743147), (56.90045927262277, 25.344224036039307), (56.82889335102503, 25.414235704647155), (56.768592697334476, 25.484247373255), (56.72454357767396, 25.554259041862842), (56.6985946417285, 25.624270710470686), (56.68889723981308, 25.694282379078533), (56.69225910631465, 25.764294047686374), (56.69426228125366, 25.834305716294217), (56.70039241114694, 25.904317384902054), (56.70203942422002, 25.976123402911295), (56.700294419522464, 26.04366784109223), (56.699606593696736, 26.112358250319428), (56.70168891571706, 26.178607816610896), (56.69668757395966, 26.254750807280427), (56.68200390592139, 26.330381126692416), (56.65420632029091, 26.40759281075543), (56.6120058503154, 26.470332840717717), (56.55669146274771, 26.511063818200974), (56.48810674787951, 26.527529612707852), (56.42454787267482, 26.521262583548584), (56.35474014695487, 26.496588394458662), (56.27798934063656, 26.462974250363594), (56.2005028233302, 26.420168776278537), (56.12594603288787, 26.370432816112334), (56.058937938154855, 26.315022602928096), (56.005132073396574, 26.254370703099408), (55.97127062213742, 26.18854666651377), (55.96521155330295, 26.117997384182836), (55.99592880966533, 26.044567153259294), (56.07348554859199, 25.972797449460426)
Associated file(s): api_response_2023-06-23_12-46-46.json, api_response_2023-06-23_12-26-43.json, api_response_2023-06-23_12-36-45.json, api_response_2023-06-23_12-46-46.json, api_response_2023-06-23_12-26-43.json, api_response_2023-06-23_12-36-45.json

Record time: 2023-06-23T08:48:24Z
Event time: 2023-06-24T03:11:46.625Z
Status: Underway
Travel distance: 240.33963282937364
Waypoints: (58.30838032276879, 24.014002333722278), (58.23838226715925, 24.08401400233372), (58.16838421154969, 24.154025670945156), (58.098386155940126, 24.22403733955659), (58.02838810033056, 24.294049008168027), (57.95839004472099, 24.364060676779463), (57.888391989111426, 24.434072345390902), (57.818393933501866, 24.50408401400234), (57.7483958778923, 24.574095682613777), (57.678397819323614, 24.64410734996088), (57.60839976371764, 24.714119018568724), (57.53840170811167, 24.78413068717657), (57.468403652505685, 24.854142355784415), (57.398405596899714, 24.92415402439226), (57.32840754129375, 24.994165693000095), (57.25661548517795, 25.064177361607943), (57.189084180272964, 25.134189030215786), (57.122201127653035, 25.204200698823634), (57.051703691653046, 25.27421236743147), (56.976721254378546, 25.344224036039307), (56.90045927262277, 25.414235704647155), (56.82889335102503, 25.484247373255), (56.768592697334476, 25.554259041862842), (56.72454357767396, 25.624270710470686), (56.6985946417285, 25.694282379078533), (56.69069124032289, 25.764294047686374), (56.68799835510386, 25.834305716294217), (56.69540802947841, 25.904317384902054), (56.701540043826014, 25.976123402911295), (56.7034094225085, 26.04366784109223), (56.702073344397725, 26.112358250319428), (56.69989491520724, 26.178607816610896), (56.69668757395966, 26.254750807280427), (56.68200390592139, 26.330381126692416), (56.65420632029091, 26.40759281075543), (56.6120058503154, 26.470332840717717), (56.55669146274771, 26.511063818200974), (56.48810674787951, 26.527529612707852), (56.42454787267482, 26.521262583548584), (56.35474014695487, 26.496588394458662), (56.27798934063656, 26.462974250363594), (56.2005028233302, 26.420168776278537), (56.12594603288787, 26.370432816112334), (56.058937938154855, 26.315022602928096), (56.005132073396574, 26.254370703099408), (55.97127062213742, 26.18854666651377), (55.96521155330295, 26.117997384182836), (55.99592880966533, 26.044567153259294), (56.07348554859199, 25.972797449460426)
Associated file(s): api_response_2023-06-23_12-56-48.json, api_response_2023-06-23_12-56-48.json

Record time: 2023-06-23T09:01:37Z
Event time: 2023-06-24T03:45:36Z
Status: Underway
Travel distance: 244.57667386609072
Waypoints: (58.30838032276879, 23.943990665110835), (58.23838226715925, 24.014002333722292), (58.16838421154969, 24.084014002333728), (58.098386155940126, 24.154025670945156), (58.02838810033056, 24.224037339556588), (57.95839004472099, 24.294049008168024), (57.888391989111426, 24.364060676779463), (57.818393933501866, 24.434072345390906), (57.7483958778923, 24.50408401400235), (57.678397819323614, 24.57409568135304), (57.60839976371764, 24.64410734996088), (57.53840170811167, 24.714119018568724), (57.468403652505685, 24.78413068717657), (57.398405596899714, 24.854142355784415), (57.32840754129375, 24.92415402439226), (57.25661548517795, 24.994165693000095), (57.189084180272964, 25.064177361607943), (57.122201127653035, 25.134189030215786), (57.051703691653046, 25.204200698823634), (56.976721254378546, 25.27421236743147), (56.90045927262277, 25.344224036039307), (56.82889335102503, 25.414235704647155), (56.768592697334476, 25.484247373255), (56.72454357767396, 25.554259041862842), (56.6985946417285, 25.624270710470686), (56.68889723981308, 25.694282379078533), (56.69225910631465, 25.764294047686374), (56.69426228125366, 25.834305716294217), (56.70039241114694, 25.904317384902054), (56.70203942422002, 25.976123402911295), (56.700294419522464, 26.04366784109223), (56.699606593696736, 26.112358250319428), (56.70168891571706, 26.178607816610896), (56.69668757395966, 26.254750807280427), (56.68200390592139, 26.330381126692416), (56.65420632029091, 26.40759281075543), (56.6120058503154, 26.470332840717717), (56.55669146274771, 26.511063818200974), (56.48810674787951, 26.527529612707852), (56.42454787267482, 26.521262583548584), (56.35474014695487, 26.496588394458662), (56.27798934063656, 26.462974250363594), (56.2005028233302, 26.420168776278537), (56.12594603288787, 26.370432816112334), (56.058937938154855, 26.315022602928096), (56.005132073396574, 26.254370703099408), (55.97127062213742, 26.18854666651377), (55.96521155330295, 26.117997384182836), (55.99592880966533, 26.044567153259294), (56.07348554859199, 25.972797449460426)
Associated file(s): api_response_2023-06-23_13-06-50.json, api_response_2023-06-23_13-16-52.json, api_response_2023-06-23_13-06-50.json, api_response_2023-06-23_13-16-52.json

Record time: 2023-06-23T09:23:47Z
Event time: 2023-06-24T04:21:55.125Z
Status: Underway
Travel distance: 246.03455723542118
Waypoints: (58.378378378378386, 23.943990665110835), (58.30838032276882, 24.014002333722292), (58.23838226715926, 24.084014002333728), (58.1683842115497, 24.154025670945156), (58.09838615594013, 24.224037339556588), (58.028388100330574, 24.294049008168024), (57.95839004472101, 24.364060676779463), (57.88839198911144, 24.434072345390906), (57.818393933501866, 24.50408401400235), (57.74839587492958, 24.57409568135304), (57.678397819323614, 24.64410734996088), (57.60839976371764, 24.714119018568724), (57.53840170811167, 24.78413068717657), (57.468403652505685, 24.854142355784415), (57.398405596899714, 24.92415402439226), (57.32840754129375, 24.994165693000095), (57.25661548517795, 25.064177361607943), (57.189084180272964, 25.134189030215786), (57.122201127653035, 25.204200698823634), (57.051703691653046, 25.27421236743147), (56.976721254378546, 25.344224036039307), (56.90045927262277, 25.414235704647155), (56.82889335102503, 25.484247373255), (56.768592697334476, 25.554259041862842), (56.72454357767396, 25.624270710470686), (56.6985946417285, 25.694282379078533), (56.69069124032289, 25.764294047686374), (56.68799835510386, 25.834305716294217), (56.69540802947841, 25.904317384902054), (56.701540043826014, 25.976123402911295), (56.7034094225085, 26.04366784109223), (56.702073344397725, 26.112358250319428), (56.69989491520724, 26.178607816610896), (56.69668757395966, 26.254750807280427), (56.68200390592139, 26.330381126692416), (56.65420632029091, 26.40759281075543), (56.6120058503154, 26.470332840717717), (56.55669146274771, 26.511063818200974), (56.48810674787951, 26.527529612707852), (56.42454787267482, 26.521262583548584), (56.35474014695487, 26.496588394458662), (56.27798934063656, 26.462974250363594), (56.2005028233302, 26.420168776278537), (56.12594603288787, 26.370432816112334), (56.058937938154855, 26.315022602928096), (56.005132073396574, 26.254370703099408), (55.97127062213742, 26.18854666651377), (55.96521155330295, 26.117997384182836), (55.99592880966533, 26.044567153259294), (56.07348554859199, 25.972797449460426)
Associated file(s): api_response_2023-06-23_13-26-54.json, api_response_2023-06-23_13-46-58.json, api_response_2023-06-23_13-36-56.json, api_response_2023-06-23_13-26-54.json, api_response_2023-06-23_13-46-58.json, api_response_2023-06-23_13-36-56.json

Record time: 2023-06-23T09:48:37Z
Event time: 2023-06-24T05:09:04.500Z
Status: Underway
Travel distance: 251.73110151187905
Waypoints: (58.44837643398792, 23.873978996499417), (58.37837837837836, 23.943990665110842), (58.30838032276879, 24.01400233372227), (58.238382267159224, 24.084014002333706), (58.168384211549665, 24.154025670945146), (58.0983861559401, 24.22403733955658), (58.02838810033054, 24.29404900816802), (57.95839004472098, 24.364060676779456), (57.88839198911141, 24.43407234539089), (57.81839393053556, 24.50408401274519), (57.74839587492958, 24.57409568135304), (57.678397819323614, 24.64410734996088), (57.60839976371764, 24.714119018568724), (57.53840170811167, 24.78413068717657), (57.468403652505685, 24.854142355784415), (57.398405596899714, 24.92415402439226), (57.32840754129375, 24.994165693000095), (57.25661548517795, 25.064177361607943), (57.189084180272964, 25.134189030215786), (57.122201127653035, 25.204200698823634), (57.051703691653046, 25.27421236743147), (56.976721254378546, 25.344224036039307), (56.90045927262277, 25.414235704647155), (56.82889335102503, 25.484247373255), (56.768592697334476, 25.554259041862842), (56.72454357767396, 25.624270710470686), (56.6985946417285, 25.694282379078533), (56.69069124032289, 25.764294047686374), (56.68799835510386, 25.834305716294217), (56.69540802947841, 25.904317384902054), (56.701540043826014, 25.976123402911295), (56.7034094225085, 26.04366784109223), (56.702073344397725, 26.112358250319428), (56.69989491520724, 26.178607816610896), (56.69668757395966, 26.254750807280427), (56.68200390592139, 26.330381126692416), (56.65420632029091, 26.40759281075543), (56.6120058503154, 26.470332840717717), (56.55669146274771, 26.511063818200974), (56.48810674787951, 26.527529612707852), (56.42454787267482, 26.521262583548584), (56.35474014695487, 26.496588394458662), (56.27798934063656, 26.462974250363594), (56.2005028233302, 26.420168776278537), (56.12594603288787, 26.370432816112334), (56.058937938154855, 26.315022602928096), (56.005132073396574, 26.254370703099408), (55.97127062213742, 26.18854666651377), (55.96521155330295, 26.117997384182836), (55.99592880966533, 26.044567153259294), (56.07348554859199, 25.972797449460426)
Associated file(s): api_response_2023-06-23_14-07-01.json, api_response_2023-06-23_13-56-59.json, api_response_2023-06-23_14-07-01.json, api_response_2023-06-23_13-56-59.json

Record time: 2023-06-23T10:11:28Z
Event time: 2023-06-24T05:54:02.250Z
Status: Underway
Travel distance: 257.4292656587473
Waypoints: (58.5183744895975, 23.803967327887968), (58.44837643398795, 23.873978996499414), (58.378378378378386, 23.943990665110853), (58.30838032276882, 24.014002333722285), (58.23838226715925, 24.084014002333717), (58.168384211549686, 24.154025670945153), (58.098386155940126, 24.22403733955659), (58.02838810033057, 24.29404900816803), (57.95839004472101, 24.36406067677947), (57.88839198614154, 24.43407234413735), (57.81839393053556, 24.50408401274519), (57.74839587492958, 24.57409568135304), (57.678397819323614, 24.64410734996088), (57.60839976371764, 24.714119018568724), (57.53840170811167, 24.78413068717657), (57.468403652505685, 24.854142355784415), (57.398405596899714, 24.92415402439226), (57.32840754129375, 24.994165693000095), (57.25661548517795, 25.064177361607943), (57.189084180272964, 25.134189030215786), (57.122201127653035, 25.204200698823634), (57.051703691653046, 25.27421236743147), (56.976721254378546, 25.344224036039307), (56.90045927262277, 25.414235704647155), (56.82889335102503, 25.484247373255), (56.768592697334476, 25.554259041862842), (56.72454357767396, 25.624270710470686), (56.6985946417285, 25.694282379078533), (56.69069124032289, 25.764294047686374), (56.68799835510386, 25.834305716294217), (56.69540802947841, 25.904317384902054), (56.701540043826014, 25.976123402911295), (56.7034094225085, 26.04366784109223), (56.702073344397725, 26.112358250319428), (56.69989491520724, 26.178607816610896), (56.69668757395966, 26.254750807280427), (56.68200390592139, 26.330381126692416), (56.65420632029091, 26.40759281075543), (56.6120058503154, 26.470332840717717), (56.55669146274771, 26.511063818200974), (56.48810674787951, 26.527529612707852), (56.42454787267482, 26.521262583548584), (56.35474014695487, 26.496588394458662), (56.27798934063656, 26.462974250363594), (56.2005028233302, 26.420168776278537), (56.12594603288787, 26.370432816112334), (56.058937938154855, 26.315022602928096), (56.005132073396574, 26.254370703099408), (55.97127062213742, 26.18854666651377), (55.96521155330295, 26.117997384182836), (55.99592880966533, 26.044567153259294), (56.07348554859199, 25.972797449460426)
Associated file(s): api_response_2023-06-23_14-27-05.json, api_response_2023-06-23_14-17-03.json, api_response_2023-06-23_14-37-07.json, api_response_2023-06-23_14-27-05.json, api_response_2023-06-23_14-17-03.json, api_response_2023-06-23_14-37-07.json

Record time: 2023-06-23T10:37:54Z
Event time: 2023-06-24T06:55:32.375Z
Status: Underway
Travel distance: 263.12850971922245
Waypoints: (58.58837254520708, 23.733955659276546), (58.51837448959751, 23.80396732788798), (58.44837643398794, 23.873978996499414), (58.378378378378365, 23.94399066511085), (58.3083803227688, 24.01400233372228), (58.23838226715924, 24.08401400233372), (58.16838421154968, 24.154025670945156), (58.09838615594012, 24.224037339556595), (58.02838810033056, 24.294049008168034), (57.958390041747506, 24.36406067552951), (57.88839198614154, 24.43407234413735), (57.81839393053556, 24.50408401274519), (57.74839587492958, 24.57409568135304), (57.678397819323614, 24.64410734996088), (57.60839976371764, 24.714119018568724), (57.53840170811167, 24.78413068717657), (57.468403652505685, 24.854142355784415), (57.398405596899714, 24.92415402439226), (57.32840754129375, 24.994165693000095), (57.25661548517795, 25.064177361607943), (57.189084180272964, 25.134189030215786), (57.122201127653035, 25.204200698823634), (57.051703691653046, 25.27421236743147), (56.976721254378546, 25.344224036039307), (56.90045927262277, 25.414235704647155), (56.82889335102503, 25.484247373255), (56.768592697334476, 25.554259041862842), (56.72454357767396, 25.624270710470686), (56.6985946417285, 25.694282379078533), (56.69069124032289, 25.764294047686374), (56.68799835510386, 25.834305716294217), (56.69540802947841, 25.904317384902054), (56.701540043826014, 25.976123402911295), (56.7034094225085, 26.04366784109223), (56.702073344397725, 26.112358250319428), (56.69989491520724, 26.178607816610896), (56.69668757395966, 26.254750807280427), (56.68200390592139, 26.330381126692416), (56.65420632029091, 26.40759281075543), (56.6120058503154, 26.470332840717717), (56.55669146274771, 26.511063818200974), (56.48810674787951, 26.527529612707852), (56.42454787267482, 26.521262583548584), (56.35474014695487, 26.496588394458662), (56.27798934063656, 26.462974250363594), (56.2005028233302, 26.420168776278537), (56.12594603288787, 26.370432816112334), (56.058937938154855, 26.315022602928096), (56.005132073396574, 26.254370703099408), (55.97127062213742, 26.18854666651377), (55.96521155330295, 26.117997384182836), (55.99592880966533, 26.044567153259294), (56.07348554859199, 25.972797449460426)
Associated file(s): api_response_2023-06-23_14-47-09.json, api_response_2023-06-23_14-47-09.json

Record time: 2023-06-23T10:53:18Z
Event time: 2023-06-24T08:01:31Z
Status: Underway
Travel distance: 258.9022678185745
Waypoints: (58.58837254520708, 23.803967327887968), (58.51837448959751, 23.873978996499414), (58.44837643398794, 23.943990665110853), (58.378378378378365, 24.014002333722285), (58.3083803227688, 24.084014002333717), (58.23838226715924, 24.154025670945153), (58.16838421154968, 24.22403733955659), (58.09838615594012, 24.29404900816803), (58.02838810033056, 24.36406067677947), (57.958390041747506, 24.43407234413735), (57.88839198614154, 24.50408401274519), (57.81839393053556, 24.57409568135304), (57.74839587492958, 24.64410734996088), (57.678397819323614, 24.714119018568724), (57.60839976371764, 24.78413068717657), (57.53840170811167, 24.854142355784415), (57.468403652505685, 24.92415402439226), (57.398405596899714, 24.994165693000095), (57.32840754129375, 25.064177361607943), (57.25661548517795, 25.134189030215786), (57.189084180272964, 25.204200698823634), (57.122201127653035, 25.27421236743147), (57.051703691653046, 25.344224036039307), (56.976721254378546, 25.414235704647155), (56.90045927262277, 25.484247373255), (56.82889335102503, 25.554259041862842), (56.768592697334476, 25.624270710470686), (56.72454357767396, 25.694282379078533), (56.70038864223831, 25.764294047686374), (56.6864304891121, 25.834305716294217), (56.68914410332861, 25.904317384902054), (56.69655566215748, 25.976123402911295), (56.702910042114496, 26.04366784109223), (56.705188347383775, 26.112358250319428), (56.70236166590823, 26.178607816610896), (56.694893573449846, 26.254750807280427), (56.68200390592139, 26.330381126692416), (56.65420632029091, 26.40759281075543), (56.6120058503154, 26.470332840717717), (56.55669146274771, 26.511063818200974), (56.48810674787951, 26.527529612707852), (56.42454787267482, 26.521262583548584), (56.35474014695487, 26.496588394458662), (56.27798934063656, 26.462974250363594), (56.2005028233302, 26.420168776278537), (56.12594603288787, 26.370432816112334), (56.058937938154855, 26.315022602928096), (56.005132073396574, 26.254370703099408), (55.97127062213742, 26.18854666651377), (55.96521155330295, 26.117997384182836), (55.99592880966533, 26.044567153259294), (56.07348554859199, 25.972797449460426)
Associated file(s): api_response_2023-06-23_15-07-12.json, api_response_2023-06-23_14-57-10.json, api_response_2023-06-23_15-07-12.json, api_response_2023-06-23_14-57-10.json

Record time: 2023-06-23T11:05:26Z
Event time: 2023-06-24T09:12:05.875Z
Status: Underway
Travel distance: 258.9022678185745
Waypoints: (58.58837254520708, 23.803967327887968), (58.51837448959751, 23.873978996499414), (58.44837643398794, 23.943990665110853), (58.378378378378365, 24.014002333722285), (58.3083803227688, 24.084014002333717), (58.23838226715924, 24.154025670945153), (58.16838421154968, 24.22403733955659), (58.09838615594012, 24.29404900816803), (58.02838810033056, 24.36406067677947), (57.958390041747506, 24.43407234413735), (57.88839198614154, 24.50408401274519), (57.81839393053556, 24.57409568135304), (57.74839587492958, 24.64410734996088), (57.678397819323614, 24.714119018568724), (57.60839976371764, 24.78413068717657), (57.53840170811167, 24.854142355784415), (57.468403652505685, 24.92415402439226), (57.398405596899714, 24.994165693000095), (57.32840754129375, 25.064177361607943), (57.25661548517795, 25.134189030215786), (57.189084180272964, 25.204200698823634), (57.122201127653035, 25.27421236743147), (57.051703691653046, 25.344224036039307), (56.976721254378546, 25.414235704647155), (56.90045927262277, 25.484247373255), (56.82889335102503, 25.554259041862842), (56.768592697334476, 25.624270710470686), (56.72454357767396, 25.694282379078533), (56.70038864223831, 25.764294047686374), (56.6864304891121, 25.834305716294217), (56.68914410332861, 25.904317384902054), (56.69655566215748, 25.976123402911295), (56.702910042114496, 26.04366784109223), (56.705188347383775, 26.112358250319428), (56.70236166590823, 26.178607816610896), (56.694893573449846, 26.254750807280427), (56.68200390592139, 26.330381126692416), (56.65420632029091, 26.40759281075543), (56.6120058503154, 26.470332840717717), (56.55669146274771, 26.511063818200974), (56.48810674787951, 26.527529612707852), (56.42454787267482, 26.521262583548584), (56.35474014695487, 26.496588394458662), (56.27798934063656, 26.462974250363594), (56.2005028233302, 26.420168776278537), (56.12594603288787, 26.370432816112334), (56.058937938154855, 26.315022602928096), (56.005132073396574, 26.254370703099408), (55.97127062213742, 26.18854666651377), (55.96521155330295, 26.117997384182836), (55.99592880966533, 26.044567153259294), (56.07348554859199, 25.972797449460426)
Associated file(s): api_response_2023-06-23_15-27-16.json, api_response_2023-06-23_15-17-14.json, api_response_2023-06-23_15-27-16.json, api_response_2023-06-23_15-17-14.json

Record time: 2023-06-24T03:13:15Z
Event time: 2023-06-24T23:07:47.800Z
Status: Underway
Travel distance: 237.60637149028076
Waypoints: (58.378378378378386, 24.08401400233373), (58.30838032276882, 24.154025670945163), (58.23838226715926, 24.224037339556595), (58.1683842115497, 24.29404900816803), (58.09838615594013, 24.364060676779467), (58.028388100330574, 24.434072345390906), (57.95839004472101, 24.504084014002345), (57.88839198911144, 24.57409568261378), (57.818393933501866, 24.644107351225216), (57.74839587492958, 24.714119018568724), (57.678397819323614, 24.78413068717657), (57.60839976371764, 24.854142355784415), (57.53840170811167, 24.92415402439226), (57.468403652505685, 24.994165693000095), (57.398405596899714, 25.064177361607943), (57.32840754129375, 25.134189030215786), (57.25661548517795, 25.204200698823634), (57.189084180272964, 25.27421236743147), (57.122201127653035, 25.344224036039307), (57.051703691653046, 25.414235704647155), (56.976721254378546, 25.484247373255), (56.90045927262277, 25.554259041862842), (56.82889335102503, 25.624270710470686), (56.768592697334476, 25.694282379078533), (56.726337578183774, 25.764294047686374), (56.696127891027515, 25.834305716294217), (56.68757623733684, 25.904317384902054), (56.69029173600768, 25.976123402911295), (56.69792566044595, 26.04366784109223), (56.704688966989764, 26.112358250319428), (56.70547666889428, 26.178607816610896), (56.697360324150836, 26.254750807280427), (56.68020990541157, 26.330381126692416), (56.65420632029091, 26.40759281075543), (56.6120058503154, 26.470332840717717), (56.55669146274771, 26.511063818200974), (56.48810674787951, 26.527529612707852), (56.42454787267482, 26.521262583548584), (56.35474014695487, 26.496588394458662), (56.27798934063656, 26.462974250363594), (56.2005028233302, 26.420168776278537), (56.12594603288787, 26.370432816112334), (56.058937938154855, 26.315022602928096), (56.005132073396574, 26.254370703099408), (55.97127062213742, 26.18854666651377), (55.96521155330295, 26.117997384182836), (55.99592880966533, 26.044567153259294), (56.07348554859199, 25.972797449460426)
Associated file(s): api_response_2023-06-24_07-50-16.json, api_response_2023-06-24_07-20-11.json, api_response_2023-06-24_08-20-21.json, api_response_2023-06-24_08-50-27.json, api_response_2023-06-24_08-00-18.json, api_response_2023-06-24_08-10-19.json, api_response_2023-06-24_09-00-29.json, api_response_2023-06-24_07-30-13.json, api_response_2023-06-24_07-40-14.json, api_response_2023-06-24_08-30-23.json, api_response_2023-06-24_08-40-25.json, api_response_2023-06-24_07-50-16.json, api_response_2023-06-24_07-20-11.json, api_response_2023-06-24_08-20-21.json, api_response_2023-06-24_08-50-27.json, api_response_2023-06-24_08-00-18.json, api_response_2023-06-24_08-10-19.json, api_response_2023-06-24_09-00-29.json, api_response_2023-06-24_07-30-13.json, api_response_2023-06-24_07-40-14.json, api_response_2023-06-24_08-30-23.json, api_response_2023-06-24_08-40-25.json

Record time: 2023-06-24T05:01:42Z
Event time: 2023-06-24T23:40:34Z
Status: Underway
Travel distance: 212.0647948164147
Waypoints: (58.16838421154968, 24.434072345390906), (58.09838615594011, 24.50408401400234), (58.02838810033054, 24.574095682613777), (57.958390044720964, 24.644107351225212), (57.8883919891114, 24.714119019836648), (57.81839393350183, 24.784130688448087), (57.74839587789227, 24.854142357059523), (57.67839782228271, 24.924154025670962), (57.60839976667315, 24.9941656942824), (57.53840170811167, 25.064177361607943), (57.468403652505685, 25.134189030215786), (57.398405596899714, 25.204200698823634), (57.32840754129375, 25.27421236743147), (57.25661548517795, 25.344224036039307), (57.189084180272964, 25.414235704647155), (57.122201127653035, 25.484247373255), (57.051703691653046, 25.554259041862842), (56.976721254378546, 25.624270710470686), (56.90045927262277, 25.694282379078533), (56.830687351534834, 25.764294047686374), (56.766125946633494, 25.834305716294217), (56.72322257519773, 25.904317384902054), (56.69842127193134, 25.976123402911295), (56.69009386830439, 26.04366784109223), (56.69344065917142, 26.112358250319428), (56.699992906831724, 26.178607816610896), (56.69997594674287, 26.254750807280427), (56.68579165909861, 26.330381126692416), (56.65487907048209, 26.40759281075543), (56.610211849805594, 26.470332840717717), (56.55669146274771, 26.511063818200974), (56.48810674787951, 26.527529612707852), (56.42454787267482, 26.521262583548584), (56.35474014695487, 26.496588394458662), (56.27798934063656, 26.462974250363594), (56.2005028233302, 26.420168776278537), (56.12594603288787, 26.370432816112334), (56.058937938154855, 26.315022602928096), (56.005132073396574, 26.254370703099408), (55.97127062213742, 26.18854666651377), (55.96521155330295, 26.117997384182836), (55.99592880966533, 26.044567153259294), (56.07348554859199, 25.972797449460426)
Associated file(s): api_response_2023-06-24_10-10-41.json, api_response_2023-06-24_09-20-32.json, api_response_2023-06-24_11-10-53.json, api_response_2023-06-24_10-00-40.json, api_response_2023-06-24_11-30-56.json, api_response_2023-06-24_09-50-38.json, api_response_2023-06-24_10-30-45.json, api_response_2023-06-24_09-30-34.json, api_response_2023-06-24_10-50-49.json, api_response_2023-06-24_11-51-00.json, api_response_2023-06-24_09-10-30.json, api_response_2023-06-24_10-20-43.json, api_response_2023-06-24_11-40-58.json, api_response_2023-06-24_10-40-47.json, api_response_2023-06-24_12-01-02.json, api_response_2023-06-24_09-40-36.json, api_response_2023-06-24_11-00-51.json, api_response_2023-06-24_11-20-54.json, api_response_2023-06-24_10-10-41.json, api_response_2023-06-24_09-20-32.json, api_response_2023-06-24_11-10-53.json, api_response_2023-06-24_10-00-40.json, api_response_2023-06-24_11-30-56.json, api_response_2023-06-24_09-50-38.json, api_response_2023-06-24_10-30-45.json, api_response_2023-06-24_09-30-34.json, api_response_2023-06-24_10-50-49.json, api_response_2023-06-24_11-51-00.json, api_response_2023-06-24_09-10-30.json, api_response_2023-06-24_10-20-43.json, api_response_2023-06-24_11-40-58.json, api_response_2023-06-24_10-40-47.json, api_response_2023-06-24_12-01-02.json, api_response_2023-06-24_09-40-36.json, api_response_2023-06-24_11-00-51.json, api_response_2023-06-24_11-20-54.json

Record time: 2023-06-24T08:01:45Z
Event time: 2023-06-24T23:12:48Z
Status: Underway
Travel distance: 170.8196544276458
Waypoints: (57.818711960864974, 24.99416569428238), (57.74753013673713, 25.064177362893815), (57.678468495030074, 25.134189031505247), (57.60917969092079, 25.20420070011668), (57.53901427292599, 25.274212368728115), (57.46825823268541, 25.34422403733955), (57.39753714050671, 25.41423570595099), (57.32738686667207, 25.484247374562432), (57.25799088850637, 25.55425904317387), (57.189084180272964, 25.624270710470686), (57.122201127653035, 25.694282379078533), (57.053497692162864, 25.764294047686374), (56.97425450367756, 25.834305716294217), (56.89913827014654, 25.904317384902054), (56.82871998122786, 25.976123402911295), (56.76978932582578, 26.04366784109223), (56.727519131040545, 26.112358250319428), (56.70185851660558, 26.178607816610896), (56.687159772932766, 26.254750807280427), (56.67404397088626, 26.330381126692416), (56.652510311405585, 26.40759281075543), (56.615294223098616, 26.470332840717717), (56.56047921592493, 26.511063818200974), (56.488779498070684, 26.527529612707852), (56.422753872165, 26.521262583548584), (56.35474014695487, 26.496588394458662), (56.27798934063656, 26.462974250363594), (56.2005028233302, 26.420168776278537), (56.12594603288787, 26.370432816112334), (56.058937938154855, 26.315022602928096), (56.005132073396574, 26.254370703099408), (55.97127062213742, 26.18854666651377), (55.96521155330295, 26.117997384182836), (55.99592880966533, 26.044567153259294), (56.07348554859199, 25.972797449460426)
Associated file(s): api_response_2023-06-24_13-41-20.json, api_response_2023-06-24_13-11-14.json, api_response_2023-06-24_12-41-09.json, api_response_2023-06-24_14-11-25.json, api_response_2023-06-24_14-41-30.json, api_response_2023-06-24_13-51-21.json, api_response_2023-06-24_13-01-12.json, api_response_2023-06-24_14-01-23.json, api_response_2023-06-24_14-21-27.json, api_response_2023-06-24_13-21-16.json, api_response_2023-06-24_12-21-05.json, api_response_2023-06-24_13-31-18.json, api_response_2023-06-24_14-31-29.json, api_response_2023-06-24_12-31-07.json, api_response_2023-06-24_12-51-11.json, api_response_2023-06-24_14-51-32.json, api_response_2023-06-24_12-11-04.json, api_response_2023-06-24_13-41-20.json, api_response_2023-06-24_13-11-14.json, api_response_2023-06-24_12-41-09.json, api_response_2023-06-24_14-11-25.json, api_response_2023-06-24_14-41-30.json, api_response_2023-06-24_13-51-21.json, api_response_2023-06-24_13-01-12.json, api_response_2023-06-24_14-01-23.json, api_response_2023-06-24_14-21-27.json, api_response_2023-06-24_13-21-16.json, api_response_2023-06-24_12-21-05.json, api_response_2023-06-24_13-31-18.json, api_response_2023-06-24_14-31-29.json, api_response_2023-06-24_12-31-07.json, api_response_2023-06-24_12-51-11.json, api_response_2023-06-24_14-51-32.json, api_response_2023-06-24_12-11-04.json

Record time: 2023-06-24T10:53:06Z
Event time: 2023-06-24T22:42:29.600Z
Status: Underway
Travel distance: 134.07937365010798
Waypoints: (57.40406427353072, 25.48753720932546), (57.31694555071736, 25.54716359529167), (57.255239550940544, 25.62236408417992), (57.19581802373817, 25.699850003961693), (57.12871092091745, 25.772367878809682), (57.052882392203045, 25.83720627406012), (56.97262582412848, 25.894851165054153), (56.8945779221706, 25.947789829858237), (56.82535183612728, 25.999463265863568), (56.76978932582578, 26.053367128927896), (56.727519131040545, 26.110790079414006), (56.70185851660558, 26.172342672272425), (56.687159772932766, 26.249765456265006), (56.67404397088626, 26.32988164918048), (56.652510311405585, 26.410708419537464), (56.615294223098616, 26.472800071144633), (56.56047921592493, 26.50926946879958), (56.488779498070684, 26.527529612707852), (56.422753872165, 26.521262583548584), (56.35474014695487, 26.496588394458662), (56.27798934063656, 26.462974250363594), (56.2005028233302, 26.420168776278537), (56.12594603288787, 26.370432816112334), (56.058937938154855, 26.315022602928096), (56.005132073396574, 26.254370703099408), (55.97127062213742, 26.18854666651377), (55.96521155330295, 26.117997384182836), (55.99592880966533, 26.044567153259294), (56.07348554859199, 25.972797449460426)
Associated file(s): api_response_2023-06-24_15-11-36.json, api_response_2023-06-24_15-51-43.json, api_response_2023-06-24_15-41-42.json, api_response_2023-06-24_16-11-48.json, api_response_2023-06-24_15-21-38.json, api_response_2023-06-24_16-01-46.json, api_response_2023-06-24_15-31-40.json, api_response_2023-06-24_15-01-34.json, api_response_2023-06-24_15-11-36.json, api_response_2023-06-24_15-51-43.json, api_response_2023-06-24_15-41-42.json, api_response_2023-06-24_16-11-48.json, api_response_2023-06-24_15-21-38.json, api_response_2023-06-24_16-01-46.json, api_response_2023-06-24_15-31-40.json, api_response_2023-06-24_15-01-34.json

Record time: 2023-06-24T12:07:15Z
Event time: 2023-06-24T22:11:58.800Z
Status: Underway
Travel distance: 116.73596112311016
Waypoints: (57.18125639981325, 25.691624063410046), (57.13096769201342, 25.769207536947178), (57.055529399525284, 25.839237505455106), (56.9722327612207, 25.899033411061733), (56.89307087265893, 25.95096036117622), (56.82533869634121, 25.999896494780202), (56.7722733992877, 26.051180601058796), (56.73373501793684, 26.109039990371436), (56.70692745036709, 26.1754986175625), (56.687159772932766, 26.249765456265006), (56.67404397088626, 26.32988164918048), (56.652510311405585, 26.410708419537464), (56.615294223098616, 26.472800071144633), (56.56047921592493, 26.50926946879958), (56.488779498070684, 26.527529612707852), (56.422753872165, 26.521262583548584), (56.35474014695487, 26.496588394458662), (56.27798934063656, 26.462974250363594), (56.2005028233302, 26.420168776278537), (56.12594603288787, 26.370432816112334), (56.058937938154855, 26.315022602928096), (56.005132073396574, 26.254370703099408), (55.97127062213742, 26.18854666651377), (55.96521155330295, 26.117997384182836), (55.99592880966533, 26.044567153259294), (56.07348554859199, 25.972797449460426)
Associated file(s): api_response_2023-06-24_16-31-51.json, api_response_2023-06-24_16-21-50.json, api_response_2023-06-24_17-42-04.json, api_response_2023-06-24_17-01-57.json, api_response_2023-06-24_17-32-02.json, api_response_2023-06-24_17-11-59.json, api_response_2023-06-24_17-22-01.json, api_response_2023-06-24_16-41-53.json, api_response_2023-06-24_16-51-55.json, api_response_2023-06-24_16-31-51.json, api_response_2023-06-24_16-21-50.json, api_response_2023-06-24_17-42-04.json, api_response_2023-06-24_17-01-57.json, api_response_2023-06-24_17-32-02.json, api_response_2023-06-24_17-11-59.json, api_response_2023-06-24_17-22-01.json, api_response_2023-06-24_16-41-53.json, api_response_2023-06-24_16-51-55.json

Record time: 2023-06-24T13:51:07Z
Event time: 2023-06-24T21:55:58.333Z
Status: Underway
Travel distance: 90.16684665226782
Waypoints: (56.98034814660602, 26.05071940254378), (56.90628640802327, 26.10431335671262), (56.83370567921973, 26.176698802908895), (56.766937635414386, 26.257590531048685), (56.70687482269743, 26.33770511330322), (56.65209379280332, 26.409251145988897), (56.599843499400095, 26.466272663917053), (56.546898955895045, 26.504845727203353), (56.49028015475667, 26.52312818053694), (56.427836245458025, 26.521262583548584), (56.35852790013209, 26.496588394458662), (56.28233803304905, 26.462974250363594), (56.203156249218075, 26.420168776278537), (56.12569899805831, 26.370432816112334), (56.056126218104374, 26.315022602928096), (56.001585301953064, 26.254370703099408), (55.96958112318512, 26.18854666651377), (55.967172128153585, 26.117997384182836), (55.999992492638576, 26.044567153259294), (56.07110034336872, 25.972797449460426)
Associated file(s): api_response_2023-06-24_18-12-10.json, api_response_2023-06-24_17-52-06.json, api_response_2023-06-24_18-02-08.json, api_response_2023-06-24_18-12-10.json, api_response_2023-06-24_17-52-06.json, api_response_2023-06-24_18-02-08.json

Record time: 2023-06-24T14:19:53Z
Event time: 2023-06-24T21:34:39Z
Status: Underway
Travel distance: 85.27861771058315
Waypoints: (56.915159275518384, 26.120053974984963), (56.82430816251122, 26.172795973017507), (56.76250120166673, 26.24972022191249), (56.71049340327129, 26.333180086931055), (56.65874652931978, 26.409828137085757), (56.60381021643654, 26.470503418358113), (56.54544745825169, 26.509967941252153), (56.48450444723262, 26.526492382683998), (56.42152477618536, 26.521291002308256), (56.3555203141476, 26.492540960730334), (56.280603832770055, 26.454482079194204), (56.20164833742573, 26.412390285155126), (56.12529338925306, 26.367983786288182), (56.057065150323, 26.319396972366434), (56.00324827578314, 26.262640910139375), (55.970669201397286, 26.194185547728164), (55.9664794312989, 26.11474820443336), (55.997938825744704, 26.034288345854616), (56.07219888886817, 25.978208644322265)
Associated file(s): api_response_2023-06-24_18-32-13.json, api_response_2023-06-24_18-42-15.json, api_response_2023-06-24_18-22-11.json, api_response_2023-06-24_18-32-13.json, api_response_2023-06-24_18-42-15.json, api_response_2023-06-24_18-22-11.json

Record time: 2023-06-24T14:44:24Z
Event time: 2023-06-24T21:50:12.750Z
Status: Underway
Travel distance: 87.92386609071275
Waypoints: (56.91387110823095, 26.18147271130029), (56.824968092702676, 26.129548434204406), (56.765919116408334, 26.166307888647598), (56.72250425838496, 26.244972992302817), (56.684776597833654, 26.333994072495614), (56.64614636932147, 26.4138104246954), (56.60259985646695, 26.473963897942504), (56.5520530241094, 26.510565507211076), (56.49383988896172, 26.52411507270777), (56.42833562585204, 26.517673884745804), (56.35541289714604, 26.496588394458662), (56.27757074051754, 26.462974250363594), (56.19948214576732, 26.420168776278537), (56.125077573550065, 26.370432816112334), (56.0587925153862, 26.315022602928096), (56.00574463525895, 26.254370703099408), (55.97205054638505, 26.18854666651377), (55.96528222605033, 26.117997384182836), (55.99506306851025, 26.044567153259294), (56.07380357595528, 25.972797449460426)
Associated file(s): api_response_2023-06-24_19-02-19.json, api_response_2023-06-24_19-22-22.json, api_response_2023-06-24_18-52-17.json, api_response_2023-06-24_19-32-24.json, api_response_2023-06-24_19-12-20.json, api_response_2023-06-24_19-02-19.json, api_response_2023-06-24_19-22-22.json, api_response_2023-06-24_18-52-17.json, api_response_2023-06-24_19-32-24.json, api_response_2023-06-24_19-12-20.json

Record time: 2023-06-24T15:29:56Z
Event time: 2023-06-24T22:06:10.750Z
Status: Underway
Travel distance: 79.76349892008639
Waypoints: (56.84054430683189, 26.324151795299706), (56.75980800237188, 26.258362125279948), (56.70160034927309, 26.3125884196924), (56.65240038781018, 26.40116086113063), (56.603770473778205, 26.477501178043198), (56.55100889365593, 26.522354838562737), (56.49204745883032, 26.53384680845891), (56.42659407888222, 26.519360873215234), (56.3555203141476, 26.489242524330535), (56.280603832770055, 26.454482079194204), (56.20164833742573, 26.412390285155126), (56.12529338925306, 26.367983786288182), (56.057065150323, 26.319396972366434), (56.00324827578314, 26.262640910139375), (55.970669201397286, 26.194185547728164), (55.9664794312989, 26.11474820443336), (55.997938825744704, 26.034288345854616), (56.07219888886817, 25.978208644322265)
Associated file(s): api_response_2023-06-24_20-22-33.json, api_response_2023-06-24_19-42-26.json, api_response_2023-06-24_20-12-31.json, api_response_2023-06-24_20-02-29.json, api_response_2023-06-24_19-52-28.json, api_response_2023-06-24_20-22-33.json, api_response_2023-06-24_19-42-26.json, api_response_2023-06-24_20-12-31.json, api_response_2023-06-24_20-02-29.json, api_response_2023-06-24_19-52-28.json

Record time: 2023-06-24T16:24:53Z
Event time: 2023-06-24T21:50:31Z
Status: Underway
Travel distance: 63.67818574514039
Waypoints: (56.69970864705477, 26.461968079858973), (56.624109413382634, 26.474398110568625), (56.5611128303513, 26.521179165113097), (56.49204830441882, 26.54110313787854), (56.417499291633405, 26.524707865984034), (56.344100520771555, 26.486474210155706), (56.27610288618988, 26.44471791665322), (56.215206744931706, 26.41548184173962), (56.13708273781427, 26.377082967528384), (56.05990286837563, 26.324484406858293), (55.994434553358346, 26.25889422469038), (55.95844668121216, 26.1855637886576), (55.965723969376796, 26.112395539477564), (56.013522658955516, 26.044290703209604), (56.06580032087287, 25.974570819356572)
Associated file(s): api_response_2023-06-24_20-52-39.json, api_response_2023-06-24_20-32-35.json, api_response_2023-06-24_21-12-43.json, api_response_2023-06-24_21-32-46.json, api_response_2023-06-24_21-22-45.json, api_response_2023-06-24_21-02-41.json, api_response_2023-06-24_20-42-37.json, api_response_2023-06-24_20-52-39.json, api_response_2023-06-24_20-32-35.json, api_response_2023-06-24_21-12-43.json, api_response_2023-06-24_21-32-46.json, api_response_2023-06-24_21-22-45.json, api_response_2023-06-24_21-02-41.json, api_response_2023-06-24_20-42-37.json

Record time: 2023-06-24T17:41:38Z
Event time: 2023-06-24T22:05:46.750Z
Status: Underway
Travel distance: 53.225161987041034
Waypoints: (56.486717637796744, 26.604894864898963), (56.42562842562838, 26.530891580792037), (56.340309117287475, 26.476039987193786), (56.27481443308777, 26.443191238029577), (56.21666220227368, 26.417139179030855), (56.145293555407385, 26.381093681545785), (56.06058179909167, 26.324790591403683), (55.99437302526587, 26.257238403027387), (55.95779321043807, 26.184588697046628), (55.965412085598224, 26.113105372217156), (56.01422068455495, 26.044775596426334), (56.065577546745445, 25.974300255307842)
Associated file(s): api_response_2023-06-24_21-52-50.json, api_response_2023-06-24_22-22-55.json, api_response_2023-06-24_22-12-54.json, api_response_2023-06-24_21-42-48.json, api_response_2023-06-24_22-02-52.json, api_response_2023-06-24_22-32-57.json, api_response_2023-06-24_21-52-50.json, api_response_2023-06-24_22-22-55.json, api_response_2023-06-24_22-12-54.json, api_response_2023-06-24_21-42-48.json, api_response_2023-06-24_22-02-52.json, api_response_2023-06-24_22-32-57.json

Record time: 2023-06-24T18:33:58Z
Event time: 2023-06-24T22:26:07.500Z
Status: Underway
Travel distance: 47.93790496760259
Waypoints: (56.2784367100914, 26.60443407234539), (56.208438654481824, 26.534422403733956), (56.208438654481824, 26.46441073512252), (56.13844059887225, 26.394399066511085), (56.06844254326268, 26.32438739789965), (55.99844448765313, 26.254375729288213), (55.92844643204356, 26.184364060676778), (55.99844448765313, 26.114352392065342), (55.99844448765313, 26.044340723453907), (56.06844254326268, 25.97432905484247)
Associated file(s): api_response_2023-06-24_23-23-07.json, api_response_2023-06-24_23-03-03.json, api_response_2023-06-24_22-42-59.json, api_response_2023-06-24_23-13-05.json, api_response_2023-06-24_22-53-01.json, api_response_2023-06-24_23-33-08.json, api_response_2023-06-24_23-23-07.json, api_response_2023-06-24_23-03-03.json, api_response_2023-06-24_22-42-59.json, api_response_2023-06-24_23-13-05.json, api_response_2023-06-24_22-53-01.json, api_response_2023-06-24_23-33-08.json

Record time: 2023-06-24T19:42:17Z
Event time: 2023-06-24T22:50:20Z
Status: Underway
Travel distance: 35.21274298056156
Waypoints: (56.06844254326268, 26.46441073512252), (56.06844254326268, 26.394399066511085), (56.06844254326268, 26.32438739789965), (55.99844448765313, 26.254375729288213), (55.92844643204356, 26.184364060676778), (55.99844448765313, 26.114352392065342), (55.99844448765313, 26.044340723453907), (56.06844254326268, 25.97432905484247)
Associated file(s): api_response_2023-06-24_23-43-10.json, api_response_2023-06-24_23-53-12.json, api_response_2023-06-25_00-03-14.json, api_response_2023-06-24_23-43-10.json, api_response_2023-06-24_23-53-12.json, api_response_2023-06-25_00-03-14.json

Record time: 2023-06-24T20:05:58Z
Event time: 2023-06-24T23:13:45Z
Status: Underway
Travel distance: 36.65172786177106
Waypoints: (55.99844448765313, 26.46441073512252), (56.06844254326268, 26.394399066511085), (56.06844254326268, 26.32438739789965), (55.99844448765313, 26.254375729288213), (55.92844643204356, 26.184364060676778), (55.99844448765313, 26.114352392065342), (55.99844448765313, 26.044340723453907), (56.06844254326268, 25.97432905484247)
Associated file(s): api_response_2023-06-25_00-13-16.json, api_response_2023-06-25_00-13-16.json

Record time: 2023-06-24T20:17:38Z
Event time: 2023-06-24T23:32:57.500Z
Status: Underway
Travel distance: 36.65172786177106
Waypoints: (55.99844448765313, 26.46441073512252), (56.06844254326268, 26.394399066511085), (56.06844254326268, 26.32438739789965), (55.99844448765313, 26.254375729288213), (55.92844643204356, 26.184364060676778), (55.99844448765313, 26.114352392065342), (55.99844448765313, 26.044340723453907), (56.06844254326268, 25.97432905484247)
Associated file(s): api_response_2023-06-25_00-23-17.json, api_response_2023-06-25_00-23-17.json

Record time: 2023-06-24T20:30:37Z
Event time: 2023-06-24T23:55:32.500Z
Status: Underway
Travel distance: 36.65172786177106
Waypoints: (55.99844448765313, 26.46441073512252), (56.06844254326268, 26.394399066511085), (56.06844254326268, 26.32438739789965), (55.99844448765313, 26.254375729288213), (55.92844643204356, 26.184364060676778), (55.99844448765313, 26.114352392065342), (55.99844448765313, 26.044340723453907), (56.06844254326268, 25.97432905484247)
Associated file(s): api_response_2023-06-25_00-33-19.json, api_response_2023-06-25_00-33-19.json

Record time: 2023-06-24T20:40:38Z
Event time: 2023-06-25T00:21:27.750Z
Status: Underway
Travel distance: 40.41522678185745
Waypoints: (55.92844643204356, 26.46441073512252), (55.99844448765313, 26.46441073512252), (56.06844254326268, 26.394399066511085), (56.06844254326268, 26.32438739789965), (55.99844448765313, 26.254375729288213), (55.92844643204356, 26.184364060676778), (55.99844448765313, 26.114352392065342), (55.99844448765313, 26.044340723453907), (56.06844254326268, 25.97432905484247)
Associated file(s): api_response_2023-06-25_00-53-23.json, api_response_2023-06-25_00-43-21.json, api_response_2023-06-25_00-53-23.json, api_response_2023-06-25_00-43-21.json

Record time: 2023-06-24T21:01:48Z
Event time: 2023-06-25T00:51:55.600Z
Status: Underway
Travel distance: 40.41522678185745
Waypoints: (55.92844643204356, 26.46441073512252), (55.99844448765313, 26.46441073512252), (56.06844254326268, 26.394399066511085), (56.06844254326268, 26.32438739789965), (55.99844448765313, 26.254375729288213), (55.92844643204356, 26.184364060676778), (55.99844448765313, 26.114352392065342), (55.99844448765313, 26.044340723453907), (56.06844254326268, 25.97432905484247)
Associated file(s): api_response_2023-06-25_01-03-25.json, api_response_2023-06-25_01-03-25.json

Record time: 2023-06-24T21:11:48Z
Event time: 2023-06-25T01:18:33.600Z
Status: Underway
Travel distance: 44.17872570194385
Waypoints: (55.858448376433984, 26.46441073512252), (55.92844643204356, 26.46441073512252), (55.99844448765313, 26.46441073512252), (56.06844254326268, 26.394399066511085), (56.06844254326268, 26.32438739789965), (55.99844448765313, 26.254375729288213), (55.92844643204356, 26.184364060676778), (55.99844448765313, 26.114352392065342), (55.99844448765313, 26.044340723453907), (56.06844254326268, 25.97432905484247)
Associated file(s): api_response_2023-06-25_01-23-29.json, api_response_2023-06-25_01-13-27.json, api_response_2023-06-25_01-23-29.json, api_response_2023-06-25_01-13-27.json

Record time: 2023-06-24T21:24:28Z
Event time: 2023-06-25T01:46:55.800Z
Status: Underway
Travel distance: 44.17872570194385
Waypoints: (55.858448376433984, 26.46441073512252), (55.92844643204356, 26.46441073512252), (55.99844448765313, 26.46441073512252), (56.06844254326268, 26.394399066511085), (56.06844254326268, 26.32438739789965), (55.99844448765313, 26.254375729288213), (55.92844643204356, 26.184364060676778), (55.99844448765313, 26.114352392065342), (55.99844448765313, 26.044340723453907), (56.06844254326268, 25.97432905484247)
Associated file(s): api_response_2023-06-25_01-33-30.json, api_response_2023-06-25_01-33-30.json

Record time: 2023-06-24T21:36:48Z
Event time: 2023-06-25T02:30:43Z
Status: Underway
Travel distance: 44.17872570194385
Waypoints: (55.858448376433984, 26.46441073512252), (55.92844643204356, 26.46441073512252), (55.99844448765313, 26.46441073512252), (56.06844254326268, 26.394399066511085), (56.06844254326268, 26.32438739789965), (55.99844448765313, 26.254375729288213), (55.92844643204356, 26.184364060676778), (55.99844448765313, 26.114352392065342), (55.99844448765313, 26.044340723453907), (56.06844254326268, 25.97432905484247)
Associated file(s): api_response_2023-06-25_02-23-39.json, api_response_2023-06-25_02-33-42.json, api_response_2023-06-25_02-03-36.json, api_response_2023-06-25_02-43-43.json, api_response_2023-06-25_03-03-48.json, api_response_2023-06-25_03-13-50.json, api_response_2023-06-25_02-13-38.json, api_response_2023-06-25_01-53-34.json, api_response_2023-06-25_01-43-32.json, api_response_2023-06-25_02-53-46.json, api_response_2023-06-25_02-23-39.json, api_response_2023-06-25_02-33-42.json, api_response_2023-06-25_02-03-36.json, api_response_2023-06-25_02-43-43.json, api_response_2023-06-25_03-03-48.json, api_response_2023-06-25_03-13-50.json, api_response_2023-06-25_02-13-38.json, api_response_2023-06-25_01-53-34.json, api_response_2023-06-25_01-43-32.json, api_response_2023-06-25_02-53-46.json

Record time: 2023-06-25T09:46:02Z
Event time: 2023-06-25T09:46:02Z
Status: Arrived
Travel distance: N/A
Waypoints: 
Associated file(s): api_response_2023-06-26_00-07-35.json, api_response_2023-06-25_22-37-19.json, api_response_2023-06-25_18-06-31.json, api_response_2023-06-25_23-37-30.json, api_response_2023-06-25_16-16-12.json, api_response_2023-06-25_18-26-34.json, api_response_2023-06-25_21-17-05.json, api_response_2023-06-25_19-16-43.json, api_response_2023-06-25_17-26-24.json, api_response_2023-06-25_14-05-48.json, api_response_2023-06-25_19-06-42.json, api_response_2023-06-25_20-46-59.json, api_response_2023-06-26_01-07-46.json, api_response_2023-06-25_15-26-03.json, api_response_2023-06-25_17-06-20.json, api_response_2023-06-25_19-36-47.json, api_response_2023-06-25_15-56-08.json, api_response_2023-06-25_21-47-10.json, api_response_2023-06-25_14-55-57.json, api_response_2023-06-25_21-07-03.json, api_response_2023-06-25_15-36-04.json, api_response_2023-06-25_23-07-25.json, api_response_2023-06-25_22-17-16.json, api_response_2023-06-25_17-56-29.json, api_response_2023-06-25_15-16-01.json, api_response_2023-06-26_01-37-52.json, api_response_2023-06-26_00-37-41.json, api_response_2023-06-25_16-46-17.json, api_response_2023-06-25_18-46-38.json, api_response_2023-06-25_21-27-07.json, api_response_2023-06-25_22-57-23.json, api_response_2023-06-25_19-56-50.json, api_response_2023-06-25_13-55-47.json, api_response_2023-06-25_20-36-58.json, api_response_2023-06-25_16-56-18.json, api_response_2023-06-25_14-25-52.json, api_response_2023-06-25_21-37-08.json, api_response_2023-06-25_14-45-55.json, api_response_2023-06-25_17-46-27.json, api_response_2023-06-25_20-06-52.json, api_response_2023-06-25_19-46-49.json, api_response_2023-06-26_01-27-50.json, api_response_2023-06-25_18-56-40.json, api_response_2023-06-26_00-57-44.json, api_response_2023-06-25_16-26-13.json, api_response_2023-06-25_22-07-14.json, api_response_2023-06-25_20-26-56.json, api_response_2023-06-26_00-27-39.json, api_response_2023-06-25_23-47-32.json, api_response_2023-06-25_22-47-21.json, api_response_2023-06-25_23-17-26.json, api_response_2023-06-25_18-16-33.json, api_response_2023-06-25_16-36-15.json, api_response_2023-06-26_00-17-37.json, api_response_2023-06-25_17-36-26.json, api_response_2023-06-25_23-27-28.json, api_response_2023-06-25_14-35-54.json, api_response_2023-06-25_18-36-36.json, api_response_2023-06-25_22-27-17.json, api_response_2023-06-25_16-06-10.json, api_response_2023-06-25_20-16-54.json, api_response_2023-06-25_15-46-06.json, api_response_2023-06-25_15-05-59.json, api_response_2023-06-25_21-57-12.json, api_response_2023-06-25_20-57-01.json, api_response_2023-06-26_00-47-43.json, api_response_2023-06-25_23-57-34.json, api_response_2023-06-25_14-15-50.json, api_response_2023-06-26_01-17-48.json, api_response_2023-06-25_19-26-45.json, api_response_2023-06-25_17-16-22.json, api_response_2023-06-26_00-07-35.json, api_response_2023-06-25_22-37-19.json, api_response_2023-06-25_18-06-31.json, api_response_2023-06-25_23-37-30.json, api_response_2023-06-25_16-16-12.json, api_response_2023-06-25_18-26-34.json, api_response_2023-06-25_21-17-05.json, api_response_2023-06-25_19-16-43.json, api_response_2023-06-25_17-26-24.json, api_response_2023-06-25_14-05-48.json, api_response_2023-06-25_19-06-42.json, api_response_2023-06-25_20-46-59.json, api_response_2023-06-26_01-07-46.json, api_response_2023-06-25_15-26-03.json, api_response_2023-06-25_17-06-20.json, api_response_2023-06-25_19-36-47.json, api_response_2023-06-25_15-56-08.json, api_response_2023-06-25_21-47-10.json, api_response_2023-06-25_14-55-57.json, api_response_2023-06-25_21-07-03.json, api_response_2023-06-25_15-36-04.json, api_response_2023-06-25_23-07-25.json, api_response_2023-06-25_22-17-16.json, api_response_2023-06-25_17-56-29.json, api_response_2023-06-25_15-16-01.json, api_response_2023-06-26_01-37-52.json, api_response_2023-06-26_00-37-41.json, api_response_2023-06-25_16-46-17.json, api_response_2023-06-25_18-46-38.json, api_response_2023-06-25_21-27-07.json, api_response_2023-06-25_22-57-23.json, api_response_2023-06-25_19-56-50.json, api_response_2023-06-25_13-55-47.json, api_response_2023-06-25_20-36-58.json, api_response_2023-06-25_16-56-18.json, api_response_2023-06-25_14-25-52.json, api_response_2023-06-25_21-37-08.json, api_response_2023-06-25_14-45-55.json, api_response_2023-06-25_17-46-27.json, api_response_2023-06-25_20-06-52.json, api_response_2023-06-25_19-46-49.json, api_response_2023-06-26_01-27-50.json, api_response_2023-06-25_18-56-40.json, api_response_2023-06-26_00-57-44.json, api_response_2023-06-25_16-26-13.json, api_response_2023-06-25_22-07-14.json, api_response_2023-06-25_20-26-56.json, api_response_2023-06-26_00-27-39.json, api_response_2023-06-25_23-47-32.json, api_response_2023-06-25_22-47-21.json, api_response_2023-06-25_23-17-26.json, api_response_2023-06-25_18-16-33.json, api_response_2023-06-25_16-36-15.json, api_response_2023-06-26_00-17-37.json, api_response_2023-06-25_17-36-26.json, api_response_2023-06-25_23-27-28.json, api_response_2023-06-25_14-35-54.json, api_response_2023-06-25_18-36-36.json, api_response_2023-06-25_22-27-17.json, api_response_2023-06-25_16-06-10.json, api_response_2023-06-25_20-16-54.json, api_response_2023-06-25_15-46-06.json, api_response_2023-06-25_15-05-59.json, api_response_2023-06-25_21-57-12.json, api_response_2023-06-25_20-57-01.json, api_response_2023-06-26_00-47-43.json, api_response_2023-06-25_23-57-34.json, api_response_2023-06-25_14-15-50.json, api_response_2023-06-26_01-17-48.json, api_response_2023-06-25_19-26-45.json, api_response_2023-06-25_17-16-22.json
