MMSI: 671261100
Record time: 2024-01-16T13:42:14Z
Event time: 2024-01-17T11:05:03.666Z
Status: Underway
Travel distance: 152.23326133909288
Num waypoints: 31
Waypoints: (54.33650513152023, 24.434072345390906), (54.3481274978106, 24.50408401400234), (54.313879162369666, 24.574095682613777), (54.28224987580149, 24.644107351225212), (54.27721169581718, 24.714119019836648), (54.305558559909244, 24.784130688448087), (54.36318264890021, 24.854142357059523), (54.440287541365485, 24.924154025670962), (54.52553815893055, 24.9941656942824), (54.60914749964077, 25.064177361607943), (54.6729419316351, 25.134189030215786), (54.73735823355402, 25.204200698823634), (54.80668353896882, 25.27421236743147), (54.8784755950846, 25.346018385440697), (54.94847365069058, 25.411768474220242), (55.018471706296545, 25.48292611387435), (55.08846976190252, 25.552291288947867), (55.15846781750851, 25.62614045270407), (55.22846587311449, 25.702841350330335), (55.29846392872046, 25.77196903798308), (55.36846198432644, 25.82641020196394), (55.43846003993242, 25.87105972188993), (55.5084580983862, 25.92497376565051), (55.57845615399576, 25.976074713039978), (55.648454209605326, 26.021304443637828), (55.718452265214886, 26.056370278072336), (55.78845032082445, 26.076423514835827), (55.85844837643401, 26.077071579054177), (55.92844643204357, 26.055723784537967), (55.998444487653124, 26.013270709115133), (56.06844254326265, 25.95609718324526)
Day of Week: Tuesday

MMSI: 671261100
Record time: 2024-01-16T14:32:15Z
Event time: 2024-01-17T10:31:18.285Z
Status: Underway
Travel distance: 151.47732181425485
Num waypoints: 31
Waypoints: (54.24591101810865, 24.434072345390906), (54.272064982685144, 24.50408401400234), (54.26811855845421, 24.574095682613777), (54.265553439237735, 24.644107351225212), (54.280303628514154, 24.714119019836648), (54.31730790415779, 24.784130688448087), (54.37441553845652, 24.854142357059523), (54.44564527340776, 24.924154025670962), (54.523797551292965, 24.9941656942824), (54.60241999772898, 25.064177361607943), (54.676529932654724, 25.134189030215786), (54.73735823355402, 25.204200698823634), (54.80668353896882, 25.27421236743147), (54.8784755950846, 25.346018385440697), (54.94847365069058, 25.411768474220242), (55.018471706296545, 25.48292611387435), (55.08846976190252, 25.552291288947867), (55.15846781750851, 25.62614045270407), (55.22846587311449, 25.702841350330335), (55.29846392872046, 25.77196903798308), (55.36846198432644, 25.82641020196394), (55.43846003993242, 25.87105972188993), (55.5084580983862, 25.92497376565051), (55.57845615399576, 25.976074713039978), (55.648454209605326, 26.021304443637828), (55.718452265214886, 26.056370278072336), (55.78845032082445, 26.076423514835827), (55.85844837643401, 26.077071579054177), (55.92844643204357, 26.055723784537967), (55.998444487653124, 26.013270709115133), (56.06844254326265, 25.95609718324526)
Day of Week: Tuesday

MMSI: 671261100
Record time: 2024-01-16T15:05:35Z
Event time: 2024-01-17T09:54:33.125Z
Status: Underway
Travel distance: 146.95410367170626
Num waypoints: 30
Waypoints: (54.267241567677864, 24.50408401400233), (54.26699091241181, 24.574095682613777), (54.26757592697839, 24.644107351225212), (54.28334827282875, 24.714119019836644), (54.31932779363567, 24.78413068844808), (54.37431412626194, 24.854142357059516), (54.44351815276883, 24.92415402567095), (54.52071329346449, 24.994165694282394), (54.599906640992415, 25.064177362893833), (54.676529932654724, 25.134189030215786), (54.73735823355402, 25.204200698823634), (54.80668353896882, 25.27421236743147), (54.8784755950846, 25.346018385440697), (54.94847365069058, 25.411768474220242), (55.018471706296545, 25.48292611387435), (55.08846976190252, 25.552291288947867), (55.15846781750851, 25.62614045270407), (55.22846587311449, 25.702841350330335), (55.29846392872046, 25.77196903798308), (55.36846198432644, 25.82641020196394), (55.43846003993242, 25.87105972188993), (55.5084580983862, 25.92497376565051), (55.57845615399576, 25.976074713039978), (55.648454209605326, 26.021304443637828), (55.718452265214886, 26.056370278072336), (55.78845032082445, 26.076423514835827), (55.85844837643401, 26.077071579054177), (55.92844643204357, 26.055723784537967), (55.998444487653124, 26.013270709115133), (56.06844254326265, 25.95609718324526)
Day of Week: Tuesday

MMSI: 671261100
Record time: 2024-01-16T16:36:41Z
Event time: 2024-01-17T10:38:01Z
Status: Underway
Travel distance: 140.9314254859611
Num waypoints: 28
Waypoints: (54.178495041804375, 24.644107351225205), (54.248493097413956, 24.714119019836648), (54.318491153023515, 24.78413068844808), (54.388489208633075, 24.854142357059516), (54.45848726424264, 24.92415402567095), (54.52848531985221, 24.994165694282387), (54.598483375461775, 25.064177362893826), (54.66848143107135, 25.134189031505265), (54.73847948668093, 25.204200700116704), (54.80847753947863, 25.27421236743147), (54.8784755950846, 25.346018385440697), (54.94847365069058, 25.411768474220242), (55.018471706296545, 25.48292611387435), (55.08846976190252, 25.552291288947867), (55.15846781750851, 25.62614045270407), (55.22846587311449, 25.702841350330335), (55.29846392872046, 25.77196903798308), (55.36846198432644, 25.82641020196394), (55.43846003993242, 25.87105972188993), (55.5084580983862, 25.92497376565051), (55.57845615399576, 25.976074713039978), (55.648454209605326, 26.021304443637828), (55.718452265214886, 26.056370278072336), (55.78845032082445, 26.076423514835827), (55.85844837643401, 26.077071579054177), (55.92844643204357, 26.055723784537967), (55.998444487653124, 26.013270709115133), (56.06844254326265, 25.95609718324526)
Day of Week: Tuesday

MMSI: 671261100
Record time: 2024-01-16T17:10:47Z
Event time: 2024-01-17T11:13:59.250Z
Status: Underway
Travel distance: 138.707343412527
Num waypoints: 28
Waypoints: (54.178495041804375, 24.70948400560347), (54.248493097413956, 24.726736558582537), (54.318491153023515, 24.778935231317433), (54.388489208633075, 24.847833587686583), (54.45848726424264, 24.922298505267158), (54.52848531985221, 24.99644533363565), (54.598483375461775, 25.068022979906562), (54.66848143107135, 25.137048921509134), (54.73847948668093, 25.20469414620212), (54.80847753947863, 25.272418018030077), (54.8784755950846, 25.346018385440697), (54.94847365069058, 25.411768474220242), (55.018471706296545, 25.48292611387435), (55.08846976190252, 25.552291288947867), (55.15846781750851, 25.62614045270407), (55.22846587311449, 25.702841350330335), (55.29846392872046, 25.77196903798308), (55.36846198432644, 25.82641020196394), (55.43846003993242, 25.87105972188993), (55.5084580983862, 25.92497376565051), (55.57845615399576, 25.976074713039978), (55.648454209605326, 26.021304443637828), (55.718452265214886, 26.056370278072336), (55.78845032082445, 26.076423514835827), (55.85844837643401, 26.077071579054177), (55.92844643204357, 26.055723784537967), (55.998444487653124, 26.013270709115133), (56.06844254326265, 25.95609718324526)
Day of Week: Tuesday

MMSI: 671261100
Record time: 2024-01-16T17:42:07Z
Event time: 2024-01-17T11:55:10.857Z
Status: Underway
Travel distance: 142.74784017278617
Num waypoints: 29
Waypoints: (54.1084969861948, 24.717466530116152), (54.1784950418044, 24.701072313106206), (54.24849309741397, 24.7292105857876), (54.31849115302352, 24.783017376205795), (54.38848920863309, 24.84981280945063), (54.45848726424265, 24.921697670088765), (54.52848531985222, 24.994316582754784), (54.598483375461804, 25.06578781090102), (54.668481431071385, 25.135799673706117), (54.73847948387265, 25.204873579849156), (54.80847753947863, 25.272418018030077), (54.8784755950846, 25.346018385440697), (54.94847365069058, 25.411768474220242), (55.018471706296545, 25.48292611387435), (55.08846976190252, 25.552291288947867), (55.15846781750851, 25.62614045270407), (55.22846587311449, 25.702841350330335), (55.29846392872046, 25.77196903798308), (55.36846198432644, 25.82641020196394), (55.43846003993242, 25.87105972188993), (55.5084580983862, 25.92497376565051), (55.57845615399576, 25.976074713039978), (55.648454209605326, 26.021304443637828), (55.718452265214886, 26.056370278072336), (55.78845032082445, 26.076423514835827), (55.85844837643401, 26.077071579054177), (55.92844643204357, 26.055723784537967), (55.998444487653124, 26.013270709115133), (56.06844254326265, 25.95609718324526)
Day of Week: Tuesday

MMSI: 671261100
Record time: 2024-01-16T18:05:38Z
Event time: 2024-01-17T12:32:21.428Z
Status: Underway
Travel distance: 142.74784017278617
Num waypoints: 29
Waypoints: (54.1084969861948, 24.717466530116152), (54.1784950418044, 24.701072313106206), (54.24849309741397, 24.7292105857876), (54.31849115302352, 24.783017376205795), (54.38848920863309, 24.84981280945063), (54.45848726424265, 24.921697670088765), (54.52848531985222, 24.994316582754784), (54.598483375461804, 25.06578781090102), (54.668481431071385, 25.135799673706117), (54.73847948387265, 25.204873579849156), (54.80847753947863, 25.272418018030077), (54.8784755950846, 25.346018385440697), (54.94847365069058, 25.411768474220242), (55.018471706296545, 25.48292611387435), (55.08846976190252, 25.552291288947867), (55.15846781750851, 25.62614045270407), (55.22846587311449, 25.702841350330335), (55.29846392872046, 25.77196903798308), (55.36846198432644, 25.82641020196394), (55.43846003993242, 25.87105972188993), (55.5084580983862, 25.92497376565051), (55.57845615399576, 25.976074713039978), (55.648454209605326, 26.021304443637828), (55.718452265214886, 26.056370278072336), (55.78845032082445, 26.076423514835827), (55.85844837643401, 26.077071579054177), (55.92844643204357, 26.055723784537967), (55.998444487653124, 26.013270709115133), (56.06844254326265, 25.95609718324526)
Day of Week: Tuesday

MMSI: 671261100
Record time: 2024-01-16T18:28:39Z
Event time: 2024-01-17T13:11:04.714Z
Status: Underway
Travel distance: 146.36501079913606
Num waypoints: 30
Waypoints: (54.03849893058528, 24.72025359749821), (54.10849698619484, 24.700890547842175), (54.178495041804396, 24.70772308035751), (54.24849309741396, 24.737476747272808), (54.31849115302353, 24.785585998568727), (54.388489208633096, 24.846980152251565), (54.45848726424267, 24.916722348604402), (54.528485319852244, 24.990501488415884), (54.59848337546181, 25.064977155186593), (54.668481428266695, 25.137977520023345), (54.73847948387265, 25.204873579849156), (54.80847753947863, 25.272418018030077), (54.8784755950846, 25.346018385440697), (54.94847365069058, 25.411768474220242), (55.018471706296545, 25.48292611387435), (55.08846976190252, 25.552291288947867), (55.15846781750851, 25.62614045270407), (55.22846587311449, 25.702841350330335), (55.29846392872046, 25.77196903798308), (55.36846198432644, 25.82641020196394), (55.43846003993242, 25.87105972188993), (55.5084580983862, 25.92497376565051), (55.57845615399576, 25.976074713039978), (55.648454209605326, 26.021304443637828), (55.718452265214886, 26.056370278072336), (55.78845032082445, 26.076423514835827), (55.85844837643401, 26.077071579054177), (55.92844643204357, 26.055723784537967), (55.998444487653124, 26.013270709115133), (56.06844254326265, 25.95609718324526)
Day of Week: Tuesday

MMSI: 671261100
Record time: 2024-01-16T19:02:48Z
Event time: 2024-01-17T13:53:55.625Z
Status: Underway
Travel distance: 150.0291576673866
Num waypoints: 31
Waypoints: (53.968500874975675, 24.7293494342532), (54.03849893058526, 24.74394289347095), (54.10849698619484, 24.730993637687444), (54.17849504180441, 24.723411323457917), (54.24849309741398, 24.737058345613114), (54.318491153023544, 24.77590142946952), (54.38848920863311, 24.83641344132539), (54.45848726424268, 24.91122541724258), (54.52848531985225, 24.992028810114213), (54.59848337266071, 25.071727953731862), (54.668481428266695, 25.13618317062195), (54.73847948387265, 25.204873579849156), (54.80847753947863, 25.272418018030077), (54.8784755950846, 25.346018385440697), (54.94847365069058, 25.411768474220242), (55.018471706296545, 25.48292611387435), (55.08846976190252, 25.552291288947867), (55.15846781750851, 25.62614045270407), (55.22846587311449, 25.702841350330335), (55.29846392872046, 25.77196903798308), (55.36846198432644, 25.82641020196394), (55.43846003993242, 25.87105972188993), (55.5084580983862, 25.92497376565051), (55.57845615399576, 25.976074713039978), (55.648454209605326, 26.021304443637828), (55.718452265214886, 26.056370278072336), (55.78845032082445, 26.076423514835827), (55.85844837643401, 26.077071579054177), (55.92844643204357, 26.055723784537967), (55.998444487653124, 26.013270709115133), (56.06844254326265, 25.95609718324526)
Day of Week: Tuesday

MMSI: 671261100
Record time: 2024-01-16T19:26:48Z
Event time: 2024-01-17T14:34:28.125Z
Status: Underway
Travel distance: 150.0291576673866
Num waypoints: 31
Waypoints: (53.968500874975675, 24.7293494342532), (54.03849893058526, 24.74394289347095), (54.10849698619484, 24.730993637687444), (54.17849504180441, 24.723411323457917), (54.24849309741398, 24.737058345613114), (54.318491153023544, 24.77590142946952), (54.38848920863311, 24.83641344132539), (54.45848726424268, 24.91122541724258), (54.52848531985225, 24.992028810114213), (54.59848337266071, 25.071727953731862), (54.668481428266695, 25.13618317062195), (54.73847948387265, 25.204873579849156), (54.80847753947863, 25.272418018030077), (54.8784755950846, 25.346018385440697), (54.94847365069058, 25.411768474220242), (55.018471706296545, 25.48292611387435), (55.08846976190252, 25.552291288947867), (55.15846781750851, 25.62614045270407), (55.22846587311449, 25.702841350330335), (55.29846392872046, 25.77196903798308), (55.36846198432644, 25.82641020196394), (55.43846003993242, 25.87105972188993), (55.5084580983862, 25.92497376565051), (55.57845615399576, 25.976074713039978), (55.648454209605326, 26.021304443637828), (55.718452265214886, 26.056370278072336), (55.78845032082445, 26.076423514835827), (55.85844837643401, 26.077071579054177), (55.92844643204357, 26.055723784537967), (55.998444487653124, 26.013270709115133), (56.06844254326265, 25.95609718324526)
Day of Week: Tuesday

MMSI: 671261100
Record time: 2024-01-16T19:47:17Z
Event time: 2024-01-17T15:05:43.714Z
Status: Underway
Travel distance: 154.6171706263499
Num waypoints: 32
Waypoints: (53.89850281936617, 24.706159215981955), (53.9685008749757, 24.74839944373228), (54.03849893058526, 24.739795259627147), (54.10849698619483, 24.721930693911204), (54.178495041804396, 24.717837485695895), (54.24849309741398, 24.73706770117818), (54.31849115302355, 24.780082727355133), (54.38848920863313, 24.841958641234417), (54.458487264242706, 24.915407954540655), (54.528485317054745, 24.99311773263542), (54.59848337266071, 25.071727953731862), (54.668481428266695, 25.13618317062195), (54.73847948387265, 25.204873579849156), (54.80847753947863, 25.272418018030077), (54.8784755950846, 25.346018385440697), (54.94847365069058, 25.411768474220242), (55.018471706296545, 25.48292611387435), (55.08846976190252, 25.552291288947867), (55.15846781750851, 25.62614045270407), (55.22846587311449, 25.702841350330335), (55.29846392872046, 25.77196903798308), (55.36846198432644, 25.82641020196394), (55.43846003993242, 25.87105972188993), (55.5084580983862, 25.92497376565051), (55.57845615399576, 25.976074713039978), (55.648454209605326, 26.021304443637828), (55.718452265214886, 26.056370278072336), (55.78845032082445, 26.076423514835827), (55.85844837643401, 26.077071579054177), (55.92844643204357, 26.055723784537967), (55.998444487653124, 26.013270709115133), (56.06844254326265, 25.95609718324526)
Day of Week: Tuesday

MMSI: 671261100
Record time: 2024-01-16T20:19:08Z
Event time: 2024-01-17T15:47:15Z
Status: Underway
Travel distance: 154.6171706263499
Num waypoints: 32
Waypoints: (53.89850281936617, 24.706159215981955), (53.9685008749757, 24.74839944373228), (54.03849893058526, 24.739795259627147), (54.10849698619483, 24.721930693911204), (54.178495041804396, 24.717837485695895), (54.24849309741398, 24.73706770117818), (54.31849115302355, 24.780082727355133), (54.38848920863313, 24.841958641234417), (54.458487264242706, 24.915407954540655), (54.528485317054745, 24.99311773263542), (54.59848337266071, 25.071727953731862), (54.668481428266695, 25.13618317062195), (54.73847948387265, 25.204873579849156), (54.80847753947863, 25.272418018030077), (54.8784755950846, 25.346018385440697), (54.94847365069058, 25.411768474220242), (55.018471706296545, 25.48292611387435), (55.08846976190252, 25.552291288947867), (55.15846781750851, 25.62614045270407), (55.22846587311449, 25.702841350330335), (55.29846392872046, 25.77196903798308), (55.36846198432644, 25.82641020196394), (55.43846003993242, 25.87105972188993), (55.5084580983862, 25.92497376565051), (55.57845615399576, 25.976074713039978), (55.648454209605326, 26.021304443637828), (55.718452265214886, 26.056370278072336), (55.78845032082445, 26.076423514835827), (55.85844837643401, 26.077071579054177), (55.92844643204357, 26.055723784537967), (55.998444487653124, 26.013270709115133), (56.06844254326265, 25.95609718324526)
Day of Week: Tuesday

MMSI: 671261100
Record time: 2024-01-16T20:43:58Z
Event time: 2024-01-17T16:30:31.285Z
Status: Underway
Travel distance: 157.908747300216
Num waypoints: 33
Waypoints: (53.82850476375657, 24.701948320698218), (53.89850281936614, 24.73810951017321), (53.9685008749757, 24.736910809837113), (54.03849893058526, 24.724028533730937), (54.10849698619483, 24.715981594039505), (54.178495041804396, 24.722061746072576), (54.24849309741398, 24.746072712416918), (54.31849115302355, 24.787878186259224), (54.38848920863313, 24.84475871387997), (54.45848726144877, 24.912577455040008), (54.528485317054745, 24.99311773263542), (54.59848337266071, 25.071727953731862), (54.668481428266695, 25.13618317062195), (54.73847948387265, 25.204873579849156), (54.80847753947863, 25.272418018030077), (54.8784755950846, 25.346018385440697), (54.94847365069058, 25.411768474220242), (55.018471706296545, 25.48292611387435), (55.08846976190252, 25.552291288947867), (55.15846781750851, 25.62614045270407), (55.22846587311449, 25.702841350330335), (55.29846392872046, 25.77196903798308), (55.36846198432644, 25.82641020196394), (55.43846003993242, 25.87105972188993), (55.5084580983862, 25.92497376565051), (55.57845615399576, 25.976074713039978), (55.648454209605326, 26.021304443637828), (55.718452265214886, 26.056370278072336), (55.78845032082445, 26.076423514835827), (55.85844837643401, 26.077071579054177), (55.92844643204357, 26.055723784537967), (55.998444487653124, 26.013270709115133), (56.06844254326265, 25.95609718324526)
Day of Week: Tuesday

MMSI: 671261100
Record time: 2024-01-16T21:11:46Z
Event time: 2024-01-17T17:04:54Z
Status: Underway
Travel distance: 157.908747300216
Num waypoints: 33
Waypoints: (53.82850476375657, 24.701948320698218), (53.89850281936614, 24.73810951017321), (53.9685008749757, 24.736910809837113), (54.03849893058526, 24.724028533730937), (54.10849698619483, 24.715981594039505), (54.178495041804396, 24.722061746072576), (54.24849309741398, 24.746072712416918), (54.31849115302355, 24.787878186259224), (54.38848920863313, 24.84475871387997), (54.45848726144877, 24.912577455040008), (54.528485317054745, 24.99311773263542), (54.59848337266071, 25.071727953731862), (54.668481428266695, 25.13618317062195), (54.73847948387265, 25.204873579849156), (54.80847753947863, 25.272418018030077), (54.8784755950846, 25.346018385440697), (54.94847365069058, 25.411768474220242), (55.018471706296545, 25.48292611387435), (55.08846976190252, 25.552291288947867), (55.15846781750851, 25.62614045270407), (55.22846587311449, 25.702841350330335), (55.29846392872046, 25.77196903798308), (55.36846198432644, 25.82641020196394), (55.43846003993242, 25.87105972188993), (55.5084580983862, 25.92497376565051), (55.57845615399576, 25.976074713039978), (55.648454209605326, 26.021304443637828), (55.718452265214886, 26.056370278072336), (55.78845032082445, 26.076423514835827), (55.85844837643401, 26.077071579054177), (55.92844643204357, 26.055723784537967), (55.998444487653124, 26.013270709115133), (56.06844254326265, 25.95609718324526)
Day of Week: Tuesday

MMSI: 671261100
Record time: 2024-01-16T21:45:44Z
Event time: 2024-01-17T17:46:57.285Z
Status: Underway
Travel distance: 163.0599352051836
Num waypoints: 34
Waypoints: (53.758506708146975, 24.641772949260357), (53.82850476375656, 24.709517212719017), (53.898502819366115, 24.733278840117844), (53.96850087497567, 24.73291210539439), (54.03849893058522, 24.724201011968862), (54.10849698619479, 24.71894071700269), (54.17849504180436, 24.725122055354827), (54.24849309741394, 24.74721916323582), (54.31849115302352, 24.786580201559616), (54.38848920584279, 24.84192117771864), (54.45848726144877, 24.912577455040008), (54.528485317054745, 24.99311773263542), (54.59848337266071, 25.071727953731862), (54.668481428266695, 25.13618317062195), (54.73847948387265, 25.204873579849156), (54.80847753947863, 25.272418018030077), (54.8784755950846, 25.346018385440697), (54.94847365069058, 25.411768474220242), (55.018471706296545, 25.48292611387435), (55.08846976190252, 25.552291288947867), (55.15846781750851, 25.62614045270407), (55.22846587311449, 25.702841350330335), (55.29846392872046, 25.77196903798308), (55.36846198432644, 25.82641020196394), (55.43846003993242, 25.87105972188993), (55.5084580983862, 25.92497376565051), (55.57845615399576, 25.976074713039978), (55.648454209605326, 26.021304443637828), (55.718452265214886, 26.056370278072336), (55.78845032082445, 26.076423514835827), (55.85844837643401, 26.077071579054177), (55.92844643204357, 26.055723784537967), (55.998444487653124, 26.013270709115133), (56.06844254326265, 25.95609718324526)
Day of Week: Tuesday

MMSI: 671261100
Record time: 2024-01-16T22:07:12Z
Event time: 2024-01-17T18:19:27Z
Status: Underway
Travel distance: 168.59341252699784
Num waypoints: 37
Waypoints: (53.70447059733395, 24.643227071372728), (53.70718819745703, 24.71260799898243), (53.72907480952194, 24.788120420001476), (53.76889560200889, 24.85999316638229), (53.82355767144139, 24.92478147109207), (53.88903267121994, 24.98306484798785), (53.96111285469403, 25.03753720289995), (54.03600053247258, 25.09148917592394), (54.11073094397266, 25.147682714921018), (54.18342854042684, 25.207617878933632), (54.24490509361121, 25.27600671683286), (54.31849115023681, 25.34192832430518), (54.38848920584279, 25.39778121906507), (54.45848726144877, 25.45500437854641), (54.528485317054745, 25.51486440232663), (54.59848337266071, 25.573316464969416), (54.668481428266695, 25.640964568294336), (54.73847948387265, 25.690737031154136), (54.80847753947863, 25.723659196063906), (54.8784755950846, 25.738268442082997), (54.94847365069058, 25.72743826176746), (55.018471706296545, 25.709824611393515), (55.08846976190252, 25.69238624935394), (55.15846781750851, 25.70302229312711), (55.22846587311449, 25.7382948295742), (55.29846392872046, 25.787221007894903), (55.36846198432644, 25.833057964924766), (55.43846003993242, 25.870262442691626), (55.5084580983862, 25.923258955686766), (55.57845615399576, 25.97513117174754), (55.648454209605326, 26.021199082155096), (55.718452265214886, 26.056503723384953), (55.78845032082445, 26.076317964871023), (55.85844837643401, 26.076809777445074), (55.92844643204357, 26.055857983778925), (55.998444487653124, 26.014020490829342), (56.06844254326265, 25.955655004285642)
Day of Week: Tuesday

MMSI: 671261100
Record time: 2024-01-16T22:27:39Z
Event time: 2024-01-17T19:01:43.833Z
Status: Underway
Travel distance: 168.59341252699784
Num waypoints: 37
Waypoints: (53.70447059733395, 24.643227071372728), (53.70718819745703, 24.71260799898243), (53.72907480952194, 24.788120420001476), (53.76889560200889, 24.85999316638229), (53.82355767144139, 24.92478147109207), (53.88903267121994, 24.98306484798785), (53.96111285469403, 25.03753720289995), (54.03600053247258, 25.09148917592394), (54.11073094397266, 25.147682714921018), (54.18342854042684, 25.207617878933632), (54.24490509361121, 25.27600671683286), (54.31849115023681, 25.34192832430518), (54.38848920584279, 25.39778121906507), (54.45848726144877, 25.45500437854641), (54.528485317054745, 25.51486440232663), (54.59848337266071, 25.573316464969416), (54.668481428266695, 25.640964568294336), (54.73847948387265, 25.690737031154136), (54.80847753947863, 25.723659196063906), (54.8784755950846, 25.738268442082997), (54.94847365069058, 25.72743826176746), (55.018471706296545, 25.709824611393515), (55.08846976190252, 25.69238624935394), (55.15846781750851, 25.70302229312711), (55.22846587311449, 25.7382948295742), (55.29846392872046, 25.787221007894903), (55.36846198432644, 25.833057964924766), (55.43846003993242, 25.870262442691626), (55.5084580983862, 25.923258955686766), (55.57845615399576, 25.97513117174754), (55.648454209605326, 26.021199082155096), (55.718452265214886, 26.056503723384953), (55.78845032082445, 26.076317964871023), (55.85844837643401, 26.076809777445074), (55.92844643204357, 26.055857983778925), (55.998444487653124, 26.014020490829342), (56.06844254326265, 25.955655004285642)
Day of Week: Tuesday

MMSI: 671261100
Record time: 2024-01-17T00:24:27Z
Event time: 2024-01-17T20:01:20.666Z
Status: Underway
Travel distance: 172.5437365010799
Num waypoints: 37
Waypoints: (53.54851254131831, 24.643227071372728), (53.618510596927905, 24.71260799898243), (53.68850865253748, 24.788120420001476), (53.758506708147046, 24.85999316638229), (53.828504763756605, 24.92478147109207), (53.89850281936617, 24.98306484798785), (53.968500874975746, 25.03753720289995), (54.03849893058531, 25.09148917592394), (54.10849698619488, 25.147682714921018), (54.17849503902486, 25.207617878933632), (54.24849309463083, 25.27600671683286), (54.31849115023681, 25.34192832430518), (54.38848920584279, 25.39778121906507), (54.45848726144877, 25.45500437854641), (54.528485317054745, 25.51486440232663), (54.59848337266071, 25.573316464969416), (54.668481428266695, 25.640964568294336), (54.73847948387265, 25.690737031154136), (54.80847753947863, 25.723659196063906), (54.8784755950846, 25.738268442082997), (54.94847365069058, 25.72743826176746), (55.018471706296545, 25.709824611393515), (55.08846976190252, 25.69238624935394), (55.15846781750851, 25.70302229312711), (55.22846587311449, 25.7382948295742), (55.29846392872046, 25.787221007894903), (55.36846198432644, 25.833057964924766), (55.43846003993242, 25.870262442691626), (55.5084580983862, 25.923258955686766), (55.57845615399576, 25.97513117174754), (55.648454209605326, 26.021199082155096), (55.718452265214886, 26.056503723384953), (55.78845032082445, 26.076317964871023), (55.85844837643401, 26.076809777445074), (55.92844643204357, 26.055857983778925), (55.998444487653124, 26.014020490829342), (56.06844254326265, 25.955655004285642)
Day of Week: Wednesday

MMSI: 671261100
Record time: 2024-01-17T01:10:18Z
Event time: 2024-01-17T20:36:04.166Z
Status: Underway
Travel distance: 177.62958963282938
Num waypoints: 39
Waypoints: (53.47499346847419, 24.64821979032425), (53.5598328010293, 24.706368556745467), (53.61629910412968, 24.78039848053174), (53.662943973957276, 24.858829632233068), (53.71060687740119, 24.933855598138397), (53.76445413162884, 25.000969531828947), (53.8257484066897, 25.058531022358373), (53.89334875115177, 25.107273779059867), (53.96494114077064, 25.149754132980096), (54.037999547418906, 25.189740353647714), (54.11161198640493, 25.227913629305665), (54.18096178972585, 25.27206367171972), (54.24669909412101, 25.336848732249763), (54.31849115023681, 25.414077379699968), (54.38848920584279, 25.487372406141034), (54.45848726144877, 25.557655488944047), (54.528485317054745, 25.619656669152825), (54.59848337266071, 25.67224882392909), (54.668481428266695, 25.710750058406205), (54.73847948387265, 25.73265544574125), (54.80847753947863, 25.736775664009578), (54.8784755950846, 25.730934604351056), (54.94847365069058, 25.713072157631537), (55.018471706296545, 25.70187255243924), (55.08846976190252, 25.696796730025426), (55.15846781750851, 25.708605132336057), (55.22846587311449, 25.73896771059972), (55.29846392872046, 25.785426658493517), (55.36846198432644, 25.833057964924766), (55.43846003993242, 25.870262442691626), (55.5084580983862, 25.923258955686766), (55.57845615399576, 25.97513117174754), (55.648454209605326, 26.021199082155096), (55.718452265214886, 26.056503723384953), (55.78845032082445, 26.076317964871023), (55.85844837643401, 26.076809777445074), (55.92844643204357, 26.055857983778925), (55.998444487653124, 26.014020490829342), (56.06844254326265, 25.955655004285642)
Day of Week: Wednesday

MMSI: 671261100
Record time: 2024-01-17T02:15:35Z
Event time: 2024-01-17T22:04:02Z
Status: Underway
Travel distance: 182.27591792656588
Num waypoints: 40
Waypoints: (53.33851837448962, 24.655627307415113), (53.40851643009915, 24.68336437599874), (53.4785144857087, 24.729842389142878), (53.548512541318274, 24.790120032099647), (53.61851059692785, 24.858160909236418), (53.68850865253743, 24.928016457569843), (53.758506708147, 24.99473480735555), (53.82850476375657, 25.054995589733526), (53.898502819366136, 25.107470691429253), (53.96850087220693, 25.152910955220005), (54.038498927812924, 25.187946004246324), (54.10849698341888, 25.227913629305665), (54.17849503902486, 25.27206367171972), (54.24849309463083, 25.336848732249763), (54.31849115023681, 25.414077379699968), (54.38848920584279, 25.487372406141034), (54.45848726144877, 25.557655488944047), (54.528485317054745, 25.619656669152825), (54.59848337266071, 25.67224882392909), (54.668481428266695, 25.710750058406205), (54.73847948387265, 25.73265544574125), (54.80847753947863, 25.736775664009578), (54.8784755950846, 25.730934604351056), (54.94847365069058, 25.713072157631537), (55.018471706296545, 25.70187255243924), (55.08846976190252, 25.696796730025426), (55.15846781750851, 25.708605132336057), (55.22846587311449, 25.73896771059972), (55.29846392872046, 25.785426658493517), (55.36846198432644, 25.833057964924766), (55.43846003993242, 25.870262442691626), (55.5084580983862, 25.923258955686766), (55.57845615399576, 25.97513117174754), (55.648454209605326, 26.021199082155096), (55.718452265214886, 26.056503723384953), (55.78845032082445, 26.076317964871023), (55.85844837643401, 26.076809777445074), (55.92844643204357, 26.055857983778925), (55.998444487653124, 26.014020490829342), (56.06844254326265, 25.955655004285642)
Day of Week: Wednesday

MMSI: 671261100
Record time: 2024-01-17T03:26:17Z
Event time: 2024-01-18T05:44:26Z
Status: Underway
Travel distance: 201.50215982721383
Num waypoints: 47
Waypoints: (53.285484690584866, 24.714119019836637), (53.29024636401616, 24.784130688448087), (53.28911312171545, 24.854142357059523), (53.30172526051788, 24.92415402567096), (53.3360441716282, 24.99416569428239), (53.39189511473704, 25.064177362893826), (53.46402474515031, 25.13418903150526), (53.54467339393221, 25.204200700116697), (53.62566210106133, 25.274212368728133), (53.699994398845305, 25.344224036039307), (53.75445135969876, 25.416030054048544), (53.807314072200015, 25.483574492229472), (53.85102022117482, 25.550470552055284), (53.88381914856267, 25.62098169817507), (53.91318648463923, 25.695978717798333), (53.94598541202709, 25.772255530744648), (53.987897560492094, 25.843835370257906), (54.041433023184524, 25.904147751030077), (54.10505973874462, 25.946411087823552), (54.17419848318203, 25.976626650064837), (54.24482971543853, 25.986974316255626), (54.320458520543795, 25.98179105905623), (54.38981020831902, 25.971040041214284), (54.460954012149756, 25.96477489687581), (54.52669131654494, 25.96717804339553), (54.59848337266071, 25.98582269074696), (54.668481428266695, 26.005192994106302), (54.73847948387265, 26.017887262192822), (54.80847753947863, 26.02965608326665), (54.8784755950846, 26.04143809808608), (54.94847365069058, 26.048364814525275), (55.018471706296545, 26.05344252175988), (55.08846976190252, 26.066383701371176), (55.15846781750851, 26.09144050908346), (55.22846587311449, 26.11901920702584), (55.29846392872046, 26.129958706947768), (55.36846198432644, 26.106328708580925), (55.43846003993242, 26.066851136929515), (55.5084580983862, 26.047141190198378), (55.57845615399576, 26.034574541614095), (55.648454209605326, 26.032127153209657), (55.718452265214886, 26.03980262327932), (55.78845032082445, 26.053909358939187), (55.85844837643401, 26.06651322416689), (55.92844643204357, 26.06506566465783), (55.998444487653124, 26.032207309497796), (56.06844254326265, 25.945747049652102)
Day of Week: Wednesday

MMSI: 671261100
Record time: 2024-01-17T08:41:17Z
Event time: 2024-01-18T17:14:17Z
Status: Underway
Travel distance: 218.78995680345574
Num waypoints: 51
Waypoints: (52.85741403514974, 24.646924712817928), (52.891227644111105, 24.706769955036894), (52.938142322113166, 24.78525624631398), (52.99454882519655, 24.86187553691512), (53.05752385077332, 24.92662953788635), (53.12478782585026, 24.97700722241913), (53.19464309692727, 25.015371144847165), (53.2658925215709, 25.04675257727471), (53.33773846166291, 25.07705546383636), (53.40966217558388, 25.111669191300006), (53.4747531121483, 25.153589490707926), (53.55217591776338, 25.20713536480889), (53.62280715001987, 25.270774454292674), (53.69194589445728, 25.339926644615808), (53.755572610017396, 25.412365962413773), (53.80910807270982, 25.485542245144444), (53.85102022117482, 25.55179181143593), (53.88381914856267, 25.623448928601984), (53.91318648463923, 25.69418436839694), (53.94598541202709, 25.772255530744648), (53.987897560492094, 25.843835370257906), (54.041433023184524, 25.904147751030077), (54.10505973874462, 25.946411087823552), (54.17419848318203, 25.976626650064837), (54.24482971543853, 25.986974316255626), (54.320458520543795, 25.98179105905623), (54.38981020831902, 25.971040041214284), (54.460954012149756, 25.96477489687581), (54.52669131654494, 25.96717804339553), (54.59848337266071, 25.98582269074696), (54.668481428266695, 26.005192994106302), (54.73847948387265, 26.017887262192822), (54.80847753947863, 26.02965608326665), (54.8784755950846, 26.04143809808608), (54.94847365069058, 26.048364814525275), (55.018471706296545, 26.05344252175988), (55.08846976190252, 26.066383701371176), (55.15846781750851, 26.09144050908346), (55.22846587311449, 26.11901920702584), (55.29846392872046, 26.129958706947768), (55.36846198432644, 26.106328708580925), (55.43846003993242, 26.066851136929515), (55.5084580983862, 26.047141190198378), (55.57845615399576, 26.034574541614095), (55.648454209605326, 26.032127153209657), (55.718452265214886, 26.03980262327932), (55.78845032082445, 26.053909358939187), (55.85844837643401, 26.06651322416689), (55.92844643204357, 26.06506566465783), (55.998444487653124, 26.032207309497796), (56.06844254326265, 25.945747049652102)
Day of Week: Wednesday

MMSI: 671261100
Record time: 2024-01-17T09:12:40Z
Event time: 2024-01-18T17:57:52Z
Status: Underway
Travel distance: 221.81695464362852
Num waypoints: 51
Waypoints: (52.85018095127574, 24.565938966389698), (52.91303562303677, 24.598035682599225), (52.990046144314014, 24.636699971212234), (53.06557933906365, 24.68224060014523), (53.13286556212246, 24.734366021889944), (53.191152042516364, 24.792358907919414), (53.2432753294091, 24.855231080957733), (53.293652840691045, 24.921858845113483), (53.34669351420816, 24.99109871387684), (53.40562755889113, 25.061883534694612), (53.47028318650832, 25.137304638997822), (53.54719153609484, 25.206667929250543), (53.62230776962586, 25.272418018030077), (53.69506089744333, 25.344224036039307), (53.758039360718385, 25.416030054048544), (53.807314072200015, 25.483574492229472), (53.85102022117482, 25.550470552055284), (53.88381914856267, 25.62098169817507), (53.91318648463923, 25.695978717798333), (53.94598541202709, 25.772255530744648), (53.987897560492094, 25.843835370257906), (54.041433023184524, 25.904147751030077), (54.10505973874462, 25.946411087823552), (54.17419848318203, 25.976626650064837), (54.24482971543853, 25.986974316255626), (54.320458520543795, 25.98179105905623), (54.38981020831902, 25.971040041214284), (54.460954012149756, 25.96477489687581), (54.52669131654494, 25.96717804339553), (54.59848337266071, 25.98582269074696), (54.668481428266695, 26.005192994106302), (54.73847948387265, 26.017887262192822), (54.80847753947863, 26.02965608326665), (54.8784755950846, 26.04143809808608), (54.94847365069058, 26.048364814525275), (55.018471706296545, 26.05344252175988), (55.08846976190252, 26.066383701371176), (55.15846781750851, 26.09144050908346), (55.22846587311449, 26.11901920702584), (55.29846392872046, 26.129958706947768), (55.36846198432644, 26.106328708580925), (55.43846003993242, 26.066851136929515), (55.5084580983862, 26.047141190198378), (55.57845615399576, 26.034574541614095), (55.648454209605326, 26.032127153209657), (55.718452265214886, 26.03980262327932), (55.78845032082445, 26.053909358939187), (55.85844837643401, 26.06651322416689), (55.92844643204357, 26.06506566465783), (55.998444487653124, 26.032207309497796), (56.06844254326265, 25.945747049652102)
Day of Week: Wednesday

MMSI: 671261100
Record time: 2024-02-13T16:13:57Z
Event time: 2024-02-14T13:18:55Z
Status: Underway
Travel distance: 156.72732181425485
Num waypoints: 32
Waypoints: (54.37237582223507, 24.364060676779452), (54.376700256581074, 24.4340723453909), (54.33675646062143, 24.504084014002334), (54.29442908692166, 24.574095682613766), (54.27245390550385, 24.6441073512252), (54.279663936220054, 24.714119019836634), (54.31553249122003, 24.784130688448077), (54.37401312751327, 24.854142357059516), (54.44667650962524, 24.92415402567096), (54.525144179550665, 24.994165693000095), (54.60914749964077, 25.064177361607943), (54.6729419316351, 25.134189030215786), (54.73735823355402, 25.204200698823634), (54.80668353896882, 25.27421236743147), (54.8784755950846, 25.346018385440697), (54.94847365069058, 25.411768474220242), (55.018471706296545, 25.48292611387435), (55.08846976190252, 25.552291288947867), (55.15846781750851, 25.62614045270407), (55.22846587311449, 25.702841350330335), (55.29846392872046, 25.77196903798308), (55.36846198432644, 25.82641020196394), (55.43846003993242, 25.87105972188993), (55.5084580983862, 25.92497376565051), (55.57845615399576, 25.976074713039978), (55.648454209605326, 26.021304443637828), (55.718452265214886, 26.056370278072336), (55.78845032082445, 26.076423514835827), (55.85844837643401, 26.077071579054177), (55.92844643204357, 26.055723784537967), (55.998444487653124, 26.013270709115133), (56.06844254326265, 25.95609718324526)
Day of Week: Tuesday

MMSI: 671261100
Record time: 2024-02-13T17:04:36Z
Event time: 2024-02-14T12:46:11.375Z
Status: Underway
Travel distance: 151.47732181425485
Num waypoints: 31
Waypoints: (54.24591101810865, 24.434072345390906), (54.272064982685144, 24.50408401400234), (54.26811855845421, 24.574095682613777), (54.265553439237735, 24.644107351225212), (54.280303628514154, 24.714119019836648), (54.31730790415779, 24.784130688448087), (54.37441553845652, 24.854142357059523), (54.44564527340776, 24.924154025670962), (54.523797551292965, 24.9941656942824), (54.60241999772898, 25.064177361607943), (54.676529932654724, 25.134189030215786), (54.73735823355402, 25.204200698823634), (54.80668353896882, 25.27421236743147), (54.8784755950846, 25.346018385440697), (54.94847365069058, 25.411768474220242), (55.018471706296545, 25.48292611387435), (55.08846976190252, 25.552291288947867), (55.15846781750851, 25.62614045270407), (55.22846587311449, 25.702841350330335), (55.29846392872046, 25.77196903798308), (55.36846198432644, 25.82641020196394), (55.43846003993242, 25.87105972188993), (55.5084580983862, 25.92497376565051), (55.57845615399576, 25.976074713039978), (55.648454209605326, 26.021304443637828), (55.718452265214886, 26.056370278072336), (55.78845032082445, 26.076423514835827), (55.85844837643401, 26.077071579054177), (55.92844643204357, 26.055723784537967), (55.998444487653124, 26.013270709115133), (56.06844254326265, 25.95609718324526)
Day of Week: Tuesday

MMSI: 671261100
Record time: 2024-02-13T17:34:28Z
Event time: 2024-02-14T12:15:36.142Z
Status: Underway
Travel distance: 151.47732181425485
Num waypoints: 31
Waypoints: (54.24591101810865, 24.434072345390906), (54.272064982685144, 24.50408401400234), (54.26811855845421, 24.574095682613777), (54.265553439237735, 24.644107351225212), (54.280303628514154, 24.714119019836648), (54.31730790415779, 24.784130688448087), (54.37441553845652, 24.854142357059523), (54.44564527340776, 24.924154025670962), (54.523797551292965, 24.9941656942824), (54.60241999772898, 25.064177361607943), (54.676529932654724, 25.134189030215786), (54.73735823355402, 25.204200698823634), (54.80668353896882, 25.27421236743147), (54.8784755950846, 25.346018385440697), (54.94847365069058, 25.411768474220242), (55.018471706296545, 25.48292611387435), (55.08846976190252, 25.552291288947867), (55.15846781750851, 25.62614045270407), (55.22846587311449, 25.702841350330335), (55.29846392872046, 25.77196903798308), (55.36846198432644, 25.82641020196394), (55.43846003993242, 25.87105972188993), (55.5084580983862, 25.92497376565051), (55.57845615399576, 25.976074713039978), (55.648454209605326, 26.021304443637828), (55.718452265214886, 26.056370278072336), (55.78845032082445, 26.076423514835827), (55.85844837643401, 26.077071579054177), (55.92844643204357, 26.055723784537967), (55.998444487653124, 26.013270709115133), (56.06844254326265, 25.95609718324526)
Day of Week: Tuesday

MMSI: 671261100
Record time: 2024-02-13T18:35:08Z
Event time: 2024-02-14T12:47:06Z
Status: Underway
Travel distance: 143.51781857451405
Num waypoints: 29
Waypoints: (54.25183995680676, 24.574095682613777), (54.235448927472696, 24.644107351225223), (54.26358172897528, 24.71411901983666), (54.317378057252625, 24.784130688448087), (54.38416050285733, 24.854142357059523), (54.456031386271924, 24.924154025670955), (54.528636178986034, 24.994165694282394), (54.60009351033504, 25.064177362893833), (54.67009176010051, 25.13418903150527), (54.73915223406384, 25.204200698823634), (54.80668353896882, 25.27421236743147), (54.8784755950846, 25.346018385440697), (54.94847365069058, 25.411768474220242), (55.018471706296545, 25.48292611387435), (55.08846976190252, 25.552291288947867), (55.15846781750851, 25.62614045270407), (55.22846587311449, 25.702841350330335), (55.29846392872046, 25.77196903798308), (55.36846198432644, 25.82641020196394), (55.43846003993242, 25.87105972188993), (55.5084580983862, 25.92497376565051), (55.57845615399576, 25.976074713039978), (55.648454209605326, 26.021304443637828), (55.718452265214886, 26.056370278072336), (55.78845032082445, 26.076423514835827), (55.85844837643401, 26.077071579054177), (55.92844643204357, 26.055723784537967), (55.998444487653124, 26.013270709115133), (56.06844254326265, 25.95609718324526)
Day of Week: Tuesday

MMSI: 671261100
Record time: 2024-02-13T19:03:37Z
Event time: 2024-02-14T13:31:19.333Z
Status: Underway
Travel distance: 143.51781857451405
Num waypoints: 29
Waypoints: (54.25183995680676, 24.574095682613777), (54.235448927472696, 24.644107351225223), (54.26358172897528, 24.71411901983666), (54.317378057252625, 24.784130688448087), (54.38416050285733, 24.854142357059523), (54.456031386271924, 24.924154025670955), (54.528636178986034, 24.994165694282394), (54.60009351033504, 25.064177362893833), (54.67009176010051, 25.13418903150527), (54.73915223406384, 25.204200698823634), (54.80668353896882, 25.27421236743147), (54.8784755950846, 25.346018385440697), (54.94847365069058, 25.411768474220242), (55.018471706296545, 25.48292611387435), (55.08846976190252, 25.552291288947867), (55.15846781750851, 25.62614045270407), (55.22846587311449, 25.702841350330335), (55.29846392872046, 25.77196903798308), (55.36846198432644, 25.82641020196394), (55.43846003993242, 25.87105972188993), (55.5084580983862, 25.92497376565051), (55.57845615399576, 25.976074713039978), (55.648454209605326, 26.021304443637828), (55.718452265214886, 26.056370278072336), (55.78845032082445, 26.076423514835827), (55.85844837643401, 26.077071579054177), (55.92844643204357, 26.055723784537967), (55.998444487653124, 26.013270709115133), (56.06844254326265, 25.95609718324526)
Day of Week: Tuesday

MMSI: 671261100
Record time: 2024-02-13T19:29:35Z
Event time: 2024-02-14T14:08:12.285Z
Status: Underway
Travel distance: 139.15442764578833
Num waypoints: 28
Waypoints: (54.24385898440853, 24.644107351225205), (54.26110818281769, 24.714119019836648), (54.31329670609259, 24.78413068844808), (54.38218166593125, 24.854142357059516), (54.45663210462448, 24.92415402567095), (54.5307645159546, 24.994165694282387), (54.60232824473645, 25.064177362893826), (54.67134076500097, 25.134189031505265), (54.738972836821176, 25.204200700116704), (54.80668353896882, 25.27421236743147), (54.8784755950846, 25.346018385440697), (54.94847365069058, 25.411768474220242), (55.018471706296545, 25.48292611387435), (55.08846976190252, 25.552291288947867), (55.15846781750851, 25.62614045270407), (55.22846587311449, 25.702841350330335), (55.29846392872046, 25.77196903798308), (55.36846198432644, 25.82641020196394), (55.43846003993242, 25.87105972188993), (55.5084580983862, 25.92497376565051), (55.57845615399576, 25.976074713039978), (55.648454209605326, 26.021304443637828), (55.718452265214886, 26.056370278072336), (55.78845032082445, 26.076423514835827), (55.85844837643401, 26.077071579054177), (55.92844643204357, 26.055723784537967), (55.998444487653124, 26.013270709115133), (56.06844254326265, 25.95609718324526)
Day of Week: Tuesday

MMSI: 671261100
Record time: 2024-02-13T20:07:58Z
Event time: 2024-02-14T15:19:03.166Z
Status: Underway
Travel distance: 140.9314254859611
Num waypoints: 28
Waypoints: (54.178495041804375, 24.644107351225205), (54.248493097413956, 24.714119019836648), (54.318491153023515, 24.78413068844808), (54.388489208633075, 24.854142357059516), (54.45848726424264, 24.92415402567095), (54.52848531985221, 24.994165694282387), (54.598483375461775, 25.064177362893826), (54.66848143107135, 25.134189031505265), (54.73847948668093, 25.204200700116704), (54.80847753947863, 25.27421236743147), (54.8784755950846, 25.346018385440697), (54.94847365069058, 25.411768474220242), (55.018471706296545, 25.48292611387435), (55.08846976190252, 25.552291288947867), (55.15846781750851, 25.62614045270407), (55.22846587311449, 25.702841350330335), (55.29846392872046, 25.77196903798308), (55.36846198432644, 25.82641020196394), (55.43846003993242, 25.87105972188993), (55.5084580983862, 25.92497376565051), (55.57845615399576, 25.976074713039978), (55.648454209605326, 26.021304443637828), (55.718452265214886, 26.056370278072336), (55.78845032082445, 26.076423514835827), (55.85844837643401, 26.077071579054177), (55.92844643204357, 26.055723784537967), (55.998444487653124, 26.013270709115133), (56.06844254326265, 25.95609718324526)
Day of Week: Tuesday

MMSI: 671261100
Record time: 2024-02-13T20:34:13Z
Event time: 2024-02-14T15:52:07.666Z
Status: Underway
Travel distance: 138.707343412527
Num waypoints: 28
Waypoints: (54.178495041804375, 24.70948400560347), (54.248493097413956, 24.726736558582537), (54.318491153023515, 24.778935231317433), (54.388489208633075, 24.847833587686583), (54.45848726424264, 24.922298505267158), (54.52848531985221, 24.99644533363565), (54.598483375461775, 25.068022979906562), (54.66848143107135, 25.137048921509134), (54.73847948668093, 25.20469414620212), (54.80847753947863, 25.272418018030077), (54.8784755950846, 25.346018385440697), (54.94847365069058, 25.411768474220242), (55.018471706296545, 25.48292611387435), (55.08846976190252, 25.552291288947867), (55.15846781750851, 25.62614045270407), (55.22846587311449, 25.702841350330335), (55.29846392872046, 25.77196903798308), (55.36846198432644, 25.82641020196394), (55.43846003993242, 25.87105972188993), (55.5084580983862, 25.92497376565051), (55.57845615399576, 25.976074713039978), (55.648454209605326, 26.021304443637828), (55.718452265214886, 26.056370278072336), (55.78845032082445, 26.076423514835827), (55.85844837643401, 26.077071579054177), (55.92844643204357, 26.055723784537967), (55.998444487653124, 26.013270709115133), (56.06844254326265, 25.95609718324526)
Day of Week: Tuesday

MMSI: 671261100
Record time: 2024-02-13T22:08:38Z
Event time: 2024-02-14T16:24:41Z
Status: Underway
Travel distance: 146.36501079913606
Num waypoints: 30
Waypoints: (54.03849893058528, 24.72025359749821), (54.10849698619484, 24.700890547842175), (54.178495041804396, 24.70772308035751), (54.24849309741396, 24.737476747272808), (54.31849115302353, 24.785585998568727), (54.388489208633096, 24.846980152251565), (54.45848726424267, 24.916722348604402), (54.528485319852244, 24.990501488415884), (54.59848337546181, 25.064977155186593), (54.668481428266695, 25.137977520023345), (54.73847948387265, 25.204873579849156), (54.80847753947863, 25.272418018030077), (54.8784755950846, 25.346018385440697), (54.94847365069058, 25.411768474220242), (55.018471706296545, 25.48292611387435), (55.08846976190252, 25.552291288947867), (55.15846781750851, 25.62614045270407), (55.22846587311449, 25.702841350330335), (55.29846392872046, 25.77196903798308), (55.36846198432644, 25.82641020196394), (55.43846003993242, 25.87105972188993), (55.5084580983862, 25.92497376565051), (55.57845615399576, 25.976074713039978), (55.648454209605326, 26.021304443637828), (55.718452265214886, 26.056370278072336), (55.78845032082445, 26.076423514835827), (55.85844837643401, 26.077071579054177), (55.92844643204357, 26.055723784537967), (55.998444487653124, 26.013270709115133), (56.06844254326265, 25.95609718324526)
Day of Week: Tuesday

MMSI: 671261100
Record time: 2024-02-13T22:38:48Z
Event time: 2024-02-14T17:20:30.166Z
Status: Underway
Travel distance: 150.0291576673866
Num waypoints: 31
Waypoints: (53.968500874975675, 24.7293494342532), (54.03849893058526, 24.74394289347095), (54.10849698619484, 24.730993637687444), (54.17849504180441, 24.723411323457917), (54.24849309741398, 24.737058345613114), (54.318491153023544, 24.77590142946952), (54.38848920863311, 24.83641344132539), (54.45848726424268, 24.91122541724258), (54.52848531985225, 24.992028810114213), (54.59848337266071, 25.071727953731862), (54.668481428266695, 25.13618317062195), (54.73847948387265, 25.204873579849156), (54.80847753947863, 25.272418018030077), (54.8784755950846, 25.346018385440697), (54.94847365069058, 25.411768474220242), (55.018471706296545, 25.48292611387435), (55.08846976190252, 25.552291288947867), (55.15846781750851, 25.62614045270407), (55.22846587311449, 25.702841350330335), (55.29846392872046, 25.77196903798308), (55.36846198432644, 25.82641020196394), (55.43846003993242, 25.87105972188993), (55.5084580983862, 25.92497376565051), (55.57845615399576, 25.976074713039978), (55.648454209605326, 26.021304443637828), (55.718452265214886, 26.056370278072336), (55.78845032082445, 26.076423514835827), (55.85844837643401, 26.077071579054177), (55.92844643204357, 26.055723784537967), (55.998444487653124, 26.013270709115133), (56.06844254326265, 25.95609718324526)
Day of Week: Tuesday

MMSI: 671261100
Record time: 2024-02-13T22:54:08Z
Event time: 2024-02-14T17:57:31.666Z
Status: Underway
Travel distance: 150.0291576673866
Num waypoints: 31
Waypoints: (53.968500874975675, 24.7293494342532), (54.03849893058526, 24.74394289347095), (54.10849698619484, 24.730993637687444), (54.17849504180441, 24.723411323457917), (54.24849309741398, 24.737058345613114), (54.318491153023544, 24.77590142946952), (54.38848920863311, 24.83641344132539), (54.45848726424268, 24.91122541724258), (54.52848531985225, 24.992028810114213), (54.59848337266071, 25.071727953731862), (54.668481428266695, 25.13618317062195), (54.73847948387265, 25.204873579849156), (54.80847753947863, 25.272418018030077), (54.8784755950846, 25.346018385440697), (54.94847365069058, 25.411768474220242), (55.018471706296545, 25.48292611387435), (55.08846976190252, 25.552291288947867), (55.15846781750851, 25.62614045270407), (55.22846587311449, 25.702841350330335), (55.29846392872046, 25.77196903798308), (55.36846198432644, 25.82641020196394), (55.43846003993242, 25.87105972188993), (55.5084580983862, 25.92497376565051), (55.57845615399576, 25.976074713039978), (55.648454209605326, 26.021304443637828), (55.718452265214886, 26.056370278072336), (55.78845032082445, 26.076423514835827), (55.85844837643401, 26.077071579054177), (55.92844643204357, 26.055723784537967), (55.998444487653124, 26.013270709115133), (56.06844254326265, 25.95609718324526)
Day of Week: Tuesday

MMSI: 671261100
Record time: 2024-02-14T05:54:26Z
Event time: 2024-02-15T14:14:26Z
Status: Underway
Travel distance: 208.47786177105831
Num waypoints: 49
Waypoints: (53.21190970084174, 24.71462936077034), (53.160334516052856, 24.779857651193744), (53.143541903793334, 24.85838352370763), (53.15752088870618, 24.931904168913775), (53.19673220298323, 24.992937533626048), (53.25489335003363, 25.041302229544556), (53.325633829249945, 25.081130657734096), (53.4030205218717, 25.118415348906854), (53.481953237946634, 25.159088519509424), (53.55843042164159, 25.20763484232083), (53.621685899701234, 25.267658845510635), (53.69015189394747, 25.337459414188896), (53.755572610017396, 25.414160311815163), (53.80910807270982, 25.485542245144444), (53.85102022117482, 25.55179181143593), (53.88381914856267, 25.623448928601984), (53.91318648463923, 25.69418436839694), (53.94598541202709, 25.772255530744648), (53.987897560492094, 25.843835370257906), (54.041433023184524, 25.904147751030077), (54.10505973874462, 25.946411087823552), (54.17419848318203, 25.976626650064837), (54.24482971543853, 25.986974316255626), (54.320458520543795, 25.98179105905623), (54.38981020831902, 25.971040041214284), (54.460954012149756, 25.96477489687581), (54.52669131654494, 25.96717804339553), (54.59848337266071, 25.98582269074696), (54.668481428266695, 26.005192994106302), (54.73847948387265, 26.017887262192822), (54.80847753947863, 26.02965608326665), (54.8784755950846, 26.04143809808608), (54.94847365069058, 26.048364814525275), (55.018471706296545, 26.05344252175988), (55.08846976190252, 26.066383701371176), (55.15846781750851, 26.09144050908346), (55.22846587311449, 26.11901920702584), (55.29846392872046, 26.129958706947768), (55.36846198432644, 26.106328708580925), (55.43846003993242, 26.066851136929515), (55.5084580983862, 26.047141190198378), (55.57845615399576, 26.034574541614095), (55.648454209605326, 26.032127153209657), (55.718452265214886, 26.03980262327932), (55.78845032082445, 26.053909358939187), (55.85844837643401, 26.06651322416689), (55.92844643204357, 26.06506566465783), (55.998444487653124, 26.032207309497796), (56.06844254326265, 25.945747049652102)
Day of Week: Wednesday

MMSI: 671261100
Record time: 2024-02-14T08:49:17Z
Event time: 2024-02-15T14:54:32.625Z
Status: Underway
Travel distance: 214.08477321814254
Num waypoints: 50
Waypoints: (52.916440146731695, 24.713591201473754), (52.9263015190151, 24.78364501010901), (52.98176017583978, 24.858614602737685), (53.05491051807869, 24.92472827916447), (53.130697982820394, 24.97712765675666), (53.2029688502295, 25.016923768836847), (53.2711226988978, 25.04869628444563), (53.337367509685826, 25.078435849474403), (53.40457741805527, 25.111929549168163), (53.4747531121483, 25.153589490707926), (53.55217591776338, 25.20713536480889), (53.62280715001987, 25.270774454292674), (53.69194589445728, 25.339926644615808), (53.755572610017396, 25.412365962413773), (53.80910807270982, 25.485542245144444), (53.85102022117482, 25.55179181143593), (53.88381914856267, 25.623448928601984), (53.91318648463923, 25.69418436839694), (53.94598541202709, 25.772255530744648), (53.987897560492094, 25.843835370257906), (54.041433023184524, 25.904147751030077), (54.10505973874462, 25.946411087823552), (54.17419848318203, 25.976626650064837), (54.24482971543853, 25.986974316255626), (54.320458520543795, 25.98179105905623), (54.38981020831902, 25.971040041214284), (54.460954012149756, 25.96477489687581), (54.52669131654494, 25.96717804339553), (54.59848337266071, 25.98582269074696), (54.668481428266695, 26.005192994106302), (54.73847948387265, 26.017887262192822), (54.80847753947863, 26.02965608326665), (54.8784755950846, 26.04143809808608), (54.94847365069058, 26.048364814525275), (55.018471706296545, 26.05344252175988), (55.08846976190252, 26.066383701371176), (55.15846781750851, 26.09144050908346), (55.22846587311449, 26.11901920702584), (55.29846392872046, 26.129958706947768), (55.36846198432644, 26.106328708580925), (55.43846003993242, 26.066851136929515), (55.5084580983862, 26.047141190198378), (55.57845615399576, 26.034574541614095), (55.648454209605326, 26.032127153209657), (55.718452265214886, 26.03980262327932), (55.78845032082445, 26.053909358939187), (55.85844837643401, 26.06651322416689), (55.92844643204357, 26.06506566465783), (55.998444487653124, 26.032207309497796), (56.06844254326265, 25.945747049652102)
Day of Week: Wednesday

MMSI: 671261100
Record time: 2024-02-14T09:12:14Z
Event time: 2024-02-15T15:27:09.142Z
Status: Underway
Travel distance: 218.78995680345574
Num waypoints: 51
Waypoints: (52.85741403514974, 24.646924712817928), (52.891227644111105, 24.706769955036894), (52.938142322113166, 24.78525624631398), (52.99454882519655, 24.86187553691512), (53.05752385077332, 24.92662953788635), (53.12478782585026, 24.97700722241913), (53.19464309692727, 25.015371144847165), (53.2658925215709, 25.04675257727471), (53.33773846166291, 25.07705546383636), (53.40966217558388, 25.111669191300006), (53.4747531121483, 25.153589490707926), (53.55217591776338, 25.20713536480889), (53.62280715001987, 25.270774454292674), (53.69194589445728, 25.339926644615808), (53.755572610017396, 25.412365962413773), (53.80910807270982, 25.485542245144444), (53.85102022117482, 25.55179181143593), (53.88381914856267, 25.623448928601984), (53.91318648463923, 25.69418436839694), (53.94598541202709, 25.772255530744648), (53.987897560492094, 25.843835370257906), (54.041433023184524, 25.904147751030077), (54.10505973874462, 25.946411087823552), (54.17419848318203, 25.976626650064837), (54.24482971543853, 25.986974316255626), (54.320458520543795, 25.98179105905623), (54.38981020831902, 25.971040041214284), (54.460954012149756, 25.96477489687581), (54.52669131654494, 25.96717804339553), (54.59848337266071, 25.98582269074696), (54.668481428266695, 26.005192994106302), (54.73847948387265, 26.017887262192822), (54.80847753947863, 26.02965608326665), (54.8784755950846, 26.04143809808608), (54.94847365069058, 26.048364814525275), (55.018471706296545, 26.05344252175988), (55.08846976190252, 26.066383701371176), (55.15846781750851, 26.09144050908346), (55.22846587311449, 26.11901920702584), (55.29846392872046, 26.129958706947768), (55.36846198432644, 26.106328708580925), (55.43846003993242, 26.066851136929515), (55.5084580983862, 26.047141190198378), (55.57845615399576, 26.034574541614095), (55.648454209605326, 26.032127153209657), (55.718452265214886, 26.03980262327932), (55.78845032082445, 26.053909358939187), (55.85844837643401, 26.06651322416689), (55.92844643204357, 26.06506566465783), (55.998444487653124, 26.032207309497796), (56.06844254326265, 25.945747049652102)
Day of Week: Wednesday

MMSI: 671261100
Record time: 2024-02-14T09:52:50Z
Event time: 2024-02-15T17:34:00Z
Status: Underway
Travel distance: 218.78995680345574
Num waypoints: 51
Waypoints: (52.85741403514974, 24.646924712817928), (52.891227644111105, 24.706769955036894), (52.938142322113166, 24.78525624631398), (52.99454882519655, 24.86187553691512), (53.05752385077332, 24.92662953788635), (53.12478782585026, 24.97700722241913), (53.19464309692727, 25.015371144847165), (53.2658925215709, 25.04675257727471), (53.33773846166291, 25.07705546383636), (53.40966217558388, 25.111669191300006), (53.4747531121483, 25.153589490707926), (53.55217591776338, 25.20713536480889), (53.62280715001987, 25.270774454292674), (53.69194589445728, 25.339926644615808), (53.755572610017396, 25.412365962413773), (53.80910807270982, 25.485542245144444), (53.85102022117482, 25.55179181143593), (53.88381914856267, 25.623448928601984), (53.91318648463923, 25.69418436839694), (53.94598541202709, 25.772255530744648), (53.987897560492094, 25.843835370257906), (54.041433023184524, 25.904147751030077), (54.10505973874462, 25.946411087823552), (54.17419848318203, 25.976626650064837), (54.24482971543853, 25.986974316255626), (54.320458520543795, 25.98179105905623), (54.38981020831902, 25.971040041214284), (54.460954012149756, 25.96477489687581), (54.52669131654494, 25.96717804339553), (54.59848337266071, 25.98582269074696), (54.668481428266695, 26.005192994106302), (54.73847948387265, 26.017887262192822), (54.80847753947863, 26.02965608326665), (54.8784755950846, 26.04143809808608), (54.94847365069058, 26.048364814525275), (55.018471706296545, 26.05344252175988), (55.08846976190252, 26.066383701371176), (55.15846781750851, 26.09144050908346), (55.22846587311449, 26.11901920702584), (55.29846392872046, 26.129958706947768), (55.36846198432644, 26.106328708580925), (55.43846003993242, 26.066851136929515), (55.5084580983862, 26.047141190198378), (55.57845615399576, 26.034574541614095), (55.648454209605326, 26.032127153209657), (55.718452265214886, 26.03980262327932), (55.78845032082445, 26.053909358939187), (55.85844837643401, 26.06651322416689), (55.92844643204357, 26.06506566465783), (55.998444487653124, 26.032207309497796), (56.06844254326265, 25.945747049652102)
Day of Week: Wednesday

Number of Journeys: 0
