Record time: 2023-11-20T06:39:43Z
Event time: 2023-11-23T02:32:34.666Z
Status: Underway
Travel distance: 837.1560475161987
Waypoints: (69.2184746411483, 22.60464114832538), (69.01503083003952, 22.576070314125253), (68.84317683280509, 22.52866885302073), (68.67691519475274, 22.477320207051), (68.50369818524455, 22.43612036368532), (68.32038973066238, 22.416911978854376), (68.1297880150271, 22.428230399295163), (67.93770874827153, 22.474661584209326), (67.75062910216721, 22.55661192623505), (67.57389231043818, 22.67048997056933), (67.40596822914378, 22.810317672810108), (67.25493686557635, 22.943467760298226), (67.11672768534385, 23.11144999208393), (66.98327230777633, 23.27224579231797), (66.84506312754381, 23.42846224136097), (66.6940317639764, 23.57411953035606), (66.526107682682, 23.711403148601804), (66.34281733405767, 23.840284020852565), (66.15128415328947, 23.972111184663273), (65.96198976643689, 24.08501036355101), (65.78365674719713, 24.157107281032836), (65.61461326894494, 24.1954090713122), (65.42999999664319, 24.220748147902633), (65.24999999665243, 24.25962659722087), (65.06999999666169, 24.34725454175804), (64.8899999966709, 24.456281867099065), (64.70999999668014, 24.570634808269666), (64.52999999668937, 24.668099877587593), (64.34999999669861, 24.746525506874185), (64.16999999670784, 24.77142360890548), (63.98999999671708, 24.770914792106474), (63.80999999672631, 24.757758243446496), (63.62999999673554, 24.747887197545808), (63.449999996744786, 24.735646519124032), (63.269999996754, 24.748270021613628), (63.089999996763254, 24.754613271041222), (62.909999996772484, 24.749999998730246), (62.72999999678173, 24.749999998730246), (62.54999999679096, 24.749999998730246), (62.3699999968002, 24.749999998730246), (62.189999996809426, 24.749999998730246), (62.009999996818664, 24.74538672641927), (61.829999996827894, 24.75172997584686), (61.64999999683714, 24.759740206025473), (61.469999996846376, 24.763069321653244), (61.289999996855585, 24.743908734765014), (61.10999999686484, 24.71979081849219), (60.92999999687408, 24.71704320777756), (60.7499999968833, 24.754797414263713), (60.569999996892555, 24.83763278914168), (60.389999996901764, 24.95493686774651), (60.209999996911016, 25.08506312968626), (60.029999996920246, 25.20236720829109), (59.84999999692947, 25.285202583169056), (59.66999999693871, 25.322956789655205), (59.489999996947944, 25.32020917894058), (59.30999999695718, 25.291477990356775), (59.12999999696641, 25.283273925207112), (58.94999999697565, 25.28365674927494), (58.769999996984886, 25.288715842019325), (58.589999996994116, 25.291536140848095), (58.409999997003354, 25.282348363220347), (58.22999999701258, 25.281606944456083), (58.049999997021835, 25.294467894785218), (57.86999999703106, 25.336840219456626), (57.689999997040296, 25.40659173378876), (57.509999997049526, 25.500756762724567), (57.32077345243681, 25.636271636859497), (57.15253729977119, 25.822021429532953), (56.98470555439985, 26.028796147774734), (56.80977416267944, 26.23070538797591), (56.62172190555441, 26.396683351485006), (56.420458914083625, 26.495375910131088), (56.21756030788431, 26.50168205190961), (56.04328495943412, 26.40494970814621), (55.95487938423123, 26.21882596213852), (56.04616675681281, 25.992761639275923)
Associated file(s): api_response_2023-11-20_10-50-45.json, api_response_2023-11-20_10-50-45.json

Record time: 2023-11-20T06:54:58Z
Event time: 2023-11-23T01:44:10.500Z
Status: Underway
Travel distance: 837.1560475161987
Waypoints: (69.2184746411483, 22.60464114832538), (69.01503083003952, 22.576070314125253), (68.84317683280509, 22.52866885302073), (68.67691519475274, 22.477320207051), (68.50369818524455, 22.43612036368532), (68.32038973066238, 22.416911978854376), (68.1297880150271, 22.428230399295163), (67.93770874827153, 22.474661584209326), (67.75062910216721, 22.55661192623505), (67.57389231043818, 22.67048997056933), (67.40596822914378, 22.810317672810108), (67.25493686557635, 22.943467760298226), (67.11672768534385, 23.11144999208393), (66.98327230777633, 23.27224579231797), (66.84506312754381, 23.42846224136097), (66.6940317639764, 23.57411953035606), (66.526107682682, 23.711403148601804), (66.34281733405767, 23.840284020852565), (66.15128415328947, 23.972111184663273), (65.96198976643689, 24.08501036355101), (65.78365674719713, 24.157107281032836), (65.61461326894494, 24.1954090713122), (65.42999999664319, 24.220748147902633), (65.24999999665243, 24.25962659722087), (65.06999999666169, 24.34725454175804), (64.8899999966709, 24.456281867099065), (64.70999999668014, 24.570634808269666), (64.52999999668937, 24.668099877587593), (64.34999999669861, 24.746525506874185), (64.16999999670784, 24.77142360890548), (63.98999999671708, 24.770914792106474), (63.80999999672631, 24.757758243446496), (63.62999999673554, 24.747887197545808), (63.449999996744786, 24.735646519124032), (63.269999996754, 24.748270021613628), (63.089999996763254, 24.754613271041222), (62.909999996772484, 24.749999998730246), (62.72999999678173, 24.749999998730246), (62.54999999679096, 24.749999998730246), (62.3699999968002, 24.749999998730246), (62.189999996809426, 24.749999998730246), (62.009999996818664, 24.74538672641927), (61.829999996827894, 24.75172997584686), (61.64999999683714, 24.759740206025473), (61.469999996846376, 24.763069321653244), (61.289999996855585, 24.743908734765014), (61.10999999686484, 24.71979081849219), (60.92999999687408, 24.71704320777756), (60.7499999968833, 24.754797414263713), (60.569999996892555, 24.83763278914168), (60.389999996901764, 24.95493686774651), (60.209999996911016, 25.08506312968626), (60.029999996920246, 25.20236720829109), (59.84999999692947, 25.285202583169056), (59.66999999693871, 25.322956789655205), (59.489999996947944, 25.32020917894058), (59.30999999695718, 25.291477990356775), (59.12999999696641, 25.283273925207112), (58.94999999697565, 25.28365674927494), (58.769999996984886, 25.288715842019325), (58.589999996994116, 25.291536140848095), (58.409999997003354, 25.282348363220347), (58.22999999701258, 25.281606944456083), (58.049999997021835, 25.294467894785218), (57.86999999703106, 25.336840219456626), (57.689999997040296, 25.40659173378876), (57.509999997049526, 25.500756762724567), (57.32077345243681, 25.636271636859497), (57.15253729977119, 25.822021429532953), (56.98470555439985, 26.028796147774734), (56.80977416267944, 26.23070538797591), (56.62172190555441, 26.396683351485006), (56.420458914083625, 26.495375910131088), (56.21756030788431, 26.50168205190961), (56.04328495943412, 26.40494970814621), (55.95487938423123, 26.21882596213852), (56.04616675681281, 25.992761639275923)
Associated file(s): api_response_2023-11-20_11-30-52.json, api_response_2023-11-20_11-10-48.json, api_response_2023-11-20_11-30-52.json, api_response_2023-11-20_11-10-48.json

Record time: 2023-11-20T07:48:38Z
Event time: 2023-11-23T02:22:34.857Z
Status: Underway
Travel distance: 821.7737580993521
Waypoints: (69.02999999999994, 22.781760848762218), (68.84999999999997, 22.754643395048888), (68.66999999999997, 22.745414706494206), (68.48999999999997, 22.771140410430867), (68.30999999999996, 22.83937368298682), (68.12999999999997, 22.950359152706227), (67.94999999999999, 23.09902261652737), (67.77, 23.27674656811758), (67.59, 23.472931538565092), (67.40999999654161, 23.676343248213247), (67.22999999655086, 23.872111723098882), (67.0499999965601, 24.05091479214342), (66.86999999656932, 24.217070129326974), (66.68999999657856, 24.373456183969644), (66.5099999965878, 24.498804413873025), (66.32999999659702, 24.594500739080125), (66.14999999660627, 24.66122842786389), (65.96999999661551, 24.703741282889297), (65.78999999662473, 24.72942441655335), (65.60999999663396, 24.74557571551604), (65.42999999664319, 24.756367477529217), (65.24999999665243, 24.761087359074274), (65.06999999666169, 24.75589742772442), (64.8899999966709, 24.741989768551626), (64.70999999668014, 24.74365674930265), (64.52999999668937, 24.754613271041222), (64.34999999669861, 24.749999998730246), (64.16999999670784, 24.749999998730246), (63.98999999671708, 24.749999998730246), (63.80999999672631, 24.749999998730246), (63.62999999673554, 24.749999998730246), (63.449999996744786, 24.749999998730246), (63.269999996754, 24.749999998730246), (63.089999996763254, 24.749999998730246), (62.909999996772484, 24.749999998730246), (62.72999999678173, 24.749999998730246), (62.54999999679096, 24.749999998730246), (62.3699999968002, 24.749999998730246), (62.189999996809426, 24.749999998730246), (62.009999996818664, 24.74538672641927), (61.829999996827894, 24.75172997584686), (61.64999999683714, 24.759740206025473), (61.469999996846376, 24.763069321653244), (61.289999996855585, 24.743908734765014), (61.10999999686484, 24.71979081849219), (60.92999999687408, 24.71704320777756), (60.7499999968833, 24.754797414263713), (60.569999996892555, 24.83763278914168), (60.389999996901764, 24.95493686774651), (60.209999996911016, 25.08506312968626), (60.029999996920246, 25.20236720829109), (59.84999999692947, 25.285202583169056), (59.66999999693871, 25.322956789655205), (59.489999996947944, 25.32020917894058), (59.30999999695718, 25.291477990356775), (59.12999999696641, 25.283273925207112), (58.94999999697565, 25.28365674927494), (58.769999996984886, 25.288715842019325), (58.589999996994116, 25.291536140848095), (58.409999997003354, 25.282348363220347), (58.22999999701258, 25.281606944456083), (58.049999997021835, 25.294467894785218), (57.86999999703106, 25.336840219456626), (57.689999997040296, 25.40659173378876), (57.509999997049526, 25.500756762724567), (57.32077345243681, 25.636271636859497), (57.15253729977119, 25.822021429532953), (56.98470555439985, 26.028796147774734), (56.80977416267944, 26.23070538797591), (56.62172190555441, 26.396683351485006), (56.420458914083625, 26.495375910131088), (56.21756030788431, 26.50168205190961), (56.04328495943412, 26.40494970814621), (55.95487938423123, 26.21882596213852), (56.04616675681281, 25.992761639275923)
Associated file(s): api_response_2023-11-20_12-31-01.json, api_response_2023-11-20_11-50-55.json, api_response_2023-11-20_12-10-58.json, api_response_2023-11-20_13-11-08.json, api_response_2023-11-20_12-51-04.json, api_response_2023-11-20_12-31-01.json, api_response_2023-11-20_11-50-55.json, api_response_2023-11-20_12-10-58.json, api_response_2023-11-20_13-11-08.json, api_response_2023-11-20_12-51-04.json

Record time: 2023-11-20T09:18:15Z
Event time: 2023-11-23T03:08:27.222Z
Status: Underway
Travel distance: 801.8606911447084
Waypoints: (68.66999999999996, 22.972602038693577), (68.48999999999998, 22.861012273767436), (68.30999999999999, 22.867368886060778), (68.12999999999998, 22.956954490387794), (67.94999999999999, 23.10216302206341), (67.77, 23.281329458265517), (67.59, 23.47768553212839), (67.41, 23.6784414395673), (67.23, 23.873993538834302), (67.0499999965601, 24.05725804157101), (66.86999999656932, 24.212456857015997), (66.68999999657856, 24.373456183969644), (66.5099999965878, 24.498804413873025), (66.32999999659702, 24.594500739080125), (66.14999999660627, 24.66122842786389), (65.96999999661551, 24.703741282889297), (65.78999999662473, 24.72942441655335), (65.60999999663396, 24.74557571551604), (65.42999999664319, 24.756367477529217), (65.24999999665243, 24.761087359074274), (65.06999999666169, 24.75589742772442), (64.8899999966709, 24.741989768551626), (64.70999999668014, 24.74365674930265), (64.52999999668937, 24.754613271041222), (64.34999999669861, 24.749999998730246), (64.16999999670784, 24.749999998730246), (63.98999999671708, 24.749999998730246), (63.80999999672631, 24.749999998730246), (63.62999999673554, 24.749999998730246), (63.449999996744786, 24.749999998730246), (63.269999996754, 24.749999998730246), (63.089999996763254, 24.749999998730246), (62.909999996772484, 24.749999998730246), (62.72999999678173, 24.749999998730246), (62.54999999679096, 24.749999998730246), (62.3699999968002, 24.749999998730246), (62.189999996809426, 24.749999998730246), (62.009999996818664, 24.74538672641927), (61.829999996827894, 24.75172997584686), (61.64999999683714, 24.759740206025473), (61.469999996846376, 24.763069321653244), (61.289999996855585, 24.743908734765014), (61.10999999686484, 24.71979081849219), (60.92999999687408, 24.71704320777756), (60.7499999968833, 24.754797414263713), (60.569999996892555, 24.83763278914168), (60.389999996901764, 24.95493686774651), (60.209999996911016, 25.08506312968626), (60.029999996920246, 25.20236720829109), (59.84999999692947, 25.285202583169056), (59.66999999693871, 25.322956789655205), (59.489999996947944, 25.32020917894058), (59.30999999695718, 25.291477990356775), (59.12999999696641, 25.283273925207112), (58.94999999697565, 25.28365674927494), (58.769999996984886, 25.288715842019325), (58.589999996994116, 25.291536140848095), (58.409999997003354, 25.282348363220347), (58.22999999701258, 25.281606944456083), (58.049999997021835, 25.294467894785218), (57.86999999703106, 25.336840219456626), (57.689999997040296, 25.40659173378876), (57.509999997049526, 25.500756762724567), (57.32077345243681, 25.636271636859497), (57.15253729977119, 25.822021429532953), (56.98470555439985, 26.028796147774734), (56.80977416267944, 26.23070538797591), (56.62172190555441, 26.396683351485006), (56.420458914083625, 26.495375910131088), (56.21756030788431, 26.50168205190961), (56.04328495943412, 26.40494970814621), (55.95487938423123, 26.21882596213852), (56.04616675681281, 25.992761639275923)
Associated file(s): api_response_2023-11-20_14-31-22.json, api_response_2023-11-20_14-51-25.json, api_response_2023-11-20_13-51-15.json, api_response_2023-11-20_15-11-28.json, api_response_2023-11-20_14-11-19.json, api_response_2023-11-20_13-31-11.json, api_response_2023-11-20_14-31-22.json, api_response_2023-11-20_14-51-25.json, api_response_2023-11-20_13-51-15.json, api_response_2023-11-20_15-11-28.json, api_response_2023-11-20_14-11-19.json, api_response_2023-11-20_13-31-11.json

Record time: 2023-11-20T11:11:22Z
Event time: 2023-11-23T03:47:25.800Z
Status: Underway
Travel distance: 777.6695464362851
Waypoints: (68.31, 22.93395390056169), (68.13000000000002, 22.992514000416072), (67.95000000000002, 23.117558173741735), (67.77000000000001, 23.285023791284775), (67.59, 23.475800707301858), (67.41000000000001, 23.67497433399822), (67.23000000000002, 23.87115254959068), (67.05000000000004, 24.055876439995608), (66.87000000000005, 24.22311487414189), (66.68999999657856, 24.368842911658668), (66.5099999965878, 24.498804413873025), (66.32999999659702, 24.594500739080125), (66.14999999660627, 24.66122842786389), (65.96999999661551, 24.703741282889297), (65.78999999662473, 24.72942441655335), (65.60999999663396, 24.74557571551604), (65.42999999664319, 24.756367477529217), (65.24999999665243, 24.761087359074274), (65.06999999666169, 24.75589742772442), (64.8899999966709, 24.741989768551626), (64.70999999668014, 24.74365674930265), (64.52999999668937, 24.754613271041222), (64.34999999669861, 24.749999998730246), (64.16999999670784, 24.749999998730246), (63.98999999671708, 24.749999998730246), (63.80999999672631, 24.749999998730246), (63.62999999673554, 24.749999998730246), (63.449999996744786, 24.749999998730246), (63.269999996754, 24.749999998730246), (63.089999996763254, 24.749999998730246), (62.909999996772484, 24.749999998730246), (62.72999999678173, 24.749999998730246), (62.54999999679096, 24.749999998730246), (62.3699999968002, 24.749999998730246), (62.189999996809426, 24.749999998730246), (62.009999996818664, 24.74538672641927), (61.829999996827894, 24.75172997584686), (61.64999999683714, 24.759740206025473), (61.469999996846376, 24.763069321653244), (61.289999996855585, 24.743908734765014), (61.10999999686484, 24.71979081849219), (60.92999999687408, 24.71704320777756), (60.7499999968833, 24.754797414263713), (60.569999996892555, 24.83763278914168), (60.389999996901764, 24.95493686774651), (60.209999996911016, 25.08506312968626), (60.029999996920246, 25.20236720829109), (59.84999999692947, 25.285202583169056), (59.66999999693871, 25.322956789655205), (59.489999996947944, 25.32020917894058), (59.30999999695718, 25.291477990356775), (59.12999999696641, 25.283273925207112), (58.94999999697565, 25.28365674927494), (58.769999996984886, 25.288715842019325), (58.589999996994116, 25.291536140848095), (58.409999997003354, 25.282348363220347), (58.22999999701258, 25.281606944456083), (58.049999997021835, 25.294467894785218), (57.86999999703106, 25.336840219456626), (57.689999997040296, 25.40659173378876), (57.509999997049526, 25.500756762724567), (57.32077345243681, 25.636271636859497), (57.15253729977119, 25.822021429532953), (56.98470555439985, 26.028796147774734), (56.80977416267944, 26.23070538797591), (56.62172190555441, 26.396683351485006), (56.420458914083625, 26.495375910131088), (56.21756030788431, 26.50168205190961), (56.04328495943412, 26.40494970814621), (55.95487938423123, 26.21882596213852), (56.04616675681281, 25.992761639275923)
Associated file(s): api_response_2023-11-20_17-11-48.json, api_response_2023-11-20_16-51-44.json, api_response_2023-11-20_16-31-41.json, api_response_2023-11-20_15-31-32.json, api_response_2023-11-20_15-51-35.json, api_response_2023-11-20_16-11-38.json, api_response_2023-11-20_17-11-48.json, api_response_2023-11-20_16-51-44.json, api_response_2023-11-20_16-31-41.json, api_response_2023-11-20_15-31-32.json, api_response_2023-11-20_15-51-35.json, api_response_2023-11-20_16-11-38.json

Record time: 2023-11-20T13:25:46Z
Event time: 2023-11-23T03:07:54.300Z
Status: Underway
Travel distance: 749.3828293736501
Waypoints: (67.77, 22.902552194716026), (67.59000000000003, 23.047401456209705), (67.41000000000004, 23.16059482372521), (67.23000000000003, 23.220860451057884), (67.05000000000004, 23.225701831887307), (66.87000000000005, 23.1852692225798), (66.69000000000004, 23.117073277940253), (66.51000000000003, 23.04154089991312), (66.33000000000004, 22.97841329923275), (66.14999999660627, 22.943986268845777), (65.96999999661551, 22.97540691765289), (65.78999999662473, 23.028837527422663), (65.60999999663396, 23.102102300605065), (65.42999999664319, 23.204340556085082), (65.24999999665243, 23.359699285381193), (65.06999999666169, 23.506214294123172), (64.8899999966709, 23.644481624847), (64.70999999668014, 23.76399057624751), (64.52999999668937, 23.8435792153604), (64.34999999669861, 23.883538294642236), (64.16999999670784, 23.88431848040071), (63.98999999671708, 23.900368016003604), (63.80999999672631, 23.95078449197356), (63.62999999673554, 24.020259791471947), (63.449999996744786, 24.099029477832154), (63.269999996754, 24.159379996068388), (63.089999996763254, 24.204223716620668), (62.909999996772484, 24.223326153017585), (62.72999999678173, 24.216813297990324), (62.54999999679096, 24.203656749330346), (62.3699999968002, 24.195176469346936), (62.189999996809426, 24.19968797829811), (62.009999996818664, 24.23833382565109), (61.829999996827894, 24.28979701046471), (61.64999999683714, 24.318911023116332), (61.469999996846376, 24.349207429091354), (61.289999996855585, 24.367801048689277), (61.10999999686484, 24.39680360623254), (60.92999999687408, 24.46152510306594), (60.7499999968833, 24.57608157095615), (60.569999996892555, 24.737958001153793), (60.389999996901764, 24.92768851669124), (60.209999996911016, 25.109815855489273), (60.029999996920246, 25.23129223184594), (59.84999999692947, 25.2993040773129), (59.66999999693871, 25.316230716159787), (59.489999996947944, 25.305855699334366), (59.30999999695718, 25.28974801324016), (59.12999999696641, 25.28788719751809), (58.94999999697565, 25.28365674927494), (58.769999996984886, 25.288715842019325), (58.589999996994116, 25.291536140848095), (58.409999997003354, 25.282348363220347), (58.22999999701258, 25.281606944456083), (58.049999997021835, 25.294467894785218), (57.86999999703106, 25.336840219456626), (57.689999997040296, 25.40659173378876), (57.509999997049526, 25.500756762724567), (57.32077345243681, 25.636271636859497), (57.15253729977119, 25.822021429532953), (56.98470555439985, 26.028796147774734), (56.80977416267944, 26.23070538797591), (56.62172190555441, 26.396683351485006), (56.420458914083625, 26.495375910131088), (56.21756030788431, 26.50168205190961), (56.04328495943412, 26.40494970814621), (55.95487938423123, 26.21882596213852), (56.04616675681281, 25.992761639275923)
Associated file(s): api_response_2023-11-20_18-11-59.json, api_response_2023-11-20_17-51-55.json, api_response_2023-11-20_17-31-52.json, api_response_2023-11-20_18-32-02.json, api_response_2023-11-20_18-11-59.json, api_response_2023-11-20_17-51-55.json, api_response_2023-11-20_17-31-52.json, api_response_2023-11-20_18-32-02.json

Record time: 2023-11-20T14:15:27Z
Event time: 2023-11-23T02:29:52.888Z
Status: Underway
Travel distance: 743.1841252699784
Waypoints: (67.60701818181819, 23.135321739130422), (67.37140728104846, 23.30249244851257), (67.22006260967461, 23.482107363036732), (67.11213388807988, 23.67074529546371), (67.01866503505917, 23.861813433840343), (66.92060154431651, 24.04729040247677), (66.80693015333034, 24.219160156144824), (66.67295080458648, 24.37053670749763), (66.51868089917893, 24.49647968771031), (66.34739183937444, 24.594500739080125), (66.15480710388829, 24.66122842786389), (65.96494090387111, 24.703741282889297), (65.78660303875708, 24.72942441655335), (65.60365674720637, 24.74557571551604), (65.43461326895417, 24.756367477529217), (65.24999999665243, 24.761087359074274), (65.06999999666169, 24.75589742772442), (64.8899999966709, 24.741989768551626), (64.70999999668014, 24.74365674930265), (64.52999999668937, 24.754613271041222), (64.34999999669861, 24.749999998730246), (64.16999999670784, 24.749999998730246), (63.98999999671708, 24.749999998730246), (63.80999999672631, 24.749999998730246), (63.62999999673554, 24.749999998730246), (63.449999996744786, 24.749999998730246), (63.269999996754, 24.749999998730246), (63.089999996763254, 24.749999998730246), (62.909999996772484, 24.749999998730246), (62.72999999678173, 24.749999998730246), (62.54999999679096, 24.749999998730246), (62.3699999968002, 24.749999998730246), (62.189999996809426, 24.749999998730246), (62.009999996818664, 24.74538672641927), (61.829999996827894, 24.75172997584686), (61.64999999683714, 24.759740206025473), (61.469999996846376, 24.763069321653244), (61.289999996855585, 24.743908734765014), (61.10999999686484, 24.71979081849219), (60.92999999687408, 24.71704320777756), (60.7499999968833, 24.754797414263713), (60.569999996892555, 24.83763278914168), (60.389999996901764, 24.95493686774651), (60.209999996911016, 25.08506312968626), (60.029999996920246, 25.20236720829109), (59.84999999692947, 25.285202583169056), (59.66999999693871, 25.322956789655205), (59.489999996947944, 25.32020917894058), (59.30999999695718, 25.291477990356775), (59.12999999696641, 25.283273925207112), (58.94999999697565, 25.28365674927494), (58.769999996984886, 25.288715842019325), (58.589999996994116, 25.291536140848095), (58.409999997003354, 25.282348363220347), (58.22999999701258, 25.281606944456083), (58.049999997021835, 25.294467894785218), (57.86999999703106, 25.336840219456626), (57.689999997040296, 25.40659173378876), (57.509999997049526, 25.500756762724567), (57.32077345243681, 25.636271636859497), (57.15253729977119, 25.822021429532953), (56.98470555439985, 26.028796147774734), (56.80977416267944, 26.23070538797591), (56.62172190555441, 26.396683351485006), (56.420458914083625, 26.495375910131088), (56.21756030788431, 26.50168205190961), (56.04328495943412, 26.40494970814621), (55.95487938423123, 26.21882596213852), (56.04616675681281, 25.992761639275923)
Associated file(s): api_response_2023-11-20_19-12-08.json, api_response_2023-11-20_18-52-05.json, api_response_2023-11-20_19-12-08.json, api_response_2023-11-20_18-52-05.json

Record time: 2023-11-20T15:15:42Z
Event time: 2023-11-23T01:56:52.111Z
Status: Underway
Travel distance: 729.0766738660907
Waypoints: (67.41, 23.142000499271884), (67.23, 23.29376218015391), (67.05000000000001, 23.27850067181436), (66.87000000000002, 23.188903672340565), (66.69000000000001, 23.084232039060673), (66.51000000000002, 22.99872156536423), (66.33000000000003, 22.94880866383582), (66.15000000000002, 22.93917995570184), (65.97000000000003, 22.967645766590365), (65.78999999662473, 23.028837527422663), (65.60999999663396, 23.102102300605065), (65.42999999664319, 23.204340556085082), (65.24999999665243, 23.359699285381193), (65.06999999666169, 23.506214294123172), (64.8899999966709, 23.644481624847), (64.70999999668014, 23.76399057624751), (64.52999999668937, 23.8435792153604), (64.34999999669861, 23.883538294642236), (64.16999999670784, 23.88431848040071), (63.98999999671708, 23.900368016003604), (63.80999999672631, 23.95078449197356), (63.62999999673554, 24.020259791471947), (63.449999996744786, 24.099029477832154), (63.269999996754, 24.159379996068388), (63.089999996763254, 24.204223716620668), (62.909999996772484, 24.223326153017585), (62.72999999678173, 24.216813297990324), (62.54999999679096, 24.203656749330346), (62.3699999968002, 24.195176469346936), (62.189999996809426, 24.19968797829811), (62.009999996818664, 24.23833382565109), (61.829999996827894, 24.28979701046471), (61.64999999683714, 24.318911023116332), (61.469999996846376, 24.349207429091354), (61.289999996855585, 24.367801048689277), (61.10999999686484, 24.39680360623254), (60.92999999687408, 24.46152510306594), (60.7499999968833, 24.57608157095615), (60.569999996892555, 24.737958001153793), (60.389999996901764, 24.92768851669124), (60.209999996911016, 25.109815855489273), (60.029999996920246, 25.23129223184594), (59.84999999692947, 25.2993040773129), (59.66999999693871, 25.316230716159787), (59.489999996947944, 25.305855699334366), (59.30999999695718, 25.28974801324016), (59.12999999696641, 25.28788719751809), (58.94999999697565, 25.28365674927494), (58.769999996984886, 25.288715842019325), (58.589999996994116, 25.291536140848095), (58.409999997003354, 25.282348363220347), (58.22999999701258, 25.281606944456083), (58.049999997021835, 25.294467894785218), (57.86999999703106, 25.336840219456626), (57.689999997040296, 25.40659173378876), (57.509999997049526, 25.500756762724567), (57.32077345243681, 25.636271636859497), (57.15253729977119, 25.822021429532953), (56.98470555439985, 26.028796147774734), (56.80977416267944, 26.23070538797591), (56.62172190555441, 26.396683351485006), (56.420458914083625, 26.495375910131088), (56.21756030788431, 26.50168205190961), (56.04328495943412, 26.40494970814621), (55.95487938423123, 26.21882596213852), (56.04616675681281, 25.992761639275923)
Associated file(s): api_response_2023-11-20_20-12-18.json, api_response_2023-11-20_19-52-14.json, api_response_2023-11-20_19-32-11.json, api_response_2023-11-20_20-12-18.json, api_response_2023-11-20_19-52-14.json, api_response_2023-11-20_19-32-11.json

Record time: 2023-11-20T16:01:11Z
Event time: 2023-11-23T01:26:24.444Z
Status: Underway
Travel distance: 706.4719222462203
Waypoints: (67.23, 23.151773746619508), (67.05000000000003, 23.28315265238193), (66.87000000000003, 23.42242240360258), (66.69000000000003, 23.56835435088535), (66.51000000000003, 23.71389025807952), (66.33000000000004, 23.850025301337514), (66.15000000000005, 23.96880572694233), (65.97000000000006, 24.065441167904645), (65.79000000000006, 24.139531619329645), (65.60999999663396, 24.1954090713122), (65.42999999664319, 24.220748147902633), (65.24999999665243, 24.25962659722087), (65.06999999666169, 24.34725454175804), (64.8899999966709, 24.456281867099065), (64.70999999668014, 24.570634808269666), (64.52999999668937, 24.668099877587593), (64.34999999669861, 24.746525506874185), (64.16999999670784, 24.77142360890548), (63.98999999671708, 24.770914792106474), (63.80999999672631, 24.757758243446496), (63.62999999673554, 24.747887197545808), (63.449999996744786, 24.735646519124032), (63.269999996754, 24.748270021613628), (63.089999996763254, 24.754613271041222), (62.909999996772484, 24.749999998730246), (62.72999999678173, 24.749999998730246), (62.54999999679096, 24.749999998730246), (62.3699999968002, 24.749999998730246), (62.189999996809426, 24.749999998730246), (62.009999996818664, 24.74538672641927), (61.829999996827894, 24.75172997584686), (61.64999999683714, 24.759740206025473), (61.469999996846376, 24.763069321653244), (61.289999996855585, 24.743908734765014), (61.10999999686484, 24.71979081849219), (60.92999999687408, 24.71704320777756), (60.7499999968833, 24.754797414263713), (60.569999996892555, 24.83763278914168), (60.389999996901764, 24.95493686774651), (60.209999996911016, 25.08506312968626), (60.029999996920246, 25.20236720829109), (59.84999999692947, 25.285202583169056), (59.66999999693871, 25.322956789655205), (59.489999996947944, 25.32020917894058), (59.30999999695718, 25.291477990356775), (59.12999999696641, 25.283273925207112), (58.94999999697565, 25.28365674927494), (58.769999996984886, 25.288715842019325), (58.589999996994116, 25.291536140848095), (58.409999997003354, 25.282348363220347), (58.22999999701258, 25.281606944456083), (58.049999997021835, 25.294467894785218), (57.86999999703106, 25.336840219456626), (57.689999997040296, 25.40659173378876), (57.509999997049526, 25.500756762724567), (57.32077345243681, 25.636271636859497), (57.15253729977119, 25.822021429532953), (56.98470555439985, 26.028796147774734), (56.80977416267944, 26.23070538797591), (56.62172190555441, 26.396683351485006), (56.420458914083625, 26.495375910131088), (56.21756030788431, 26.50168205190961), (56.04328495943412, 26.40494970814621), (55.95487938423123, 26.21882596213852), (56.04616675681281, 25.992761639275923)
Associated file(s): api_response_2023-11-20_21-12-27.json, api_response_2023-11-20_22-32-41.json, api_response_2023-11-20_20-32-21.json, api_response_2023-11-20_21-52-34.json, api_response_2023-11-20_21-32-30.json, api_response_2023-11-20_20-52-24.json, api_response_2023-11-20_22-12-37.json, api_response_2023-11-20_21-12-27.json, api_response_2023-11-20_22-32-41.json, api_response_2023-11-20_20-32-21.json, api_response_2023-11-20_21-52-34.json, api_response_2023-11-20_21-32-30.json, api_response_2023-11-20_20-52-24.json, api_response_2023-11-20_22-12-37.json

Record time: 2023-11-20T18:31:05Z
Event time: 2023-11-23T01:58:53.125Z
Status: Underway
Travel distance: 683.3115550755939
Waypoints: (66.69, 23.313871853546907), (66.51, 23.488270022883285), (66.33, 23.660051420110364), (66.15, 23.843535603715154), (65.97000000000001, 24.037450531700078), (65.79000000000002, 24.23140907255349), (65.61000000000003, 24.411266119262333), (65.43000000000004, 24.563356306366924), (65.25000000000003, 24.67761233005787), (65.06999999666169, 24.749563870045385), (64.8899999966709, 24.774500739070895), (64.70999999668014, 24.77046897167306), (64.52999999668937, 24.75436128557886), (64.34999999669861, 24.741543948118213), (64.16999999670784, 24.740259791435008), (63.98999999671708, 24.748270021613628), (63.80999999672631, 24.754613271041222), (63.62999999673554, 24.749999998730246), (63.449999996744786, 24.749999998730246), (63.269999996754, 24.749999998730246), (63.089999996763254, 24.749999998730246), (62.909999996772484, 24.749999998730246), (62.72999999678173, 24.749999998730246), (62.54999999679096, 24.749999998730246), (62.3699999968002, 24.749999998730246), (62.189999996809426, 24.749999998730246), (62.009999996818664, 24.74538672641927), (61.829999996827894, 24.75172997584686), (61.64999999683714, 24.759740206025473), (61.469999996846376, 24.763069321653244), (61.289999996855585, 24.743908734765014), (61.10999999686484, 24.71979081849219), (60.92999999687408, 24.71704320777756), (60.7499999968833, 24.754797414263713), (60.569999996892555, 24.83763278914168), (60.389999996901764, 24.95493686774651), (60.209999996911016, 25.08506312968626), (60.029999996920246, 25.20236720829109), (59.84999999692947, 25.285202583169056), (59.66999999693871, 25.322956789655205), (59.489999996947944, 25.32020917894058), (59.30999999695718, 25.291477990356775), (59.12999999696641, 25.283273925207112), (58.94999999697565, 25.28365674927494), (58.769999996984886, 25.288715842019325), (58.589999996994116, 25.291536140848095), (58.409999997003354, 25.282348363220347), (58.22999999701258, 25.281606944456083), (58.049999997021835, 25.294467894785218), (57.86999999703106, 25.336840219456626), (57.689999997040296, 25.40659173378876), (57.509999997049526, 25.500756762724567), (57.32077345243681, 25.636271636859497), (57.15253729977119, 25.822021429532953), (56.98470555439985, 26.028796147774734), (56.80977416267944, 26.23070538797591), (56.62172190555441, 26.396683351485006), (56.420458914083625, 26.495375910131088), (56.21756030788431, 26.50168205190961), (56.04328495943412, 26.40494970814621), (55.95487938423123, 26.21882596213852), (56.04616675681281, 25.992761639275923)
Associated file(s): api_response_2023-11-21_00-12-58.json, api_response_2023-11-20_23-52-54.json, api_response_2023-11-21_01-13-07.json, api_response_2023-11-21_00-33-01.json, api_response_2023-11-21_01-53-14.json, api_response_2023-11-20_23-12-47.json, api_response_2023-11-21_00-53-04.json, api_response_2023-11-21_01-33-11.json, api_response_2023-11-20_22-52-44.json, api_response_2023-11-20_23-32-50.json, api_response_2023-11-21_00-12-58.json, api_response_2023-11-20_23-52-54.json, api_response_2023-11-21_01-13-07.json, api_response_2023-11-21_00-33-01.json, api_response_2023-11-21_01-53-14.json, api_response_2023-11-20_23-12-47.json, api_response_2023-11-21_00-53-04.json, api_response_2023-11-21_01-33-11.json, api_response_2023-11-20_22-52-44.json, api_response_2023-11-20_23-32-50.json

Record time: 2023-11-20T21:44:46Z
Event time: 2023-11-23T02:01:31.600Z
Status: Underway
Travel distance: 628.9400647948164
Waypoints: (65.79000000000002, 23.50314782608695), (65.61, 23.6478013729977), (65.42999999999999, 23.835331215506784), (65.25, 24.0398555391035), (65.07000000000001, 24.239783550948967), (64.89, 24.41849244851257), (64.71000000000001, 24.56469522142952), (64.53000000000002, 24.67249928657961), (64.35000000000002, 24.74115595638712), (64.16999999670784, 24.774500739070895), (63.98999999671708, 24.77046897167306), (63.80999999672631, 24.75436128557886), (63.62999999673554, 24.741543948118213), (63.449999996744786, 24.740259791435008), (63.269999996754, 24.748270021613628), (63.089999996763254, 24.754613271041222), (62.909999996772484, 24.749999998730246), (62.72999999678173, 24.749999998730246), (62.54999999679096, 24.749999998730246), (62.3699999968002, 24.749999998730246), (62.189999996809426, 24.749999998730246), (62.009999996818664, 24.74538672641927), (61.829999996827894, 24.75172997584686), (61.64999999683714, 24.759740206025473), (61.469999996846376, 24.763069321653244), (61.289999996855585, 24.743908734765014), (61.10999999686484, 24.71979081849219), (60.92999999687408, 24.71704320777756), (60.7499999968833, 24.754797414263713), (60.569999996892555, 24.83763278914168), (60.389999996901764, 24.95493686774651), (60.209999996911016, 25.08506312968626), (60.029999996920246, 25.20236720829109), (59.84999999692947, 25.285202583169056), (59.66999999693871, 25.322956789655205), (59.489999996947944, 25.32020917894058), (59.30999999695718, 25.291477990356775), (59.12999999696641, 25.283273925207112), (58.94999999697565, 25.28365674927494), (58.769999996984886, 25.288715842019325), (58.589999996994116, 25.291536140848095), (58.409999997003354, 25.282348363220347), (58.22999999701258, 25.281606944456083), (58.049999997021835, 25.294467894785218), (57.86999999703106, 25.336840219456626), (57.689999997040296, 25.40659173378876), (57.509999997049526, 25.500756762724567), (57.32077345243681, 25.636271636859497), (57.15253729977119, 25.822021429532953), (56.98470555439985, 26.028796147774734), (56.80977416267944, 26.23070538797591), (56.62172190555441, 26.396683351485006), (56.420458914083625, 26.495375910131088), (56.21756030788431, 26.50168205190961), (56.04328495943412, 26.40494970814621), (55.95487938423123, 26.21882596213852), (56.04616675681281, 25.992761639275923)
Associated file(s): api_response_2023-11-21_13-35-12.json, api_response_2023-11-21_05-33-51.json, api_response_2023-11-21_04-53-45.json, api_response_2023-11-21_02-33-21.json, api_response_2023-11-21_10-14-39.json, api_response_2023-11-21_07-34-13.json, api_response_2023-11-21_08-34-23.json, api_response_2023-11-21_03-53-34.json, api_response_2023-11-21_11-34-52.json, api_response_2023-11-21_11-54-55.json, api_response_2023-11-21_03-13-27.json, api_response_2023-11-21_10-54-46.json, api_response_2023-11-21_05-13-48.json, api_response_2023-11-21_12-14-59.json, api_response_2023-11-21_04-13-37.json, api_response_2023-11-21_09-14-29.json, api_response_2023-11-21_07-14-09.json, api_response_2023-11-21_08-14-19.json, api_response_2023-11-21_02-13-17.json, api_response_2023-11-21_13-15-08.json, api_response_2023-11-21_10-34-42.json, api_response_2023-11-21_03-33-30.json, api_response_2023-11-21_02-53-24.json, api_response_2023-11-21_06-13-59.json, api_response_2023-11-21_11-14-49.json, api_response_2023-11-21_07-54-16.json, api_response_2023-11-21_06-54-05.json, api_response_2023-11-21_06-34-02.json, api_response_2023-11-21_08-54-26.json, api_response_2023-11-21_09-54-35.json, api_response_2023-11-21_12-35-02.json, api_response_2023-11-21_04-33-41.json, api_response_2023-11-21_05-53-55.json, api_response_2023-11-21_09-34-32.json, api_response_2023-11-21_12-55-05.json, api_response_2023-11-21_13-35-12.json, api_response_2023-11-21_05-33-51.json, api_response_2023-11-21_04-53-45.json, api_response_2023-11-21_02-33-21.json, api_response_2023-11-21_10-14-39.json, api_response_2023-11-21_07-34-13.json, api_response_2023-11-21_08-34-23.json, api_response_2023-11-21_03-53-34.json, api_response_2023-11-21_11-34-52.json, api_response_2023-11-21_11-54-55.json, api_response_2023-11-21_03-13-27.json, api_response_2023-11-21_10-54-46.json, api_response_2023-11-21_05-13-48.json, api_response_2023-11-21_12-14-59.json, api_response_2023-11-21_04-13-37.json, api_response_2023-11-21_09-14-29.json, api_response_2023-11-21_07-14-09.json, api_response_2023-11-21_08-14-19.json, api_response_2023-11-21_02-13-17.json, api_response_2023-11-21_13-15-08.json, api_response_2023-11-21_10-34-42.json, api_response_2023-11-21_03-33-30.json, api_response_2023-11-21_02-53-24.json, api_response_2023-11-21_06-13-59.json, api_response_2023-11-21_11-14-49.json, api_response_2023-11-21_07-54-16.json, api_response_2023-11-21_06-54-05.json, api_response_2023-11-21_06-34-02.json, api_response_2023-11-21_08-54-26.json, api_response_2023-11-21_09-54-35.json, api_response_2023-11-21_12-35-02.json, api_response_2023-11-21_04-33-41.json, api_response_2023-11-21_05-53-55.json, api_response_2023-11-21_09-34-32.json, api_response_2023-11-21_12-55-05.json

Record time: 2023-11-21T08:00:29Z
Event time: 2023-11-23T01:19:29Z
Status: Underway
Travel distance: 496.73110151187905
Waypoints: (63.48823643787676, 24.07558988144231), (63.41823838226721, 24.17508888607846), (63.348240326657645, 24.224835475491652), (63.27824227104807, 24.26238384738273), (63.208244215438505, 24.307156223357694), (63.13824615982894, 24.36562327889621), (63.06824810421938, 24.43577965034087), (62.99825004860982, 24.51091451890739), (62.928251993000266, 24.58267727171559), (62.85825393416579, 24.643438238576955), (62.78825587855981, 24.6911110110658), (62.71825782295384, 24.716416615123656), (62.64825976734785, 24.72185432313102), (62.578261711741874, 24.722080501626994), (62.5082636561359, 24.714021007887133), (62.43826560052994, 24.713297236700015), (62.36826754492397, 24.7134461375432), (62.29826948931799, 24.712946660031257), (62.22827143371201, 24.710928016954696), (62.15827337810604, 24.707853874230253), (62.08827532250007, 24.71255084766331), (62.018277266894074, 24.72381830640439), (61.94827921128813, 24.73827865158031), (61.878281155682146, 24.75884958578911), (61.80828310007616, 24.780014238549843), (61.738285044470175, 24.78831498935207), (61.668286988864196, 24.783116653586276), (61.598288933258225, 24.780332773265002), (61.52829087765227, 24.77811810882526), (61.45829282204629, 24.789319598838354), (61.38829476644031, 24.817914215191827), (61.318296710834325, 24.854082041518815), (61.24829865522835, 24.880774873685304), (61.17830059962238, 24.910683210136224), (61.1083025440164, 24.945024645108223), (61.03830448841043, 24.989962542616585), (60.968306432804454, 25.037354476806268), (60.898308377198454, 25.075948067502576), (60.82831032159251, 25.09555774310349), (60.758312265986525, 25.098752514359113), (60.68831421038055, 25.067720824711525), (60.618316154774575, 25.011500389895676), (60.548318099168604, 24.956271370820506), (60.47832004356263, 24.918933070776855), (60.408321987956654, 24.904184348018575), (60.338323932350676, 24.921430458336566), (60.268325876744704, 24.947738787059905), (60.198327821138726, 24.97576230271104), (60.12832976553274, 24.991370503754023), (60.05833170992677, 24.9959072674191), (59.9883336543208, 24.993651136921763), (59.918335598714826, 24.991091550275662), (59.848337543108855, 24.99376988063215), (59.778339487502876, 25.004537861861294), (59.7083414318969, 25.022735806683173), (59.638343376290926, 25.03764850885103), (59.56834532068494, 25.042728100906437), (59.49834726507898, 25.05292686625405), (59.428349209473, 25.072308478538194), (59.35835115386701, 25.101453462565196), (59.288353098261055, 25.14685502599031), (59.21835504265506, 25.194501410987957), (59.14835698704909, 25.237160560149384), (59.07835893144311, 25.269155393225653), (59.008360875837134, 25.278971539950906), (58.938362820231184, 25.286861399818786), (58.868364764625184, 25.289396483794494), (58.79836670901922, 25.292789161234097), (58.728368653413256, 25.31196344323027), (58.65837059780727, 25.330702331621687), (58.5883725422013, 25.34372455852737), (58.51837448659532, 25.355875998223553), (58.44837643098934, 25.37448106433818), (58.37837837538336, 25.3898291601108), (58.3083803197774, 25.407429616739147), (58.23838226417141, 25.423778552356442), (58.168384208565456, 25.459665540384258), (58.09838615295947, 25.488812409232064), (58.02838809735349, 25.52333855664244), (57.958390041747506, 25.55739349885288), (57.88839198614154, 25.592096819418437), (57.81839393053556, 25.617219595858707), (57.74839587492958, 25.61759090555627), (57.678397819323614, 25.603554645060296), (57.60839976371764, 25.58137972835088), (57.53840170811167, 25.558594129702335), (57.468403652505685, 25.55317526990296), (57.398405596899714, 25.57383856033095), (57.32840754129375, 25.62183929163897), (57.25661548517795, 25.68886728892076), (57.189084180272964, 25.766435204114927), (57.122201127653035, 25.839296721772037), (57.053497692162864, 25.90373686009573), (56.97425450367756, 25.940669923667425), (56.89913827014654, 25.975001934535417), (56.82871998122786, 26.009982323758546), (56.76978932582578, 26.05179895802248), (56.727519131040545, 26.104524935075535), (56.70185851660558, 26.16735732125701), (56.687159772932766, 26.24926597875307), (56.67404397088626, 26.33299725796251), (56.652510311405585, 26.413175649964376), (56.615294223098616, 26.47100572174324), (56.56047921592493, 26.50926946879958), (56.488779498070684, 26.527529612707852), (56.422753872165, 26.521262583548584), (56.35474014695487, 26.496588394458662), (56.27798934063656, 26.462974250363594), (56.2005028233302, 26.420168776278537), (56.12594603288787, 26.370432816112334), (56.058937938154855, 26.315022602928096), (56.005132073396574, 26.254370703099408), (55.97127062213742, 26.18854666651377), (55.96521155330295, 26.117997384182836), (55.99592880966533, 26.044567153259294), (56.07348554859199, 25.972797449460426)
Associated file(s): api_response_2023-11-21_18-36-00.json, api_response_2023-11-21_14-55-24.json, api_response_2023-11-21_15-35-31.json, api_response_2023-11-21_16-15-37.json, api_response_2023-11-21_15-15-28.json, api_response_2023-11-21_17-35-50.json, api_response_2023-11-21_16-55-44.json, api_response_2023-11-21_17-55-54.json, api_response_2023-11-21_16-35-41.json, api_response_2023-11-21_18-15-57.json, api_response_2023-11-21_17-15-47.json, api_response_2023-11-21_15-55-34.json, api_response_2023-11-21_18-56-04.json, api_response_2023-11-21_18-36-00.json, api_response_2023-11-21_14-55-24.json, api_response_2023-11-21_15-35-31.json, api_response_2023-11-21_16-15-37.json, api_response_2023-11-21_15-15-28.json, api_response_2023-11-21_17-35-50.json, api_response_2023-11-21_16-55-44.json, api_response_2023-11-21_17-55-54.json, api_response_2023-11-21_16-35-41.json, api_response_2023-11-21_18-15-57.json, api_response_2023-11-21_17-15-47.json, api_response_2023-11-21_15-55-34.json, api_response_2023-11-21_18-56-04.json

Record time: 2023-11-21T14:53:29Z
Event time: 2023-11-22T23:33:29Z
Status: Underway
Travel distance: 400.24082073434124
Waypoints: (61.80828310324713, 24.373440813050014), (61.73828504763756, 24.418924463279083), (61.668286992027994, 24.49459883038589), (61.59828893641842, 24.579142393113862), (61.52829088080886, 24.659820873770666), (61.4582928251993, 24.73042788302227), (61.38829476958974, 24.789433648903284), (61.31829671398018, 24.838341830043646), (61.24829865837062, 24.880254413111594), (61.17830059962238, 24.918644693194498), (61.1083025440164, 24.946720983828026), (61.03830448841043, 24.986673530320967), (60.968306432804454, 25.033565986998706), (60.898308377198454, 25.075275186477054), (60.82831032159251, 25.097352092504877), (60.758312265986525, 25.098752514359113), (60.68831421038055, 25.067720824711525), (60.618316154774575, 25.011500389895676), (60.548318099168604, 24.956271370820506), (60.47832004356263, 24.918933070776855), (60.408321987956654, 24.904184348018575), (60.338323932350676, 24.921430458336566), (60.268325876744704, 24.947738787059905), (60.198327821138726, 24.97576230271104), (60.12832976553274, 24.991370503754023), (60.05833170992677, 24.9959072674191), (59.9883336543208, 24.993651136921763), (59.918335598714826, 24.991091550275662), (59.848337543108855, 24.99376988063215), (59.778339487502876, 25.004537861861294), (59.7083414318969, 25.022735806683173), (59.638343376290926, 25.03764850885103), (59.56834532068494, 25.042728100906437), (59.49834726507898, 25.05292686625405), (59.428349209473, 25.072308478538194), (59.35835115386701, 25.101453462565196), (59.288353098261055, 25.14685502599031), (59.21835504265506, 25.194501410987957), (59.14835698704909, 25.237160560149384), (59.07835893144311, 25.269155393225653), (59.008360875837134, 25.278971539950906), (58.938362820231184, 25.286861399818786), (58.868364764625184, 25.289396483794494), (58.79836670901922, 25.292789161234097), (58.728368653413256, 25.31196344323027), (58.65837059780727, 25.330702331621687), (58.5883725422013, 25.34372455852737), (58.51837448659532, 25.355875998223553), (58.44837643098934, 25.37448106433818), (58.37837837538336, 25.3898291601108), (58.3083803197774, 25.407429616739147), (58.23838226417141, 25.423778552356442), (58.168384208565456, 25.459665540384258), (58.09838615295947, 25.488812409232064), (58.02838809735349, 25.52333855664244), (57.958390041747506, 25.55739349885288), (57.88839198614154, 25.592096819418437), (57.81839393053556, 25.617219595858707), (57.74839587492958, 25.61759090555627), (57.678397819323614, 25.603554645060296), (57.60839976371764, 25.58137972835088), (57.53840170811167, 25.558594129702335), (57.468403652505685, 25.55317526990296), (57.398405596899714, 25.57383856033095), (57.32840754129375, 25.62183929163897), (57.25661548517795, 25.68886728892076), (57.189084180272964, 25.766435204114927), (57.122201127653035, 25.839296721772037), (57.053497692162864, 25.90373686009573), (56.97425450367756, 25.940669923667425), (56.89913827014654, 25.975001934535417), (56.82871998122786, 26.009982323758546), (56.76978932582578, 26.05179895802248), (56.727519131040545, 26.104524935075535), (56.70185851660558, 26.16735732125701), (56.687159772932766, 26.24926597875307), (56.67404397088626, 26.33299725796251), (56.652510311405585, 26.413175649964376), (56.615294223098616, 26.47100572174324), (56.56047921592493, 26.50926946879958), (56.488779498070684, 26.527529612707852), (56.422753872165, 26.521262583548584), (56.35474014695487, 26.496588394458662), (56.27798934063656, 26.462974250363594), (56.2005028233302, 26.420168776278537), (56.12594603288787, 26.370432816112334), (56.058937938154855, 26.315022602928096), (56.005132073396574, 26.254370703099408), (55.97127062213742, 26.18854666651377), (55.96521155330295, 26.117997384182836), (55.99592880966533, 26.044567153259294), (56.07348554859199, 25.972797449460426)
Associated file(s): api_response_2023-11-21_21-16-26.json, api_response_2023-11-21_20-36-20.json, api_response_2023-11-21_19-56-13.json, api_response_2023-11-21_19-16-07.json, api_response_2023-11-21_20-56-23.json, api_response_2023-11-21_20-16-16.json, api_response_2023-11-21_19-36-10.json, api_response_2023-11-21_21-16-26.json, api_response_2023-11-21_20-36-20.json, api_response_2023-11-21_19-56-13.json, api_response_2023-11-21_19-16-07.json, api_response_2023-11-21_20-56-23.json, api_response_2023-11-21_20-16-16.json, api_response_2023-11-21_19-36-10.json

Record time: 2023-11-21T17:30:52Z
Event time: 2023-11-22T22:58:52Z
Status: Underway
Travel distance: 362.94114470842334
Waypoints: (61.17830060276101, 24.434514524350558), (61.1083025471515, 24.503334232288157), (61.038304491541936, 24.57396148337283), (60.968306435932355, 24.64436915283432), (60.898308380322774, 24.714224569801445), (60.8283103247132, 24.78399724313546), (60.75831226910364, 24.854247718542243), (60.68831421349409, 24.92509756696339), (60.61831615788453, 24.99588050424614), (60.548318099168604, 25.064974640806252), (60.47832004356263, 25.129335616656356), (60.408321987956654, 25.18827584788628), (60.338323932350676, 25.23497039838004), (60.268325876744704, 25.264053183320645), (60.198327821138726, 25.274042733559483), (60.12832976553274, 25.267777589221012), (60.05833170992677, 25.25123451706134), (59.9883336543208, 25.231351542444457), (59.918335598714826, 25.211932233744324), (59.848337543108855, 25.20377849896447), (59.778339487502876, 25.19858393284028), (59.7083414318969, 25.200510219697655), (59.638343376290926, 25.198715870296265), (59.56834532068494, 25.201051163267195), (59.49834726507898, 25.20509975834512), (59.428349209473, 25.212105637257903), (59.35835115386701, 25.22836033183521), (59.288353098261055, 25.250725615445404), (59.21835504265506, 25.267628688377833), (59.14835698704909, 25.275281060824938), (59.07835893144311, 25.27549216075451), (59.008360875837134, 25.271138224707016), (58.938362820231184, 25.275610904464894), (58.868364764625184, 25.283911655267136), (58.79836670901922, 25.295405292504192), (58.728368653413256, 25.317546282439217), (58.65837059780727, 25.33137521264721), (58.5883725422013, 25.341930209125977), (58.51837448659532, 25.355875998223553), (58.44837643098934, 25.37448106433818), (58.37837837538336, 25.3898291601108), (58.3083803197774, 25.407429616739147), (58.23838226417141, 25.423778552356442), (58.168384208565456, 25.459665540384258), (58.09838615295947, 25.488812409232064), (58.02838809735349, 25.52333855664244), (57.958390041747506, 25.55739349885288), (57.88839198614154, 25.592096819418437), (57.81839393053556, 25.617219595858707), (57.74839587492958, 25.61759090555627), (57.678397819323614, 25.603554645060296), (57.60839976371764, 25.58137972835088), (57.53840170811167, 25.558594129702335), (57.468403652505685, 25.55317526990296), (57.398405596899714, 25.57383856033095), (57.32840754129375, 25.62183929163897), (57.25661548517795, 25.68886728892076), (57.189084180272964, 25.766435204114927), (57.122201127653035, 25.839296721772037), (57.053497692162864, 25.90373686009573), (56.97425450367756, 25.940669923667425), (56.89913827014654, 25.975001934535417), (56.82871998122786, 26.009982323758546), (56.76978932582578, 26.05179895802248), (56.727519131040545, 26.104524935075535), (56.70185851660558, 26.16735732125701), (56.687159772932766, 26.24926597875307), (56.67404397088626, 26.33299725796251), (56.652510311405585, 26.413175649964376), (56.615294223098616, 26.47100572174324), (56.56047921592493, 26.50926946879958), (56.488779498070684, 26.527529612707852), (56.422753872165, 26.521262583548584), (56.35474014695487, 26.496588394458662), (56.27798934063656, 26.462974250363594), (56.2005028233302, 26.420168776278537), (56.12594603288787, 26.370432816112334), (56.058937938154855, 26.315022602928096), (56.005132073396574, 26.254370703099408), (55.97127062213742, 26.18854666651377), (55.96521155330295, 26.117997384182836), (55.99592880966533, 26.044567153259294), (56.07348554859199, 25.972797449460426)
Associated file(s): api_response_2023-11-21_22-36-40.json, api_response_2023-11-21_21-56-34.json, api_response_2023-11-21_22-16-37.json, api_response_2023-11-21_21-36-30.json, api_response_2023-11-21_22-56-43.json, api_response_2023-11-21_22-36-40.json, api_response_2023-11-21_21-56-34.json, api_response_2023-11-21_22-16-37.json, api_response_2023-11-21_21-36-30.json, api_response_2023-11-21_22-56-43.json

Record time: 2023-11-21T18:52:50Z
Event time: 2023-11-22T22:27:53Z
Status: Underway
Travel distance: 338.5
Waypoints: (60.8283103247132, 24.571500284372362), (60.75831226910361, 24.65077207757359), (60.68831421349404, 24.714013469871865), (60.618316157884465, 24.778018214594095), (60.5483181022749, 24.848850722663883), (60.47832004666534, 24.92548470915569), (60.40832199105578, 25.00288204807145), (60.33832393544622, 25.074511835339578), (60.26832587983666, 25.13430966003648), (60.198327821138726, 25.17807708253867), (60.12832976553274, 25.204031064951646), (60.05833170992677, 25.213730352787316), (59.9883336543208, 25.212162181881897), (59.918335598714826, 25.204102688142036), (59.848337543108855, 25.203378916954918), (59.778339487502876, 25.2035278177981), (59.7083414318969, 25.203028340286163), (59.638343376290926, 25.2010096972096), (59.56834532068494, 25.197935554485156), (59.49834726507898, 25.202632527918208), (59.428349209473, 25.213899986659293), (59.35835115386701, 25.22836033183521), (59.288353098261055, 25.250725615445404), (59.21835504265506, 25.267628688377833), (59.14835698704909, 25.275281060824938), (59.07835893144311, 25.27549216075451), (59.008360875837134, 25.271138224707016), (58.938362820231184, 25.275610904464894), (58.868364764625184, 25.283911655267136), (58.79836670901922, 25.295405292504192), (58.728368653413256, 25.317546282439217), (58.65837059780727, 25.33137521264721), (58.5883725422013, 25.341930209125977), (58.51837448659532, 25.355875998223553), (58.44837643098934, 25.37448106433818), (58.37837837538336, 25.3898291601108), (58.3083803197774, 25.407429616739147), (58.23838226417141, 25.423778552356442), (58.168384208565456, 25.459665540384258), (58.09838615295947, 25.488812409232064), (58.02838809735349, 25.52333855664244), (57.958390041747506, 25.55739349885288), (57.88839198614154, 25.592096819418437), (57.81839393053556, 25.617219595858707), (57.74839587492958, 25.61759090555627), (57.678397819323614, 25.603554645060296), (57.60839976371764, 25.58137972835088), (57.53840170811167, 25.558594129702335), (57.468403652505685, 25.55317526990296), (57.398405596899714, 25.57383856033095), (57.32840754129375, 25.62183929163897), (57.25661548517795, 25.68886728892076), (57.189084180272964, 25.766435204114927), (57.122201127653035, 25.839296721772037), (57.053497692162864, 25.90373686009573), (56.97425450367756, 25.940669923667425), (56.89913827014654, 25.975001934535417), (56.82871998122786, 26.009982323758546), (56.76978932582578, 26.05179895802248), (56.727519131040545, 26.104524935075535), (56.70185851660558, 26.16735732125701), (56.687159772932766, 26.24926597875307), (56.67404397088626, 26.33299725796251), (56.652510311405585, 26.413175649964376), (56.615294223098616, 26.47100572174324), (56.56047921592493, 26.50926946879958), (56.488779498070684, 26.527529612707852), (56.422753872165, 26.521262583548584), (56.35474014695487, 26.496588394458662), (56.27798934063656, 26.462974250363594), (56.2005028233302, 26.420168776278537), (56.12594603288787, 26.370432816112334), (56.058937938154855, 26.315022602928096), (56.005132073396574, 26.254370703099408), (55.97127062213742, 26.18854666651377), (55.96521155330295, 26.117997384182836), (55.99592880966533, 26.044567153259294), (56.07348554859199, 25.972797449460426)
Associated file(s): api_response_2023-11-22_00-57-03.json, api_response_2023-11-22_00-16-57.json, api_response_2023-11-21_23-36-49.json, api_response_2023-11-21_23-16-46.json, api_response_2023-11-22_01-37-10.json, api_response_2023-11-21_23-56-52.json, api_response_2023-11-22_00-37-00.json, api_response_2023-11-22_01-17-07.json, api_response_2023-11-22_00-57-03.json, api_response_2023-11-22_00-16-57.json, api_response_2023-11-21_23-36-49.json, api_response_2023-11-21_23-16-46.json, api_response_2023-11-22_01-37-10.json, api_response_2023-11-21_23-56-52.json, api_response_2023-11-22_00-37-00.json, api_response_2023-11-22_01-17-07.json

Record time: 2023-11-21T21:40:01Z
Event time: 2023-11-22T23:03:55.142Z
Status: Underway
Travel distance: 298.80669546436286
Waypoints: (60.1983278242271, 24.704786072625044), (60.12832976861755, 24.798589377267074), (60.05833171300798, 24.868811860229183), (59.98833365739841, 24.91912678022932), (59.91833560178884, 24.955356091697286), (59.84833754617927, 24.983952221620445), (59.77833949056971, 25.010799323514995), (59.70834143496015, 25.04033400852282), (59.63834337935058, 25.074985553633947), (59.56834532068494, 25.114935585746032), (59.49834726507898, 25.164758938767424), (59.428349209473, 25.21136113304199), (59.35835115386701, 25.24297334749591), (59.288353098261055, 25.262475588311233), (59.21835504265506, 25.269997908123155), (59.14835698704909, 25.27019769912793), (59.07835893144311, 25.27170367094695), (59.008360875837134, 25.270465343681494), (58.938362820231184, 25.277405253866288), (58.868364764625184, 25.283911655267136), (58.79836670901922, 25.295405292504192), (58.728368653413256, 25.317546282439217), (58.65837059780727, 25.33137521264721), (58.5883725422013, 25.341930209125977), (58.51837448659532, 25.355875998223553), (58.44837643098934, 25.37448106433818), (58.37837837538336, 25.3898291601108), (58.3083803197774, 25.407429616739147), (58.23838226417141, 25.423778552356442), (58.168384208565456, 25.459665540384258), (58.09838615295947, 25.488812409232064), (58.02838809735349, 25.52333855664244), (57.958390041747506, 25.55739349885288), (57.88839198614154, 25.592096819418437), (57.81839393053556, 25.617219595858707), (57.74839587492958, 25.61759090555627), (57.678397819323614, 25.603554645060296), (57.60839976371764, 25.58137972835088), (57.53840170811167, 25.558594129702335), (57.468403652505685, 25.55317526990296), (57.398405596899714, 25.57383856033095), (57.32840754129375, 25.62183929163897), (57.25661548517795, 25.68886728892076), (57.189084180272964, 25.766435204114927), (57.122201127653035, 25.839296721772037), (57.053497692162864, 25.90373686009573), (56.97425450367756, 25.940669923667425), (56.89913827014654, 25.975001934535417), (56.82871998122786, 26.009982323758546), (56.76978932582578, 26.05179895802248), (56.727519131040545, 26.104524935075535), (56.70185851660558, 26.16735732125701), (56.687159772932766, 26.24926597875307), (56.67404397088626, 26.33299725796251), (56.652510311405585, 26.413175649964376), (56.615294223098616, 26.47100572174324), (56.56047921592493, 26.50926946879958), (56.488779498070684, 26.527529612707852), (56.422753872165, 26.521262583548584), (56.35474014695487, 26.496588394458662), (56.27798934063656, 26.462974250363594), (56.2005028233302, 26.420168776278537), (56.12594603288787, 26.370432816112334), (56.058937938154855, 26.315022602928096), (56.005132073396574, 26.254370703099408), (55.97127062213742, 26.18854666651377), (55.96521155330295, 26.117997384182836), (55.99592880966533, 26.044567153259294), (56.07348554859199, 25.972797449460426)
Associated file(s): api_response_2023-11-22_02-57-23.json, api_response_2023-11-22_02-17-16.json, api_response_2023-11-22_03-17-26.json, api_response_2023-11-22_02-37-20.json, api_response_2023-11-22_01-57-13.json, api_response_2023-11-22_02-57-23.json, api_response_2023-11-22_02-17-16.json, api_response_2023-11-22_03-17-26.json, api_response_2023-11-22_02-37-20.json, api_response_2023-11-22_01-57-13.json

Record time: 2023-11-21T23:11:23Z
Event time: 2023-11-22T23:34:47.400Z
Status: Underway
Travel distance: 277.86609071274296
Waypoints: (59.84833754617928, 24.850595021505725), (59.77833949056973, 24.928247822178808), (59.70834143496016, 25.000452805350854), (59.63834337935059, 25.06682366843157), (59.56834532374102, 25.125882797587533), (59.498347268131454, 25.17586024327924), (59.428349212521894, 25.215317218981745), (59.35835115691233, 25.243594123088762), (59.28835310130277, 25.261083084000333), (59.21835504265506, 25.269325027097633), (59.14835698704909, 25.27199204852932), (59.07835893144311, 25.27170367094695), (59.008360875837134, 25.270465343681494), (58.938362820231184, 25.277405253866288), (58.868364764625184, 25.283911655267136), (58.79836670901922, 25.295405292504192), (58.728368653413256, 25.317546282439217), (58.65837059780727, 25.33137521264721), (58.5883725422013, 25.341930209125977), (58.51837448659532, 25.355875998223553), (58.44837643098934, 25.37448106433818), (58.37837837538336, 25.3898291601108), (58.3083803197774, 25.407429616739147), (58.23838226417141, 25.423778552356442), (58.168384208565456, 25.459665540384258), (58.09838615295947, 25.488812409232064), (58.02838809735349, 25.52333855664244), (57.958390041747506, 25.55739349885288), (57.88839198614154, 25.592096819418437), (57.81839393053556, 25.617219595858707), (57.74839587492958, 25.61759090555627), (57.678397819323614, 25.603554645060296), (57.60839976371764, 25.58137972835088), (57.53840170811167, 25.558594129702335), (57.468403652505685, 25.55317526990296), (57.398405596899714, 25.57383856033095), (57.32840754129375, 25.62183929163897), (57.25661548517795, 25.68886728892076), (57.189084180272964, 25.766435204114927), (57.122201127653035, 25.839296721772037), (57.053497692162864, 25.90373686009573), (56.97425450367756, 25.940669923667425), (56.89913827014654, 25.975001934535417), (56.82871998122786, 26.009982323758546), (56.76978932582578, 26.05179895802248), (56.727519131040545, 26.104524935075535), (56.70185851660558, 26.16735732125701), (56.687159772932766, 26.24926597875307), (56.67404397088626, 26.33299725796251), (56.652510311405585, 26.413175649964376), (56.615294223098616, 26.47100572174324), (56.56047921592493, 26.50926946879958), (56.488779498070684, 26.527529612707852), (56.422753872165, 26.521262583548584), (56.35474014695487, 26.496588394458662), (56.27798934063656, 26.462974250363594), (56.2005028233302, 26.420168776278537), (56.12594603288787, 26.370432816112334), (56.058937938154855, 26.315022602928096), (56.005132073396574, 26.254370703099408), (55.97127062213742, 26.18854666651377), (55.96521155330295, 26.117997384182836), (55.99592880966533, 26.044567153259294), (56.07348554859199, 25.972797449460426)
Associated file(s): api_response_2023-11-22_03-57-33.json, api_response_2023-11-22_03-37-29.json, api_response_2023-11-22_03-57-33.json, api_response_2023-11-22_03-37-29.json

Record time: 2023-11-21T23:57:02Z
Event time: 2023-11-23T00:06:39.750Z
Status: Underway
Travel distance: 271.0718142548596
Waypoints: (59.70834143496017, 24.86163260064876), (59.638343379350594, 24.909326757288756), (59.56834532374102, 24.988849026039553), (59.498347268131454, 25.074616134468705), (59.42834921252189, 25.150887344360736), (59.35835115691232, 25.20964270894269), (59.28835310130276, 25.248659801739972), (59.2183550456932, 25.269788917062346), (59.14835699008364, 25.27742674212022), (59.07835893144311, 25.277188499474313), (59.008360875837134, 25.2678492124114), (58.938362820231184, 25.271822414657336), (58.868364764625184, 25.283238774241614), (58.79836670901922, 25.297199641905586), (58.728368653413256, 25.317546282439217), (58.65837059780727, 25.33137521264721), (58.5883725422013, 25.341930209125977), (58.51837448659532, 25.355875998223553), (58.44837643098934, 25.37448106433818), (58.37837837538336, 25.3898291601108), (58.3083803197774, 25.407429616739147), (58.23838226417141, 25.423778552356442), (58.168384208565456, 25.459665540384258), (58.09838615295947, 25.488812409232064), (58.02838809735349, 25.52333855664244), (57.958390041747506, 25.55739349885288), (57.88839198614154, 25.592096819418437), (57.81839393053556, 25.617219595858707), (57.74839587492958, 25.61759090555627), (57.678397819323614, 25.603554645060296), (57.60839976371764, 25.58137972835088), (57.53840170811167, 25.558594129702335), (57.468403652505685, 25.55317526990296), (57.398405596899714, 25.57383856033095), (57.32840754129375, 25.62183929163897), (57.25661548517795, 25.68886728892076), (57.189084180272964, 25.766435204114927), (57.122201127653035, 25.839296721772037), (57.053497692162864, 25.90373686009573), (56.97425450367756, 25.940669923667425), (56.89913827014654, 25.975001934535417), (56.82871998122786, 26.009982323758546), (56.76978932582578, 26.05179895802248), (56.727519131040545, 26.104524935075535), (56.70185851660558, 26.16735732125701), (56.687159772932766, 26.24926597875307), (56.67404397088626, 26.33299725796251), (56.652510311405585, 26.413175649964376), (56.615294223098616, 26.47100572174324), (56.56047921592493, 26.50926946879958), (56.488779498070684, 26.527529612707852), (56.422753872165, 26.521262583548584), (56.35474014695487, 26.496588394458662), (56.27798934063656, 26.462974250363594), (56.2005028233302, 26.420168776278537), (56.12594603288787, 26.370432816112334), (56.058937938154855, 26.315022602928096), (56.005132073396574, 26.254370703099408), (55.97127062213742, 26.18854666651377), (55.96521155330295, 26.117997384182836), (55.99592880966533, 26.044567153259294), (56.07348554859199, 25.972797449460426)
Associated file(s): api_response_2023-11-22_05-37-49.json, api_response_2023-11-22_09-38-28.json, api_response_2023-11-22_08-18-15.json, api_response_2023-11-22_05-57-53.json, api_response_2023-11-22_06-58-02.json, api_response_2023-11-22_05-17-46.json, api_response_2023-11-22_06-37-59.json, api_response_2023-11-22_04-57-42.json, api_response_2023-11-22_04-17-36.json, api_response_2023-11-22_07-58-12.json, api_response_2023-11-22_09-18-25.json, api_response_2023-11-22_08-58-22.json, api_response_2023-11-22_07-18-06.json, api_response_2023-11-22_06-17-56.json, api_response_2023-11-22_08-38-19.json, api_response_2023-11-22_07-38-09.json, api_response_2023-11-22_04-37-39.json, api_response_2023-11-22_05-37-49.json, api_response_2023-11-22_09-38-28.json, api_response_2023-11-22_08-18-15.json, api_response_2023-11-22_05-57-53.json, api_response_2023-11-22_06-58-02.json, api_response_2023-11-22_05-17-46.json, api_response_2023-11-22_06-37-59.json, api_response_2023-11-22_04-57-42.json, api_response_2023-11-22_04-17-36.json, api_response_2023-11-22_07-58-12.json, api_response_2023-11-22_09-18-25.json, api_response_2023-11-22_08-58-22.json, api_response_2023-11-22_07-18-06.json, api_response_2023-11-22_06-17-56.json, api_response_2023-11-22_08-38-19.json, api_response_2023-11-22_07-38-09.json, api_response_2023-11-22_04-37-39.json

Record time: 2023-11-22T05:42:39Z
Event time: 2023-11-22T22:40:39Z
Status: Underway
Travel distance: 197.58099352051835
Waypoints: (58.44837643398792, 25.19384590587578), (58.37837837837836, 25.294247522635086), (58.30838032276879, 25.35469367999452), (58.238382267159224, 25.400431209873744), (58.168384211549665, 25.44378838243007), (58.0983861559401, 25.48820823408811), (58.02838810033054, 25.53170306710177), (57.95839004472098, 25.56973012064866), (57.88839198911141, 25.597488413456805), (57.81839393053556, 25.61163675664976), (57.74839587492958, 25.616918024530747), (57.678397819323614, 25.60534899446169), (57.60839976371764, 25.58137972835088), (57.53840170811167, 25.558594129702335), (57.468403652505685, 25.55317526990296), (57.398405596899714, 25.57383856033095), (57.32840754129375, 25.62183929163897), (57.25661548517795, 25.68886728892076), (57.189084180272964, 25.766435204114927), (57.122201127653035, 25.839296721772037), (57.053497692162864, 25.90373686009573), (56.97425450367756, 25.940669923667425), (56.89913827014654, 25.975001934535417), (56.82871998122786, 26.009982323758546), (56.76978932582578, 26.05179895802248), (56.727519131040545, 26.104524935075535), (56.70185851660558, 26.16735732125701), (56.687159772932766, 26.24926597875307), (56.67404397088626, 26.33299725796251), (56.652510311405585, 26.413175649964376), (56.615294223098616, 26.47100572174324), (56.56047921592493, 26.50926946879958), (56.488779498070684, 26.527529612707852), (56.422753872165, 26.521262583548584), (56.35474014695487, 26.496588394458662), (56.27798934063656, 26.462974250363594), (56.2005028233302, 26.420168776278537), (56.12594603288787, 26.370432816112334), (56.058937938154855, 26.315022602928096), (56.005132073396574, 26.254370703099408), (55.97127062213742, 26.18854666651377), (55.96521155330295, 26.117997384182836), (55.99592880966533, 26.044567153259294), (56.07348554859199, 25.972797449460426)
Associated file(s): api_response_2023-11-22_11-18-44.json, api_response_2023-11-22_12-38-58.json, api_response_2023-11-22_10-38-38.json, api_response_2023-11-22_11-38-47.json, api_response_2023-11-22_12-18-55.json, api_response_2023-11-22_09-58-31.json, api_response_2023-11-22_10-18-35.json, api_response_2023-11-22_11-58-52.json, api_response_2023-11-22_10-58-41.json, api_response_2023-11-22_11-18-44.json, api_response_2023-11-22_12-38-58.json, api_response_2023-11-22_10-38-38.json, api_response_2023-11-22_11-38-47.json, api_response_2023-11-22_12-18-55.json, api_response_2023-11-22_09-58-31.json, api_response_2023-11-22_10-18-35.json, api_response_2023-11-22_11-58-52.json, api_response_2023-11-22_10-58-41.json

Record time: 2023-11-22T08:46:09Z
Event time: 2023-11-22T22:36:19.800Z
Status: Underway
Travel distance: 152.4708423326134
Waypoints: (57.74601067266888, 25.400854403547523), (57.68246150525593, 25.44901598432276), (57.61036034152379, 25.467865346060325), (57.536712212111304, 25.486724817291265), (57.464856884010516, 25.519533761588427), (57.395593879793985, 25.569540650465665), (57.32816050940535, 25.633321124359025), (57.26106291451322, 25.704122041689892), (57.19276012542828, 25.774531516010093), (57.122201127653035, 25.83847493990333), (57.053497692162864, 25.898154020886782), (56.97425450367756, 25.939997042641902), (56.89913827014654, 25.97679628393681), (56.82871998122786, 26.009982323758546), (56.76978932582578, 26.05179895802248), (56.727519131040545, 26.104524935075535), (56.70185851660558, 26.16735732125701), (56.687159772932766, 26.24926597875307), (56.67404397088626, 26.33299725796251), (56.652510311405585, 26.413175649964376), (56.615294223098616, 26.47100572174324), (56.56047921592493, 26.50926946879958), (56.488779498070684, 26.527529612707852), (56.422753872165, 26.521262583548584), (56.35474014695487, 26.496588394458662), (56.27798934063656, 26.462974250363594), (56.2005028233302, 26.420168776278537), (56.12594603288787, 26.370432816112334), (56.058937938154855, 26.315022602928096), (56.005132073396574, 26.254370703099408), (55.97127062213742, 26.18854666651377), (55.96521155330295, 26.117997384182836), (55.99592880966533, 26.044567153259294), (56.07348554859199, 25.972797449460426)
Associated file(s): api_response_2023-11-22_13-19-04.json, api_response_2023-11-22_14-19-15.json, api_response_2023-11-22_13-59-12.json, api_response_2023-11-22_12-59-01.json, api_response_2023-11-22_13-39-08.json, api_response_2023-11-22_13-19-04.json, api_response_2023-11-22_14-19-15.json, api_response_2023-11-22_13-59-12.json, api_response_2023-11-22_12-59-01.json, api_response_2023-11-22_13-39-08.json

Record time: 2023-11-22T10:10:24Z
Event time: 2023-11-22T22:04:37.200Z
Status: Underway
Travel distance: 135.65550755939526
Waypoints: (57.4734833562485, 25.555530817441195), (57.389356187532165, 25.554864539000032), (57.32424419075977, 25.61469466838313), (57.26274889010701, 25.696275972491495), (57.19704920055872, 25.776625974575502), (57.12489994897869, 25.844668987842514), (57.047853514570534, 25.89781968927501), (56.96970458872985, 25.93900623365927), (56.895158054287386, 25.97413290782458), (56.82871998122786, 26.009982323758546), (56.76978932582578, 26.05179895802248), (56.727519131040545, 26.104524935075535), (56.70185851660558, 26.16735732125701), (56.687159772932766, 26.24926597875307), (56.67404397088626, 26.33299725796251), (56.652510311405585, 26.413175649964376), (56.615294223098616, 26.47100572174324), (56.56047921592493, 26.50926946879958), (56.488779498070684, 26.527529612707852), (56.422753872165, 26.521262583548584), (56.35474014695487, 26.496588394458662), (56.27798934063656, 26.462974250363594), (56.2005028233302, 26.420168776278537), (56.12594603288787, 26.370432816112334), (56.058937938154855, 26.315022602928096), (56.005132073396574, 26.254370703099408), (55.97127062213742, 26.18854666651377), (55.96521155330295, 26.117997384182836), (55.99592880966533, 26.044567153259294), (56.07348554859199, 25.972797449460426)
Associated file(s): api_response_2023-11-22_15-39-28.json, api_response_2023-11-22_14-59-21.json, api_response_2023-11-22_15-19-24.json, api_response_2023-11-22_14-39-18.json, api_response_2023-11-22_15-39-28.json, api_response_2023-11-22_14-59-21.json, api_response_2023-11-22_15-19-24.json, api_response_2023-11-22_14-39-18.json

Record time: 2023-11-22T11:52:33Z
Event time: 2023-11-22T21:40:50.500Z
Status: Underway
Travel distance: 114.80777537796976
Waypoints: (57.18125639981325, 25.758114030030605), (57.13096769201342, 25.85054166679817), (57.055529399525284, 25.90703725118421), (56.9722327612207, 25.943475429354688), (56.89307087265893, 25.973062883633325), (56.82533869634121, 26.005845074898286), (56.7722733992877, 26.048423707944288), (56.73373501793684, 26.103884919810103), (56.70692745036709, 26.171938191071533), (56.687159772932766, 26.24926597875307), (56.67404397088626, 26.33299725796251), (56.652510311405585, 26.413175649964376), (56.615294223098616, 26.47100572174324), (56.56047921592493, 26.50926946879958), (56.488779498070684, 26.527529612707852), (56.422753872165, 26.521262583548584), (56.35474014695487, 26.496588394458662), (56.27798934063656, 26.462974250363594), (56.2005028233302, 26.420168776278537), (56.12594603288787, 26.370432816112334), (56.058937938154855, 26.315022602928096), (56.005132073396574, 26.254370703099408), (55.97127062213742, 26.18854666651377), (55.96521155330295, 26.117997384182836), (55.99592880966533, 26.044567153259294), (56.07348554859199, 25.972797449460426)
Associated file(s): api_response_2023-11-22_16-59-41.json, api_response_2023-11-22_16-19-34.json, api_response_2023-11-22_17-39-47.json, api_response_2023-11-22_15-59-31.json, api_response_2023-11-22_16-39-38.json, api_response_2023-11-22_17-19-44.json, api_response_2023-11-22_16-59-41.json, api_response_2023-11-22_16-19-34.json, api_response_2023-11-22_17-39-47.json, api_response_2023-11-22_15-59-31.json, api_response_2023-11-22_16-39-38.json, api_response_2023-11-22_17-19-44.json

Record time: 2023-11-22T13:44:37Z
Event time: 2023-11-22T21:20:58.333Z
Status: Underway
Travel distance: 87.61879049676025
Waypoints: (56.98127535523469, 26.120053974984963), (56.902131414672674, 26.172795973017507), (56.837686217784224, 26.24972022191249), (56.77286413003236, 26.333180086931055), (56.70295401562426, 26.409828137085757), (56.6290865471502, 26.470503418358113), (56.55469143146734, 26.509967941252153), (56.48293455182846, 26.526492382683998), (56.41513502647003, 26.521291002308256), (56.35291034491837, 26.492540960730334), (56.2830065120244, 26.454482079194204), (56.20619458346576, 26.412390285155126), (56.12855820635745, 26.367983786288182), (56.05680132671857, 26.319396972366434), (55.99981856892597, 26.262640910139375), (55.96717353863903, 26.194185547728164), (55.9669034335203, 26.11474820443336), (56.00264996153761, 26.034288345854616), (56.07011656684788, 25.978208644322265)
Associated file(s): api_response_2023-11-22_17-59-51.json, api_response_2023-11-22_17-59-51.json

Record time: 2023-11-22T13:59:39Z
Event time: 2023-11-22T21:04:25.333Z
Status: Underway
Travel distance: 85.27861771058315
Waypoints: (56.915159275518384, 26.120053974984963), (56.82430816251122, 26.172795973017507), (56.76250120166673, 26.24972022191249), (56.71049340327129, 26.333180086931055), (56.65874652931978, 26.409828137085757), (56.60381021643654, 26.470503418358113), (56.54544745825169, 26.509967941252153), (56.48450444723262, 26.526492382683998), (56.42152477618536, 26.521291002308256), (56.3555203141476, 26.492540960730334), (56.280603832770055, 26.454482079194204), (56.20164833742573, 26.412390285155126), (56.12529338925306, 26.367983786288182), (56.057065150323, 26.319396972366434), (56.00324827578314, 26.262640910139375), (55.970669201397286, 26.194185547728164), (55.9664794312989, 26.11474820443336), (55.997938825744704, 26.034288345854616), (56.07219888886817, 25.978208644322265)
Associated file(s): api_response_2023-11-22_18-39-57.json, api_response_2023-11-22_18-19-54.json, api_response_2023-11-22_18-39-57.json, api_response_2023-11-22_18-19-54.json

Record time: 2023-11-22T14:48:39Z
Event time: 2023-11-22T21:20:02Z
Status: Underway
Travel distance: 76.88066954643628
Waypoints: (56.84048714505095, 26.25849406273593), (56.762860818365674, 26.310948625596538), (56.69953749994736, 26.401576971568783), (56.63318021007847, 26.479125023655413), (56.56075497730844, 26.5233595930353), (56.485902567377956, 26.533288611529727), (56.413376202226246, 26.517657285184598), (56.34554526851817, 26.48772016870364), (56.28421570276798, 26.449593626934195), (56.21109476812028, 26.4136123978649), (56.13264493546024, 26.369627929970534), (56.05696790764832, 26.320063425669762), (55.995931736938886, 26.261796510421004), (55.962761427090854, 26.192710216329196), (55.96714901657323, 26.114470217529686), (56.00853605459704, 26.035988454216046), (56.067568470535264, 25.977573145575878)
Associated file(s): api_response_2023-11-22_20-20-15.json, api_response_2023-11-22_19-00-00.json, api_response_2023-11-22_19-20-05.json, api_response_2023-11-22_19-40-09.json, api_response_2023-11-22_20-00-12.json, api_response_2023-11-22_20-20-15.json, api_response_2023-11-22_19-00-00.json, api_response_2023-11-22_19-20-05.json, api_response_2023-11-22_19-40-09.json, api_response_2023-11-22_20-00-12.json

Record time: 2023-11-22T16:34:30Z
Event time: 2023-11-22T21:45:24.500Z
Status: Underway
Travel distance: 59.75053995680346
Waypoints: (56.62603481834167, 26.601424520979734), (56.566072206760936, 26.54471823735328), (56.4846384126069, 26.529670480525013), (56.41148969433711, 26.515227513923346), (56.34841809552815, 26.48916393511078), (56.2859382878538, 26.453351713836284), (56.215206744931706, 26.41314756367207), (56.13708273781427, 26.377082967528384), (56.05990286837563, 26.324484406858293), (55.994434553358346, 26.25889422469038), (55.95844668121216, 26.1855637886576), (55.965723969376796, 26.112395539477564), (56.013522658955516, 26.044290703209604), (56.06580032087287, 25.974570819356572)
Associated file(s): api_response_2023-11-22_23-40-47.json, api_response_2023-11-22_22-40-38.json, api_response_2023-11-22_22-00-31.json, api_response_2023-11-22_22-20-34.json, api_response_2023-11-22_20-40-18.json, api_response_2023-11-22_23-20-44.json, api_response_2023-11-22_21-40-28.json, api_response_2023-11-22_23-00-41.json, api_response_2023-11-22_21-20-25.json, api_response_2023-11-22_21-00-21.json, api_response_2023-11-22_23-40-47.json, api_response_2023-11-22_22-40-38.json, api_response_2023-11-22_22-00-31.json, api_response_2023-11-22_22-20-34.json, api_response_2023-11-22_20-40-18.json, api_response_2023-11-22_23-20-44.json, api_response_2023-11-22_21-40-28.json, api_response_2023-11-22_23-00-41.json, api_response_2023-11-22_21-20-25.json, api_response_2023-11-22_21-00-21.json

Record time: 2023-11-22T19:42:15Z
Event time: 2023-11-22T21:42:38Z
Status: Underway
Travel distance: 26.80291576673866
Waypoints: (56.06844254326268, 26.32438739789965), (55.99844448765313, 26.254375729288213), (55.92844643204356, 26.184364060676778), (55.99844448765313, 26.114352392065342), (55.99844448765313, 26.044340723453907), (56.06844254326268, 25.97432905484247)
Associated file(s): api_response_2023-11-23_00-00-51.json, api_response_2023-11-23_00-41-00.json, api_response_2023-11-23_00-20-56.json, api_response_2023-11-23_00-00-51.json, api_response_2023-11-23_00-41-00.json, api_response_2023-11-23_00-20-56.json

Record time: 2023-11-22T20:46:25Z
Event time: 2023-11-22T21:26:38Z
Status: Underway
Travel distance: 9.857451403887689
Waypoints: (55.99844448765313, 26.114352392065342), (55.99844448765313, 26.044340723453907), (56.06844254326268, 25.97432905484247)
Associated file(s): api_response_2023-11-23_01-01-03.json, api_response_2023-11-23_01-41-12.json, api_response_2023-11-23_01-21-08.json, api_response_2023-11-23_01-01-03.json, api_response_2023-11-23_01-41-12.json, api_response_2023-11-23_01-21-08.json

Record time: 2023-11-22T21:40:21Z
Event time: 2023-11-22T21:53:28.333Z
Status: Underway
Travel distance: 9.431965442764579
Waypoints: (55.92844643204356, 26.044340723453907), (55.99844448765313, 25.97432905484247), (56.06844254326268, 25.97432905484247)
Associated file(s): api_response_2023-11-23_02-01-15.json, api_response_2023-11-23_02-01-15.json

Record time: 2023-11-23T08:59:04Z
Event time: 2023-11-23T08:59:04Z
Status: Arrived
Travel distance: N/A
Waypoints: 
Associated file(s): api_response_2023-11-23_20-04-10.json, api_response_2023-11-23_19-44-07.json, api_response_2023-11-23_22-24-33.json, api_response_2023-11-23_15-43-26.json, api_response_2023-11-24_00-04-49.json, api_response_2023-11-23_16-03-30.json, api_response_2023-11-23_17-03-39.json, api_response_2023-11-23_20-24-13.json, api_response_2023-11-23_23-04-39.json, api_response_2023-11-23_18-43-57.json, api_response_2023-11-23_17-43-47.json, api_response_2023-11-23_14-03-11.json, api_response_2023-11-23_14-23-14.json, api_response_2023-11-23_13-03-01.json, api_response_2023-11-23_16-23-33.json, api_response_2023-11-23_21-44-26.json, api_response_2023-11-23_13-23-04.json, api_response_2023-11-23_20-44-16.json, api_response_2023-11-23_15-03-20.json, api_response_2023-11-23_16-43-36.json, api_response_2023-11-23_19-04-00.json, api_response_2023-11-23_21-24-23.json, api_response_2023-11-23_17-23-43.json, api_response_2023-11-23_22-04-29.json, api_response_2023-11-24_00-44-55.json, api_response_2023-11-24_00-24-52.json, api_response_2023-11-23_14-43-17.json, api_response_2023-11-23_18-23-54.json, api_response_2023-11-23_22-44-36.json, api_response_2023-11-23_15-23-23.json, api_response_2023-11-23_13-43-07.json, api_response_2023-11-23_19-24-03.json, api_response_2023-11-23_21-04-20.json, api_response_2023-11-23_23-44-45.json, api_response_2023-11-23_18-03-50.json, api_response_2023-11-23_23-24-42.json, api_response_2023-11-23_20-04-10.json, api_response_2023-11-23_19-44-07.json, api_response_2023-11-23_22-24-33.json, api_response_2023-11-23_15-43-26.json, api_response_2023-11-24_00-04-49.json, api_response_2023-11-23_16-03-30.json, api_response_2023-11-23_17-03-39.json, api_response_2023-11-23_20-24-13.json, api_response_2023-11-23_23-04-39.json, api_response_2023-11-23_18-43-57.json, api_response_2023-11-23_17-43-47.json, api_response_2023-11-23_14-03-11.json, api_response_2023-11-23_14-23-14.json, api_response_2023-11-23_13-03-01.json, api_response_2023-11-23_16-23-33.json, api_response_2023-11-23_21-44-26.json, api_response_2023-11-23_13-23-04.json, api_response_2023-11-23_20-44-16.json, api_response_2023-11-23_15-03-20.json, api_response_2023-11-23_16-43-36.json, api_response_2023-11-23_19-04-00.json, api_response_2023-11-23_21-24-23.json, api_response_2023-11-23_17-23-43.json, api_response_2023-11-23_22-04-29.json, api_response_2023-11-24_00-44-55.json, api_response_2023-11-24_00-24-52.json, api_response_2023-11-23_14-43-17.json, api_response_2023-11-23_18-23-54.json, api_response_2023-11-23_22-44-36.json, api_response_2023-11-23_15-23-23.json, api_response_2023-11-23_13-43-07.json, api_response_2023-11-23_19-24-03.json, api_response_2023-11-23_21-04-20.json, api_response_2023-11-23_23-44-45.json, api_response_2023-11-23_18-03-50.json, api_response_2023-11-23_23-24-42.json
