Record time: 2023-06-20T15:00:12Z
Event time: 2023-06-21T13:13:12.666Z
Status: Underway
Travel distance: 281.9368250539957
Waypoints: (51.30857476181214, 26.606350763751514), (51.378572817421734, 26.528492700381765), (51.44857087303131, 26.46583143307938), (51.518568928640875, 26.400905810606957), (51.588566984250434, 26.328218581754314), (51.65856503986, 26.25005869003556), (51.72856309546957, 26.172971004330915), (51.79856115107914, 26.10487348547332), (51.86855920668871, 26.05282178877977), (51.93855725963364, 26.02142130119241), (52.00855531523963, 26.010496879836886), (52.0785533708456, 26.026010839839877), (52.14855142645157, 26.05076230658259), (52.21854948205756, 26.074364032637448), (52.288547537663526, 26.091687420608228), (52.358545593269504, 26.10447027527234), (52.428543648875475, 26.10944243254216), (52.49854170448145, 26.12293963428939), (52.568539760087425, 26.147585551067316), (52.6385378156934, 26.163894905447815), (52.708535871299375, 26.17781430705419), (52.778533926905354, 26.186827520118744), (52.848531982511325, 26.1820513842121), (52.91853003811731, 26.15781258872692), (52.98852809372327, 26.138189719380406), (53.058526149329246, 26.12642089830658), (53.12852420493523, 26.121567484747143), (53.198522260541196, 26.117714911032394), (53.268520316147175, 26.101235922779914), (53.33851837175316, 26.078199642965), (53.40851642735913, 26.047456330899777), (53.47851448296509, 26.012449554185455), (53.54851253857108, 25.98066582103876), (53.618510594177046, 25.96649573826601), (53.688508649783024, 25.96307855815601), (53.758506705388996, 25.968844224982536), (53.828504760994974, 25.976945184779996), (53.89850281660096, 25.97991189271885), (53.96850087220693, 25.97500193453542), (54.038498927812924, 25.972534704108508), (54.10849698341888, 25.972534704108508), (54.17849503902486, 25.976796283936814), (54.24849309463083, 25.977444662291937), (54.31849115023681, 25.973829575997957), (54.38848920584279, 25.96934370249448), (54.45848726144877, 25.968063909171427), (54.528485317054745, 25.970966533203086), (54.59848337266071, 25.986495571772476), (54.668481428266695, 26.003398644704912), (54.73847948387265, 26.017887262192822), (54.80847753947863, 26.02965608326665), (54.8784755950846, 26.04143809808608), (54.94847365069058, 26.048364814525275), (55.018471706296545, 26.05344252175988), (55.08846976190252, 26.066383701371176), (55.15846781750851, 26.09144050908346), (55.22846587311449, 26.11901920702584), (55.29846392872046, 26.129958706947768), (55.36846198432644, 26.106328708580925), (55.43846003993242, 26.066851136929515), (55.5084580983862, 26.047141190198378), (55.57845615399576, 26.034574541614095), (55.648454209605326, 26.032127153209657), (55.718452265214886, 26.03980262327932), (55.78845032082445, 26.053909358939187), (55.85844837643401, 26.06651322416689), (55.92844643204357, 26.06506566465783), (55.998444487653124, 26.032207309497796), (56.06844254326265, 25.945747049652102)
Associated file(s): api_response_2023-06-20_19-34-59.json, api_response_2023-06-20_20-05-05.json, api_response_2023-06-20_19-55-03.json, api_response_2023-06-20_19-45-01.json, api_response_2023-06-20_19-14-55.json, api_response_2023-06-20_20-25-08.json, api_response_2023-06-20_19-04-53.json, api_response_2023-06-20_20-15-06.json, api_response_2023-06-20_19-24-57.json, api_response_2023-06-20_19-34-59.json, api_response_2023-06-20_20-05-05.json, api_response_2023-06-20_19-55-03.json, api_response_2023-06-20_19-45-01.json, api_response_2023-06-20_19-14-55.json, api_response_2023-06-20_20-25-08.json, api_response_2023-06-20_19-04-53.json, api_response_2023-06-20_20-15-06.json, api_response_2023-06-20_19-24-57.json

Record time: 2023-06-20T16:30:53Z
Event time: 2023-06-21T13:46:18.875Z
Status: Underway
Travel distance: 267.14200863930887
Waypoints: (51.58856698425041, 26.745992510436082), (51.658565039860015, 26.670204551462422), (51.72856309546958, 26.604823373514254), (51.798561151079134, 26.538705830349034), (51.868559206688694, 26.467748581411765), (51.938557262298254, 26.392713951042328), (52.00855531790783, 26.317346050086005), (52.07855337351741, 26.246777159907193), (52.14855142912699, 26.186224378806273), (52.21854948205756, 26.1399765294986), (52.288547537663526, 26.10953667358215), (52.358545593269504, 26.10035194182482), (52.428543648875475, 26.102355506334987), (52.49854170448145, 26.11923973105942), (52.568539760087425, 26.144094862946123), (52.6385378156934, 26.167183917743433), (52.708535871299375, 26.18160279686175), (52.778533926905354, 26.187500401144266), (52.848531982511325, 26.180257034810708), (52.91853003811731, 26.15781258872692), (52.98852809372327, 26.138189719380406), (53.058526149329246, 26.12642089830658), (53.12852420493523, 26.121567484747143), (53.198522260541196, 26.117714911032394), (53.268520316147175, 26.101235922779914), (53.33851837175316, 26.078199642965), (53.40851642735913, 26.047456330899777), (53.47851448296509, 26.012449554185455), (53.54851253857108, 25.98066582103876), (53.618510594177046, 25.96649573826601), (53.688508649783024, 25.96307855815601), (53.758506705388996, 25.968844224982536), (53.828504760994974, 25.976945184779996), (53.89850281660096, 25.97991189271885), (53.96850087220693, 25.97500193453542), (54.038498927812924, 25.972534704108508), (54.10849698341888, 25.972534704108508), (54.17849503902486, 25.976796283936814), (54.24849309463083, 25.977444662291937), (54.31849115023681, 25.973829575997957), (54.38848920584279, 25.96934370249448), (54.45848726144877, 25.968063909171427), (54.528485317054745, 25.970966533203086), (54.59848337266071, 25.986495571772476), (54.668481428266695, 26.003398644704912), (54.73847948387265, 26.017887262192822), (54.80847753947863, 26.02965608326665), (54.8784755950846, 26.04143809808608), (54.94847365069058, 26.048364814525275), (55.018471706296545, 26.05344252175988), (55.08846976190252, 26.066383701371176), (55.15846781750851, 26.09144050908346), (55.22846587311449, 26.11901920702584), (55.29846392872046, 26.129958706947768), (55.36846198432644, 26.106328708580925), (55.43846003993242, 26.066851136929515), (55.5084580983862, 26.047141190198378), (55.57845615399576, 26.034574541614095), (55.648454209605326, 26.032127153209657), (55.718452265214886, 26.03980262327932), (55.78845032082445, 26.053909358939187), (55.85844837643401, 26.06651322416689), (55.92844643204357, 26.06506566465783), (55.998444487653124, 26.032207309497796), (56.06844254326265, 25.945747049652102)
Associated file(s): api_response_2023-06-20_20-35-10.json, api_response_2023-06-20_20-45-12.json, api_response_2023-06-20_20-35-10.json, api_response_2023-06-20_20-45-12.json

Record time: 2023-06-20T16:53:23Z
Event time: 2023-06-21T14:24:10.250Z
Status: Underway
Travel distance: 271.15064794816413
Waypoints: (51.58393287124499, 26.8166677387775), (51.601182069654186, 26.73964703846177), (51.65337059292909, 26.673325951784896), (51.72225555276774, 26.608059679366576), (51.79670599146097, 26.53925756880136), (51.87083840279109, 26.466129897308836), (51.94240213157293, 26.390556413807452), (52.011414651837455, 26.316076640412035), (52.079046723657676, 26.24700193335496), (52.14675742594175, 26.18764930198744), (52.21854948205756, 26.1399765294986), (52.288547537663526, 26.10953667358215), (52.358545593269504, 26.10035194182482), (52.428543648875475, 26.102355506334987), (52.49854170448145, 26.11923973105942), (52.568539760087425, 26.144094862946123), (52.6385378156934, 26.167183917743433), (52.708535871299375, 26.18160279686175), (52.778533926905354, 26.187500401144266), (52.848531982511325, 26.180257034810708), (52.91853003811731, 26.15781258872692), (52.98852809372327, 26.138189719380406), (53.058526149329246, 26.12642089830658), (53.12852420493523, 26.121567484747143), (53.198522260541196, 26.117714911032394), (53.268520316147175, 26.101235922779914), (53.33851837175316, 26.078199642965), (53.40851642735913, 26.047456330899777), (53.47851448296509, 26.012449554185455), (53.54851253857108, 25.98066582103876), (53.618510594177046, 25.96649573826601), (53.688508649783024, 25.96307855815601), (53.758506705388996, 25.968844224982536), (53.828504760994974, 25.976945184779996), (53.89850281660096, 25.97991189271885), (53.96850087220693, 25.97500193453542), (54.038498927812924, 25.972534704108508), (54.10849698341888, 25.972534704108508), (54.17849503902486, 25.976796283936814), (54.24849309463083, 25.977444662291937), (54.31849115023681, 25.973829575997957), (54.38848920584279, 25.96934370249448), (54.45848726144877, 25.968063909171427), (54.528485317054745, 25.970966533203086), (54.59848337266071, 25.986495571772476), (54.668481428266695, 26.003398644704912), (54.73847948387265, 26.017887262192822), (54.80847753947863, 26.02965608326665), (54.8784755950846, 26.04143809808608), (54.94847365069058, 26.048364814525275), (55.018471706296545, 26.05344252175988), (55.08846976190252, 26.066383701371176), (55.15846781750851, 26.09144050908346), (55.22846587311449, 26.11901920702584), (55.29846392872046, 26.129958706947768), (55.36846198432644, 26.106328708580925), (55.43846003993242, 26.066851136929515), (55.5084580983862, 26.047141190198378), (55.57845615399576, 26.034574541614095), (55.648454209605326, 26.032127153209657), (55.718452265214886, 26.03980262327932), (55.78845032082445, 26.053909358939187), (55.85844837643401, 26.06651322416689), (55.92844643204357, 26.06506566465783), (55.998444487653124, 26.032207309497796), (56.06844254326265, 25.945747049652102)
Associated file(s): api_response_2023-06-20_21-05-16.json, api_response_2023-06-20_21-25-19.json, api_response_2023-06-20_20-55-14.json, api_response_2023-06-20_21-35-21.json, api_response_2023-06-20_21-15-18.json, api_response_2023-06-20_21-05-16.json, api_response_2023-06-20_21-25-19.json, api_response_2023-06-20_20-55-14.json, api_response_2023-06-20_21-35-21.json, api_response_2023-06-20_21-15-18.json

Record time: 2023-06-20T17:44:23Z
Event time: 2023-06-21T15:02:33.888Z
Status: Underway
Travel distance: 257.0939524838013
Waypoints: (51.72856309546959, 26.948516882347054), (51.798561151079156, 26.97788847895146), (51.868559206688715, 27.001321690604854), (51.938557262298275, 27.01850449379117), (52.00855531790784, 27.02944622694073), (52.078553373517416, 27.03432341208881), (52.14855142912699, 27.033362707503958), (52.218549484736556, 27.02676099128609), (52.28854754034613, 27.014642575934324), (52.358545593269504, 26.997053552499555), (52.428543648875475, 26.97798482046817), (52.49854170448145, 26.942823488448276), (52.568539760087425, 26.909096505057004), (52.6385378156934, 26.8696208182264), (52.708535871299375, 26.825140932172378), (52.778533926905354, 26.787193835010395), (52.848531982511325, 26.74739961346463), (52.91853003811731, 26.703564336124142), (52.98852809372327, 26.655708736017722), (53.058526149329246, 26.62055494328101), (53.12852420493523, 26.577833595033187), (53.198522260541196, 26.53953969084405), (53.268520316147175, 26.493254146463844), (53.33851837175316, 26.444039590560777), (53.40851642735913, 26.38330500992945), (53.47851448296509, 26.32572561931696), (53.54851253857108, 26.275743941348384), (53.618510594177046, 26.231109499988786), (53.688508649783024, 26.20308221469605), (53.758506705388996, 26.182986255328792), (53.828504760994974, 26.1786323192813), (53.89850281660096, 26.18318227669197), (53.96850087220693, 26.18316719812557), (54.038498927812924, 26.18453746284701), (54.10849698341888, 26.18568531871408), (54.17849503902486, 26.186831289760345), (54.24849309463083, 26.184364059333433), (54.31849115023681, 26.18369117830791), (54.38848920584279, 26.178781220124485), (54.45848726144877, 26.181747928063334), (54.528485317054745, 26.1880545384594), (54.59848337266071, 26.19808178511423), (54.668481428266695, 26.195312983359354), (54.73847948387265, 26.175733464891234), (54.80847753947863, 26.143725438069364), (54.8784755950846, 26.109881595788508), (54.94847365069058, 26.07775294043545), (55.018471706296545, 26.05658828767471), (55.08846976190252, 26.058050908615346), (55.15846781750851, 26.083305622511606), (55.22846587311449, 26.11600160892539), (55.29846392872046, 26.130780488816473), (55.36846198432644, 26.111911547789873), (55.43846003993242, 26.067524017955037), (55.5084580983862, 26.046722508671362), (55.57845615399576, 26.033553665553093), (55.648454209605326, 26.03125852497666), (55.718452265214886, 26.039657172229347), (55.78845032082445, 26.054522039930692), (55.85844837643401, 26.067293300091745), (55.92844643204357, 26.0651363511494), (55.998444487653124, 26.03134139997603), (56.06844254326265, 25.946065138864192)
Associated file(s): api_response_2023-06-20_21-45-23.json, api_response_2023-06-20_22-55-36.json, api_response_2023-06-20_22-25-30.json, api_response_2023-06-20_22-15-28.json, api_response_2023-06-20_21-55-25.json, api_response_2023-06-20_23-05-37.json, api_response_2023-06-20_22-05-26.json, api_response_2023-06-20_22-45-34.json, api_response_2023-06-20_22-35-32.json, api_response_2023-06-20_21-45-23.json, api_response_2023-06-20_22-55-36.json, api_response_2023-06-20_22-25-30.json, api_response_2023-06-20_22-15-28.json, api_response_2023-06-20_21-55-25.json, api_response_2023-06-20_23-05-37.json, api_response_2023-06-20_22-05-26.json, api_response_2023-06-20_22-45-34.json, api_response_2023-06-20_22-35-32.json

Record time: 2023-06-20T19:13:03Z
Event time: 2023-06-21T15:33:44.375Z
Status: Underway
Travel distance: 245.83963282937364
Waypoints: (52.00855531790788, 27.099901713734766), (52.07855337351743, 27.07158536546882), (52.148551429127, 27.049816199272275), (52.218549484736556, 27.032048850328565), (52.28854754034612, 27.015290308881152), (52.3585455959557, 26.996685157091896), (52.42854365156526, 26.973955674697816), (52.49854170717484, 26.945696813466277), (52.56853976278441, 26.911526040448578), (52.6385378156934, 26.87208804865331), (52.708535871299375, 26.823346582770984), (52.778533926905354, 26.787193835010395), (52.848531982511325, 26.74739961346463), (52.91853003811731, 26.703564336124142), (52.98852809372327, 26.655708736017722), (53.058526149329246, 26.62055494328101), (53.12852420493523, 26.57962794443458), (53.198522260541196, 26.53886680981853), (53.268520316147175, 26.48946565665629), (53.33851837175316, 26.438956228863766), (53.40851642735913, 26.385674229674773), (53.47851448296509, 26.337475592182788), (53.54851253857108, 26.288562607607687), (53.618510594177046, 26.229243527397), (53.688508649783024, 26.16899711535282), (53.758506705388996, 26.103275298885276), (53.828504760994974, 26.04830826990128), (53.89850281660096, 26.007232370211664), (53.96850087220693, 25.974998164893822), (54.038498927812924, 25.961683790764173), (54.10849698341888, 25.962105990623325), (54.17849503902486, 25.976894294618404), (54.24849309463083, 25.980733674587555), (54.31849115023681, 25.97761806580552), (54.38848920584279, 25.970016583520003), (54.45848726144877, 25.966269559770033), (54.528485317054745, 25.970966533203086), (54.59848337266071, 25.986495571772476), (54.668481428266695, 26.003398644704912), (54.73847948387265, 26.017887262192822), (54.80847753947863, 26.02965608326665), (54.8784755950846, 26.04143809808608), (54.94847365069058, 26.048364814525275), (55.018471706296545, 26.05344252175988), (55.08846976190252, 26.066383701371176), (55.15846781750851, 26.09144050908346), (55.22846587311449, 26.11901920702584), (55.29846392872046, 26.129958706947768), (55.36846198432644, 26.106328708580925), (55.43846003993242, 26.066851136929515), (55.5084580983862, 26.047141190198378), (55.57845615399576, 26.034574541614095), (55.648454209605326, 26.032127153209657), (55.718452265214886, 26.03980262327932), (55.78845032082445, 26.053909358939187), (55.85844837643401, 26.06651322416689), (55.92844643204357, 26.06506566465783), (55.998444487653124, 26.032207309497796), (56.06844254326265, 25.945747049652102)
Associated file(s): api_response_2023-06-20_23-15-39.json, api_response_2023-06-20_23-15-39.json

Record time: 2023-11-09T08:39:38Z
Event time: 2023-11-10T12:42:38Z
Status: Underway
Travel distance: 317.60691144708426
Waypoints: (50.748590316935626, 26.252694400595782), (50.81858837254521, 26.322716167277456), (50.888586428154774, 26.403025457232186), (50.95858448376434, 26.47230186296116), (51.02858253937391, 26.517742482160198), (51.098580594983474, 26.533367652302758), (51.168578650593055, 26.518478601779385), (51.23857670620263, 26.47626701759365), (51.3085747618122, 26.41257652961455), (51.37857281478584, 26.3348161100343), (51.448570870391826, 26.25370284691575), (51.5185689259978, 26.171941205442074), (51.58856698160376, 26.09784324534031), (51.658565037209755, 26.035777981224335), (51.728563092815726, 26.003146078717737), (51.79856114842171, 25.987313583999587), (51.86855920402767, 25.990253904447243), (51.93855725963364, 26.005439905631075), (52.00855531523963, 26.024885601822408), (52.0785533708456, 26.05009696484027), (52.14855142645157, 26.067209252881476), (52.21854948205756, 26.07545345905972), (52.288547537663526, 26.082118185407744), (52.358545593269504, 26.097066699170803), (52.428543648875475, 26.109417929871764), (52.49854170448145, 26.128995563519084), (52.568539760087425, 26.145791201665926), (52.6385378156934, 26.163894905447815), (52.708535871299375, 26.17781430705419), (52.778533926905354, 26.186827520118744), (52.848531982511325, 26.1820513842121), (52.91853003811731, 26.15781258872692), (52.98852809372327, 26.138189719380406), (53.058526149329246, 26.12642089830658), (53.12852420493523, 26.121567484747143), (53.198522260541196, 26.117714911032394), (53.268520316147175, 26.101235922779914), (53.33851837175316, 26.078199642965), (53.40851642735913, 26.047456330899777), (53.47851448296509, 26.012449554185455), (53.54851253857108, 25.98066582103876), (53.618510594177046, 25.96649573826601), (53.688508649783024, 25.96307855815601), (53.758506705388996, 25.968844224982536), (53.828504760994974, 25.976945184779996), (53.89850281660096, 25.97991189271885), (53.96850087220693, 25.97500193453542), (54.038498927812924, 25.972534704108508), (54.10849698341888, 25.972534704108508), (54.17849503902486, 25.976796283936814), (54.24849309463083, 25.977444662291937), (54.31849115023681, 25.973829575997957), (54.38848920584279, 25.96934370249448), (54.45848726144877, 25.968063909171427), (54.528485317054745, 25.970966533203086), (54.59848337266071, 25.986495571772476), (54.668481428266695, 26.003398644704912), (54.73847948387265, 26.017887262192822), (54.80847753947863, 26.02965608326665), (54.8784755950846, 26.04143809808608), (54.94847365069058, 26.048364814525275), (55.018471706296545, 26.05344252175988), (55.08846976190252, 26.066383701371176), (55.15846781750851, 26.09144050908346), (55.22846587311449, 26.11901920702584), (55.29846392872046, 26.129958706947768), (55.36846198432644, 26.106328708580925), (55.43846003993242, 26.066851136929515), (55.5084580983862, 26.047141190198378), (55.57845615399576, 26.034574541614095), (55.648454209605326, 26.032127153209657), (55.718452265214886, 26.03980262327932), (55.78845032082445, 26.053909358939187), (55.85844837643401, 26.06651322416689), (55.92844643204357, 26.06506566465783), (55.998444487653124, 26.032207309497796), (56.06844254326265, 25.945747049652102)
Associated file(s): api_response_2023-11-09_12-46-49.json, api_response_2023-11-09_12-46-49.json

Record time: 2023-11-09T09:01:18Z
Event time: 2023-11-10T12:02:35Z
Status: Underway
Travel distance: 312.1598272138229
Waypoints: (50.818588372545214, 26.31649575601896), (50.888586428154795, 26.40790698317968), (50.958584483764355, 26.475702091107305), (51.028582539373915, 26.51691711342037), (51.098580594983474, 26.530089343504496), (51.16857865059304, 26.515562863964075), (51.23857670620261, 26.475627457915206), (51.30857476181218, 26.414490902119937), (51.378572817421755, 26.33808464196181), (51.448570870391826, 26.25370284691575), (51.5185689259978, 26.171941205442074), (51.58856698160376, 26.09784324534031), (51.658565037209755, 26.035777981224335), (51.728563092815726, 26.003146078717737), (51.79856114842171, 25.987313583999587), (51.86855920402767, 25.990253904447243), (51.93855725963364, 26.005439905631075), (52.00855531523963, 26.024885601822408), (52.0785533708456, 26.05009696484027), (52.14855142645157, 26.067209252881476), (52.21854948205756, 26.07545345905972), (52.288547537663526, 26.082118185407744), (52.358545593269504, 26.097066699170803), (52.428543648875475, 26.109417929871764), (52.49854170448145, 26.128995563519084), (52.568539760087425, 26.145791201665926), (52.6385378156934, 26.163894905447815), (52.708535871299375, 26.17781430705419), (52.778533926905354, 26.186827520118744), (52.848531982511325, 26.1820513842121), (52.91853003811731, 26.15781258872692), (52.98852809372327, 26.138189719380406), (53.058526149329246, 26.12642089830658), (53.12852420493523, 26.121567484747143), (53.198522260541196, 26.117714911032394), (53.268520316147175, 26.101235922779914), (53.33851837175316, 26.078199642965), (53.40851642735913, 26.047456330899777), (53.47851448296509, 26.012449554185455), (53.54851253857108, 25.98066582103876), (53.618510594177046, 25.96649573826601), (53.688508649783024, 25.96307855815601), (53.758506705388996, 25.968844224982536), (53.828504760994974, 25.976945184779996), (53.89850281660096, 25.97991189271885), (53.96850087220693, 25.97500193453542), (54.038498927812924, 25.972534704108508), (54.10849698341888, 25.972534704108508), (54.17849503902486, 25.976796283936814), (54.24849309463083, 25.977444662291937), (54.31849115023681, 25.973829575997957), (54.38848920584279, 25.96934370249448), (54.45848726144877, 25.968063909171427), (54.528485317054745, 25.970966533203086), (54.59848337266071, 25.986495571772476), (54.668481428266695, 26.003398644704912), (54.73847948387265, 26.017887262192822), (54.80847753947863, 26.02965608326665), (54.8784755950846, 26.04143809808608), (54.94847365069058, 26.048364814525275), (55.018471706296545, 26.05344252175988), (55.08846976190252, 26.066383701371176), (55.15846781750851, 26.09144050908346), (55.22846587311449, 26.11901920702584), (55.29846392872046, 26.129958706947768), (55.36846198432644, 26.106328708580925), (55.43846003993242, 26.066851136929515), (55.5084580983862, 26.047141190198378), (55.57845615399576, 26.034574541614095), (55.648454209605326, 26.032127153209657), (55.718452265214886, 26.03980262327932), (55.78845032082445, 26.053909358939187), (55.85844837643401, 26.06651322416689), (55.92844643204357, 26.06506566465783), (55.998444487653124, 26.032207309497796), (56.06844254326265, 25.945747049652102)
Associated file(s): api_response_2023-11-09_15-27-22.json, api_response_2023-11-09_15-47-25.json, api_response_2023-11-09_16-07-28.json, api_response_2023-11-09_13-06-55.json, api_response_2023-11-09_14-07-08.json, api_response_2023-11-09_15-07-19.json, api_response_2023-11-09_13-26-59.json, api_response_2023-11-09_14-47-15.json, api_response_2023-11-09_14-27-12.json, api_response_2023-11-09_13-47-04.json, api_response_2023-11-09_15-27-22.json, api_response_2023-11-09_15-47-25.json, api_response_2023-11-09_16-07-28.json, api_response_2023-11-09_13-06-55.json, api_response_2023-11-09_14-07-08.json, api_response_2023-11-09_15-07-19.json, api_response_2023-11-09_13-26-59.json, api_response_2023-11-09_14-47-15.json, api_response_2023-11-09_14-27-12.json, api_response_2023-11-09_13-47-04.json

Record time: 2023-11-09T12:06:54Z
Event time: 2023-11-10T12:14:54.375Z
Status: Underway
Travel distance: 281.9368250539957
Waypoints: (51.30857476181214, 26.606350763751514), (51.378572817421734, 26.528492700381765), (51.44857087303131, 26.46583143307938), (51.518568928640875, 26.400905810606957), (51.588566984250434, 26.328218581754314), (51.65856503986, 26.25005869003556), (51.72856309546957, 26.172971004330915), (51.79856115107914, 26.10487348547332), (51.86855920668871, 26.05282178877977), (51.93855725963364, 26.02142130119241), (52.00855531523963, 26.010496879836886), (52.0785533708456, 26.026010839839877), (52.14855142645157, 26.05076230658259), (52.21854948205756, 26.074364032637448), (52.288547537663526, 26.091687420608228), (52.358545593269504, 26.10447027527234), (52.428543648875475, 26.10944243254216), (52.49854170448145, 26.12293963428939), (52.568539760087425, 26.147585551067316), (52.6385378156934, 26.163894905447815), (52.708535871299375, 26.17781430705419), (52.778533926905354, 26.186827520118744), (52.848531982511325, 26.1820513842121), (52.91853003811731, 26.15781258872692), (52.98852809372327, 26.138189719380406), (53.058526149329246, 26.12642089830658), (53.12852420493523, 26.121567484747143), (53.198522260541196, 26.117714911032394), (53.268520316147175, 26.101235922779914), (53.33851837175316, 26.078199642965), (53.40851642735913, 26.047456330899777), (53.47851448296509, 26.012449554185455), (53.54851253857108, 25.98066582103876), (53.618510594177046, 25.96649573826601), (53.688508649783024, 25.96307855815601), (53.758506705388996, 25.968844224982536), (53.828504760994974, 25.976945184779996), (53.89850281660096, 25.97991189271885), (53.96850087220693, 25.97500193453542), (54.038498927812924, 25.972534704108508), (54.10849698341888, 25.972534704108508), (54.17849503902486, 25.976796283936814), (54.24849309463083, 25.977444662291937), (54.31849115023681, 25.973829575997957), (54.38848920584279, 25.96934370249448), (54.45848726144877, 25.968063909171427), (54.528485317054745, 25.970966533203086), (54.59848337266071, 25.986495571772476), (54.668481428266695, 26.003398644704912), (54.73847948387265, 26.017887262192822), (54.80847753947863, 26.02965608326665), (54.8784755950846, 26.04143809808608), (54.94847365069058, 26.048364814525275), (55.018471706296545, 26.05344252175988), (55.08846976190252, 26.066383701371176), (55.15846781750851, 26.09144050908346), (55.22846587311449, 26.11901920702584), (55.29846392872046, 26.129958706947768), (55.36846198432644, 26.106328708580925), (55.43846003993242, 26.066851136929515), (55.5084580983862, 26.047141190198378), (55.57845615399576, 26.034574541614095), (55.648454209605326, 26.032127153209657), (55.718452265214886, 26.03980262327932), (55.78845032082445, 26.053909358939187), (55.85844837643401, 26.06651322416689), (55.92844643204357, 26.06506566465783), (55.998444487653124, 26.032207309497796), (56.06844254326265, 25.945747049652102)
Associated file(s): api_response_2023-11-09_19-28-03.json, api_response_2023-11-09_18-27-52.json, api_response_2023-11-09_17-47-45.json, api_response_2023-11-09_17-27-42.json, api_response_2023-11-09_19-08-00.json, api_response_2023-11-09_16-47-35.json, api_response_2023-11-09_16-27-32.json, api_response_2023-11-09_18-47-56.json, api_response_2023-11-09_17-07-38.json, api_response_2023-11-09_18-07-49.json, api_response_2023-11-09_19-28-03.json, api_response_2023-11-09_18-27-52.json, api_response_2023-11-09_17-47-45.json, api_response_2023-11-09_17-27-42.json, api_response_2023-11-09_19-08-00.json, api_response_2023-11-09_16-47-35.json, api_response_2023-11-09_16-27-32.json, api_response_2023-11-09_18-47-56.json, api_response_2023-11-09_17-07-38.json, api_response_2023-11-09_18-07-49.json

Record time: 2023-11-09T15:18:58Z
Event time: 2023-11-10T12:46:42.600Z
Status: Underway
Travel distance: 256.3147948164147
Waypoints: (51.79856115107914, 27.026706822678616), (51.86855920668872, 27.021169002128612), (51.938557262298296, 27.02163964759392), (52.00855531790786, 27.025263769604763), (52.07855337351744, 27.029094022472176), (52.148551429127004, 27.030414704983492), (52.21854948473658, 27.02699017978378), (52.288547540346144, 27.01723771144317), (52.35854559595571, 27.000324723210152), (52.428543648875475, 26.976190471066783), (52.49854170448145, 26.942823488448276), (52.568539760087425, 26.909096505057004), (52.6385378156934, 26.8696208182264), (52.708535871299375, 26.825140932172378), (52.778533926905354, 26.787193835010395), (52.848531982511325, 26.74739961346463), (52.91853003811731, 26.703564336124142), (52.98852809372327, 26.655708736017722), (53.058526149329246, 26.62055494328101), (53.12852420493523, 26.57962794443458), (53.198522260541196, 26.53886680981853), (53.268520316147175, 26.48946565665629), (53.33851837175316, 26.438956228863766), (53.40851642735913, 26.385674229674773), (53.47851448296509, 26.337475592182788), (53.54851253857108, 26.288562607607687), (53.618510594177046, 26.229243527397), (53.688508649783024, 26.16899711535282), (53.758506705388996, 26.103275298885276), (53.828504760994974, 26.04830826990128), (53.89850281660096, 26.007232370211664), (53.96850087220693, 25.974998164893822), (54.038498927812924, 25.961683790764173), (54.10849698341888, 25.962105990623325), (54.17849503902486, 25.976894294618404), (54.24849309463083, 25.980733674587555), (54.31849115023681, 25.97761806580552), (54.38848920584279, 25.970016583520003), (54.45848726144877, 25.966269559770033), (54.528485317054745, 25.970966533203086), (54.59848337266071, 25.986495571772476), (54.668481428266695, 26.003398644704912), (54.73847948387265, 26.017887262192822), (54.80847753947863, 26.02965608326665), (54.8784755950846, 26.04143809808608), (54.94847365069058, 26.048364814525275), (55.018471706296545, 26.05344252175988), (55.08846976190252, 26.066383701371176), (55.15846781750851, 26.09144050908346), (55.22846587311449, 26.11901920702584), (55.29846392872046, 26.129958706947768), (55.36846198432644, 26.106328708580925), (55.43846003993242, 26.066851136929515), (55.5084580983862, 26.047141190198378), (55.57845615399576, 26.034574541614095), (55.648454209605326, 26.032127153209657), (55.718452265214886, 26.03980262327932), (55.78845032082445, 26.053909358939187), (55.85844837643401, 26.06651322416689), (55.92844643204357, 26.06506566465783), (55.998444487653124, 26.032207309497796), (56.06844254326265, 25.945747049652102)
Associated file(s): api_response_2023-11-09_21-08-20.json, api_response_2023-11-09_21-28-24.json, api_response_2023-11-09_20-48-17.json, api_response_2023-11-09_22-28-34.json, api_response_2023-11-09_21-48-27.json, api_response_2023-11-09_22-08-30.json, api_response_2023-11-09_20-28-14.json, api_response_2023-11-09_20-08-10.json, api_response_2023-11-09_19-48-07.json, api_response_2023-11-09_21-08-20.json, api_response_2023-11-09_21-28-24.json, api_response_2023-11-09_20-48-17.json, api_response_2023-11-09_22-28-34.json, api_response_2023-11-09_21-48-27.json, api_response_2023-11-09_22-08-30.json, api_response_2023-11-09_20-28-14.json, api_response_2023-11-09_20-08-10.json, api_response_2023-11-09_19-48-07.json

Record time: 2023-11-09T18:25:19Z
Event time: 2023-11-10T13:00:05.285Z
Status: Underway
Travel distance: 226.61663066954642
Waypoints: (52.428543651565256, 27.095789857216698), (52.49854170717484, 27.02143621260227), (52.56853976278441, 26.95203313549238), (52.63853781839397, 26.889228301960816), (52.708535874003545, 26.833429175995054), (52.77853392961311, 26.78409289493526), (52.848531985222685, 26.739996929741164), (52.91853004083225, 26.699490520086762), (52.98852809644182, 26.660726884282866), (53.058526149329246, 26.621876202661657), (53.12852420493523, 26.582095174861493), (53.198522260541196, 26.53707246041714), (53.268520316147175, 26.48946565665629), (53.33851837175316, 26.438956228863766), (53.40851642735913, 26.385674229674773), (53.47851448296509, 26.337475592182788), (53.54851253857108, 26.288562607607687), (53.618510594177046, 26.229243527397), (53.688508649783024, 26.16899711535282), (53.758506705388996, 26.103275298885276), (53.828504760994974, 26.04830826990128), (53.89850281660096, 26.007232370211664), (53.96850087220693, 25.974998164893822), (54.038498927812924, 25.961683790764173), (54.10849698341888, 25.962105990623325), (54.17849503902486, 25.976894294618404), (54.24849309463083, 25.980733674587555), (54.31849115023681, 25.97761806580552), (54.38848920584279, 25.970016583520003), (54.45848726144877, 25.966269559770033), (54.528485317054745, 25.970966533203086), (54.59848337266071, 25.986495571772476), (54.668481428266695, 26.003398644704912), (54.73847948387265, 26.017887262192822), (54.80847753947863, 26.02965608326665), (54.8784755950846, 26.04143809808608), (54.94847365069058, 26.048364814525275), (55.018471706296545, 26.05344252175988), (55.08846976190252, 26.066383701371176), (55.15846781750851, 26.09144050908346), (55.22846587311449, 26.11901920702584), (55.29846392872046, 26.129958706947768), (55.36846198432644, 26.106328708580925), (55.43846003993242, 26.066851136929515), (55.5084580983862, 26.047141190198378), (55.57845615399576, 26.034574541614095), (55.648454209605326, 26.032127153209657), (55.718452265214886, 26.03980262327932), (55.78845032082445, 26.053909358939187), (55.85844837643401, 26.06651322416689), (55.92844643204357, 26.06506566465783), (55.998444487653124, 26.032207309497796), (56.06844254326265, 25.945747049652102)
Associated file(s): api_response_2023-11-10_00-48-59.json, api_response_2023-11-09_23-48-48.json, api_response_2023-11-10_01-09-02.json, api_response_2023-11-09_23-28-45.json, api_response_2023-11-10_01-29-06.json, api_response_2023-11-10_00-28-55.json, api_response_2023-11-10_00-08-52.json, api_response_2023-11-09_23-08-42.json, api_response_2023-11-09_22-48-38.json, api_response_2023-11-10_00-48-59.json, api_response_2023-11-09_23-48-48.json, api_response_2023-11-10_01-09-02.json, api_response_2023-11-09_23-28-45.json, api_response_2023-11-10_01-29-06.json, api_response_2023-11-10_00-28-55.json, api_response_2023-11-10_00-08-52.json, api_response_2023-11-09_23-08-42.json, api_response_2023-11-09_22-48-38.json

Record time: 2023-11-09T21:29:46Z
Event time: 2023-11-10T13:30:08.333Z
Status: Underway
Travel distance: 192.42116630669545
Waypoints: (52.918530040832195, 26.7390149381044), (52.98852809644179, 26.68050322373611), (53.058526152051364, 26.625204786136898), (53.12852420766093, 26.57505867754148), (53.1985222632705, 26.52934729526716), (53.26852031888007, 26.485863462753077), (53.33851837448964, 26.441880923790084), (53.40851643009921, 26.394928249941177), (53.478514485708786, 26.3433661611525), (53.54851253857108, 26.286768258206298), (53.618510594177046, 26.229243527397), (53.688508649783024, 26.16899711535282), (53.758506705388996, 26.103275298885276), (53.828504760994974, 26.04830826990128), (53.89850281660096, 26.007232370211664), (53.96850087220693, 25.974998164893822), (54.038498927812924, 25.961683790764173), (54.10849698341888, 25.962105990623325), (54.17849503902486, 25.976894294618404), (54.24849309463083, 25.980733674587555), (54.31849115023681, 25.97761806580552), (54.38848920584279, 25.970016583520003), (54.45848726144877, 25.966269559770033), (54.528485317054745, 25.970966533203086), (54.59848337266071, 25.986495571772476), (54.668481428266695, 26.003398644704912), (54.73847948387265, 26.017887262192822), (54.80847753947863, 26.02965608326665), (54.8784755950846, 26.04143809808608), (54.94847365069058, 26.048364814525275), (55.018471706296545, 26.05344252175988), (55.08846976190252, 26.066383701371176), (55.15846781750851, 26.09144050908346), (55.22846587311449, 26.11901920702584), (55.29846392872046, 26.129958706947768), (55.36846198432644, 26.106328708580925), (55.43846003993242, 26.066851136929515), (55.5084580983862, 26.047141190198378), (55.57845615399576, 26.034574541614095), (55.648454209605326, 26.032127153209657), (55.718452265214886, 26.03980262327932), (55.78845032082445, 26.053909358939187), (55.85844837643401, 26.06651322416689), (55.92844643204357, 26.06506566465783), (55.998444487653124, 26.032207309497796), (56.06844254326265, 25.945747049652102)
Associated file(s): api_response_2023-11-10_04-09-33.json, api_response_2023-11-10_03-29-26.json, api_response_2023-11-10_03-09-23.json, api_response_2023-11-10_04-29-37.json, api_response_2023-11-10_03-49-30.json, api_response_2023-11-10_02-49-19.json, api_response_2023-11-10_02-29-16.json, api_response_2023-11-10_02-09-13.json, api_response_2023-11-10_01-49-09.json, api_response_2023-11-10_04-09-33.json, api_response_2023-11-10_03-29-26.json, api_response_2023-11-10_03-09-23.json, api_response_2023-11-10_04-29-37.json, api_response_2023-11-10_03-49-30.json, api_response_2023-11-10_02-49-19.json, api_response_2023-11-10_02-29-16.json, api_response_2023-11-10_02-09-13.json, api_response_2023-11-10_01-49-09.json

Record time: 2023-11-10T00:40:46Z
Event time: 2023-11-10T13:21:08.750Z
Status: Underway
Travel distance: 156.11393088552916
Waypoints: (53.47851448570872, 26.390339642280708), (53.54851254131832, 26.33358673987445), (53.618510596927884, 26.25667259476127), (53.68850865253744, 26.175946056885643), (53.75850670814701, 26.10258591273797), (53.82850476375658, 26.043296949675984), (53.89850281936615, 26.001020721848384), (53.968500874975724, 25.975661017720704), (54.0384989305853, 25.96482402920342), (54.10849698341888, 25.964573221050234), (54.17849503902486, 25.97509994521701), (54.24849309463083, 25.980733674587555), (54.31849115023681, 25.97761806580552), (54.38848920584279, 25.970016583520003), (54.45848726144877, 25.966269559770033), (54.528485317054745, 25.970966533203086), (54.59848337266071, 25.986495571772476), (54.668481428266695, 26.003398644704912), (54.73847948387265, 26.017887262192822), (54.80847753947863, 26.02965608326665), (54.8784755950846, 26.04143809808608), (54.94847365069058, 26.048364814525275), (55.018471706296545, 26.05344252175988), (55.08846976190252, 26.066383701371176), (55.15846781750851, 26.09144050908346), (55.22846587311449, 26.11901920702584), (55.29846392872046, 26.129958706947768), (55.36846198432644, 26.106328708580925), (55.43846003993242, 26.066851136929515), (55.5084580983862, 26.047141190198378), (55.57845615399576, 26.034574541614095), (55.648454209605326, 26.032127153209657), (55.718452265214886, 26.03980262327932), (55.78845032082445, 26.053909358939187), (55.85844837643401, 26.06651322416689), (55.92844643204357, 26.06506566465783), (55.998444487653124, 26.032207309497796), (56.06844254326265, 25.945747049652102)
Associated file(s): api_response_2023-11-10_06-50-01.json, api_response_2023-11-10_06-09-54.json, api_response_2023-11-10_04-49-41.json, api_response_2023-11-10_05-49-51.json, api_response_2023-11-10_05-09-44.json, api_response_2023-11-10_06-29-58.json, api_response_2023-11-10_05-29-47.json, api_response_2023-11-10_07-10-05.json, api_response_2023-11-10_06-50-01.json, api_response_2023-11-10_06-09-54.json, api_response_2023-11-10_04-49-41.json, api_response_2023-11-10_05-49-51.json, api_response_2023-11-10_05-09-44.json, api_response_2023-11-10_06-29-58.json, api_response_2023-11-10_05-29-47.json, api_response_2023-11-10_07-10-05.json

Record time: 2023-11-10T03:14:29Z
Event time: 2023-11-10T13:04:41Z
Status: Underway
Travel distance: 120.59125269978402
Waypoints: (54.03849893058528, 26.1854878593766), (54.10849698619484, 26.10913033040352), (54.178495041804396, 26.042950662402426), (54.24849309741396, 25.9952338422202), (54.31849115302353, 25.967920549891332), (54.388489208633096, 25.958783372733475), (54.45848726424267, 25.963266767412254), (54.528485319852244, 25.975990769975443), (54.59848337546181, 25.991918453856385), (54.668481428266695, 26.00718713451247), (54.73847948387265, 26.018560143218345), (54.80847753947863, 26.02786173386526), (54.8784755950846, 26.04143809808608), (54.94847365069058, 26.048364814525275), (55.018471706296545, 26.05344252175988), (55.08846976190252, 26.066383701371176), (55.15846781750851, 26.09144050908346), (55.22846587311449, 26.11901920702584), (55.29846392872046, 26.129958706947768), (55.36846198432644, 26.106328708580925), (55.43846003993242, 26.066851136929515), (55.5084580983862, 26.047141190198378), (55.57845615399576, 26.034574541614095), (55.648454209605326, 26.032127153209657), (55.718452265214886, 26.03980262327932), (55.78845032082445, 26.053909358939187), (55.85844837643401, 26.06651322416689), (55.92844643204357, 26.06506566465783), (55.998444487653124, 26.032207309497796), (56.06844254326265, 25.945747049652102)
Associated file(s): api_response_2023-11-10_07-50-12.json, api_response_2023-11-10_09-10-25.json, api_response_2023-11-10_07-30-08.json, api_response_2023-11-10_08-30-18.json, api_response_2023-11-10_10-10-35.json, api_response_2023-11-10_09-30-28.json, api_response_2023-11-10_08-10-15.json, api_response_2023-11-10_09-50-32.json, api_response_2023-11-10_08-50-21.json, api_response_2023-11-10_07-50-12.json, api_response_2023-11-10_09-10-25.json, api_response_2023-11-10_07-30-08.json, api_response_2023-11-10_08-30-18.json, api_response_2023-11-10_10-10-35.json, api_response_2023-11-10_09-30-28.json, api_response_2023-11-10_08-10-15.json, api_response_2023-11-10_09-50-32.json, api_response_2023-11-10_08-50-21.json

Record time: 2023-11-10T06:21:37Z
Event time: 2023-11-10T13:18:47.666Z
Status: Underway
Travel distance: 86.75647948164146
Waypoints: (54.598483375461775, 25.953625874751385), (54.66848143107135, 26.023469371654866), (54.738479486680916, 26.03352429661808), (54.808477542290476, 26.026397280843277), (54.87847559790004, 26.02432098509644), (54.948473653509616, 26.03506998675184), (55.01847170911919, 26.05706657085684), (55.088469764728764, 26.083676425216883), (55.15846782033833, 26.106694239500722), (55.22846587311449, 26.11901920702584), (55.29846392872046, 26.129958706947768), (55.36846198432644, 26.106328708580925), (55.43846003993242, 26.066851136929515), (55.5084580983862, 26.047141190198378), (55.57845615399576, 26.034574541614095), (55.648454209605326, 26.032127153209657), (55.718452265214886, 26.03980262327932), (55.78845032082445, 26.053909358939187), (55.85844837643401, 26.06651322416689), (55.92844643204357, 26.06506566465783), (55.998444487653124, 26.032207309497796), (56.06844254326265, 25.945747049652102)
Associated file(s): api_response_2023-11-10_11-10-46.json, api_response_2023-11-10_12-31-00.json, api_response_2023-11-10_11-50-53.json, api_response_2023-11-10_10-50-43.json, api_response_2023-11-10_10-30-39.json, api_response_2023-11-10_11-30-50.json, api_response_2023-11-10_12-10-56.json, api_response_2023-11-10_11-10-46.json, api_response_2023-11-10_12-31-00.json, api_response_2023-11-10_11-50-53.json, api_response_2023-11-10_10-50-43.json, api_response_2023-11-10_10-30-39.json, api_response_2023-11-10_11-30-50.json, api_response_2023-11-10_12-10-56.json

Record time: 2023-11-10T08:31:07Z
Event time: 2023-11-10T13:39:08.333Z
Status: Underway
Travel distance: 64.6792656587473
Waypoints: (55.08846976472876, 26.049426114958198), (55.15846782033832, 26.097678977297186), (55.22846587594789, 26.122955116203205), (55.29846393155745, 26.130368722715115), (55.36846198716702, 26.117047422197857), (55.43846004277658, 26.083320135651856), (55.50845809867343, 26.038377704161583), (55.57845615428335, 25.98623387312141), (55.64845420989328, 25.986562794121838), (55.71845226521487, 26.0350642417829), (55.78845032082444, 26.097916952398883), (55.858448376434005, 26.12035785291183), (55.92844643204356, 26.06327187015818), (55.998444487653096, 25.95768898690394), (56.06844254326259, 25.97835568450907)
Associated file(s): api_response_2023-11-10_13-11-06.json, api_response_2023-11-10_13-51-13.json, api_response_2023-11-10_14-11-16.json, api_response_2023-11-10_14-51-22.json, api_response_2023-11-10_13-31-09.json, api_response_2023-11-10_14-31-19.json, api_response_2023-11-10_12-51-03.json, api_response_2023-11-10_13-11-06.json, api_response_2023-11-10_13-51-13.json, api_response_2023-11-10_14-11-16.json, api_response_2023-11-10_14-51-22.json, api_response_2023-11-10_13-31-09.json, api_response_2023-11-10_14-31-19.json, api_response_2023-11-10_12-51-03.json

Record time: 2023-11-10T11:03:28Z
Event time: 2023-11-10T13:21:18.500Z
Status: Underway
Travel distance: 28.287257019438446
Waypoints: (55.64845420960529, 26.044340723453907), (55.718452265214864, 26.044340723453907), (55.78845032082444, 26.114352392065342), (55.858448376433984, 26.114352392065342), (55.92844643204356, 26.044340723453907), (55.99844448765313, 25.97432905484247), (56.06844254326268, 25.97432905484247)
Associated file(s): api_response_2023-11-10_15-31-29.json, api_response_2023-11-10_15-11-26.json, api_response_2023-11-10_15-31-29.json, api_response_2023-11-10_15-11-26.json

Record time: 2023-11-10T11:41:01Z
Event time: 2023-11-10T12:57:05Z
Status: Underway
Travel distance: 16.986501079913605
Waypoints: (55.78845032082444, 26.044340723453907), (55.858448376433984, 26.044340723453907), (55.92844643204356, 26.044340723453907), (55.99844448765313, 25.97432905484247), (56.06844254326268, 25.97432905484247)
Associated file(s): api_response_2023-11-10_16-11-36.json, api_response_2023-11-10_15-51-33.json, api_response_2023-11-10_16-31-40.json, api_response_2023-11-10_16-11-36.json, api_response_2023-11-10_15-51-33.json, api_response_2023-11-10_16-31-40.json

Record time: 2023-11-10T12:32:39Z
Event time: 2023-11-10T13:22:49Z
Status: Underway
Travel distance: 15.083693304535638
Waypoints: (55.858448376433984, 26.114352392065342), (55.92844643204356, 26.044340723453907), (55.99844448765313, 25.97432905484247), (56.06844254326268, 25.97432905484247)
Associated file(s): api_response_2023-11-10_16-51-43.json, api_response_2023-11-10_16-51-43.json

Record time: 2023-11-10T13:08:59Z
Event time: 2023-11-10T13:39:06.500Z
Status: Underway
Travel distance: 11.303995680345572
Waypoints: (55.92844643204356, 26.114352392065342), (55.99844448765313, 26.044340723453907), (56.06844254326268, 25.97432905484247)
Associated file(s): api_response_2023-11-10_17-11-46.json, api_response_2023-11-10_17-11-46.json

Record time: 2023-11-10T15:53:57Z
Event time: 2023-11-10T15:53:57Z
Status: Arrived
Travel distance: N/A
Waypoints: 
Associated file(s): api_response_2023-11-11_02-13-18.json, api_response_2023-11-11_01-33-12.json, api_response_2023-11-11_07-14-07.json, api_response_2023-11-11_01-53-15.json, api_response_2023-11-10_21-52-34.json, api_response_2023-11-10_23-12-47.json, api_response_2023-11-11_02-33-21.json, api_response_2023-11-11_06-13-57.json, api_response_2023-11-11_03-53-35.json, api_response_2023-11-11_05-33-51.json, api_response_2023-11-10_23-52-54.json, api_response_2023-11-11_00-12-58.json, api_response_2023-11-11_06-34-00.json, api_response_2023-11-10_21-12-26.json, api_response_2023-11-11_04-53-44.json, api_response_2023-11-10_22-32-41.json, api_response_2023-11-10_20-12-16.json, api_response_2023-11-11_05-53-54.json, api_response_2023-11-11_07-34-10.json, api_response_2023-11-11_03-33-31.json, api_response_2023-11-11_01-13-08.json, api_response_2023-11-10_23-32-50.json, api_response_2023-11-11_04-33-41.json, api_response_2023-11-10_20-52-23.json, api_response_2023-11-10_22-52-44.json, api_response_2023-11-11_02-53-25.json, api_response_2023-11-11_04-13-38.json, api_response_2023-11-10_20-32-19.json, api_response_2023-11-10_21-32-30.json, api_response_2023-11-11_00-33-02.json, api_response_2023-11-11_03-13-28.json, api_response_2023-11-10_22-12-37.json, api_response_2023-11-11_00-53-05.json, api_response_2023-11-11_06-54-03.json, api_response_2023-11-11_05-13-47.json, api_response_2023-11-11_02-13-18.json, api_response_2023-11-11_01-33-12.json, api_response_2023-11-11_07-14-07.json, api_response_2023-11-11_01-53-15.json, api_response_2023-11-10_21-52-34.json, api_response_2023-11-10_23-12-47.json, api_response_2023-11-11_02-33-21.json, api_response_2023-11-11_06-13-57.json, api_response_2023-11-11_03-53-35.json, api_response_2023-11-11_05-33-51.json, api_response_2023-11-10_23-52-54.json, api_response_2023-11-11_00-12-58.json, api_response_2023-11-11_06-34-00.json, api_response_2023-11-10_21-12-26.json, api_response_2023-11-11_04-53-44.json, api_response_2023-11-10_22-32-41.json, api_response_2023-11-10_20-12-16.json, api_response_2023-11-11_05-53-54.json, api_response_2023-11-11_07-34-10.json, api_response_2023-11-11_03-33-31.json, api_response_2023-11-11_01-13-08.json, api_response_2023-11-10_23-32-50.json, api_response_2023-11-11_04-33-41.json, api_response_2023-11-10_20-52-23.json, api_response_2023-11-10_22-52-44.json, api_response_2023-11-11_02-53-25.json, api_response_2023-11-11_04-13-38.json, api_response_2023-11-10_20-32-19.json, api_response_2023-11-10_21-32-30.json, api_response_2023-11-11_00-33-02.json, api_response_2023-11-11_03-13-28.json, api_response_2023-11-10_22-12-37.json, api_response_2023-11-11_00-53-05.json, api_response_2023-11-11_06-54-03.json, api_response_2023-11-11_05-13-47.json
