Record time: 2023-08-30T07:34:48Z
Event time: 2023-09-01T07:34:15.250Z
Status: Underway
Travel distance: 491.74190064794817
Waypoints: (48.880544622425624, 30.329999999999984), (49.03113501144165, 30.149999999999995), (49.22032278906987, 29.969999999999995), (49.41925077399382, 29.789999999999992), (49.611055323731335, 29.609999999999992), (49.78798788531432, 29.429999999999993), (49.948856373670765, 29.25), (50.096786377709, 29.070000000000004), (50.23730219410421, 28.890000000000008), (50.37672768620267, 28.709999998527067), (50.5149368664352, 28.525386726225335), (50.66596823000261, 28.351729975662163), (50.833892311297014, 28.184353478160993), (51.017182659921346, 27.992112799748444), (51.208715840689564, 27.802241753856986), (51.398010227542144, 27.60447193289527), (51.576343246781896, 27.434919637844065), (51.74538672503408, 27.286097992946605), (51.92999999733582, 27.15965944133107), (52.10999999732657, 27.074880870868338), (52.28999999731733, 27.021518103338433), (52.46999999730811, 26.95851689187309), (52.64999999729887, 26.86963386589838), (52.82999999728964, 26.773520795503515), (53.0099999972804, 26.671006325189758), (53.18999999727117, 26.56380589445088), (53.36999999726195, 26.459798894860036), (53.5499999972527, 26.365192891365098), (53.72999999724346, 26.26786835240118), (53.90999999723422, 26.153515411230575), (54.089999997225, 26.092239331007583), (54.26999999721577, 26.03769901602855), (54.44999999720652, 26.02670372729577), (54.630000000000074, 25.993877130165558), (54.810000000000066, 25.967401270206427), (54.99000000000006, 25.95113610788187), (55.170000000000044, 25.950211221380563), (55.35000000000003, 25.96858348731628), (55.530000000000015, 26.005593602466988), (55.71, 26.05152144788852), (55.88999999999997, 26.082140295402578), (56.069999999999936, 26.052269856459393)
Associated file(s): api_response_2023-08-30_11-41-00.json, api_response_2023-08-30_11-51-01.json, api_response_2023-08-30_11-41-00.json, api_response_2023-08-30_11-51-01.json

Record time: 2023-08-30T07:58:38Z
Event time: 2023-09-01T06:57:36Z
Status: Underway
Travel distance: 491.74190064794817
Waypoints: (48.880544622425624, 30.329999999999984), (49.03113501144165, 30.149999999999995), (49.22032278906987, 29.969999999999995), (49.41925077399382, 29.789999999999992), (49.611055323731335, 29.609999999999992), (49.78798788531432, 29.429999999999993), (49.948856373670765, 29.25), (50.096786377709, 29.070000000000004), (50.23730219410421, 28.890000000000008), (50.37672768620267, 28.709999998527067), (50.5149368664352, 28.525386726225335), (50.66596823000261, 28.351729975662163), (50.833892311297014, 28.184353478160993), (51.017182659921346, 27.992112799748444), (51.208715840689564, 27.802241753856986), (51.398010227542144, 27.60447193289527), (51.576343246781896, 27.434919637844065), (51.74538672503408, 27.286097992946605), (51.92999999733582, 27.15965944133107), (52.10999999732657, 27.074880870868338), (52.28999999731733, 27.021518103338433), (52.46999999730811, 26.95851689187309), (52.64999999729887, 26.86963386589838), (52.82999999728964, 26.773520795503515), (53.0099999972804, 26.671006325189758), (53.18999999727117, 26.56380589445088), (53.36999999726195, 26.459798894860036), (53.5499999972527, 26.365192891365098), (53.72999999724346, 26.26786835240118), (53.90999999723422, 26.153515411230575), (54.089999997225, 26.092239331007583), (54.26999999721577, 26.03769901602855), (54.44999999720652, 26.02670372729577), (54.630000000000074, 25.993877130165558), (54.810000000000066, 25.967401270206427), (54.99000000000006, 25.95113610788187), (55.170000000000044, 25.950211221380563), (55.35000000000003, 25.96858348731628), (55.530000000000015, 26.005593602466988), (55.71, 26.05152144788852), (55.88999999999997, 26.082140295402578), (56.069999999999936, 26.052269856459393)
Associated file(s): api_response_2023-08-30_12-31-08.json, api_response_2023-08-30_12-11-05.json, api_response_2023-08-30_12-41-10.json, api_response_2023-08-30_12-01-03.json, api_response_2023-08-30_12-21-07.json, api_response_2023-08-30_12-31-08.json, api_response_2023-08-30_12-11-05.json, api_response_2023-08-30_12-41-10.json, api_response_2023-08-30_12-01-03.json, api_response_2023-08-30_12-21-07.json

Record time: 2023-08-30T08:48:10Z
Event time: 2023-09-01T06:22:30Z
Status: Underway
Travel distance: 477.8585313174946
Waypoints: (49.05927597254002, 30.154634241730818), (49.20953135011443, 29.961549323902652), (49.40527979539644, 29.786865071770343), (49.60631993538836, 29.614225338048684), (49.792333019248915, 29.436912419388396), (49.95708337595911, 29.254288246307475), (50.10342910216722, 29.0688781360516), (50.239142980212726, 28.88409710838362), (50.3735436263293, 28.70261876430208), (50.5149368664352, 28.525386726225335), (50.66596823000261, 28.351729975662163), (50.833892311297014, 28.184353478160993), (51.017182659921346, 27.992112799748444), (51.208715840689564, 27.802241753856986), (51.398010227542144, 27.60447193289527), (51.576343246781896, 27.434919637844065), (51.74538672503408, 27.286097992946605), (51.92999999733582, 27.15965944133107), (52.10999999732657, 27.074880870868338), (52.28999999731733, 27.021518103338433), (52.46999999730811, 26.95851689187309), (52.64999999729887, 26.86963386589838), (52.82999999728964, 26.773520795503515), (53.0099999972804, 26.671006325189758), (53.18999999727117, 26.56380589445088), (53.36999999726195, 26.459798894860036), (53.5499999972527, 26.365192891365098), (53.72999999724346, 26.26786835240118), (53.90999999723422, 26.153515411230575), (54.089999997225, 26.092239331007583), (54.26999999721577, 26.03769901602855), (54.44999999720652, 26.02670372729577), (54.630000000000074, 25.993877130165558), (54.810000000000066, 25.967401270206427), (54.99000000000006, 25.95113610788187), (55.170000000000044, 25.950211221380563), (55.35000000000003, 25.96858348731628), (55.530000000000015, 26.005593602466988), (55.71, 26.05152144788852), (55.88999999999997, 26.082140295402578), (56.069999999999936, 26.052269856459393)
Associated file(s): api_response_2023-08-30_13-01-14.json, api_response_2023-08-30_12-51-12.json, api_response_2023-08-30_13-11-16.json, api_response_2023-08-30_13-01-14.json, api_response_2023-08-30_12-51-12.json, api_response_2023-08-30_13-11-16.json

Record time: 2023-08-30T09:11:28Z
Event time: 2023-09-01T05:48:48.818Z
Status: Underway
Travel distance: 469.5723542116631
Waypoints: (49.05927597254002, 29.954111171208666), (49.20953135011443, 29.847532099022278), (49.40527979539644, 29.73470713542752), (49.60631993538836, 29.600867817765774), (49.792333019248915, 29.443273143332654), (49.95708337595911, 29.266464489286474), (50.10342910216722, 29.078377283128795), (50.239142980212726, 28.88730942375705), (50.3735436263293, 28.69974645308928), (50.5149368664352, 28.51904347679774), (50.66596823000261, 28.35634324797314), (50.833892311297014, 28.184353478160993), (51.017182659921346, 27.992112799748444), (51.208715840689564, 27.802241753856986), (51.398010227542144, 27.60447193289527), (51.576343246781896, 27.434919637844065), (51.74538672503408, 27.286097992946605), (51.92999999733582, 27.15965944133107), (52.10999999732657, 27.074880870868338), (52.28999999731733, 27.021518103338433), (52.46999999730811, 26.95851689187309), (52.64999999729887, 26.86963386589838), (52.82999999728964, 26.773520795503515), (53.0099999972804, 26.671006325189758), (53.18999999727117, 26.56380589445088), (53.36999999726195, 26.459798894860036), (53.5499999972527, 26.365192891365098), (53.72999999724346, 26.26786835240118), (53.90999999723422, 26.153515411230575), (54.089999997225, 26.092239331007583), (54.26999999721577, 26.03769901602855), (54.44999999720652, 26.02670372729577), (54.630000000000074, 25.993877130165558), (54.810000000000066, 25.967401270206427), (54.99000000000006, 25.95113610788187), (55.170000000000044, 25.950211221380563), (55.35000000000003, 25.96858348731628), (55.530000000000015, 26.005593602466988), (55.71, 26.05152144788852), (55.88999999999997, 26.082140295402578), (56.069999999999936, 26.052269856459393)
Associated file(s): api_response_2023-08-30_13-21-17.json, api_response_2023-08-30_13-31-19.json, api_response_2023-08-30_13-21-17.json, api_response_2023-08-30_13-31-19.json

Record time: 2023-08-30T09:36:59Z
Event time: 2023-09-01T05:14:27.272Z
Status: Underway
Travel distance: 469.5723542116631
Waypoints: (49.05927597254002, 29.954111171208666), (49.20953135011443, 29.847532099022278), (49.40527979539644, 29.73470713542752), (49.60631993538836, 29.600867817765774), (49.792333019248915, 29.443273143332654), (49.95708337595911, 29.266464489286474), (50.10342910216722, 29.078377283128795), (50.239142980212726, 28.88730942375705), (50.3735436263293, 28.69974645308928), (50.5149368664352, 28.51904347679774), (50.66596823000261, 28.35634324797314), (50.833892311297014, 28.184353478160993), (51.017182659921346, 27.992112799748444), (51.208715840689564, 27.802241753856986), (51.398010227542144, 27.60447193289527), (51.576343246781896, 27.434919637844065), (51.74538672503408, 27.286097992946605), (51.92999999733582, 27.15965944133107), (52.10999999732657, 27.074880870868338), (52.28999999731733, 27.021518103338433), (52.46999999730811, 26.95851689187309), (52.64999999729887, 26.86963386589838), (52.82999999728964, 26.773520795503515), (53.0099999972804, 26.671006325189758), (53.18999999727117, 26.56380589445088), (53.36999999726195, 26.459798894860036), (53.5499999972527, 26.365192891365098), (53.72999999724346, 26.26786835240118), (53.90999999723422, 26.153515411230575), (54.089999997225, 26.092239331007583), (54.26999999721577, 26.03769901602855), (54.44999999720652, 26.02670372729577), (54.630000000000074, 25.993877130165558), (54.810000000000066, 25.967401270206427), (54.99000000000006, 25.95113610788187), (55.170000000000044, 25.950211221380563), (55.35000000000003, 25.96858348731628), (55.530000000000015, 26.005593602466988), (55.71, 26.05152144788852), (55.88999999999997, 26.082140295402578), (56.069999999999936, 26.052269856459393)
Associated file(s): api_response_2023-08-30_14-01-25.json, api_response_2023-08-30_13-41-21.json, api_response_2023-08-30_13-51-23.json, api_response_2023-08-30_14-01-25.json, api_response_2023-08-30_13-41-21.json, api_response_2023-08-30_13-51-23.json

Record time: 2023-08-30T10:09:59Z
Event time: 2023-09-01T05:54:01.272Z
Status: Underway
Travel distance: 463.4730021598272
Waypoints: (49.23192319534011, 29.970817807364263), (49.40009644268775, 29.787773746619532), (49.595628615132334, 29.610181734969856), (49.78601248669217, 29.432005575202844), (49.957380486790065, 29.251575202829216), (50.108479340177894, 29.069626045350542), (50.24555863874984, 28.887766756812994), (50.37817334524406, 28.7073753276472), (50.515900228832955, 28.528923569794074), (50.66596823000261, 28.351729975662163), (50.833892311297014, 28.184353478160993), (51.017182659921346, 27.992112799748444), (51.208715840689564, 27.802241753856986), (51.398010227542144, 27.60447193289527), (51.576343246781896, 27.434919637844065), (51.74538672503408, 27.286097992946605), (51.92999999733582, 27.15965944133107), (52.10999999732657, 27.074880870868338), (52.28999999731733, 27.021518103338433), (52.46999999730811, 26.95851689187309), (52.64999999729887, 26.86963386589838), (52.82999999728964, 26.773520795503515), (53.0099999972804, 26.671006325189758), (53.18999999727117, 26.56380589445088), (53.36999999726195, 26.459798894860036), (53.5499999972527, 26.365192891365098), (53.72999999724346, 26.26786835240118), (53.90999999723422, 26.153515411230575), (54.089999997225, 26.092239331007583), (54.26999999721577, 26.03769901602855), (54.44999999720652, 26.02670372729577), (54.630000000000074, 25.993877130165558), (54.810000000000066, 25.967401270206427), (54.99000000000006, 25.95113610788187), (55.170000000000044, 25.950211221380563), (55.35000000000003, 25.96858348731628), (55.530000000000015, 26.005593602466988), (55.71, 26.05152144788852), (55.88999999999997, 26.082140295402578), (56.069999999999936, 26.052269856459393)
Associated file(s): api_response_2023-08-30_15-21-39.json, api_response_2023-08-30_14-31-30.json, api_response_2023-08-30_15-41-42.json, api_response_2023-08-30_15-11-37.json, api_response_2023-08-30_14-51-33.json, api_response_2023-08-30_15-01-35.json, api_response_2023-08-30_14-11-26.json, api_response_2023-08-30_14-41-32.json, api_response_2023-08-30_14-21-28.json, api_response_2023-08-30_15-31-41.json, api_response_2023-08-30_15-21-39.json, api_response_2023-08-30_14-31-30.json, api_response_2023-08-30_15-41-42.json, api_response_2023-08-30_15-11-37.json, api_response_2023-08-30_14-51-33.json, api_response_2023-08-30_15-01-35.json, api_response_2023-08-30_14-11-26.json, api_response_2023-08-30_14-41-32.json, api_response_2023-08-30_14-21-28.json, api_response_2023-08-30_15-31-41.json

Record time: 2023-08-30T11:50:58Z
Event time: 2023-09-01T06:28:39.200Z
Status: Underway
Travel distance: 450.49568034557234
Waypoints: (49.48806148723176, 29.684947491248554), (49.56087014364018, 29.61493582263711), (49.62782191603098, 29.544924154025665), (49.69581579165914, 29.474912485414222), (49.76692090136488, 29.404900816802787), (49.84021725455056, 29.334889148191355), (49.9133213933959, 29.264877479579923), (49.98359696631123, 29.194865810968494), (50.04905022062904, 29.124854142357062), (50.10891041196287, 29.054842472255), (50.1626569335388, 28.984830803647167), (50.21455480542973, 28.914819135039323), (50.26830132700566, 28.844807466431476), (50.327034114704446, 28.774795797823636), (50.3923361101524, 28.70478412921579), (50.46361371023963, 28.634772460607945), (50.53809676712013, 28.564760792000104), (50.611709206106156, 28.494749123392264), (50.68105900942709, 28.424737454784427), (50.74679631382226, 28.354725786176576), (50.818588369938055, 28.284714117568733), (50.888586425544034, 28.21470244896089), (50.958584481149984, 28.14469078035304), (51.028582536755984, 28.074679111745205), (51.09858059236195, 28.00466744313736), (51.16857864796792, 27.934655774529514), (51.2385767035739, 27.86464410592167), (51.308574759179876, 27.794632437313826), (51.37857281478584, 27.724620768705986), (51.448570870391826, 27.652814750696745), (51.5185689259978, 27.587064661917207), (51.58856698160376, 27.5159070222631), (51.658565037209755, 27.444747497788185), (51.728563092815726, 27.373365564458908), (51.79856114842171, 27.30336897441746), (51.86855920402767, 27.228807348398945), (51.93855725963364, 27.164943965239992), (52.00855531523963, 27.108972326769713), (52.0785533708456, 27.07239549432917), (52.14855142645157, 27.045225802500344), (52.21854948205756, 27.03147414994514), (52.288547537663526, 27.017632025991556), (52.358545593269504, 26.99654465088361), (52.428543648875475, 26.974993609858917), (52.49854170448145, 26.942996891961855), (52.568539760087425, 26.91041776443765), (52.6385378156934, 26.87208804865331), (52.708535871299375, 26.823346582770984), (52.778533926905354, 26.787193835010395), (52.848531982511325, 26.74739961346463), (52.91853003811731, 26.703564336124142), (52.98852809372327, 26.655708736017722), (53.058526149329246, 26.62055494328101), (53.12852420493523, 26.57962794443458), (53.198522260541196, 26.53886680981853), (53.268520316147175, 26.48946565665629), (53.33851837175316, 26.438956228863766), (53.40851642735913, 26.385674229674773), (53.47851448296509, 26.337475592182788), (53.54851253857108, 26.288562607607687), (53.618510594177046, 26.229243527397), (53.688508649783024, 26.16899711535282), (53.758506705388996, 26.103275298885276), (53.828504760994974, 26.04830826990128), (53.89850281660096, 26.007232370211664), (53.96850087220693, 25.974998164893822), (54.038498927812924, 25.961683790764173), (54.10849698341888, 25.962105990623325), (54.17849503902486, 25.976894294618404), (54.24849309463083, 25.980733674587555), (54.31849115023681, 25.97761806580552), (54.38848920584279, 25.970016583520003), (54.45848726144877, 25.966269559770033), (54.528485317054745, 25.970966533203086), (54.59848337266071, 25.986495571772476), (54.668481428266695, 26.003398644704912), (54.73847948387265, 26.017887262192822), (54.80847753947863, 26.02965608326665), (54.8784755950846, 26.04143809808608), (54.94847365069058, 26.048364814525275), (55.018471706296545, 26.05344252175988), (55.08846976190252, 26.066383701371176), (55.15846781750851, 26.09144050908346), (55.22846587311449, 26.11901920702584), (55.29846392872046, 26.129958706947768), (55.36846198432644, 26.106328708580925), (55.43846003993242, 26.066851136929515), (55.5084580983862, 26.047141190198378), (55.57845615399576, 26.034574541614095), (55.648454209605326, 26.032127153209657), (55.718452265214886, 26.03980262327932), (55.78845032082445, 26.053909358939187), (55.85844837643401, 26.06651322416689), (55.92844643204357, 26.06506566465783), (55.998444487653124, 26.032207309497796), (56.06844254326265, 25.945747049652102)
Associated file(s): api_response_2023-08-30_17-01-57.json, api_response_2023-08-30_16-11-48.json, api_response_2023-08-30_15-51-44.json, api_response_2023-08-30_16-31-51.json, api_response_2023-08-30_16-21-49.json, api_response_2023-08-30_16-51-55.json, api_response_2023-08-30_16-01-46.json, api_response_2023-08-30_16-41-53.json, api_response_2023-08-30_17-01-57.json, api_response_2023-08-30_16-11-48.json, api_response_2023-08-30_15-51-44.json, api_response_2023-08-30_16-31-51.json, api_response_2023-08-30_16-21-49.json, api_response_2023-08-30_16-51-55.json, api_response_2023-08-30_16-01-46.json, api_response_2023-08-30_16-41-53.json

Record time: 2023-08-30T13:08:37Z
Event time: 2023-09-01T07:03:30.272Z
Status: Underway
Travel distance: 436.8390928725702
Waypoints: (49.70550658085354, 29.54492415402567), (49.761099627823384, 29.474912485414244), (49.81336901131991, 29.404900816802808), (49.86667929885559, 29.33488914819137), (49.92258533655609, 29.264877479579933), (49.98090186543064, 29.1948658109685), (50.04058393842899, 29.12485414235707), (50.10041813828494, 29.054842473745637), (50.15952459614642, 28.984830805134205), (50.21766980841577, 28.914819135039323), (50.27076807770665, 28.844807466431476), (50.32524011419464, 28.774795797823636), (50.3923361101524, 28.70478412921579), (50.46361371023963, 28.634772460607945), (50.53809676712013, 28.564760792000104), (50.611709206106156, 28.494749123392264), (50.68105900942709, 28.424737454784427), (50.74679631382226, 28.354725786176576), (50.818588369938055, 28.284714117568733), (50.888586425544034, 28.21470244896089), (50.958584481149984, 28.14469078035304), (51.028582536755984, 28.074679111745205), (51.09858059236195, 28.00466744313736), (51.16857864796792, 27.934655774529514), (51.2385767035739, 27.86464410592167), (51.308574759179876, 27.794632437313826), (51.37857281478584, 27.724620768705986), (51.448570870391826, 27.652814750696745), (51.5185689259978, 27.587064661917207), (51.58856698160376, 27.5159070222631), (51.658565037209755, 27.444747497788185), (51.728563092815726, 27.373365564458908), (51.79856114842171, 27.30336897441746), (51.86855920402767, 27.228807348398945), (51.93855725963364, 27.164943965239992), (52.00855531523963, 27.108972326769713), (52.0785533708456, 27.07239549432917), (52.14855142645157, 27.045225802500344), (52.21854948205756, 27.03147414994514), (52.288547537663526, 27.017632025991556), (52.358545593269504, 26.99654465088361), (52.428543648875475, 26.974993609858917), (52.49854170448145, 26.942996891961855), (52.568539760087425, 26.91041776443765), (52.6385378156934, 26.87208804865331), (52.708535871299375, 26.823346582770984), (52.778533926905354, 26.787193835010395), (52.848531982511325, 26.74739961346463), (52.91853003811731, 26.703564336124142), (52.98852809372327, 26.655708736017722), (53.058526149329246, 26.62055494328101), (53.12852420493523, 26.57962794443458), (53.198522260541196, 26.53886680981853), (53.268520316147175, 26.48946565665629), (53.33851837175316, 26.438956228863766), (53.40851642735913, 26.385674229674773), (53.47851448296509, 26.337475592182788), (53.54851253857108, 26.288562607607687), (53.618510594177046, 26.229243527397), (53.688508649783024, 26.16899711535282), (53.758506705388996, 26.103275298885276), (53.828504760994974, 26.04830826990128), (53.89850281660096, 26.007232370211664), (53.96850087220693, 25.974998164893822), (54.038498927812924, 25.961683790764173), (54.10849698341888, 25.962105990623325), (54.17849503902486, 25.976894294618404), (54.24849309463083, 25.980733674587555), (54.31849115023681, 25.97761806580552), (54.38848920584279, 25.970016583520003), (54.45848726144877, 25.966269559770033), (54.528485317054745, 25.970966533203086), (54.59848337266071, 25.986495571772476), (54.668481428266695, 26.003398644704912), (54.73847948387265, 26.017887262192822), (54.80847753947863, 26.02965608326665), (54.8784755950846, 26.04143809808608), (54.94847365069058, 26.048364814525275), (55.018471706296545, 26.05344252175988), (55.08846976190252, 26.066383701371176), (55.15846781750851, 26.09144050908346), (55.22846587311449, 26.11901920702584), (55.29846392872046, 26.129958706947768), (55.36846198432644, 26.106328708580925), (55.43846003993242, 26.066851136929515), (55.5084580983862, 26.047141190198378), (55.57845615399576, 26.034574541614095), (55.648454209605326, 26.032127153209657), (55.718452265214886, 26.03980262327932), (55.78845032082445, 26.053909358939187), (55.85844837643401, 26.06651322416689), (55.92844643204357, 26.06506566465783), (55.998444487653124, 26.032207309497796), (56.06844254326265, 25.945747049652102)
Associated file(s): api_response_2023-08-30_17-22-00.json, api_response_2023-08-30_17-11-58.json, api_response_2023-08-30_17-22-00.json, api_response_2023-08-30_17-11-58.json

Record time: 2023-08-30T13:31:48Z
Event time: 2023-09-01T07:40:40.454Z
Status: Underway
Travel distance: 433.6749460043197
Waypoints: (49.70222670524598, 29.474912485414233), (49.7606577289965, 29.40490081680281), (49.83678000987614, 29.33488914819138), (49.914960114870084, 29.26487747957994), (49.987296527026615, 29.194865810968505), (50.05136433053048, 29.124854142357073), (50.108274976537906, 29.054842473745637), (50.16105112977357, 28.9848308051342), (50.213316595889296, 28.91481913652277), (50.26830132700566, 28.844807466431476), (50.327034114704446, 28.774795797823636), (50.3923361101524, 28.70478412921579), (50.46361371023963, 28.634772460607945), (50.53809676712013, 28.564760792000104), (50.611709206106156, 28.494749123392264), (50.68105900942709, 28.424737454784427), (50.74679631382226, 28.354725786176576), (50.818588369938055, 28.284714117568733), (50.888586425544034, 28.21470244896089), (50.958584481149984, 28.14469078035304), (51.028582536755984, 28.074679111745205), (51.09858059236195, 28.00466744313736), (51.16857864796792, 27.934655774529514), (51.2385767035739, 27.86464410592167), (51.308574759179876, 27.794632437313826), (51.37857281478584, 27.724620768705986), (51.448570870391826, 27.652814750696745), (51.5185689259978, 27.587064661917207), (51.58856698160376, 27.5159070222631), (51.658565037209755, 27.444747497788185), (51.728563092815726, 27.373365564458908), (51.79856114842171, 27.30336897441746), (51.86855920402767, 27.228807348398945), (51.93855725963364, 27.164943965239992), (52.00855531523963, 27.108972326769713), (52.0785533708456, 27.07239549432917), (52.14855142645157, 27.045225802500344), (52.21854948205756, 27.03147414994514), (52.288547537663526, 27.017632025991556), (52.358545593269504, 26.99654465088361), (52.428543648875475, 26.974993609858917), (52.49854170448145, 26.942996891961855), (52.568539760087425, 26.91041776443765), (52.6385378156934, 26.87208804865331), (52.708535871299375, 26.823346582770984), (52.778533926905354, 26.787193835010395), (52.848531982511325, 26.74739961346463), (52.91853003811731, 26.703564336124142), (52.98852809372327, 26.655708736017722), (53.058526149329246, 26.62055494328101), (53.12852420493523, 26.57962794443458), (53.198522260541196, 26.53886680981853), (53.268520316147175, 26.48946565665629), (53.33851837175316, 26.438956228863766), (53.40851642735913, 26.385674229674773), (53.47851448296509, 26.337475592182788), (53.54851253857108, 26.288562607607687), (53.618510594177046, 26.229243527397), (53.688508649783024, 26.16899711535282), (53.758506705388996, 26.103275298885276), (53.828504760994974, 26.04830826990128), (53.89850281660096, 26.007232370211664), (53.96850087220693, 25.974998164893822), (54.038498927812924, 25.961683790764173), (54.10849698341888, 25.962105990623325), (54.17849503902486, 25.976894294618404), (54.24849309463083, 25.980733674587555), (54.31849115023681, 25.97761806580552), (54.38848920584279, 25.970016583520003), (54.45848726144877, 25.966269559770033), (54.528485317054745, 25.970966533203086), (54.59848337266071, 25.986495571772476), (54.668481428266695, 26.003398644704912), (54.73847948387265, 26.017887262192822), (54.80847753947863, 26.02965608326665), (54.8784755950846, 26.04143809808608), (54.94847365069058, 26.048364814525275), (55.018471706296545, 26.05344252175988), (55.08846976190252, 26.066383701371176), (55.15846781750851, 26.09144050908346), (55.22846587311449, 26.11901920702584), (55.29846392872046, 26.129958706947768), (55.36846198432644, 26.106328708580925), (55.43846003993242, 26.066851136929515), (55.5084580983862, 26.047141190198378), (55.57845615399576, 26.034574541614095), (55.648454209605326, 26.032127153209657), (55.718452265214886, 26.03980262327932), (55.78845032082445, 26.053909358939187), (55.85844837643401, 26.06651322416689), (55.92844643204357, 26.06506566465783), (55.998444487653124, 26.032207309497796), (56.06844254326265, 25.945747049652102)
Associated file(s): api_response_2023-08-30_17-42-04.json, api_response_2023-08-30_17-32-02.json, api_response_2023-08-30_17-52-06.json, api_response_2023-08-30_17-42-04.json, api_response_2023-08-30_17-32-02.json, api_response_2023-08-30_17-52-06.json

Record time: 2023-08-30T13:57:26Z
Event time: 2023-09-01T08:16:21.090Z
Status: Underway
Travel distance: 428.17170626349895
Waypoints: (49.76936542692595, 29.404900816802794), (49.83476431759196, 29.334889148191372), (49.910802494704384, 29.264877479579937), (49.98483861041888, 29.19486581096849), (50.05147987042194, 29.124854142357048), (50.110238903432965, 29.054842473745612), (50.163546038790514, 28.98483080513418), (50.2151169921229, 28.914819136522752), (50.26867595910284, 28.844807467911323), (50.327034114704446, 28.774795797823636), (50.3923361101524, 28.70478412921579), (50.46361371023963, 28.634772460607945), (50.53809676712013, 28.564760792000104), (50.611709206106156, 28.494749123392264), (50.68105900942709, 28.424737454784427), (50.74679631382226, 28.354725786176576), (50.818588369938055, 28.284714117568733), (50.888586425544034, 28.21470244896089), (50.958584481149984, 28.14469078035304), (51.028582536755984, 28.074679111745205), (51.09858059236195, 28.00466744313736), (51.16857864796792, 27.934655774529514), (51.2385767035739, 27.86464410592167), (51.308574759179876, 27.794632437313826), (51.37857281478584, 27.724620768705986), (51.448570870391826, 27.652814750696745), (51.5185689259978, 27.587064661917207), (51.58856698160376, 27.5159070222631), (51.658565037209755, 27.444747497788185), (51.728563092815726, 27.373365564458908), (51.79856114842171, 27.30336897441746), (51.86855920402767, 27.228807348398945), (51.93855725963364, 27.164943965239992), (52.00855531523963, 27.108972326769713), (52.0785533708456, 27.07239549432917), (52.14855142645157, 27.045225802500344), (52.21854948205756, 27.03147414994514), (52.288547537663526, 27.017632025991556), (52.358545593269504, 26.99654465088361), (52.428543648875475, 26.974993609858917), (52.49854170448145, 26.942996891961855), (52.568539760087425, 26.91041776443765), (52.6385378156934, 26.87208804865331), (52.708535871299375, 26.823346582770984), (52.778533926905354, 26.787193835010395), (52.848531982511325, 26.74739961346463), (52.91853003811731, 26.703564336124142), (52.98852809372327, 26.655708736017722), (53.058526149329246, 26.62055494328101), (53.12852420493523, 26.57962794443458), (53.198522260541196, 26.53886680981853), (53.268520316147175, 26.48946565665629), (53.33851837175316, 26.438956228863766), (53.40851642735913, 26.385674229674773), (53.47851448296509, 26.337475592182788), (53.54851253857108, 26.288562607607687), (53.618510594177046, 26.229243527397), (53.688508649783024, 26.16899711535282), (53.758506705388996, 26.103275298885276), (53.828504760994974, 26.04830826990128), (53.89850281660096, 26.007232370211664), (53.96850087220693, 25.974998164893822), (54.038498927812924, 25.961683790764173), (54.10849698341888, 25.962105990623325), (54.17849503902486, 25.976894294618404), (54.24849309463083, 25.980733674587555), (54.31849115023681, 25.97761806580552), (54.38848920584279, 25.970016583520003), (54.45848726144877, 25.966269559770033), (54.528485317054745, 25.970966533203086), (54.59848337266071, 25.986495571772476), (54.668481428266695, 26.003398644704912), (54.73847948387265, 26.017887262192822), (54.80847753947863, 26.02965608326665), (54.8784755950846, 26.04143809808608), (54.94847365069058, 26.048364814525275), (55.018471706296545, 26.05344252175988), (55.08846976190252, 26.066383701371176), (55.15846781750851, 26.09144050908346), (55.22846587311449, 26.11901920702584), (55.29846392872046, 26.129958706947768), (55.36846198432644, 26.106328708580925), (55.43846003993242, 26.066851136929515), (55.5084580983862, 26.047141190198378), (55.57845615399576, 26.034574541614095), (55.648454209605326, 26.032127153209657), (55.718452265214886, 26.03980262327932), (55.78845032082445, 26.053909358939187), (55.85844837643401, 26.06651322416689), (55.92844643204357, 26.06506566465783), (55.998444487653124, 26.032207309497796), (56.06844254326265, 25.945747049652102)
Associated file(s): api_response_2023-08-30_18-02-07.json, api_response_2023-08-30_18-12-09.json, api_response_2023-08-30_18-22-11.json, api_response_2023-08-30_18-02-07.json, api_response_2023-08-30_18-12-09.json, api_response_2023-08-30_18-22-11.json

Record time: 2023-08-30T14:23:19Z
Event time: 2023-09-01T08:52:41.090Z
Status: Underway
Travel distance: 422.7105831533477
Waypoints: (49.83551861326091, 29.33488914819136), (49.91230125261702, 29.264877479579933), (49.9846876313653, 29.194865810968498), (50.050011931903136, 29.124854142357062), (50.108695072799385, 29.054842473745623), (50.16298061683839, 28.98483080513419), (50.215888710428594, 28.914819136522755), (50.27038805437558, 28.844807467911323), (50.328785906019625, 28.77479579929989), (50.3923361101524, 28.70478412921579), (50.46361371023963, 28.634772460607945), (50.53809676712013, 28.564760792000104), (50.611709206106156, 28.494749123392264), (50.68105900942709, 28.424737454784427), (50.74679631382226, 28.354725786176576), (50.818588369938055, 28.284714117568733), (50.888586425544034, 28.21470244896089), (50.958584481149984, 28.14469078035304), (51.028582536755984, 28.074679111745205), (51.09858059236195, 28.00466744313736), (51.16857864796792, 27.934655774529514), (51.2385767035739, 27.86464410592167), (51.308574759179876, 27.794632437313826), (51.37857281478584, 27.724620768705986), (51.448570870391826, 27.652814750696745), (51.5185689259978, 27.587064661917207), (51.58856698160376, 27.5159070222631), (51.658565037209755, 27.444747497788185), (51.728563092815726, 27.373365564458908), (51.79856114842171, 27.30336897441746), (51.86855920402767, 27.228807348398945), (51.93855725963364, 27.164943965239992), (52.00855531523963, 27.108972326769713), (52.0785533708456, 27.07239549432917), (52.14855142645157, 27.045225802500344), (52.21854948205756, 27.03147414994514), (52.288547537663526, 27.017632025991556), (52.358545593269504, 26.99654465088361), (52.428543648875475, 26.974993609858917), (52.49854170448145, 26.942996891961855), (52.568539760087425, 26.91041776443765), (52.6385378156934, 26.87208804865331), (52.708535871299375, 26.823346582770984), (52.778533926905354, 26.787193835010395), (52.848531982511325, 26.74739961346463), (52.91853003811731, 26.703564336124142), (52.98852809372327, 26.655708736017722), (53.058526149329246, 26.62055494328101), (53.12852420493523, 26.57962794443458), (53.198522260541196, 26.53886680981853), (53.268520316147175, 26.48946565665629), (53.33851837175316, 26.438956228863766), (53.40851642735913, 26.385674229674773), (53.47851448296509, 26.337475592182788), (53.54851253857108, 26.288562607607687), (53.618510594177046, 26.229243527397), (53.688508649783024, 26.16899711535282), (53.758506705388996, 26.103275298885276), (53.828504760994974, 26.04830826990128), (53.89850281660096, 26.007232370211664), (53.96850087220693, 25.974998164893822), (54.038498927812924, 25.961683790764173), (54.10849698341888, 25.962105990623325), (54.17849503902486, 25.976894294618404), (54.24849309463083, 25.980733674587555), (54.31849115023681, 25.97761806580552), (54.38848920584279, 25.970016583520003), (54.45848726144877, 25.966269559770033), (54.528485317054745, 25.970966533203086), (54.59848337266071, 25.986495571772476), (54.668481428266695, 26.003398644704912), (54.73847948387265, 26.017887262192822), (54.80847753947863, 26.02965608326665), (54.8784755950846, 26.04143809808608), (54.94847365069058, 26.048364814525275), (55.018471706296545, 26.05344252175988), (55.08846976190252, 26.066383701371176), (55.15846781750851, 26.09144050908346), (55.22846587311449, 26.11901920702584), (55.29846392872046, 26.129958706947768), (55.36846198432644, 26.106328708580925), (55.43846003993242, 26.066851136929515), (55.5084580983862, 26.047141190198378), (55.57845615399576, 26.034574541614095), (55.648454209605326, 26.032127153209657), (55.718452265214886, 26.03980262327932), (55.78845032082445, 26.053909358939187), (55.85844837643401, 26.06651322416689), (55.92844643204357, 26.06506566465783), (55.998444487653124, 26.032207309497796), (56.06844254326265, 25.945747049652102)
Associated file(s): api_response_2023-08-30_18-32-13.json, api_response_2023-08-30_18-42-15.json, api_response_2023-08-30_18-52-16.json, api_response_2023-08-30_18-32-13.json, api_response_2023-08-30_18-42-15.json, api_response_2023-08-30_18-52-16.json

Record time: 2023-08-30T15:01:49Z
Event time: 2023-09-01T09:24:44.636Z
Status: Underway
Travel distance: 417.2575593952484
Waypoints: (49.903237472768126, 29.26487747957992), (49.98931357840205, 29.194865810968498), (50.05465554712673, 29.124854142357066), (50.10935762980589, 29.054842473745627), (50.16051308380321, 28.98483080513419), (50.21273334014673, 28.91481913652276), (50.268630423834, 28.844807467911327), (50.32926262727811, 28.774795799299895), (50.39454343689451, 28.704784130688463), (50.46361371023963, 28.634772460607945), (50.53809676712013, 28.564760792000104), (50.611709206106156, 28.494749123392264), (50.68105900942709, 28.424737454784427), (50.74679631382226, 28.354725786176576), (50.818588369938055, 28.284714117568733), (50.888586425544034, 28.21470244896089), (50.958584481149984, 28.14469078035304), (51.028582536755984, 28.074679111745205), (51.09858059236195, 28.00466744313736), (51.16857864796792, 27.934655774529514), (51.2385767035739, 27.86464410592167), (51.308574759179876, 27.794632437313826), (51.37857281478584, 27.724620768705986), (51.448570870391826, 27.652814750696745), (51.5185689259978, 27.587064661917207), (51.58856698160376, 27.5159070222631), (51.658565037209755, 27.444747497788185), (51.728563092815726, 27.373365564458908), (51.79856114842171, 27.30336897441746), (51.86855920402767, 27.228807348398945), (51.93855725963364, 27.164943965239992), (52.00855531523963, 27.108972326769713), (52.0785533708456, 27.07239549432917), (52.14855142645157, 27.045225802500344), (52.21854948205756, 27.03147414994514), (52.288547537663526, 27.017632025991556), (52.358545593269504, 26.99654465088361), (52.428543648875475, 26.974993609858917), (52.49854170448145, 26.942996891961855), (52.568539760087425, 26.91041776443765), (52.6385378156934, 26.87208804865331), (52.708535871299375, 26.823346582770984), (52.778533926905354, 26.787193835010395), (52.848531982511325, 26.74739961346463), (52.91853003811731, 26.703564336124142), (52.98852809372327, 26.655708736017722), (53.058526149329246, 26.62055494328101), (53.12852420493523, 26.57962794443458), (53.198522260541196, 26.53886680981853), (53.268520316147175, 26.48946565665629), (53.33851837175316, 26.438956228863766), (53.40851642735913, 26.385674229674773), (53.47851448296509, 26.337475592182788), (53.54851253857108, 26.288562607607687), (53.618510594177046, 26.229243527397), (53.688508649783024, 26.16899711535282), (53.758506705388996, 26.103275298885276), (53.828504760994974, 26.04830826990128), (53.89850281660096, 26.007232370211664), (53.96850087220693, 25.974998164893822), (54.038498927812924, 25.961683790764173), (54.10849698341888, 25.962105990623325), (54.17849503902486, 25.976894294618404), (54.24849309463083, 25.980733674587555), (54.31849115023681, 25.97761806580552), (54.38848920584279, 25.970016583520003), (54.45848726144877, 25.966269559770033), (54.528485317054745, 25.970966533203086), (54.59848337266071, 25.986495571772476), (54.668481428266695, 26.003398644704912), (54.73847948387265, 26.017887262192822), (54.80847753947863, 26.02965608326665), (54.8784755950846, 26.04143809808608), (54.94847365069058, 26.048364814525275), (55.018471706296545, 26.05344252175988), (55.08846976190252, 26.066383701371176), (55.15846781750851, 26.09144050908346), (55.22846587311449, 26.11901920702584), (55.29846392872046, 26.129958706947768), (55.36846198432644, 26.106328708580925), (55.43846003993242, 26.066851136929515), (55.5084580983862, 26.047141190198378), (55.57845615399576, 26.034574541614095), (55.648454209605326, 26.032127153209657), (55.718452265214886, 26.03980262327932), (55.78845032082445, 26.053909358939187), (55.85844837643401, 26.06651322416689), (55.92844643204357, 26.06506566465783), (55.998444487653124, 26.032207309497796), (56.06844254326265, 25.945747049652102)
Associated file(s): api_response_2023-08-30_19-02-18.json, api_response_2023-08-30_19-12-20.json, api_response_2023-08-30_19-22-22.json, api_response_2023-08-30_19-32-23.json, api_response_2023-08-30_19-02-18.json, api_response_2023-08-30_19-12-20.json, api_response_2023-08-30_19-22-22.json, api_response_2023-08-30_19-32-23.json

Record time: 2023-08-30T15:39:37Z
Event time: 2023-09-01T10:05:51Z
Status: Underway
Travel distance: 413.6830453563715
Waypoints: (49.90861364962083, 29.194865810968487), (49.97861170523041, 29.12485414235705), (50.04860976083998, 29.054842473745612), (50.11860781644955, 28.984830805134177), (50.18860587205911, 28.91481913652274), (50.25860392766867, 28.84480746791131), (50.32860198327824, 28.774795799299877), (50.398600038887814, 28.70478413068845), (50.46859809449738, 28.634772462077017), (50.53859614751414, 28.564760792000104), (50.60859420312011, 28.494749123392264), (50.6785922587261, 28.424737454784427), (50.74859031433206, 28.354725786176576), (50.818588369938055, 28.284714117568733), (50.888586425544034, 28.21470244896089), (50.958584481149984, 28.14469078035304), (51.028582536755984, 28.074679111745205), (51.09858059236195, 28.00466744313736), (51.16857864796792, 27.934655774529514), (51.2385767035739, 27.86464410592167), (51.308574759179876, 27.794632437313826), (51.37857281478584, 27.724620768705986), (51.448570870391826, 27.652814750696745), (51.5185689259978, 27.587064661917207), (51.58856698160376, 27.5159070222631), (51.658565037209755, 27.444747497788185), (51.728563092815726, 27.373365564458908), (51.79856114842171, 27.30336897441746), (51.86855920402767, 27.228807348398945), (51.93855725963364, 27.164943965239992), (52.00855531523963, 27.108972326769713), (52.0785533708456, 27.07239549432917), (52.14855142645157, 27.045225802500344), (52.21854948205756, 27.03147414994514), (52.288547537663526, 27.017632025991556), (52.358545593269504, 26.99654465088361), (52.428543648875475, 26.974993609858917), (52.49854170448145, 26.942996891961855), (52.568539760087425, 26.91041776443765), (52.6385378156934, 26.87208804865331), (52.708535871299375, 26.823346582770984), (52.778533926905354, 26.787193835010395), (52.848531982511325, 26.74739961346463), (52.91853003811731, 26.703564336124142), (52.98852809372327, 26.655708736017722), (53.058526149329246, 26.62055494328101), (53.12852420493523, 26.57962794443458), (53.198522260541196, 26.53886680981853), (53.268520316147175, 26.48946565665629), (53.33851837175316, 26.438956228863766), (53.40851642735913, 26.385674229674773), (53.47851448296509, 26.337475592182788), (53.54851253857108, 26.288562607607687), (53.618510594177046, 26.229243527397), (53.688508649783024, 26.16899711535282), (53.758506705388996, 26.103275298885276), (53.828504760994974, 26.04830826990128), (53.89850281660096, 26.007232370211664), (53.96850087220693, 25.974998164893822), (54.038498927812924, 25.961683790764173), (54.10849698341888, 25.962105990623325), (54.17849503902486, 25.976894294618404), (54.24849309463083, 25.980733674587555), (54.31849115023681, 25.97761806580552), (54.38848920584279, 25.970016583520003), (54.45848726144877, 25.966269559770033), (54.528485317054745, 25.970966533203086), (54.59848337266071, 25.986495571772476), (54.668481428266695, 26.003398644704912), (54.73847948387265, 26.017887262192822), (54.80847753947863, 26.02965608326665), (54.8784755950846, 26.04143809808608), (54.94847365069058, 26.048364814525275), (55.018471706296545, 26.05344252175988), (55.08846976190252, 26.066383701371176), (55.15846781750851, 26.09144050908346), (55.22846587311449, 26.11901920702584), (55.29846392872046, 26.129958706947768), (55.36846198432644, 26.106328708580925), (55.43846003993242, 26.066851136929515), (55.5084580983862, 26.047141190198378), (55.57845615399576, 26.034574541614095), (55.648454209605326, 26.032127153209657), (55.718452265214886, 26.03980262327932), (55.78845032082445, 26.053909358939187), (55.85844837643401, 26.06651322416689), (55.92844643204357, 26.06506566465783), (55.998444487653124, 26.032207309497796), (56.06844254326265, 25.945747049652102)
Associated file(s): api_response_2023-08-30_19-52-27.json, api_response_2023-08-30_19-42-25.json, api_response_2023-08-30_20-02-29.json, api_response_2023-08-30_19-52-27.json, api_response_2023-08-30_19-42-25.json, api_response_2023-08-30_20-02-29.json

Record time: 2023-08-30T16:04:48Z
Event time: 2023-09-01T10:35:53.363Z
Status: Underway
Travel distance: 408.10097192224623
Waypoints: (49.97861170523038, 29.124854142357073), (50.04860976083998, 29.05484247374564), (50.11860781644955, 28.9848308051342), (50.18860587205911, 28.914819136522766), (50.25860392766867, 28.844807467911334), (50.32860198327823, 28.7747957992999), (50.39860003888781, 28.704784130688463), (50.46859809449738, 28.63477246207703), (50.538596150106954, 28.564760793465595), (50.60859420312011, 28.494749123392264), (50.6785922587261, 28.424737454784427), (50.74859031433206, 28.354725786176576), (50.818588369938055, 28.284714117568733), (50.888586425544034, 28.21470244896089), (50.958584481149984, 28.14469078035304), (51.028582536755984, 28.074679111745205), (51.09858059236195, 28.00466744313736), (51.16857864796792, 27.934655774529514), (51.2385767035739, 27.86464410592167), (51.308574759179876, 27.794632437313826), (51.37857281478584, 27.724620768705986), (51.448570870391826, 27.652814750696745), (51.5185689259978, 27.587064661917207), (51.58856698160376, 27.5159070222631), (51.658565037209755, 27.444747497788185), (51.728563092815726, 27.373365564458908), (51.79856114842171, 27.30336897441746), (51.86855920402767, 27.228807348398945), (51.93855725963364, 27.164943965239992), (52.00855531523963, 27.108972326769713), (52.0785533708456, 27.07239549432917), (52.14855142645157, 27.045225802500344), (52.21854948205756, 27.03147414994514), (52.288547537663526, 27.017632025991556), (52.358545593269504, 26.99654465088361), (52.428543648875475, 26.974993609858917), (52.49854170448145, 26.942996891961855), (52.568539760087425, 26.91041776443765), (52.6385378156934, 26.87208804865331), (52.708535871299375, 26.823346582770984), (52.778533926905354, 26.787193835010395), (52.848531982511325, 26.74739961346463), (52.91853003811731, 26.703564336124142), (52.98852809372327, 26.655708736017722), (53.058526149329246, 26.62055494328101), (53.12852420493523, 26.57962794443458), (53.198522260541196, 26.53886680981853), (53.268520316147175, 26.48946565665629), (53.33851837175316, 26.438956228863766), (53.40851642735913, 26.385674229674773), (53.47851448296509, 26.337475592182788), (53.54851253857108, 26.288562607607687), (53.618510594177046, 26.229243527397), (53.688508649783024, 26.16899711535282), (53.758506705388996, 26.103275298885276), (53.828504760994974, 26.04830826990128), (53.89850281660096, 26.007232370211664), (53.96850087220693, 25.974998164893822), (54.038498927812924, 25.961683790764173), (54.10849698341888, 25.962105990623325), (54.17849503902486, 25.976894294618404), (54.24849309463083, 25.980733674587555), (54.31849115023681, 25.97761806580552), (54.38848920584279, 25.970016583520003), (54.45848726144877, 25.966269559770033), (54.528485317054745, 25.970966533203086), (54.59848337266071, 25.986495571772476), (54.668481428266695, 26.003398644704912), (54.73847948387265, 26.017887262192822), (54.80847753947863, 26.02965608326665), (54.8784755950846, 26.04143809808608), (54.94847365069058, 26.048364814525275), (55.018471706296545, 26.05344252175988), (55.08846976190252, 26.066383701371176), (55.15846781750851, 26.09144050908346), (55.22846587311449, 26.11901920702584), (55.29846392872046, 26.129958706947768), (55.36846198432644, 26.106328708580925), (55.43846003993242, 26.066851136929515), (55.5084580983862, 26.047141190198378), (55.57845615399576, 26.034574541614095), (55.648454209605326, 26.032127153209657), (55.718452265214886, 26.03980262327932), (55.78845032082445, 26.053909358939187), (55.85844837643401, 26.06651322416689), (55.92844643204357, 26.06506566465783), (55.998444487653124, 26.032207309497796), (56.06844254326265, 25.945747049652102)
Associated file(s): api_response_2023-08-30_20-32-35.json, api_response_2023-08-30_20-12-31.json, api_response_2023-08-30_20-22-33.json, api_response_2023-08-30_20-32-35.json, api_response_2023-08-30_20-12-31.json, api_response_2023-08-30_20-22-33.json

Record time: 2023-08-30T16:40:38Z
Event time: 2023-09-01T11:15:12.363Z
Status: Underway
Travel distance: 402.5172786177106
Waypoints: (50.04860976083998, 29.054842473745623), (50.11860781644955, 28.98483080513418), (50.188605872059114, 28.914819136522738), (50.25860392766868, 28.8448074679113), (50.32860198327825, 28.774795799299866), (50.39860003888782, 28.704784130688434), (50.46859809449739, 28.634772462077006), (50.53859615010696, 28.56476079346558), (50.60859420571653, 28.494749124854152), (50.6785922587261, 28.424737454784427), (50.74859031433206, 28.354725786176576), (50.818588369938055, 28.284714117568733), (50.888586425544034, 28.21470244896089), (50.958584481149984, 28.14469078035304), (51.028582536755984, 28.074679111745205), (51.09858059236195, 28.00466744313736), (51.16857864796792, 27.934655774529514), (51.2385767035739, 27.86464410592167), (51.308574759179876, 27.794632437313826), (51.37857281478584, 27.724620768705986), (51.448570870391826, 27.652814750696745), (51.5185689259978, 27.587064661917207), (51.58856698160376, 27.5159070222631), (51.658565037209755, 27.444747497788185), (51.728563092815726, 27.373365564458908), (51.79856114842171, 27.30336897441746), (51.86855920402767, 27.228807348398945), (51.93855725963364, 27.164943965239992), (52.00855531523963, 27.108972326769713), (52.0785533708456, 27.07239549432917), (52.14855142645157, 27.045225802500344), (52.21854948205756, 27.03147414994514), (52.288547537663526, 27.017632025991556), (52.358545593269504, 26.99654465088361), (52.428543648875475, 26.974993609858917), (52.49854170448145, 26.942996891961855), (52.568539760087425, 26.91041776443765), (52.6385378156934, 26.87208804865331), (52.708535871299375, 26.823346582770984), (52.778533926905354, 26.787193835010395), (52.848531982511325, 26.74739961346463), (52.91853003811731, 26.703564336124142), (52.98852809372327, 26.655708736017722), (53.058526149329246, 26.62055494328101), (53.12852420493523, 26.57962794443458), (53.198522260541196, 26.53886680981853), (53.268520316147175, 26.48946565665629), (53.33851837175316, 26.438956228863766), (53.40851642735913, 26.385674229674773), (53.47851448296509, 26.337475592182788), (53.54851253857108, 26.288562607607687), (53.618510594177046, 26.229243527397), (53.688508649783024, 26.16899711535282), (53.758506705388996, 26.103275298885276), (53.828504760994974, 26.04830826990128), (53.89850281660096, 26.007232370211664), (53.96850087220693, 25.974998164893822), (54.038498927812924, 25.961683790764173), (54.10849698341888, 25.962105990623325), (54.17849503902486, 25.976894294618404), (54.24849309463083, 25.980733674587555), (54.31849115023681, 25.97761806580552), (54.38848920584279, 25.970016583520003), (54.45848726144877, 25.966269559770033), (54.528485317054745, 25.970966533203086), (54.59848337266071, 25.986495571772476), (54.668481428266695, 26.003398644704912), (54.73847948387265, 26.017887262192822), (54.80847753947863, 26.02965608326665), (54.8784755950846, 26.04143809808608), (54.94847365069058, 26.048364814525275), (55.018471706296545, 26.05344252175988), (55.08846976190252, 26.066383701371176), (55.15846781750851, 26.09144050908346), (55.22846587311449, 26.11901920702584), (55.29846392872046, 26.129958706947768), (55.36846198432644, 26.106328708580925), (55.43846003993242, 26.066851136929515), (55.5084580983862, 26.047141190198378), (55.57845615399576, 26.034574541614095), (55.648454209605326, 26.032127153209657), (55.718452265214886, 26.03980262327932), (55.78845032082445, 26.053909358939187), (55.85844837643401, 26.06651322416689), (55.92844643204357, 26.06506566465783), (55.998444487653124, 26.032207309497796), (56.06844254326265, 25.945747049652102)
Associated file(s): api_response_2023-08-30_21-12-42.json, api_response_2023-08-30_20-52-39.json, api_response_2023-08-30_20-42-36.json, api_response_2023-08-30_21-02-41.json, api_response_2023-08-30_21-12-42.json, api_response_2023-08-30_20-52-39.json, api_response_2023-08-30_20-42-36.json, api_response_2023-08-30_21-02-41.json

Record time: 2023-08-30T17:16:46Z
Event time: 2023-09-01T11:47:14.727Z
Status: Underway
Travel distance: 396.9319654427646
Waypoints: (50.118607816449554, 28.984830805134184), (50.188605872059114, 28.914819136522766), (50.25860392766867, 28.84480746791133), (50.32860198327825, 28.774795799299895), (50.398600038887814, 28.704784130688456), (50.46859809449739, 28.634772462077024), (50.538596150106954, 28.564760793465595), (50.60859420571653, 28.494749124854163), (50.678592261326095, 28.424737456242735), (50.74859031433206, 28.354725786176576), (50.818588369938055, 28.284714117568733), (50.888586425544034, 28.21470244896089), (50.958584481149984, 28.14469078035304), (51.028582536755984, 28.074679111745205), (51.09858059236195, 28.00466744313736), (51.16857864796792, 27.934655774529514), (51.2385767035739, 27.86464410592167), (51.308574759179876, 27.794632437313826), (51.37857281478584, 27.724620768705986), (51.448570870391826, 27.652814750696745), (51.5185689259978, 27.587064661917207), (51.58856698160376, 27.5159070222631), (51.658565037209755, 27.444747497788185), (51.728563092815726, 27.373365564458908), (51.79856114842171, 27.30336897441746), (51.86855920402767, 27.228807348398945), (51.93855725963364, 27.164943965239992), (52.00855531523963, 27.108972326769713), (52.0785533708456, 27.07239549432917), (52.14855142645157, 27.045225802500344), (52.21854948205756, 27.03147414994514), (52.288547537663526, 27.017632025991556), (52.358545593269504, 26.99654465088361), (52.428543648875475, 26.974993609858917), (52.49854170448145, 26.942996891961855), (52.568539760087425, 26.91041776443765), (52.6385378156934, 26.87208804865331), (52.708535871299375, 26.823346582770984), (52.778533926905354, 26.787193835010395), (52.848531982511325, 26.74739961346463), (52.91853003811731, 26.703564336124142), (52.98852809372327, 26.655708736017722), (53.058526149329246, 26.62055494328101), (53.12852420493523, 26.57962794443458), (53.198522260541196, 26.53886680981853), (53.268520316147175, 26.48946565665629), (53.33851837175316, 26.438956228863766), (53.40851642735913, 26.385674229674773), (53.47851448296509, 26.337475592182788), (53.54851253857108, 26.288562607607687), (53.618510594177046, 26.229243527397), (53.688508649783024, 26.16899711535282), (53.758506705388996, 26.103275298885276), (53.828504760994974, 26.04830826990128), (53.89850281660096, 26.007232370211664), (53.96850087220693, 25.974998164893822), (54.038498927812924, 25.961683790764173), (54.10849698341888, 25.962105990623325), (54.17849503902486, 25.976894294618404), (54.24849309463083, 25.980733674587555), (54.31849115023681, 25.97761806580552), (54.38848920584279, 25.970016583520003), (54.45848726144877, 25.966269559770033), (54.528485317054745, 25.970966533203086), (54.59848337266071, 25.986495571772476), (54.668481428266695, 26.003398644704912), (54.73847948387265, 26.017887262192822), (54.80847753947863, 26.02965608326665), (54.8784755950846, 26.04143809808608), (54.94847365069058, 26.048364814525275), (55.018471706296545, 26.05344252175988), (55.08846976190252, 26.066383701371176), (55.15846781750851, 26.09144050908346), (55.22846587311449, 26.11901920702584), (55.29846392872046, 26.129958706947768), (55.36846198432644, 26.106328708580925), (55.43846003993242, 26.066851136929515), (55.5084580983862, 26.047141190198378), (55.57845615399576, 26.034574541614095), (55.648454209605326, 26.032127153209657), (55.718452265214886, 26.03980262327932), (55.78845032082445, 26.053909358939187), (55.85844837643401, 26.06651322416689), (55.92844643204357, 26.06506566465783), (55.998444487653124, 26.032207309497796), (56.06844254326265, 25.945747049652102)
Associated file(s): api_response_2023-08-30_21-32-47.json, api_response_2023-08-30_21-52-51.json, api_response_2023-08-30_21-42-49.json, api_response_2023-08-30_22-02-52.json, api_response_2023-08-30_21-22-45.json, api_response_2023-08-30_21-32-47.json, api_response_2023-08-30_21-52-51.json, api_response_2023-08-30_21-42-49.json, api_response_2023-08-30_22-02-52.json, api_response_2023-08-30_21-22-45.json

Record time: 2023-08-30T18:08:28Z
Event time: 2023-09-01T12:22:36.636Z
Status: Underway
Travel distance: 389.1085313174946
Waypoints: (50.188605872059085, 28.84480746791133), (50.25860392766867, 28.774795799299888), (50.32860198327825, 28.70478413068845), (50.398600038887814, 28.63477246207701), (50.46859809449737, 28.564760793465574), (50.53859615010694, 28.494749124854142), (50.608594205716514, 28.42473745624271), (50.67859226132608, 28.35472578763128), (50.748590316935655, 28.28471411901985), (50.818588369938055, 28.21470244896089), (50.888586425544034, 28.14469078035304), (50.958584481149984, 28.074679111745205), (51.028582536755984, 28.00466744313736), (51.09858059236195, 27.934655774529514), (51.16857864796792, 27.86464410592167), (51.2385767035739, 27.794632437313826), (51.308574759179876, 27.724620768705986), (51.37857281478584, 27.652814750696745), (51.448570870391826, 27.58527031251582), (51.5185689259978, 27.520168602091402), (51.58856698160376, 27.44539587614331), (51.658565037209755, 27.36975047816493), (51.728563092815726, 27.297088751512597), (51.79856114842171, 27.231789134904197), (51.86855920402767, 27.168494967626774), (51.93855725963364, 27.120886279045124), (52.00855531523963, 27.08301834435674), (52.0785533708456, 27.062696206493506), (52.14855142645157, 27.04679397340576), (52.21854948205756, 27.03773929428361), (52.288547537663526, 27.022617377006977), (52.358545593269504, 26.997044128395554), (52.428543648875475, 26.971878001076885), (52.49854170448145, 26.94052966153494), (52.568539760087425, 26.91221211383904), (52.6385378156934, 26.87208804865331), (52.708535871299375, 26.823346582770984), (52.778533926905354, 26.787193835010395), (52.848531982511325, 26.74739961346463), (52.91853003811731, 26.703564336124142), (52.98852809372327, 26.655708736017722), (53.058526149329246, 26.62055494328101), (53.12852420493523, 26.57962794443458), (53.198522260541196, 26.53886680981853), (53.268520316147175, 26.48946565665629), (53.33851837175316, 26.438956228863766), (53.40851642735913, 26.385674229674773), (53.47851448296509, 26.337475592182788), (53.54851253857108, 26.288562607607687), (53.618510594177046, 26.229243527397), (53.688508649783024, 26.16899711535282), (53.758506705388996, 26.103275298885276), (53.828504760994974, 26.04830826990128), (53.89850281660096, 26.007232370211664), (53.96850087220693, 25.974998164893822), (54.038498927812924, 25.961683790764173), (54.10849698341888, 25.962105990623325), (54.17849503902486, 25.976894294618404), (54.24849309463083, 25.980733674587555), (54.31849115023681, 25.97761806580552), (54.38848920584279, 25.970016583520003), (54.45848726144877, 25.966269559770033), (54.528485317054745, 25.970966533203086), (54.59848337266071, 25.986495571772476), (54.668481428266695, 26.003398644704912), (54.73847948387265, 26.017887262192822), (54.80847753947863, 26.02965608326665), (54.8784755950846, 26.04143809808608), (54.94847365069058, 26.048364814525275), (55.018471706296545, 26.05344252175988), (55.08846976190252, 26.066383701371176), (55.15846781750851, 26.09144050908346), (55.22846587311449, 26.11901920702584), (55.29846392872046, 26.129958706947768), (55.36846198432644, 26.106328708580925), (55.43846003993242, 26.066851136929515), (55.5084580983862, 26.047141190198378), (55.57845615399576, 26.034574541614095), (55.648454209605326, 26.032127153209657), (55.718452265214886, 26.03980262327932), (55.78845032082445, 26.053909358939187), (55.85844837643401, 26.06651322416689), (55.92844643204357, 26.06506566465783), (55.998444487653124, 26.032207309497796), (56.06844254326265, 25.945747049652102)
Associated file(s): api_response_2023-08-30_23-13-05.json, api_response_2023-08-31_00-23-18.json, api_response_2023-08-30_23-43-11.json, api_response_2023-08-30_22-53-02.json, api_response_2023-08-30_22-32-58.json, api_response_2023-08-31_00-43-22.json, api_response_2023-08-31_00-13-16.json, api_response_2023-08-30_23-23-07.json, api_response_2023-08-31_01-03-25.json, api_response_2023-08-30_23-03-03.json, api_response_2023-08-31_00-53-23.json, api_response_2023-08-30_23-33-09.json, api_response_2023-08-31_00-03-14.json, api_response_2023-08-30_22-22-56.json, api_response_2023-08-30_22-12-54.json, api_response_2023-08-31_00-33-20.json, api_response_2023-08-30_22-43-00.json, api_response_2023-08-30_23-53-13.json, api_response_2023-08-30_23-13-05.json, api_response_2023-08-31_00-23-18.json, api_response_2023-08-30_23-43-11.json, api_response_2023-08-30_22-53-02.json, api_response_2023-08-30_22-32-58.json, api_response_2023-08-31_00-43-22.json, api_response_2023-08-31_00-13-16.json, api_response_2023-08-30_23-23-07.json, api_response_2023-08-31_01-03-25.json, api_response_2023-08-30_23-03-03.json, api_response_2023-08-31_00-53-23.json, api_response_2023-08-30_23-33-09.json, api_response_2023-08-31_00-03-14.json, api_response_2023-08-30_22-22-56.json, api_response_2023-08-30_22-12-54.json, api_response_2023-08-31_00-33-20.json, api_response_2023-08-30_22-43-00.json, api_response_2023-08-30_23-53-13.json

Record time: 2023-08-30T21:09:56Z
Event time: 2023-09-01T11:55:20.909Z
Status: Underway
Travel distance: 359.0296976241901
Waypoints: (50.5385961501069, 28.424737456242713), (50.6085942057165, 28.354725787631285), (50.67859226132608, 28.284714119019846), (50.74859031693565, 28.214702450408407), (50.818588372545214, 28.14469078179697), (50.88858642815478, 28.07467911318554), (50.958584483764355, 28.004667444574107), (51.02858253937392, 27.934655775962675), (51.098580594983495, 27.864644107351246), (51.16857864796792, 27.794632437313826), (51.2385767035739, 27.724620768705986), (51.308574759179876, 27.652814750696745), (51.37857281478584, 27.58527031251582), (51.448570870391826, 27.51837425269001), (51.5185689259978, 27.44965745597161), (51.58856698160376, 27.370398856520055), (51.658565037209755, 27.29347366521862), (51.728563092815726, 27.22550891199933), (51.79856114842171, 27.171476754132026), (51.86855920402767, 27.12443728143191), (51.93855725963364, 27.09493229663215), (52.00855531523963, 27.07331905652107), (52.0785533708456, 27.06426437739892), (52.14855142645157, 27.05305911774423), (52.21854948205756, 27.04272464529903), (52.288547537663526, 27.02311685451892), (52.358545593269504, 26.993928519613515), (52.428543648875475, 26.96941077064997), (52.49854170448145, 26.942324010936332), (52.568539760087425, 26.91221211383904), (52.6385378156934, 26.87208804865331), (52.708535871299375, 26.823346582770984), (52.778533926905354, 26.787193835010395), (52.848531982511325, 26.74739961346463), (52.91853003811731, 26.703564336124142), (52.98852809372327, 26.655708736017722), (53.058526149329246, 26.62055494328101), (53.12852420493523, 26.57962794443458), (53.198522260541196, 26.53886680981853), (53.268520316147175, 26.48946565665629), (53.33851837175316, 26.438956228863766), (53.40851642735913, 26.385674229674773), (53.47851448296509, 26.337475592182788), (53.54851253857108, 26.288562607607687), (53.618510594177046, 26.229243527397), (53.688508649783024, 26.16899711535282), (53.758506705388996, 26.103275298885276), (53.828504760994974, 26.04830826990128), (53.89850281660096, 26.007232370211664), (53.96850087220693, 25.974998164893822), (54.038498927812924, 25.961683790764173), (54.10849698341888, 25.962105990623325), (54.17849503902486, 25.976894294618404), (54.24849309463083, 25.980733674587555), (54.31849115023681, 25.97761806580552), (54.38848920584279, 25.970016583520003), (54.45848726144877, 25.966269559770033), (54.528485317054745, 25.970966533203086), (54.59848337266071, 25.986495571772476), (54.668481428266695, 26.003398644704912), (54.73847948387265, 26.017887262192822), (54.80847753947863, 26.02965608326665), (54.8784755950846, 26.04143809808608), (54.94847365069058, 26.048364814525275), (55.018471706296545, 26.05344252175988), (55.08846976190252, 26.066383701371176), (55.15846781750851, 26.09144050908346), (55.22846587311449, 26.11901920702584), (55.29846392872046, 26.129958706947768), (55.36846198432644, 26.106328708580925), (55.43846003993242, 26.066851136929515), (55.5084580983862, 26.047141190198378), (55.57845615399576, 26.034574541614095), (55.648454209605326, 26.032127153209657), (55.718452265214886, 26.03980262327932), (55.78845032082445, 26.053909358939187), (55.85844837643401, 26.06651322416689), (55.92844643204357, 26.06506566465783), (55.998444487653124, 26.032207309497796), (56.06844254326265, 25.945747049652102)
Associated file(s): api_response_2023-08-31_04-13-59.json, api_response_2023-08-31_02-03-36.json, api_response_2023-08-31_02-43-43.json, api_response_2023-08-31_01-33-30.json, api_response_2023-08-31_03-13-49.json, api_response_2023-08-31_04-03-58.json, api_response_2023-08-31_03-53-56.json, api_response_2023-08-31_02-23-39.json, api_response_2023-08-31_02-53-45.json, api_response_2023-08-31_03-23-50.json, api_response_2023-08-31_03-43-54.json, api_response_2023-08-31_01-13-27.json, api_response_2023-08-31_01-43-32.json, api_response_2023-08-31_03-33-52.json, api_response_2023-08-31_02-33-41.json, api_response_2023-08-31_02-13-38.json, api_response_2023-08-31_01-53-34.json, api_response_2023-08-31_03-03-47.json, api_response_2023-08-31_01-23-29.json, api_response_2023-08-31_04-13-59.json, api_response_2023-08-31_02-03-36.json, api_response_2023-08-31_02-43-43.json, api_response_2023-08-31_01-33-30.json, api_response_2023-08-31_03-13-49.json, api_response_2023-08-31_04-03-58.json, api_response_2023-08-31_03-53-56.json, api_response_2023-08-31_02-23-39.json, api_response_2023-08-31_02-53-45.json, api_response_2023-08-31_03-23-50.json, api_response_2023-08-31_03-43-54.json, api_response_2023-08-31_01-13-27.json, api_response_2023-08-31_01-43-32.json, api_response_2023-08-31_03-33-52.json, api_response_2023-08-31_02-33-41.json, api_response_2023-08-31_02-13-38.json, api_response_2023-08-31_01-53-34.json, api_response_2023-08-31_03-03-47.json, api_response_2023-08-31_01-23-29.json

Record time: 2023-08-31T00:14:38Z
Event time: 2023-09-01T11:43:39.500Z
Status: Underway
Travel distance: 332.7526997840173
Waypoints: (50.818588372545214, 28.002849791933638), (50.888586428154795, 27.938802781532864), (50.958584483764355, 27.865088353902177), (51.028582539373915, 27.79149087083476), (51.098580594983474, 27.72136274314421), (51.16857865059304, 27.65417270838597), (51.23857670620261, 27.587600809176422), (51.30857476181218, 27.519180072109542), (51.378572817421755, 27.447484887271237), (51.448570870391826, 27.372866086946964), (51.5185689259978, 27.298383623402046), (51.58856698160376, 27.222542204060474), (51.658565037209755, 27.161581444933184), (51.728563092815726, 27.121138845032295), (51.79856114842171, 27.101465085524186), (51.86855920402767, 27.088784011183265), (51.93855725963364, 27.086801179701897), (52.00855531523963, 27.081152371764954), (52.0785533708456, 27.075514872752812), (52.14855142645157, 27.058543946271588), (52.21854948205756, 27.040108514028937), (52.288547537663526, 27.017534015309966), (52.358545593269504, 26.993255638587993), (52.428543648875475, 26.971205120051362), (52.49854170448145, 26.942324010936332), (52.568539760087425, 26.91221211383904), (52.6385378156934, 26.87208804865331), (52.708535871299375, 26.823346582770984), (52.778533926905354, 26.787193835010395), (52.848531982511325, 26.74739961346463), (52.91853003811731, 26.703564336124142), (52.98852809372327, 26.655708736017722), (53.058526149329246, 26.62055494328101), (53.12852420493523, 26.57962794443458), (53.198522260541196, 26.53886680981853), (53.268520316147175, 26.48946565665629), (53.33851837175316, 26.438956228863766), (53.40851642735913, 26.385674229674773), (53.47851448296509, 26.337475592182788), (53.54851253857108, 26.288562607607687), (53.618510594177046, 26.229243527397), (53.688508649783024, 26.16899711535282), (53.758506705388996, 26.103275298885276), (53.828504760994974, 26.04830826990128), (53.89850281660096, 26.007232370211664), (53.96850087220693, 25.974998164893822), (54.038498927812924, 25.961683790764173), (54.10849698341888, 25.962105990623325), (54.17849503902486, 25.976894294618404), (54.24849309463083, 25.980733674587555), (54.31849115023681, 25.97761806580552), (54.38848920584279, 25.970016583520003), (54.45848726144877, 25.966269559770033), (54.528485317054745, 25.970966533203086), (54.59848337266071, 25.986495571772476), (54.668481428266695, 26.003398644704912), (54.73847948387265, 26.017887262192822), (54.80847753947863, 26.02965608326665), (54.8784755950846, 26.04143809808608), (54.94847365069058, 26.048364814525275), (55.018471706296545, 26.05344252175988), (55.08846976190252, 26.066383701371176), (55.15846781750851, 26.09144050908346), (55.22846587311449, 26.11901920702584), (55.29846392872046, 26.129958706947768), (55.36846198432644, 26.106328708580925), (55.43846003993242, 26.066851136929515), (55.5084580983862, 26.047141190198378), (55.57845615399576, 26.034574541614095), (55.648454209605326, 26.032127153209657), (55.718452265214886, 26.03980262327932), (55.78845032082445, 26.053909358939187), (55.85844837643401, 26.06651322416689), (55.92844643204357, 26.06506566465783), (55.998444487653124, 26.032207309497796), (56.06844254326265, 25.945747049652102)
Associated file(s): api_response_2023-08-31_06-34-25.json, api_response_2023-08-31_04-34-03.json, api_response_2023-08-31_07-14-33.json, api_response_2023-08-31_06-04-20.json, api_response_2023-08-31_04-44-05.json, api_response_2023-08-31_05-44-16.json, api_response_2023-08-31_05-04-09.json, api_response_2023-08-31_06-24-23.json, api_response_2023-08-31_06-54-29.json, api_response_2023-08-31_05-34-14.json, api_response_2023-08-31_06-44-27.json, api_response_2023-08-31_05-14-10.json, api_response_2023-08-31_04-24-01.json, api_response_2023-08-31_05-24-12.json, api_response_2023-08-31_06-14-22.json, api_response_2023-08-31_07-04-31.json, api_response_2023-08-31_05-54-18.json, api_response_2023-08-31_04-54-07.json, api_response_2023-08-31_06-34-25.json, api_response_2023-08-31_04-34-03.json, api_response_2023-08-31_07-14-33.json, api_response_2023-08-31_06-04-20.json, api_response_2023-08-31_04-44-05.json, api_response_2023-08-31_05-44-16.json, api_response_2023-08-31_05-04-09.json, api_response_2023-08-31_06-24-23.json, api_response_2023-08-31_06-54-29.json, api_response_2023-08-31_05-34-14.json, api_response_2023-08-31_06-44-27.json, api_response_2023-08-31_05-14-10.json, api_response_2023-08-31_04-24-01.json, api_response_2023-08-31_05-24-12.json, api_response_2023-08-31_06-14-22.json, api_response_2023-08-31_07-04-31.json, api_response_2023-08-31_05-54-18.json, api_response_2023-08-31_04-54-07.json

Record time: 2023-08-31T03:16:10Z
Event time: 2023-09-01T12:13:55.636Z
Status: Underway
Travel distance: 302.5232181425486
Waypoints: (51.16857865059305, 27.57605271775239), (51.23857670620262, 27.52884792913098), (51.30857476181218, 27.45329937666835), (51.37857281742174, 27.36870831074464), (51.4485708730313, 27.288034502158784), (51.51856892864087, 27.21905861111582), (51.58856698425044, 27.16545163454873), (51.658565039860015, 27.12775143177486), (51.72856309546959, 27.104246328486898), (51.79856114842171, 27.091765797688517), (51.86855920402767, 27.090352182088683), (51.93855725963364, 27.093066324040368), (52.00855531523963, 27.086137722780375), (52.0785533708456, 27.07601435026475), (52.14855142645157, 27.055428337489555), (52.21854948205756, 27.037641283602028), (52.288547537663526, 27.01932836471136), (52.358545593269504, 26.993255638587993), (52.428543648875475, 26.971205120051362), (52.49854170448145, 26.942324010936332), (52.568539760087425, 26.91221211383904), (52.6385378156934, 26.87208804865331), (52.708535871299375, 26.823346582770984), (52.778533926905354, 26.787193835010395), (52.848531982511325, 26.74739961346463), (52.91853003811731, 26.703564336124142), (52.98852809372327, 26.655708736017722), (53.058526149329246, 26.62055494328101), (53.12852420493523, 26.57962794443458), (53.198522260541196, 26.53886680981853), (53.268520316147175, 26.48946565665629), (53.33851837175316, 26.438956228863766), (53.40851642735913, 26.385674229674773), (53.47851448296509, 26.337475592182788), (53.54851253857108, 26.288562607607687), (53.618510594177046, 26.229243527397), (53.688508649783024, 26.16899711535282), (53.758506705388996, 26.103275298885276), (53.828504760994974, 26.04830826990128), (53.89850281660096, 26.007232370211664), (53.96850087220693, 25.974998164893822), (54.038498927812924, 25.961683790764173), (54.10849698341888, 25.962105990623325), (54.17849503902486, 25.976894294618404), (54.24849309463083, 25.980733674587555), (54.31849115023681, 25.97761806580552), (54.38848920584279, 25.970016583520003), (54.45848726144877, 25.966269559770033), (54.528485317054745, 25.970966533203086), (54.59848337266071, 25.986495571772476), (54.668481428266695, 26.003398644704912), (54.73847948387265, 26.017887262192822), (54.80847753947863, 26.02965608326665), (54.8784755950846, 26.04143809808608), (54.94847365069058, 26.048364814525275), (55.018471706296545, 26.05344252175988), (55.08846976190252, 26.066383701371176), (55.15846781750851, 26.09144050908346), (55.22846587311449, 26.11901920702584), (55.29846392872046, 26.129958706947768), (55.36846198432644, 26.106328708580925), (55.43846003993242, 26.066851136929515), (55.5084580983862, 26.047141190198378), (55.57845615399576, 26.034574541614095), (55.648454209605326, 26.032127153209657), (55.718452265214886, 26.03980262327932), (55.78845032082445, 26.053909358939187), (55.85844837643401, 26.06651322416689), (55.92844643204357, 26.06506566465783), (55.998444487653124, 26.032207309497796), (56.06844254326265, 25.945747049652102)
Associated file(s): api_response_2023-08-31_07-34-36.json, api_response_2023-08-31_08-04-42.json, api_response_2023-08-31_08-34-47.json, api_response_2023-08-31_07-54-40.json, api_response_2023-08-31_08-14-44.json, api_response_2023-08-31_08-54-51.json, api_response_2023-08-31_08-44-49.json, api_response_2023-08-31_07-44-38.json, api_response_2023-08-31_09-04-53.json, api_response_2023-08-31_07-24-34.json, api_response_2023-08-31_08-24-45.json, api_response_2023-08-31_07-34-36.json, api_response_2023-08-31_08-04-42.json, api_response_2023-08-31_08-34-47.json, api_response_2023-08-31_07-54-40.json, api_response_2023-08-31_08-14-44.json, api_response_2023-08-31_08-54-51.json, api_response_2023-08-31_08-44-49.json, api_response_2023-08-31_07-44-38.json, api_response_2023-08-31_09-04-53.json, api_response_2023-08-31_07-24-34.json, api_response_2023-08-31_08-24-45.json

Record time: 2023-08-31T05:06:48Z
Event time: 2023-09-01T11:31:46.500Z
Status: Underway
Travel distance: 284.1722462203024
Waypoints: (51.448570873031336, 27.443389708561455), (51.51856892864088, 27.380981886829296), (51.58856698425044, 27.30000378249267), (51.658565039860015, 27.22350735364978), (51.72856309546958, 27.162918983705204), (51.798561151079156, 27.121419530510277), (51.86855920668873, 27.096847138877017), (51.9385572622983, 27.084122816465456), (52.00855531790787, 27.0771987730445), (52.0785533708456, 27.07052952173739), (52.14855142645157, 27.05804446875965), (52.21854948205756, 27.043224122810976), (52.288547537663526, 27.020001245736882), (52.358545593269504, 26.991461289186606), (52.428543648875475, 26.971205120051362), (52.49854170448145, 26.942324010936332), (52.568539760087425, 26.91221211383904), (52.6385378156934, 26.87208804865331), (52.708535871299375, 26.823346582770984), (52.778533926905354, 26.787193835010395), (52.848531982511325, 26.74739961346463), (52.91853003811731, 26.703564336124142), (52.98852809372327, 26.655708736017722), (53.058526149329246, 26.62055494328101), (53.12852420493523, 26.57962794443458), (53.198522260541196, 26.53886680981853), (53.268520316147175, 26.48946565665629), (53.33851837175316, 26.438956228863766), (53.40851642735913, 26.385674229674773), (53.47851448296509, 26.337475592182788), (53.54851253857108, 26.288562607607687), (53.618510594177046, 26.229243527397), (53.688508649783024, 26.16899711535282), (53.758506705388996, 26.103275298885276), (53.828504760994974, 26.04830826990128), (53.89850281660096, 26.007232370211664), (53.96850087220693, 25.974998164893822), (54.038498927812924, 25.961683790764173), (54.10849698341888, 25.962105990623325), (54.17849503902486, 25.976894294618404), (54.24849309463083, 25.980733674587555), (54.31849115023681, 25.97761806580552), (54.38848920584279, 25.970016583520003), (54.45848726144877, 25.966269559770033), (54.528485317054745, 25.970966533203086), (54.59848337266071, 25.986495571772476), (54.668481428266695, 26.003398644704912), (54.73847948387265, 26.017887262192822), (54.80847753947863, 26.02965608326665), (54.8784755950846, 26.04143809808608), (54.94847365069058, 26.048364814525275), (55.018471706296545, 26.05344252175988), (55.08846976190252, 26.066383701371176), (55.15846781750851, 26.09144050908346), (55.22846587311449, 26.11901920702584), (55.29846392872046, 26.129958706947768), (55.36846198432644, 26.106328708580925), (55.43846003993242, 26.066851136929515), (55.5084580983862, 26.047141190198378), (55.57845615399576, 26.034574541614095), (55.648454209605326, 26.032127153209657), (55.718452265214886, 26.03980262327932), (55.78845032082445, 26.053909358939187), (55.85844837643401, 26.06651322416689), (55.92844643204357, 26.06506566465783), (55.998444487653124, 26.032207309497796), (56.06844254326265, 25.945747049652102)
Associated file(s): api_response_2023-08-31_09-14-55.json, api_response_2023-08-31_09-24-57.json, api_response_2023-08-31_09-14-55.json, api_response_2023-08-31_09-24-57.json

Record time: 2023-08-31T05:32:28Z
Event time: 2023-09-01T10:58:11.636Z
Status: Underway
Travel distance: 278.79211663066957
Waypoints: (51.51856892864086, 27.380525143345274), (51.58856698425043, 27.296284905399784), (51.658565039859994, 27.223247356899382), (51.72856309546957, 27.16591636281905), (51.79856115107914, 27.124964889858013), (51.868559206688715, 27.098425270774875), (51.93855726229829, 27.08272208618594), (52.00855531790786, 27.073547663826755), (52.07855337351743, 27.066580195276885), (52.14855142645157, 27.05804446875965), (52.21854948205756, 27.043224122810976), (52.288547537663526, 27.020001245736882), (52.358545593269504, 26.991461289186606), (52.428543648875475, 26.971205120051362), (52.49854170448145, 26.942324010936332), (52.568539760087425, 26.91221211383904), (52.6385378156934, 26.87208804865331), (52.708535871299375, 26.823346582770984), (52.778533926905354, 26.787193835010395), (52.848531982511325, 26.74739961346463), (52.91853003811731, 26.703564336124142), (52.98852809372327, 26.655708736017722), (53.058526149329246, 26.62055494328101), (53.12852420493523, 26.57962794443458), (53.198522260541196, 26.53886680981853), (53.268520316147175, 26.48946565665629), (53.33851837175316, 26.438956228863766), (53.40851642735913, 26.385674229674773), (53.47851448296509, 26.337475592182788), (53.54851253857108, 26.288562607607687), (53.618510594177046, 26.229243527397), (53.688508649783024, 26.16899711535282), (53.758506705388996, 26.103275298885276), (53.828504760994974, 26.04830826990128), (53.89850281660096, 26.007232370211664), (53.96850087220693, 25.974998164893822), (54.038498927812924, 25.961683790764173), (54.10849698341888, 25.962105990623325), (54.17849503902486, 25.976894294618404), (54.24849309463083, 25.980733674587555), (54.31849115023681, 25.97761806580552), (54.38848920584279, 25.970016583520003), (54.45848726144877, 25.966269559770033), (54.528485317054745, 25.970966533203086), (54.59848337266071, 25.986495571772476), (54.668481428266695, 26.003398644704912), (54.73847948387265, 26.017887262192822), (54.80847753947863, 26.02965608326665), (54.8784755950846, 26.04143809808608), (54.94847365069058, 26.048364814525275), (55.018471706296545, 26.05344252175988), (55.08846976190252, 26.066383701371176), (55.15846781750851, 26.09144050908346), (55.22846587311449, 26.11901920702584), (55.29846392872046, 26.129958706947768), (55.36846198432644, 26.106328708580925), (55.43846003993242, 26.066851136929515), (55.5084580983862, 26.047141190198378), (55.57845615399576, 26.034574541614095), (55.648454209605326, 26.032127153209657), (55.718452265214886, 26.03980262327932), (55.78845032082445, 26.053909358939187), (55.85844837643401, 26.06651322416689), (55.92844643204357, 26.06506566465783), (55.998444487653124, 26.032207309497796), (56.06844254326265, 25.945747049652102)
Associated file(s): api_response_2023-08-31_09-34-58.json, api_response_2023-08-31_09-55-02.json, api_response_2023-08-31_09-45-00.json, api_response_2023-08-31_09-34-58.json, api_response_2023-08-31_09-55-02.json, api_response_2023-08-31_09-45-00.json

Record time: 2023-08-31T05:58:38Z
Event time: 2023-09-01T10:28:00.909Z
Status: Underway
Travel distance: 275.04319654427644
Waypoints: (51.58856698425041, 27.377196275656914), (51.658565039860015, 27.301199170113392), (51.72856309546958, 27.22682489527856), (51.798561151079134, 27.16536918220609), (51.868559206688694, 27.120759997442917), (51.938557262298254, 27.091942595269437), (52.00855531790783, 27.07490815032639), (52.07855337351741, 27.06436597062852), (52.14855142912699, 27.055059290964966), (52.21854948205756, 27.04272464529903), (52.288547537663526, 27.02311685451892), (52.358545593269504, 26.993928519613515), (52.428543648875475, 26.96941077064997), (52.49854170448145, 26.942324010936332), (52.568539760087425, 26.91221211383904), (52.6385378156934, 26.87208804865331), (52.708535871299375, 26.823346582770984), (52.778533926905354, 26.787193835010395), (52.848531982511325, 26.74739961346463), (52.91853003811731, 26.703564336124142), (52.98852809372327, 26.655708736017722), (53.058526149329246, 26.62055494328101), (53.12852420493523, 26.57962794443458), (53.198522260541196, 26.53886680981853), (53.268520316147175, 26.48946565665629), (53.33851837175316, 26.438956228863766), (53.40851642735913, 26.385674229674773), (53.47851448296509, 26.337475592182788), (53.54851253857108, 26.288562607607687), (53.618510594177046, 26.229243527397), (53.688508649783024, 26.16899711535282), (53.758506705388996, 26.103275298885276), (53.828504760994974, 26.04830826990128), (53.89850281660096, 26.007232370211664), (53.96850087220693, 25.974998164893822), (54.038498927812924, 25.961683790764173), (54.10849698341888, 25.962105990623325), (54.17849503902486, 25.976894294618404), (54.24849309463083, 25.980733674587555), (54.31849115023681, 25.97761806580552), (54.38848920584279, 25.970016583520003), (54.45848726144877, 25.966269559770033), (54.528485317054745, 25.970966533203086), (54.59848337266071, 25.986495571772476), (54.668481428266695, 26.003398644704912), (54.73847948387265, 26.017887262192822), (54.80847753947863, 26.02965608326665), (54.8784755950846, 26.04143809808608), (54.94847365069058, 26.048364814525275), (55.018471706296545, 26.05344252175988), (55.08846976190252, 26.066383701371176), (55.15846781750851, 26.09144050908346), (55.22846587311449, 26.11901920702584), (55.29846392872046, 26.129958706947768), (55.36846198432644, 26.106328708580925), (55.43846003993242, 26.066851136929515), (55.5084580983862, 26.047141190198378), (55.57845615399576, 26.034574541614095), (55.648454209605326, 26.032127153209657), (55.718452265214886, 26.03980262327932), (55.78845032082445, 26.053909358939187), (55.85844837643401, 26.06651322416689), (55.92844643204357, 26.06506566465783), (55.998444487653124, 26.032207309497796), (56.06844254326265, 25.945747049652102)
Associated file(s): api_response_2023-08-31_10-15-06.json, api_response_2023-08-31_10-25-07.json, api_response_2023-08-31_10-05-04.json, api_response_2023-08-31_10-15-06.json, api_response_2023-08-31_10-25-07.json, api_response_2023-08-31_10-05-04.json

Record time: 2023-08-31T06:34:09Z
Event time: 2023-09-01T09:51:22.727Z
Status: Underway
Travel distance: 269.50809935205183
Waypoints: (51.658565039859994, 27.30831539671702), (51.72856309546957, 27.22397048838978), (51.79856115107913, 27.161820544412507), (51.86855920668869, 27.11965664048142), (51.93855726229825, 27.093157910586477), (52.00855531790781, 27.07704373796634), (52.07855337351738, 27.066004102655178), (52.148551429126954, 27.055408085621373), (52.21854948473652, 27.041790529498016), (52.288547537663526, 27.02311685451892), (52.358545593269504, 26.993928519613515), (52.428543648875475, 26.96941077064997), (52.49854170448145, 26.942324010936332), (52.568539760087425, 26.91221211383904), (52.6385378156934, 26.87208804865331), (52.708535871299375, 26.823346582770984), (52.778533926905354, 26.787193835010395), (52.848531982511325, 26.74739961346463), (52.91853003811731, 26.703564336124142), (52.98852809372327, 26.655708736017722), (53.058526149329246, 26.62055494328101), (53.12852420493523, 26.57962794443458), (53.198522260541196, 26.53886680981853), (53.268520316147175, 26.48946565665629), (53.33851837175316, 26.438956228863766), (53.40851642735913, 26.385674229674773), (53.47851448296509, 26.337475592182788), (53.54851253857108, 26.288562607607687), (53.618510594177046, 26.229243527397), (53.688508649783024, 26.16899711535282), (53.758506705388996, 26.103275298885276), (53.828504760994974, 26.04830826990128), (53.89850281660096, 26.007232370211664), (53.96850087220693, 25.974998164893822), (54.038498927812924, 25.961683790764173), (54.10849698341888, 25.962105990623325), (54.17849503902486, 25.976894294618404), (54.24849309463083, 25.980733674587555), (54.31849115023681, 25.97761806580552), (54.38848920584279, 25.970016583520003), (54.45848726144877, 25.966269559770033), (54.528485317054745, 25.970966533203086), (54.59848337266071, 25.986495571772476), (54.668481428266695, 26.003398644704912), (54.73847948387265, 26.017887262192822), (54.80847753947863, 26.02965608326665), (54.8784755950846, 26.04143809808608), (54.94847365069058, 26.048364814525275), (55.018471706296545, 26.05344252175988), (55.08846976190252, 26.066383701371176), (55.15846781750851, 26.09144050908346), (55.22846587311449, 26.11901920702584), (55.29846392872046, 26.129958706947768), (55.36846198432644, 26.106328708580925), (55.43846003993242, 26.066851136929515), (55.5084580983862, 26.047141190198378), (55.57845615399576, 26.034574541614095), (55.648454209605326, 26.032127153209657), (55.718452265214886, 26.03980262327932), (55.78845032082445, 26.053909358939187), (55.85844837643401, 26.06651322416689), (55.92844643204357, 26.06506566465783), (55.998444487653124, 26.032207309497796), (56.06844254326265, 25.945747049652102)
Associated file(s): api_response_2023-08-31_11-05-15.json, api_response_2023-08-31_10-55-12.json, api_response_2023-08-31_10-35-09.json, api_response_2023-08-31_11-35-20.json, api_response_2023-08-31_11-25-18.json, api_response_2023-08-31_10-45-11.json, api_response_2023-08-31_11-45-22.json, api_response_2023-08-31_11-15-16.json, api_response_2023-08-31_11-05-15.json, api_response_2023-08-31_10-55-12.json, api_response_2023-08-31_10-35-09.json, api_response_2023-08-31_11-35-20.json, api_response_2023-08-31_11-25-18.json, api_response_2023-08-31_10-45-11.json, api_response_2023-08-31_11-45-22.json, api_response_2023-08-31_11-15-16.json

Record time: 2023-08-31T07:48:48Z
Event time: 2023-09-01T09:18:14.900Z
Status: Underway
Travel distance: 254.0097192224622
Waypoints: (51.93855726229831, 27.240935828948405), (52.00855531790788, 27.14887638335674), (52.07855337351744, 27.08952885948366), (52.148551429127, 27.05264325912475), (52.218549484736556, 27.029222989907513), (52.28854754034613, 27.01179722189694), (52.358545595955704, 26.994593348698718), (52.42854365156528, 26.973609553060015), (52.49854170717485, 26.94658747696789), (52.568539760087425, 26.912884994864562), (52.6385378156934, 26.870293699251924), (52.708535871299375, 26.823346582770984), (52.778533926905354, 26.787193835010395), (52.848531982511325, 26.74739961346463), (52.91853003811731, 26.703564336124142), (52.98852809372327, 26.655708736017722), (53.058526149329246, 26.62055494328101), (53.12852420493523, 26.57962794443458), (53.198522260541196, 26.53886680981853), (53.268520316147175, 26.48946565665629), (53.33851837175316, 26.438956228863766), (53.40851642735913, 26.385674229674773), (53.47851448296509, 26.337475592182788), (53.54851253857108, 26.288562607607687), (53.618510594177046, 26.229243527397), (53.688508649783024, 26.16899711535282), (53.758506705388996, 26.103275298885276), (53.828504760994974, 26.04830826990128), (53.89850281660096, 26.007232370211664), (53.96850087220693, 25.974998164893822), (54.038498927812924, 25.961683790764173), (54.10849698341888, 25.962105990623325), (54.17849503902486, 25.976894294618404), (54.24849309463083, 25.980733674587555), (54.31849115023681, 25.97761806580552), (54.38848920584279, 25.970016583520003), (54.45848726144877, 25.966269559770033), (54.528485317054745, 25.970966533203086), (54.59848337266071, 25.986495571772476), (54.668481428266695, 26.003398644704912), (54.73847948387265, 26.017887262192822), (54.80847753947863, 26.02965608326665), (54.8784755950846, 26.04143809808608), (54.94847365069058, 26.048364814525275), (55.018471706296545, 26.05344252175988), (55.08846976190252, 26.066383701371176), (55.15846781750851, 26.09144050908346), (55.22846587311449, 26.11901920702584), (55.29846392872046, 26.129958706947768), (55.36846198432644, 26.106328708580925), (55.43846003993242, 26.066851136929515), (55.5084580983862, 26.047141190198378), (55.57845615399576, 26.034574541614095), (55.648454209605326, 26.032127153209657), (55.718452265214886, 26.03980262327932), (55.78845032082445, 26.053909358939187), (55.85844837643401, 26.06651322416689), (55.92844643204357, 26.06506566465783), (55.998444487653124, 26.032207309497796), (56.06844254326265, 25.945747049652102)
Associated file(s): api_response_2023-08-31_12-25-29.json, api_response_2023-08-31_12-55-34.json, api_response_2023-08-31_12-45-32.json, api_response_2023-08-31_12-15-27.json, api_response_2023-08-31_13-15-37.json, api_response_2023-08-31_13-05-36.json, api_response_2023-08-31_12-05-25.json, api_response_2023-08-31_11-55-23.json, api_response_2023-08-31_12-35-30.json, api_response_2023-08-31_12-25-29.json, api_response_2023-08-31_12-55-34.json, api_response_2023-08-31_12-45-32.json, api_response_2023-08-31_12-15-27.json, api_response_2023-08-31_13-15-37.json, api_response_2023-08-31_13-05-36.json, api_response_2023-08-31_12-05-25.json, api_response_2023-08-31_11-55-23.json, api_response_2023-08-31_12-35-30.json

Record time: 2023-11-12T16:14:00Z
Event time: 2023-11-16T15:26:09Z
Status: Underway
Travel distance: 1230.3407127429805
Waypoints: (73.01367747035567, 17.16423757021009), (72.74435473268151, 17.414684834616196), (72.65976024669908, 17.571659589569144), (72.65300570002081, 17.71027839302978), (72.65603277083666, 17.868417259144138), (72.63065649848873, 18.056984911709634), (72.56064179444195, 18.268948225014988), (72.44481309365023, 18.487109852053994), (72.29119714631854, 18.69063804011308), (72.11219894636096, 18.860348632765074), (71.90974801084839, 19.002051688350747), (71.72154394570795, 19.073538025673773), (71.54025978903401, 19.08236720860507), (71.36827001922182, 19.056727687809506), (71.19461326865867, 19.035841969678934), (71.00999999635691, 19.057493335945153), (70.82538672405519, 19.145872390995134), (70.65634324580299, 19.30294171391076), (70.47339695425225, 19.506516892255412), (70.29044581682729, 19.718262214629796), (70.11153613854866, 19.904799299019206), (69.91600511150256, 20.0751269339546), (69.7382099843075, 20.251729976077723), (69.56940879976912, 20.425386726640898), (69.44164732447618, 20.60999999894264), (69.33937030200195, 20.7899999989334), (69.25933584245564, 20.97461327123515), (69.19718265898865, 21.148270021798318), (69.14327230766553, 21.315646519299495), (69.0846081536774, 21.507887197712037), (69.0096327868755, 21.702371515914468), (68.91270560960223, 21.88457154282664), (68.79506231979805, 22.063413378865384), (68.65905801236124, 22.22319639137569), (68.48788234942751, 22.347260464595873), (68.33200511158384, 22.430139452342328), (68.14743060627629, 22.48537272734286), (67.94365674708634, 22.512897293231877), (67.75378570119487, 22.561850315170403), (67.5675490610106, 22.654023689778686), (67.41058150145477, 22.794234216087283), (67.25493686557635, 22.946351055492585), (67.11672768534385, 23.116063264394906), (66.98327230777633, 23.27224579231797), (66.84506312754381, 23.42846224136097), (66.6940317639764, 23.57411953035606), (66.526107682682, 23.711403148601804), (66.34281733405767, 23.840284020852565), (66.15128415328947, 23.972111184663273), (65.96198976643689, 24.08501036355101), (65.78365674719713, 24.157107281032836), (65.61461326894494, 24.1954090713122), (65.42999999664319, 24.220748147902633), (65.24999999665243, 24.25962659722087), (65.06999999666169, 24.34725454175804), (64.8899999966709, 24.456281867099065), (64.70999999668014, 24.570634808269666), (64.52999999668937, 24.668099877587593), (64.34999999669861, 24.746525506874185), (64.16999999670784, 24.77142360890548), (63.98999999671708, 24.770914792106474), (63.80999999672631, 24.757758243446496), (63.62999999673554, 24.747887197545808), (63.449999996744786, 24.735646519124032), (63.269999996754, 24.748270021613628), (63.089999996763254, 24.754613271041222), (62.909999996772484, 24.749999998730246), (62.72999999678173, 24.749999998730246), (62.54999999679096, 24.749999998730246), (62.3699999968002, 24.749999998730246), (62.189999996809426, 24.749999998730246), (62.009999996818664, 24.74538672641927), (61.829999996827894, 24.75172997584686), (61.64999999683714, 24.759740206025473), (61.469999996846376, 24.763069321653244), (61.289999996855585, 24.743908734765014), (61.10999999686484, 24.71979081849219), (60.92999999687408, 24.71704320777756), (60.7499999968833, 24.754797414263713), (60.569999996892555, 24.83763278914168), (60.389999996901764, 24.95493686774651), (60.209999996911016, 25.08506312968626), (60.029999996920246, 25.20236720829109), (59.84999999692947, 25.285202583169056), (59.66999999693871, 25.322956789655205), (59.489999996947944, 25.32020917894058), (59.30999999695718, 25.291477990356775), (59.12999999696641, 25.283273925207112), (58.94999999697565, 25.28365674927494), (58.769999996984886, 25.288715842019325), (58.589999996994116, 25.291536140848095), (58.409999997003354, 25.282348363220347), (58.22999999701258, 25.281606944456083), (58.049999997021835, 25.294467894785218), (57.86999999703106, 25.336840219456626), (57.689999997040296, 25.40659173378876), (57.509999997049526, 25.500756762724567), (57.32077345243681, 25.636271636859497), (57.15253729977119, 25.822021429532953), (56.98470555439985, 26.028796147774734), (56.80977416267944, 26.23070538797591), (56.62172190555441, 26.396683351485006), (56.420458914083625, 26.495375910131088), (56.21756030788431, 26.50168205190961), (56.04328495943412, 26.40494970814621), (55.95487938423123, 26.21882596213852), (56.04616675681281, 25.992761639275923)
Associated file(s): api_response_2023-11-12_20-20-18.json, api_response_2023-11-12_20-20-18.json
