Record time: 2023-06-08T12:14:14Z
Event time: 2023-06-10T01:08:05.818Z
Status: Underway
Travel distance: 462.96166306695466
Waypoints: (63.138246159828896, 24.650544870993507), (63.06824810421932, 24.69821455923259), (62.99825004860975, 24.718095134987657), (62.92825199300018, 24.722071250138665), (62.85825393739062, 24.718663151437795), (62.78825588178106, 24.713507309813405), (62.718257826171495, 24.70983704967401), (62.648259770561936, 24.708963178212255), (62.57826171495237, 24.71075461470887), (62.5082636561359, 24.714119018568724), (62.43826560052994, 24.716586248995633), (62.36826754492397, 24.71723462735076), (62.29826948931799, 24.71361954105678), (62.22827143371201, 24.709133667553303), (62.15827337810604, 24.707853874230253), (62.08827532250007, 24.71255084766331), (62.018277266894074, 24.72381830640439), (61.94827921128813, 24.73827865158031), (61.878281155682146, 24.75884958578911), (61.80828310007616, 24.780014238549843), (61.738285044470175, 24.78831498935207), (61.668286988864196, 24.783116653586276), (61.598288933258225, 24.780332773265002), (61.52829087765227, 24.77811810882526), (61.45829282204629, 24.789319598838354), (61.38829476644031, 24.817914215191827), (61.318296710834325, 24.854082041518815), (61.24829865522835, 24.880774873685304), (61.17830059962238, 24.910683210136224), (61.1083025440164, 24.945024645108223), (61.03830448841043, 24.989962542616585), (60.968306432804454, 25.037354476806268), (60.898308377198454, 25.075948067502576), (60.82831032159251, 25.09555774310349), (60.758312265986525, 25.098752514359113), (60.68831421038055, 25.067720824711525), (60.618316154774575, 25.011500389895676), (60.548318099168604, 24.956271370820506), (60.47832004356263, 24.918933070776855), (60.408321987956654, 24.904184348018575), (60.338323932350676, 24.921430458336566), (60.268325876744704, 24.947738787059905), (60.198327821138726, 24.97576230271104), (60.12832976553274, 24.991370503754023), (60.05833170992677, 24.9959072674191), (59.9883336543208, 24.993651136921763), (59.918335598714826, 24.991091550275662), (59.848337543108855, 24.99376988063215), (59.778339487502876, 25.004537861861294), (59.7083414318969, 25.022735806683173), (59.638343376290926, 25.03764850885103), (59.56834532068494, 25.042728100906437), (59.49834726507898, 25.05292686625405), (59.428349209473, 25.072308478538194), (59.35835115386701, 25.101453462565196), (59.288353098261055, 25.14685502599031), (59.21835504265506, 25.194501410987957), (59.14835698704909, 25.237160560149384), (59.07835893144311, 25.269155393225653), (59.008360875837134, 25.278971539950906), (58.938362820231184, 25.286861399818786), (58.868364764625184, 25.289396483794494), (58.79836670901922, 25.292789161234097), (58.728368653413256, 25.31196344323027), (58.65837059780727, 25.330702331621687), (58.5883725422013, 25.34372455852737), (58.51837448659532, 25.355875998223553), (58.44837643098934, 25.37448106433818), (58.37837837538336, 25.3898291601108), (58.3083803197774, 25.407429616739147), (58.23838226417141, 25.423778552356442), (58.168384208565456, 25.459665540384258), (58.09838615295947, 25.488812409232064), (58.02838809735349, 25.52333855664244), (57.958390041747506, 25.55739349885288), (57.88839198614154, 25.592096819418437), (57.81839393053556, 25.617219595858707), (57.74839587492958, 25.61759090555627), (57.678397819323614, 25.603554645060296), (57.60839976371764, 25.58137972835088), (57.53840170811167, 25.558594129702335), (57.468403652505685, 25.55317526990296), (57.398405596899714, 25.57383856033095), (57.32840754129375, 25.62183929163897), (57.25661548517795, 25.68886728892076), (57.189084180272964, 25.766435204114927), (57.122201127653035, 25.839296721772037), (57.053497692162864, 25.90373686009573), (56.97425450367756, 25.940669923667425), (56.89913827014654, 25.975001934535417), (56.82871998122786, 26.009982323758546), (56.76978932582578, 26.05179895802248), (56.727519131040545, 26.104524935075535), (56.70185851660558, 26.16735732125701), (56.687159772932766, 26.24926597875307), (56.67404397088626, 26.33299725796251), (56.652510311405585, 26.413175649964376), (56.615294223098616, 26.47100572174324), (56.56047921592493, 26.50926946879958), (56.488779498070684, 26.527529612707852), (56.422753872165, 26.521262583548584), (56.35474014695487, 26.496588394458662), (56.27798934063656, 26.462974250363594), (56.2005028233302, 26.420168776278537), (56.12594603288787, 26.370432816112334), (56.058937938154855, 26.315022602928096), (56.005132073396574, 26.254370703099408), (55.97127062213742, 26.18854666651377), (55.96521155330295, 26.117997384182836), (55.99592880966533, 26.044567153259294), (56.07348554859199, 25.972797449460426)
Associated file(s): api_response_2023-06-08_19-21-51.json, api_response_2023-06-08_17-01-17.json, api_response_2023-06-08_19-21-51.json, api_response_2023-06-08_17-01-17.json

Record time: 2023-06-08T15:22:16Z
Event time: 2023-06-10T00:33:02.818Z
Status: Underway
Travel distance: 421.7354211663067
Waypoints: (62.36826754812363, 24.64423027581082), (62.2982694925141, 24.712707426135413), (62.22827143690454, 24.719299227053565), (62.15827338129497, 24.70990072234759), (62.088275325685395, 24.706989942182137), (62.01827727007583, 24.7171886732608), (61.94827921446627, 24.73763466098636), (61.878281158856716, 24.761165243624593), (61.80828310324716, 24.78031241847169), (61.738285044470175, 24.790109338753464), (61.668286988864196, 24.783116653586276), (61.598288933258225, 24.780332773265002), (61.52829087765227, 24.77811810882526), (61.45829282204629, 24.789319598838354), (61.38829476644031, 24.817914215191827), (61.318296710834325, 24.854082041518815), (61.24829865522835, 24.880774873685304), (61.17830059962238, 24.910683210136224), (61.1083025440164, 24.945024645108223), (61.03830448841043, 24.989962542616585), (60.968306432804454, 25.037354476806268), (60.898308377198454, 25.075948067502576), (60.82831032159251, 25.09555774310349), (60.758312265986525, 25.098752514359113), (60.68831421038055, 25.067720824711525), (60.618316154774575, 25.011500389895676), (60.548318099168604, 24.956271370820506), (60.47832004356263, 24.918933070776855), (60.408321987956654, 24.904184348018575), (60.338323932350676, 24.921430458336566), (60.268325876744704, 24.947738787059905), (60.198327821138726, 24.97576230271104), (60.12832976553274, 24.991370503754023), (60.05833170992677, 24.9959072674191), (59.9883336543208, 24.993651136921763), (59.918335598714826, 24.991091550275662), (59.848337543108855, 24.99376988063215), (59.778339487502876, 25.004537861861294), (59.7083414318969, 25.022735806683173), (59.638343376290926, 25.03764850885103), (59.56834532068494, 25.042728100906437), (59.49834726507898, 25.05292686625405), (59.428349209473, 25.072308478538194), (59.35835115386701, 25.101453462565196), (59.288353098261055, 25.14685502599031), (59.21835504265506, 25.194501410987957), (59.14835698704909, 25.237160560149384), (59.07835893144311, 25.269155393225653), (59.008360875837134, 25.278971539950906), (58.938362820231184, 25.286861399818786), (58.868364764625184, 25.289396483794494), (58.79836670901922, 25.292789161234097), (58.728368653413256, 25.31196344323027), (58.65837059780727, 25.330702331621687), (58.5883725422013, 25.34372455852737), (58.51837448659532, 25.355875998223553), (58.44837643098934, 25.37448106433818), (58.37837837538336, 25.3898291601108), (58.3083803197774, 25.407429616739147), (58.23838226417141, 25.423778552356442), (58.168384208565456, 25.459665540384258), (58.09838615295947, 25.488812409232064), (58.02838809735349, 25.52333855664244), (57.958390041747506, 25.55739349885288), (57.88839198614154, 25.592096819418437), (57.81839393053556, 25.617219595858707), (57.74839587492958, 25.61759090555627), (57.678397819323614, 25.603554645060296), (57.60839976371764, 25.58137972835088), (57.53840170811167, 25.558594129702335), (57.468403652505685, 25.55317526990296), (57.398405596899714, 25.57383856033095), (57.32840754129375, 25.62183929163897), (57.25661548517795, 25.68886728892076), (57.189084180272964, 25.766435204114927), (57.122201127653035, 25.839296721772037), (57.053497692162864, 25.90373686009573), (56.97425450367756, 25.940669923667425), (56.89913827014654, 25.975001934535417), (56.82871998122786, 26.009982323758546), (56.76978932582578, 26.05179895802248), (56.727519131040545, 26.104524935075535), (56.70185851660558, 26.16735732125701), (56.687159772932766, 26.24926597875307), (56.67404397088626, 26.33299725796251), (56.652510311405585, 26.413175649964376), (56.615294223098616, 26.47100572174324), (56.56047921592493, 26.50926946879958), (56.488779498070684, 26.527529612707852), (56.422753872165, 26.521262583548584), (56.35474014695487, 26.496588394458662), (56.27798934063656, 26.462974250363594), (56.2005028233302, 26.420168776278537), (56.12594603288787, 26.370432816112334), (56.058937938154855, 26.315022602928096), (56.005132073396574, 26.254370703099408), (55.97127062213742, 26.18854666651377), (55.96521155330295, 26.117997384182836), (55.99592880966533, 26.044567153259294), (56.07348554859199, 25.972797449460426)
Associated file(s): api_response_2023-06-08_19-47-00.json, api_response_2023-06-08_19-52-03.json, api_response_2023-06-08_20-06-56.json, api_response_2023-06-08_20-27-03.json, api_response_2023-06-08_20-32-03.json, api_response_2023-06-08_20-12-11.json, api_response_2023-06-08_19-47-00.json, api_response_2023-06-08_19-52-03.json, api_response_2023-06-08_20-06-56.json, api_response_2023-06-08_20-27-03.json, api_response_2023-06-08_20-32-03.json, api_response_2023-06-08_20-12-11.json

Record time: 2023-06-08T16:39:57Z
Event time: 2023-06-10T00:02:21.363Z
Status: Underway
Travel distance: 403.8304535637149
Waypoints: (62.01827727007583, 24.63645689786796), (61.948279214466254, 24.733004935674572), (61.87828115885669, 24.77433423524389), (61.80828310324711, 24.78510921886843), (61.738285047637554, 24.782460680103597), (61.668286992027994, 24.77751852004213), (61.59828893641843, 24.776783708374357), (61.52829088080887, 24.783339469234186), (61.45829282519931, 24.797901691830873), (61.38829476644031, 24.819708564593217), (61.318296710834325, 24.854082041518815), (61.24829865522835, 24.880774873685304), (61.17830059962238, 24.910683210136224), (61.1083025440164, 24.945024645108223), (61.03830448841043, 24.989962542616585), (60.968306432804454, 25.037354476806268), (60.898308377198454, 25.075948067502576), (60.82831032159251, 25.09555774310349), (60.758312265986525, 25.098752514359113), (60.68831421038055, 25.067720824711525), (60.618316154774575, 25.011500389895676), (60.548318099168604, 24.956271370820506), (60.47832004356263, 24.918933070776855), (60.408321987956654, 24.904184348018575), (60.338323932350676, 24.921430458336566), (60.268325876744704, 24.947738787059905), (60.198327821138726, 24.97576230271104), (60.12832976553274, 24.991370503754023), (60.05833170992677, 24.9959072674191), (59.9883336543208, 24.993651136921763), (59.918335598714826, 24.991091550275662), (59.848337543108855, 24.99376988063215), (59.778339487502876, 25.004537861861294), (59.7083414318969, 25.022735806683173), (59.638343376290926, 25.03764850885103), (59.56834532068494, 25.042728100906437), (59.49834726507898, 25.05292686625405), (59.428349209473, 25.072308478538194), (59.35835115386701, 25.101453462565196), (59.288353098261055, 25.14685502599031), (59.21835504265506, 25.194501410987957), (59.14835698704909, 25.237160560149384), (59.07835893144311, 25.269155393225653), (59.008360875837134, 25.278971539950906), (58.938362820231184, 25.286861399818786), (58.868364764625184, 25.289396483794494), (58.79836670901922, 25.292789161234097), (58.728368653413256, 25.31196344323027), (58.65837059780727, 25.330702331621687), (58.5883725422013, 25.34372455852737), (58.51837448659532, 25.355875998223553), (58.44837643098934, 25.37448106433818), (58.37837837538336, 25.3898291601108), (58.3083803197774, 25.407429616739147), (58.23838226417141, 25.423778552356442), (58.168384208565456, 25.459665540384258), (58.09838615295947, 25.488812409232064), (58.02838809735349, 25.52333855664244), (57.958390041747506, 25.55739349885288), (57.88839198614154, 25.592096819418437), (57.81839393053556, 25.617219595858707), (57.74839587492958, 25.61759090555627), (57.678397819323614, 25.603554645060296), (57.60839976371764, 25.58137972835088), (57.53840170811167, 25.558594129702335), (57.468403652505685, 25.55317526990296), (57.398405596899714, 25.57383856033095), (57.32840754129375, 25.62183929163897), (57.25661548517795, 25.68886728892076), (57.189084180272964, 25.766435204114927), (57.122201127653035, 25.839296721772037), (57.053497692162864, 25.90373686009573), (56.97425450367756, 25.940669923667425), (56.89913827014654, 25.975001934535417), (56.82871998122786, 26.009982323758546), (56.76978932582578, 26.05179895802248), (56.727519131040545, 26.104524935075535), (56.70185851660558, 26.16735732125701), (56.687159772932766, 26.24926597875307), (56.67404397088626, 26.33299725796251), (56.652510311405585, 26.413175649964376), (56.615294223098616, 26.47100572174324), (56.56047921592493, 26.50926946879958), (56.488779498070684, 26.527529612707852), (56.422753872165, 26.521262583548584), (56.35474014695487, 26.496588394458662), (56.27798934063656, 26.462974250363594), (56.2005028233302, 26.420168776278537), (56.12594603288787, 26.370432816112334), (56.058937938154855, 26.315022602928096), (56.005132073396574, 26.254370703099408), (55.97127062213742, 26.18854666651377), (55.96521155330295, 26.117997384182836), (55.99592880966533, 26.044567153259294), (56.07348554859199, 25.972797449460426)
Associated file(s): api_response_2023-06-08_20-52-00.json, api_response_2023-06-08_22-27-22.json, api_response_2023-06-08_22-12-04.json, api_response_2023-06-08_21-52-05.json, api_response_2023-06-08_22-46-44.json, api_response_2023-06-08_21-06-42.json, api_response_2023-06-08_20-47-13.json, api_response_2023-06-08_22-06-56.json, api_response_2023-06-08_22-32-13.json, api_response_2023-06-08_21-27-29.json, api_response_2023-06-08_21-32-06.json, api_response_2023-06-08_23-12-05.json, api_response_2023-06-08_23-06-51.json, api_response_2023-06-08_22-52-03.json, api_response_2023-06-08_21-12-02.json, api_response_2023-06-08_23-27-33.json, api_response_2023-06-08_21-46-25.json, api_response_2023-06-08_23-32-07.json, api_response_2023-06-08_20-52-00.json, api_response_2023-06-08_22-27-22.json, api_response_2023-06-08_22-12-04.json, api_response_2023-06-08_21-52-05.json, api_response_2023-06-08_22-46-44.json, api_response_2023-06-08_21-06-42.json, api_response_2023-06-08_20-47-13.json, api_response_2023-06-08_22-06-56.json, api_response_2023-06-08_22-32-13.json, api_response_2023-06-08_21-27-29.json, api_response_2023-06-08_21-32-06.json, api_response_2023-06-08_23-12-05.json, api_response_2023-06-08_23-06-51.json, api_response_2023-06-08_22-52-03.json, api_response_2023-06-08_21-12-02.json, api_response_2023-06-08_23-27-33.json, api_response_2023-06-08_21-46-25.json, api_response_2023-06-08_23-32-07.json

Record time: 2023-06-08T19:41:52Z
Event time: 2023-06-10T00:20:54.083Z
Status: Underway
Travel distance: 362.6846652267819
Waypoints: (61.31829671398017, 24.789795123263215), (61.24829865837061, 24.85279426468451), (61.178300602761055, 24.897219011165046), (61.10830254715149, 24.941513447989376), (61.03830449154193, 24.989472833185392), (60.96830643593237, 25.036322521568113), (60.8983083803228, 25.07369747281087), (60.828310324713236, 25.09352234354394), (60.75831226910367, 25.090792163480582), (60.68831421038055, 25.065253594284616), (60.618316154774575, 25.013294739297066), (60.548318099168604, 24.956271370820506), (60.47832004356263, 24.918933070776855), (60.408321987956654, 24.904184348018575), (60.338323932350676, 24.921430458336566), (60.268325876744704, 24.947738787059905), (60.198327821138726, 24.97576230271104), (60.12832976553274, 24.991370503754023), (60.05833170992677, 24.9959072674191), (59.9883336543208, 24.993651136921763), (59.918335598714826, 24.991091550275662), (59.848337543108855, 24.99376988063215), (59.778339487502876, 25.004537861861294), (59.7083414318969, 25.022735806683173), (59.638343376290926, 25.03764850885103), (59.56834532068494, 25.042728100906437), (59.49834726507898, 25.05292686625405), (59.428349209473, 25.072308478538194), (59.35835115386701, 25.101453462565196), (59.288353098261055, 25.14685502599031), (59.21835504265506, 25.194501410987957), (59.14835698704909, 25.237160560149384), (59.07835893144311, 25.269155393225653), (59.008360875837134, 25.278971539950906), (58.938362820231184, 25.286861399818786), (58.868364764625184, 25.289396483794494), (58.79836670901922, 25.292789161234097), (58.728368653413256, 25.31196344323027), (58.65837059780727, 25.330702331621687), (58.5883725422013, 25.34372455852737), (58.51837448659532, 25.355875998223553), (58.44837643098934, 25.37448106433818), (58.37837837538336, 25.3898291601108), (58.3083803197774, 25.407429616739147), (58.23838226417141, 25.423778552356442), (58.168384208565456, 25.459665540384258), (58.09838615295947, 25.488812409232064), (58.02838809735349, 25.52333855664244), (57.958390041747506, 25.55739349885288), (57.88839198614154, 25.592096819418437), (57.81839393053556, 25.617219595858707), (57.74839587492958, 25.61759090555627), (57.678397819323614, 25.603554645060296), (57.60839976371764, 25.58137972835088), (57.53840170811167, 25.558594129702335), (57.468403652505685, 25.55317526990296), (57.398405596899714, 25.57383856033095), (57.32840754129375, 25.62183929163897), (57.25661548517795, 25.68886728892076), (57.189084180272964, 25.766435204114927), (57.122201127653035, 25.839296721772037), (57.053497692162864, 25.90373686009573), (56.97425450367756, 25.940669923667425), (56.89913827014654, 25.975001934535417), (56.82871998122786, 26.009982323758546), (56.76978932582578, 26.05179895802248), (56.727519131040545, 26.104524935075535), (56.70185851660558, 26.16735732125701), (56.687159772932766, 26.24926597875307), (56.67404397088626, 26.33299725796251), (56.652510311405585, 26.413175649964376), (56.615294223098616, 26.47100572174324), (56.56047921592493, 26.50926946879958), (56.488779498070684, 26.527529612707852), (56.422753872165, 26.521262583548584), (56.35474014695487, 26.496588394458662), (56.27798934063656, 26.462974250363594), (56.2005028233302, 26.420168776278537), (56.12594603288787, 26.370432816112334), (56.058937938154855, 26.315022602928096), (56.005132073396574, 26.254370703099408), (55.97127062213742, 26.18854666651377), (55.96521155330295, 26.117997384182836), (55.99592880966533, 26.044567153259294), (56.07348554859199, 25.972797449460426)
Associated file(s): api_response_2023-06-09_02-26-43.json, api_response_2023-06-09_00-12-03.json, api_response_2023-06-09_01-32-03.json, api_response_2023-06-09_02-12-04.json, api_response_2023-06-09_01-06-44.json, api_response_2023-06-09_01-27-06.json, api_response_2023-06-08_23-52-09.json, api_response_2023-06-09_01-52-03.json, api_response_2023-06-09_00-47-06.json, api_response_2023-06-09_00-28-24.json, api_response_2023-06-09_02-07-22.json, api_response_2023-06-09_01-46-59.json, api_response_2023-06-09_00-07-05.json, api_response_2023-06-09_01-12-03.json, api_response_2023-06-09_00-52-04.json, api_response_2023-06-09_00-32-03.json, api_response_2023-06-08_23-47-19.json, api_response_2023-06-09_02-26-43.json, api_response_2023-06-09_00-12-03.json, api_response_2023-06-09_01-32-03.json, api_response_2023-06-09_02-12-04.json, api_response_2023-06-09_01-06-44.json, api_response_2023-06-09_01-27-06.json, api_response_2023-06-08_23-52-09.json, api_response_2023-06-09_01-52-03.json, api_response_2023-06-09_00-47-06.json, api_response_2023-06-09_00-28-24.json, api_response_2023-06-09_02-07-22.json, api_response_2023-06-09_01-46-59.json, api_response_2023-06-09_00-07-05.json, api_response_2023-06-09_01-12-03.json, api_response_2023-06-09_00-52-04.json, api_response_2023-06-09_00-32-03.json, api_response_2023-06-08_23-47-19.json

Record time: 2023-06-08T22:29:27Z
Event time: 2023-06-09T23:50:53.400Z
Status: Underway
Travel distance: 319.45572354211663
Waypoints: (60.61831615788448, 24.85690670378354), (60.54831810227496, 24.915356081987596), (60.478320046665395, 24.996726594591603), (60.40832199105582, 25.075641271367044), (60.33832393544625, 25.138729450580605), (60.26832587983668, 25.181282164484813), (60.19832782422712, 25.204360824211022), (60.12832976861756, 25.212359204064757), (60.05833171300801, 25.211018725223465), (59.9883336543208, 25.205897037543426), (59.918335598714826, 25.199117337126616), (59.848337543108855, 25.202879439442977), (59.778339487502876, 25.20664342658014), (59.7083414318969, 25.205495570713076), (59.638343376290926, 25.199215347808206), (59.56834532068494, 25.197935554485156), (59.49834726507898, 25.202632527918208), (59.428349209473, 25.213899986659293), (59.35835115386701, 25.22836033183521), (59.288353098261055, 25.250725615445404), (59.21835504265506, 25.267628688377833), (59.14835698704909, 25.275281060824938), (59.07835893144311, 25.27549216075451), (59.008360875837134, 25.271138224707016), (58.938362820231184, 25.275610904464894), (58.868364764625184, 25.283911655267136), (58.79836670901922, 25.295405292504192), (58.728368653413256, 25.317546282439217), (58.65837059780727, 25.33137521264721), (58.5883725422013, 25.341930209125977), (58.51837448659532, 25.355875998223553), (58.44837643098934, 25.37448106433818), (58.37837837538336, 25.3898291601108), (58.3083803197774, 25.407429616739147), (58.23838226417141, 25.423778552356442), (58.168384208565456, 25.459665540384258), (58.09838615295947, 25.488812409232064), (58.02838809735349, 25.52333855664244), (57.958390041747506, 25.55739349885288), (57.88839198614154, 25.592096819418437), (57.81839393053556, 25.617219595858707), (57.74839587492958, 25.61759090555627), (57.678397819323614, 25.603554645060296), (57.60839976371764, 25.58137972835088), (57.53840170811167, 25.558594129702335), (57.468403652505685, 25.55317526990296), (57.398405596899714, 25.57383856033095), (57.32840754129375, 25.62183929163897), (57.25661548517795, 25.68886728892076), (57.189084180272964, 25.766435204114927), (57.122201127653035, 25.839296721772037), (57.053497692162864, 25.90373686009573), (56.97425450367756, 25.940669923667425), (56.89913827014654, 25.975001934535417), (56.82871998122786, 26.009982323758546), (56.76978932582578, 26.05179895802248), (56.727519131040545, 26.104524935075535), (56.70185851660558, 26.16735732125701), (56.687159772932766, 26.24926597875307), (56.67404397088626, 26.33299725796251), (56.652510311405585, 26.413175649964376), (56.615294223098616, 26.47100572174324), (56.56047921592493, 26.50926946879958), (56.488779498070684, 26.527529612707852), (56.422753872165, 26.521262583548584), (56.35474014695487, 26.496588394458662), (56.27798934063656, 26.462974250363594), (56.2005028233302, 26.420168776278537), (56.12594603288787, 26.370432816112334), (56.058937938154855, 26.315022602928096), (56.005132073396574, 26.254370703099408), (55.97127062213742, 26.18854666651377), (55.96521155330295, 26.117997384182836), (55.99592880966533, 26.044567153259294), (56.07348554859199, 25.972797449460426)
Associated file(s): api_response_2023-06-09_03-32-05.json, api_response_2023-06-09_03-07-22.json, api_response_2023-06-09_03-27-01.json, api_response_2023-06-09_03-12-08.json, api_response_2023-06-09_02-32-05.json, api_response_2023-06-09_02-47-21.json, api_response_2023-06-09_02-52-04.json, api_response_2023-06-09_03-32-05.json, api_response_2023-06-09_03-07-22.json, api_response_2023-06-09_03-27-01.json, api_response_2023-06-09_03-12-08.json, api_response_2023-06-09_02-32-05.json, api_response_2023-06-09_02-47-21.json, api_response_2023-06-09_02-52-04.json

Record time: 2023-06-08T23:35:55Z
Event time: 2023-06-09T23:19:54.444Z
Status: Underway
Travel distance: 302.3731101511879
Waypoints: (60.33832393544622, 24.92122306078818), (60.26832587983667, 24.930397157587425), (60.1983278242271, 24.99181488866499), (60.12832976861753, 25.067503454755148), (60.058331713007966, 25.134920142070357), (59.98833365739841, 25.18320737185398), (59.918335601788854, 25.2098814471991), (59.848337546179295, 25.21795499713328), (59.778339490569735, 25.21349311796952), (59.7083414318969, 25.203603210630096), (59.638343376290926, 25.19592633551259), (59.56834532068494, 25.194147064677598), (59.49834726507898, 25.20195964689269), (59.428349209473, 25.215694336060686), (59.35835115386701, 25.22836033183521), (59.288353098261055, 25.250725615445404), (59.21835504265506, 25.267628688377833), (59.14835698704909, 25.275281060824938), (59.07835893144311, 25.27549216075451), (59.008360875837134, 25.271138224707016), (58.938362820231184, 25.275610904464894), (58.868364764625184, 25.283911655267136), (58.79836670901922, 25.295405292504192), (58.728368653413256, 25.317546282439217), (58.65837059780727, 25.33137521264721), (58.5883725422013, 25.341930209125977), (58.51837448659532, 25.355875998223553), (58.44837643098934, 25.37448106433818), (58.37837837538336, 25.3898291601108), (58.3083803197774, 25.407429616739147), (58.23838226417141, 25.423778552356442), (58.168384208565456, 25.459665540384258), (58.09838615295947, 25.488812409232064), (58.02838809735349, 25.52333855664244), (57.958390041747506, 25.55739349885288), (57.88839198614154, 25.592096819418437), (57.81839393053556, 25.617219595858707), (57.74839587492958, 25.61759090555627), (57.678397819323614, 25.603554645060296), (57.60839976371764, 25.58137972835088), (57.53840170811167, 25.558594129702335), (57.468403652505685, 25.55317526990296), (57.398405596899714, 25.57383856033095), (57.32840754129375, 25.62183929163897), (57.25661548517795, 25.68886728892076), (57.189084180272964, 25.766435204114927), (57.122201127653035, 25.839296721772037), (57.053497692162864, 25.90373686009573), (56.97425450367756, 25.940669923667425), (56.89913827014654, 25.975001934535417), (56.82871998122786, 26.009982323758546), (56.76978932582578, 26.05179895802248), (56.727519131040545, 26.104524935075535), (56.70185851660558, 26.16735732125701), (56.687159772932766, 26.24926597875307), (56.67404397088626, 26.33299725796251), (56.652510311405585, 26.413175649964376), (56.615294223098616, 26.47100572174324), (56.56047921592493, 26.50926946879958), (56.488779498070684, 26.527529612707852), (56.422753872165, 26.521262583548584), (56.35474014695487, 26.496588394458662), (56.27798934063656, 26.462974250363594), (56.2005028233302, 26.420168776278537), (56.12594603288787, 26.370432816112334), (56.058937938154855, 26.315022602928096), (56.005132073396574, 26.254370703099408), (55.97127062213742, 26.18854666651377), (55.96521155330295, 26.117997384182836), (55.99592880966533, 26.044567153259294), (56.07348554859199, 25.972797449460426)
Associated file(s): api_response_2023-06-09_05-06-57.json, api_response_2023-06-09_03-46-41.json, api_response_2023-06-09_04-32-14.json, api_response_2023-06-09_04-52-05.json, api_response_2023-06-09_04-47-50.json, api_response_2023-06-09_05-47-22.json, api_response_2023-06-09_03-52-04.json, api_response_2023-06-09_06-07-06.json, api_response_2023-06-09_04-12-03.json, api_response_2023-06-09_05-12-06.json, api_response_2023-06-09_06-12-08.json, api_response_2023-06-09_05-52-09.json, api_response_2023-06-09_05-27-01.json, api_response_2023-06-09_04-27-19.json, api_response_2023-06-09_05-32-05.json, api_response_2023-06-09_04-07-07.json, api_response_2023-06-09_05-06-57.json, api_response_2023-06-09_03-46-41.json, api_response_2023-06-09_04-32-14.json, api_response_2023-06-09_04-52-05.json, api_response_2023-06-09_04-47-50.json, api_response_2023-06-09_05-47-22.json, api_response_2023-06-09_03-52-04.json, api_response_2023-06-09_06-07-06.json, api_response_2023-06-09_04-12-03.json, api_response_2023-06-09_05-12-06.json, api_response_2023-06-09_06-12-08.json, api_response_2023-06-09_05-52-09.json, api_response_2023-06-09_05-27-01.json, api_response_2023-06-09_04-27-19.json, api_response_2023-06-09_05-32-05.json, api_response_2023-06-09_04-07-07.json

Record time: 2023-06-09T02:26:45Z
Event time: 2023-06-09T23:50:09.125Z
Status: Underway
Travel distance: 264.18142548596114
Waypoints: (59.70834143496017, 25.065555749479522), (59.638343379350594, 25.14120641353688), (59.56834532374102, 25.181231565613718), (59.498347268131454, 25.20428887546068), (59.42834921252189, 25.220688141505743), (59.35835115691232, 25.235017600156795), (59.28835310130276, 25.24834878917329), (59.2183550456932, 25.260019965107134), (59.14835699008364, 25.268998074812643), (59.07835893144311, 25.274819279728987), (59.008360875837134, 25.27293257410841), (58.938362820231184, 25.275610904464894), (58.868364764625184, 25.283911655267136), (58.79836670901922, 25.295405292504192), (58.728368653413256, 25.317546282439217), (58.65837059780727, 25.33137521264721), (58.5883725422013, 25.341930209125977), (58.51837448659532, 25.355875998223553), (58.44837643098934, 25.37448106433818), (58.37837837538336, 25.3898291601108), (58.3083803197774, 25.407429616739147), (58.23838226417141, 25.423778552356442), (58.168384208565456, 25.459665540384258), (58.09838615295947, 25.488812409232064), (58.02838809735349, 25.52333855664244), (57.958390041747506, 25.55739349885288), (57.88839198614154, 25.592096819418437), (57.81839393053556, 25.617219595858707), (57.74839587492958, 25.61759090555627), (57.678397819323614, 25.603554645060296), (57.60839976371764, 25.58137972835088), (57.53840170811167, 25.558594129702335), (57.468403652505685, 25.55317526990296), (57.398405596899714, 25.57383856033095), (57.32840754129375, 25.62183929163897), (57.25661548517795, 25.68886728892076), (57.189084180272964, 25.766435204114927), (57.122201127653035, 25.839296721772037), (57.053497692162864, 25.90373686009573), (56.97425450367756, 25.940669923667425), (56.89913827014654, 25.975001934535417), (56.82871998122786, 26.009982323758546), (56.76978932582578, 26.05179895802248), (56.727519131040545, 26.104524935075535), (56.70185851660558, 26.16735732125701), (56.687159772932766, 26.24926597875307), (56.67404397088626, 26.33299725796251), (56.652510311405585, 26.413175649964376), (56.615294223098616, 26.47100572174324), (56.56047921592493, 26.50926946879958), (56.488779498070684, 26.527529612707852), (56.422753872165, 26.521262583548584), (56.35474014695487, 26.496588394458662), (56.27798934063656, 26.462974250363594), (56.2005028233302, 26.420168776278537), (56.12594603288787, 26.370432816112334), (56.058937938154855, 26.315022602928096), (56.005132073396574, 26.254370703099408), (55.97127062213742, 26.18854666651377), (55.96521155330295, 26.117997384182836), (55.99592880966533, 26.044567153259294), (56.07348554859199, 25.972797449460426)
Associated file(s): api_response_2023-06-09_08-06-36.json, api_response_2023-06-09_07-26-45.json, api_response_2023-06-09_07-12-03.json, api_response_2023-06-09_07-46-58.json, api_response_2023-06-09_06-46-52.json, api_response_2023-06-09_06-52-07.json, api_response_2023-06-09_07-52-03.json, api_response_2023-06-09_07-32-03.json, api_response_2023-06-09_06-28-16.json, api_response_2023-06-09_07-07-05.json, api_response_2023-06-09_06-32-07.json, api_response_2023-06-09_08-06-36.json, api_response_2023-06-09_07-26-45.json, api_response_2023-06-09_07-12-03.json, api_response_2023-06-09_07-46-58.json, api_response_2023-06-09_06-46-52.json, api_response_2023-06-09_06-52-07.json, api_response_2023-06-09_07-52-03.json, api_response_2023-06-09_07-32-03.json, api_response_2023-06-09_06-28-16.json, api_response_2023-06-09_07-07-05.json, api_response_2023-06-09_06-32-07.json

Record time: 2023-06-09T04:10:16Z
Event time: 2023-06-10T00:20:41Z
Status: Underway
Travel distance: 243.1538876889849
Waypoints: (59.288353101302704, 25.055027346108204), (59.2183550456932, 25.15448692943172), (59.14835699008364, 25.211668954129916), (59.07835893447407, 25.244726729042128), (59.00836087886449, 25.265238365647303), (58.93836282325493, 25.279993776664394), (58.86836476764537, 25.292517988222798), (58.79836671203582, 25.30433076560292), (58.72836865642627, 25.315942552546836), (58.65837059780727, 25.327586722839648), (58.5883725422013, 25.341257328100454), (58.51837448659532, 25.357670347624946), (58.44837643098934, 25.37448106433818), (58.37837837538336, 25.3898291601108), (58.3083803197774, 25.407429616739147), (58.23838226417141, 25.423778552356442), (58.168384208565456, 25.459665540384258), (58.09838615295947, 25.488812409232064), (58.02838809735349, 25.52333855664244), (57.958390041747506, 25.55739349885288), (57.88839198614154, 25.592096819418437), (57.81839393053556, 25.617219595858707), (57.74839587492958, 25.61759090555627), (57.678397819323614, 25.603554645060296), (57.60839976371764, 25.58137972835088), (57.53840170811167, 25.558594129702335), (57.468403652505685, 25.55317526990296), (57.398405596899714, 25.57383856033095), (57.32840754129375, 25.62183929163897), (57.25661548517795, 25.68886728892076), (57.189084180272964, 25.766435204114927), (57.122201127653035, 25.839296721772037), (57.053497692162864, 25.90373686009573), (56.97425450367756, 25.940669923667425), (56.89913827014654, 25.975001934535417), (56.82871998122786, 26.009982323758546), (56.76978932582578, 26.05179895802248), (56.727519131040545, 26.104524935075535), (56.70185851660558, 26.16735732125701), (56.687159772932766, 26.24926597875307), (56.67404397088626, 26.33299725796251), (56.652510311405585, 26.413175649964376), (56.615294223098616, 26.47100572174324), (56.56047921592493, 26.50926946879958), (56.488779498070684, 26.527529612707852), (56.422753872165, 26.521262583548584), (56.35474014695487, 26.496588394458662), (56.27798934063656, 26.462974250363594), (56.2005028233302, 26.420168776278537), (56.12594603288787, 26.370432816112334), (56.058937938154855, 26.315022602928096), (56.005132073396574, 26.254370703099408), (55.97127062213742, 26.18854666651377), (55.96521155330295, 26.117997384182836), (55.99592880966533, 26.044567153259294), (56.07348554859199, 25.972797449460426)
Associated file(s): api_response_2023-06-09_08-32-07.json, api_response_2023-06-09_08-12-02.json, api_response_2023-06-09_08-27-02.json, api_response_2023-06-09_08-47-26.json, api_response_2023-06-09_08-32-07.json, api_response_2023-06-09_08-12-02.json, api_response_2023-06-09_08-27-02.json, api_response_2023-06-09_08-47-26.json

Record time: 2023-06-09T05:47:37Z
Event time: 2023-06-09T23:47:13.125Z
Status: Underway
Travel distance: 223.73380129589634
Waypoints: (58.9383628232549, 25.123775979166904), (58.86836476764532, 25.2265127746657), (58.79836671203576, 25.28294654835267), (58.7283686564262, 25.314227645486294), (58.65837060081664, 25.333380006446383), (58.58837254520708, 25.347737109135835), (58.51837448959752, 25.36096871678674), (58.44837643398795, 25.37469843117085), (58.37837837837838, 25.389712051214367), (58.3083803197774, 25.40675673571363), (58.23838226417141, 25.42557290175783), (58.168384208565456, 25.459665540384258), (58.09838615295947, 25.488812409232064), (58.02838809735349, 25.52333855664244), (57.958390041747506, 25.55739349885288), (57.88839198614154, 25.592096819418437), (57.81839393053556, 25.617219595858707), (57.74839587492958, 25.61759090555627), (57.678397819323614, 25.603554645060296), (57.60839976371764, 25.58137972835088), (57.53840170811167, 25.558594129702335), (57.468403652505685, 25.55317526990296), (57.398405596899714, 25.57383856033095), (57.32840754129375, 25.62183929163897), (57.25661548517795, 25.68886728892076), (57.189084180272964, 25.766435204114927), (57.122201127653035, 25.839296721772037), (57.053497692162864, 25.90373686009573), (56.97425450367756, 25.940669923667425), (56.89913827014654, 25.975001934535417), (56.82871998122786, 26.009982323758546), (56.76978932582578, 26.05179895802248), (56.727519131040545, 26.104524935075535), (56.70185851660558, 26.16735732125701), (56.687159772932766, 26.24926597875307), (56.67404397088626, 26.33299725796251), (56.652510311405585, 26.413175649964376), (56.615294223098616, 26.47100572174324), (56.56047921592493, 26.50926946879958), (56.488779498070684, 26.527529612707852), (56.422753872165, 26.521262583548584), (56.35474014695487, 26.496588394458662), (56.27798934063656, 26.462974250363594), (56.2005028233302, 26.420168776278537), (56.12594603288787, 26.370432816112334), (56.058937938154855, 26.315022602928096), (56.005132073396574, 26.254370703099408), (55.97127062213742, 26.18854666651377), (55.96521155330295, 26.117997384182836), (55.99592880966533, 26.044567153259294), (56.07348554859199, 25.972797449460426)
Associated file(s): api_response_2023-06-09_10-19-36.json, api_response_2023-06-09_09-57-55.json, api_response_2023-06-09_10-29-40.json, api_response_2023-06-09_10-19-36.json, api_response_2023-06-09_09-57-55.json, api_response_2023-06-09_10-29-40.json

Record time: 2023-06-09T06:36:04Z
Event time: 2023-06-09T23:12:54.428Z
Status: Underway
Travel distance: 210.17224622030238
Waypoints: (58.72836865642626, 25.205887272037877), (58.65837060081668, 25.27653686681641), (58.58837254520711, 25.324437531277137), (58.51837448959754, 25.35501155216663), (58.44837643398798, 25.374760276139373), (58.378378378378414, 25.390087039168264), (58.308380322768855, 25.40638491327746), (58.23838226715929, 25.42738927059762), (58.16838421154972, 25.454795164743544), (58.09838615295947, 25.488139528206545), (58.02838809735349, 25.525132906043833), (57.958390041747506, 25.55739349885288), (57.88839198614154, 25.592096819418437), (57.81839393053556, 25.617219595858707), (57.74839587492958, 25.61759090555627), (57.678397819323614, 25.603554645060296), (57.60839976371764, 25.58137972835088), (57.53840170811167, 25.558594129702335), (57.468403652505685, 25.55317526990296), (57.398405596899714, 25.57383856033095), (57.32840754129375, 25.62183929163897), (57.25661548517795, 25.68886728892076), (57.189084180272964, 25.766435204114927), (57.122201127653035, 25.839296721772037), (57.053497692162864, 25.90373686009573), (56.97425450367756, 25.940669923667425), (56.89913827014654, 25.975001934535417), (56.82871998122786, 26.009982323758546), (56.76978932582578, 26.05179895802248), (56.727519131040545, 26.104524935075535), (56.70185851660558, 26.16735732125701), (56.687159772932766, 26.24926597875307), (56.67404397088626, 26.33299725796251), (56.652510311405585, 26.413175649964376), (56.615294223098616, 26.47100572174324), (56.56047921592493, 26.50926946879958), (56.488779498070684, 26.527529612707852), (56.422753872165, 26.521262583548584), (56.35474014695487, 26.496588394458662), (56.27798934063656, 26.462974250363594), (56.2005028233302, 26.420168776278537), (56.12594603288787, 26.370432816112334), (56.058937938154855, 26.315022602928096), (56.005132073396574, 26.254370703099408), (55.97127062213742, 26.18854666651377), (55.96521155330295, 26.117997384182836), (55.99592880966533, 26.044567153259294), (56.07348554859199, 25.972797449460426)
Associated file(s): api_response_2023-06-09_12-30-02.json, api_response_2023-06-09_12-50-05.json, api_response_2023-06-09_11-19-49.json, api_response_2023-06-09_13-20-10.json, api_response_2023-06-09_10-49-44.json, api_response_2023-06-09_13-10-08.json, api_response_2023-06-09_12-40-03.json, api_response_2023-06-09_10-39-42.json, api_response_2023-06-09_11-29-51.json, api_response_2023-06-09_11-59-56.json, api_response_2023-06-09_10-59-46.json, api_response_2023-06-09_11-49-55.json, api_response_2023-06-09_12-09-58.json, api_response_2023-06-09_13-00-07.json, api_response_2023-06-09_11-39-53.json, api_response_2023-06-09_11-09-47.json, api_response_2023-06-09_13-40-14.json, api_response_2023-06-09_12-20-00.json, api_response_2023-06-09_13-30-12.json, api_response_2023-06-09_12-30-02.json, api_response_2023-06-09_12-50-05.json, api_response_2023-06-09_11-19-49.json, api_response_2023-06-09_13-20-10.json, api_response_2023-06-09_10-49-44.json, api_response_2023-06-09_13-10-08.json, api_response_2023-06-09_12-40-03.json, api_response_2023-06-09_10-39-42.json, api_response_2023-06-09_11-29-51.json, api_response_2023-06-09_11-59-56.json, api_response_2023-06-09_10-59-46.json, api_response_2023-06-09_11-49-55.json, api_response_2023-06-09_12-09-58.json, api_response_2023-06-09_13-00-07.json, api_response_2023-06-09_11-39-53.json, api_response_2023-06-09_11-09-47.json, api_response_2023-06-09_13-40-14.json, api_response_2023-06-09_12-20-00.json, api_response_2023-06-09_13-30-12.json

Record time: 2023-06-09T09:42:03Z
Event time: 2023-06-09T22:58:47.333Z
Status: Underway
Travel distance: 168.52537796976242
Waypoints: (57.95839004472096, 25.276137216267905), (57.888391989111405, 25.332433375190167), (57.81839393350184, 25.42456923027474), (57.74839587789227, 25.503927028420225), (57.678397822282705, 25.552100809126433), (57.608399766673145, 25.570416046918787), (57.53840171106358, 25.571139224101813), (57.46840365545402, 25.570377333841886), (57.39840559984446, 25.582667313579073), (57.32840754129375, 25.617255407453904), (57.25661548517795, 25.681963190331164), (57.189084180272964, 25.763295092662496), (57.122201127653035, 25.84288542057482), (57.053497692162864, 25.90373686009573), (56.97425450367756, 25.940669923667425), (56.89913827014654, 25.975001934535417), (56.82871998122786, 26.009982323758546), (56.76978932582578, 26.05179895802248), (56.727519131040545, 26.104524935075535), (56.70185851660558, 26.16735732125701), (56.687159772932766, 26.24926597875307), (56.67404397088626, 26.33299725796251), (56.652510311405585, 26.413175649964376), (56.615294223098616, 26.47100572174324), (56.56047921592493, 26.50926946879958), (56.488779498070684, 26.527529612707852), (56.422753872165, 26.521262583548584), (56.35474014695487, 26.496588394458662), (56.27798934063656, 26.462974250363594), (56.2005028233302, 26.420168776278537), (56.12594603288787, 26.370432816112334), (56.058937938154855, 26.315022602928096), (56.005132073396574, 26.254370703099408), (55.97127062213742, 26.18854666651377), (55.96521155330295, 26.117997384182836), (55.99592880966533, 26.044567153259294), (56.07348554859199, 25.972797449460426)
Associated file(s): api_response_2023-06-09_14-20-20.json, api_response_2023-06-09_15-30-32.json, api_response_2023-06-09_15-50-35.json, api_response_2023-06-09_16-10-38.json, api_response_2023-06-09_14-10-19.json, api_response_2023-06-09_15-00-27.json, api_response_2023-06-09_16-20-40.json, api_response_2023-06-09_15-40-33.json, api_response_2023-06-09_15-10-28.json, api_response_2023-06-09_14-40-23.json, api_response_2023-06-09_14-00-17.json, api_response_2023-06-09_16-50-45.json, api_response_2023-06-09_16-30-42.json, api_response_2023-06-09_14-30-22.json, api_response_2023-06-09_16-00-37.json, api_response_2023-06-09_14-50-25.json, api_response_2023-06-09_16-40-43.json, api_response_2023-06-09_15-20-30.json, api_response_2023-06-09_13-50-15.json, api_response_2023-06-09_14-20-20.json, api_response_2023-06-09_15-30-32.json, api_response_2023-06-09_15-50-35.json, api_response_2023-06-09_16-10-38.json, api_response_2023-06-09_14-10-19.json, api_response_2023-06-09_15-00-27.json, api_response_2023-06-09_16-20-40.json, api_response_2023-06-09_15-40-33.json, api_response_2023-06-09_15-10-28.json, api_response_2023-06-09_14-40-23.json, api_response_2023-06-09_14-00-17.json, api_response_2023-06-09_16-50-45.json, api_response_2023-06-09_16-30-42.json, api_response_2023-06-09_14-30-22.json, api_response_2023-06-09_16-00-37.json, api_response_2023-06-09_14-50-25.json, api_response_2023-06-09_16-40-43.json, api_response_2023-06-09_15-20-30.json, api_response_2023-06-09_13-50-15.json

Record time: 2023-06-09T12:54:37Z
Event time: 2023-06-09T22:45:43.250Z
Status: Underway
Travel distance: 122.32235421166307
Waypoints: (57.255861774914194, 25.626103511531102), (57.190755088876706, 25.68906167809052), (57.123437766611204, 25.766836420957766), (57.05032771743188, 25.84009042113651), (56.97354992055232, 25.901979894302393), (56.89814724425078, 25.953678895331663), (56.829824377161664, 26.000621551072445), (56.773224871693394, 26.049462221358706), (56.73074129957262, 26.10575358826688), (56.70185851660558, 26.172342672272425), (56.687159772932766, 26.249765456265006), (56.67404397088626, 26.32988164918048), (56.652510311405585, 26.410708419537464), (56.615294223098616, 26.472800071144633), (56.56047921592493, 26.50926946879958), (56.488779498070684, 26.527529612707852), (56.422753872165, 26.521262583548584), (56.35474014695487, 26.496588394458662), (56.27798934063656, 26.462974250363594), (56.2005028233302, 26.420168776278537), (56.12594603288787, 26.370432816112334), (56.058937938154855, 26.315022602928096), (56.005132073396574, 26.254370703099408), (55.97127062213742, 26.18854666651377), (55.96521155330295, 26.117997384182836), (55.99592880966533, 26.044567153259294), (56.07348554859199, 25.972797449460426)
Associated file(s): api_response_2023-06-09_18-00-57.json, api_response_2023-06-09_17-00-47.json, api_response_2023-06-09_17-40-53.json, api_response_2023-06-09_18-41-03.json, api_response_2023-06-09_19-11-08.json, api_response_2023-06-09_17-50-55.json, api_response_2023-06-09_18-51-05.json, api_response_2023-06-09_18-31-02.json, api_response_2023-06-09_17-30-52.json, api_response_2023-06-09_17-20-50.json, api_response_2023-06-09_18-21-00.json, api_response_2023-06-09_18-10-58.json, api_response_2023-06-09_17-10-48.json, api_response_2023-06-09_19-01-07.json, api_response_2023-06-09_18-00-57.json, api_response_2023-06-09_17-00-47.json, api_response_2023-06-09_17-40-53.json, api_response_2023-06-09_18-41-03.json, api_response_2023-06-09_19-11-08.json, api_response_2023-06-09_17-50-55.json, api_response_2023-06-09_18-51-05.json, api_response_2023-06-09_18-31-02.json, api_response_2023-06-09_17-30-52.json, api_response_2023-06-09_17-20-50.json, api_response_2023-06-09_18-21-00.json, api_response_2023-06-09_18-10-58.json, api_response_2023-06-09_17-10-48.json, api_response_2023-06-09_19-01-07.json

Record time: 2023-06-09T15:14:45Z
Event time: 2023-06-09T22:28:37.500Z
Status: Underway
Travel distance: 90.16684665226782
Waypoints: (56.98034814660602, 26.05071940254378), (56.90628640802327, 26.10431335671262), (56.83370567921973, 26.176698802908895), (56.766937635414386, 26.257590531048685), (56.70687482269743, 26.33770511330322), (56.65209379280332, 26.409251145988897), (56.599843499400095, 26.466272663917053), (56.546898955895045, 26.504845727203353), (56.49028015475667, 26.52312818053694), (56.427836245458025, 26.521262583548584), (56.35852790013209, 26.496588394458662), (56.28233803304905, 26.462974250363594), (56.203156249218075, 26.420168776278537), (56.12569899805831, 26.370432816112334), (56.056126218104374, 26.315022602928096), (56.001585301953064, 26.254370703099408), (55.96958112318512, 26.18854666651377), (55.967172128153585, 26.117997384182836), (55.999992492638576, 26.044567153259294), (56.07110034336872, 25.972797449460426)
Associated file(s): api_response_2023-06-09_19-21-10.json, api_response_2023-06-09_19-31-12.json, api_response_2023-06-09_19-41-13.json, api_response_2023-06-09_19-21-10.json, api_response_2023-06-09_19-31-12.json, api_response_2023-06-09_19-41-13.json

Record time: 2023-06-09T15:42:27Z
Event time: 2023-06-09T22:13:20.500Z
Status: Underway
Travel distance: 85.27861771058315
Waypoints: (56.915159275518384, 26.120053974984963), (56.82430816251122, 26.172795973017507), (56.76250120166673, 26.24972022191249), (56.71049340327129, 26.333180086931055), (56.65874652931978, 26.409828137085757), (56.60381021643654, 26.470503418358113), (56.54544745825169, 26.509967941252153), (56.48450444723262, 26.526492382683998), (56.42152477618536, 26.521291002308256), (56.3555203141476, 26.492540960730334), (56.280603832770055, 26.454482079194204), (56.20164833742573, 26.412390285155126), (56.12529338925306, 26.367983786288182), (56.057065150323, 26.319396972366434), (56.00324827578314, 26.262640910139375), (55.970669201397286, 26.194185547728164), (55.9664794312989, 26.11474820443336), (55.997938825744704, 26.034288345854616), (56.07219888886817, 25.978208644322265)
Associated file(s): api_response_2023-06-09_20-51-25.json, api_response_2023-06-09_22-01-37.json, api_response_2023-06-09_20-31-22.json, api_response_2023-06-09_21-21-30.json, api_response_2023-06-09_20-01-17.json, api_response_2023-06-09_20-41-23.json, api_response_2023-06-09_21-11-28.json, api_response_2023-06-09_21-41-33.json, api_response_2023-06-09_20-11-18.json, api_response_2023-06-09_19-51-15.json, api_response_2023-06-09_21-01-27.json, api_response_2023-06-09_20-21-20.json, api_response_2023-06-09_22-11-38.json, api_response_2023-06-09_21-51-35.json, api_response_2023-06-09_21-31-32.json, api_response_2023-06-09_20-51-25.json, api_response_2023-06-09_22-01-37.json, api_response_2023-06-09_20-31-22.json, api_response_2023-06-09_21-21-30.json, api_response_2023-06-09_20-01-17.json, api_response_2023-06-09_20-41-23.json, api_response_2023-06-09_21-11-28.json, api_response_2023-06-09_21-41-33.json, api_response_2023-06-09_20-11-18.json, api_response_2023-06-09_19-51-15.json, api_response_2023-06-09_21-01-27.json, api_response_2023-06-09_20-21-20.json, api_response_2023-06-09_22-11-38.json, api_response_2023-06-09_21-51-35.json, api_response_2023-06-09_21-31-32.json

Record time: 2023-06-09T18:11:36Z
Event time: 2023-06-09T22:35:09.250Z
Status: Underway
Travel distance: 59.75053995680346
Waypoints: (56.62603481834167, 26.601424520979734), (56.566072206760936, 26.54471823735328), (56.4846384126069, 26.529670480525013), (56.41148969433711, 26.515227513923346), (56.34841809552815, 26.48916393511078), (56.2859382878538, 26.453351713836284), (56.215206744931706, 26.41314756367207), (56.13708273781427, 26.377082967528384), (56.05990286837563, 26.324484406858293), (55.994434553358346, 26.25889422469038), (55.95844668121216, 26.1855637886576), (55.965723969376796, 26.112395539477564), (56.013522658955516, 26.044290703209604), (56.06580032087287, 25.974570819356572)
Associated file(s): api_response_2023-06-09_23-11-48.json, api_response_2023-06-09_22-41-43.json, api_response_2023-06-09_23-21-50.json, api_response_2023-06-09_22-31-42.json, api_response_2023-06-09_22-51-45.json, api_response_2023-06-09_23-31-52.json, api_response_2023-06-09_22-21-40.json, api_response_2023-06-09_23-41-53.json, api_response_2023-06-09_23-01-47.json, api_response_2023-06-09_23-11-48.json, api_response_2023-06-09_22-41-43.json, api_response_2023-06-09_23-21-50.json, api_response_2023-06-09_22-31-42.json, api_response_2023-06-09_22-51-45.json, api_response_2023-06-09_23-31-52.json, api_response_2023-06-09_22-21-40.json, api_response_2023-06-09_23-41-53.json, api_response_2023-06-09_23-01-47.json

Record time: 2023-06-09T19:39:37Z
Event time: 2023-06-09T22:50:33.250Z
Status: Underway
Travel distance: 43.734341252699785
Waypoints: (56.2784367100914, 26.534422403733956), (56.208438654481824, 26.46441073512252), (56.13844059887225, 26.394399066511085), (56.06844254326268, 26.32438739789965), (55.99844448765313, 26.254375729288213), (55.92844643204356, 26.184364060676778), (55.99844448765313, 26.114352392065342), (55.99844448765313, 26.044340723453907), (56.06844254326268, 25.97432905484247)
Associated file(s): api_response_2023-06-10_00-11-59.json, api_response_2023-06-10_01-32-12.json, api_response_2023-06-10_01-42-14.json, api_response_2023-06-10_00-22-00.json, api_response_2023-06-10_01-02-07.json, api_response_2023-06-09_23-51-55.json, api_response_2023-06-10_01-12-09.json, api_response_2023-06-10_00-42-04.json, api_response_2023-06-10_01-22-10.json, api_response_2023-06-10_00-01-57.json, api_response_2023-06-10_00-32-02.json, api_response_2023-06-10_00-52-05.json, api_response_2023-06-10_00-11-59.json, api_response_2023-06-10_01-32-12.json, api_response_2023-06-10_01-42-14.json, api_response_2023-06-10_00-22-00.json, api_response_2023-06-10_01-02-07.json, api_response_2023-06-09_23-51-55.json, api_response_2023-06-10_01-12-09.json, api_response_2023-06-10_00-42-04.json, api_response_2023-06-10_01-22-10.json, api_response_2023-06-10_00-01-57.json, api_response_2023-06-10_00-32-02.json, api_response_2023-06-10_00-52-05.json

Record time: 2023-06-09T21:46:13Z
Event time: 2023-06-09T22:31:52.666Z
Status: Underway
Travel distance: 14.062634989200864
Waypoints: (55.99844448765313, 26.184364060676778), (55.99844448765313, 26.114352392065342), (55.99844448765313, 26.044340723453907), (56.06844254326268, 25.97432905484247)
Associated file(s): api_response_2023-06-10_01-52-15.json, api_response_2023-06-10_02-12-19.json, api_response_2023-06-10_02-22-20.json, api_response_2023-06-10_02-42-24.json, api_response_2023-06-10_02-32-22.json, api_response_2023-06-10_02-02-17.json, api_response_2023-06-10_01-52-15.json, api_response_2023-06-10_02-12-19.json, api_response_2023-06-10_02-22-20.json, api_response_2023-06-10_02-42-24.json, api_response_2023-06-10_02-32-22.json, api_response_2023-06-10_02-02-17.json

Record time: 2023-06-09T22:46:06Z
Event time: 2023-06-09T22:55:23Z
Status: Underway
Travel distance: 9.431965442764579
Waypoints: (55.92844643204356, 26.044340723453907), (55.99844448765313, 25.97432905484247), (56.06844254326268, 25.97432905484247)
Associated file(s): api_response_2023-06-10_03-02-27.json, api_response_2023-06-10_02-52-25.json, api_response_2023-06-10_03-02-27.json, api_response_2023-06-10_02-52-25.json

Record time: 2023-12-26T03:51:37Z
Event time: 2023-12-26T11:30:47.333Z
Status: Underway
Travel distance: 107.06803455723542
Waypoints: (54.598483375461775, 25.060138911578527), (54.66848143107135, 25.140874730768704), (54.738479486680916, 25.207790187117443), (54.808477542290476, 25.27170826435234), (54.87847559790004, 25.33816125421573), (54.948473653509616, 25.40888108427115), (55.01847170911919, 25.483091174079583), (55.088469764728764, 25.55859981974546), (55.15846782033833, 25.632695106832443), (55.22846587311449, 25.702841350330335), (55.29846392872046, 25.77196903798308), (55.36846198432644, 25.82641020196394), (55.43846003993242, 25.87105972188993), (55.5084580983862, 25.92497376565051), (55.57845615399576, 25.976074713039978), (55.648454209605326, 26.021304443637828), (55.718452265214886, 26.056370278072336), (55.78845032082445, 26.076423514835827), (55.85844837643401, 26.077071579054177), (55.92844643204357, 26.055723784537967), (55.998444487653124, 26.013270709115133), (56.06844254326265, 25.95609718324526)
Associated file(s): api_response_2023-12-26_08-24-41.json, api_response_2023-12-26_08-04-38.json, api_response_2023-12-26_08-44-44.json, api_response_2023-12-26_08-24-41.json, api_response_2023-12-26_08-04-38.json, api_response_2023-12-26_08-44-44.json

Record time: 2023-12-26T04:49:58Z
Event time: 2023-12-26T11:48:01Z
Status: Underway
Travel distance: 95.59827213822894
Waypoints: (54.73847948668091, 25.202408098458122), (54.80847754229049, 25.27908332825597), (54.87847559790006, 25.344046624298073), (54.94847365350962, 25.409651530475188), (55.01847170911919, 25.480157227753004), (55.08846976472876, 25.554777608780096), (55.15846782033833, 25.630177534555283), (55.228465875947904, 25.702416273154387), (55.29846393155748, 25.76833812051638), (55.36846198432644, 25.82641020196394), (55.43846003993242, 25.87105972188993), (55.5084580983862, 25.92497376565051), (55.57845615399576, 25.976074713039978), (55.648454209605326, 26.021304443637828), (55.718452265214886, 26.056370278072336), (55.78845032082445, 26.076423514835827), (55.85844837643401, 26.077071579054177), (55.92844643204357, 26.055723784537967), (55.998444487653124, 26.013270709115133), (56.06844254326265, 25.95609718324526)
Associated file(s): api_response_2023-12-26_09-04-48.json, api_response_2023-12-26_09-04-48.json

Record time: 2023-12-26T05:20:58Z
Event time: 2023-12-26T12:04:14Z
Status: Underway
Travel distance: 90.29481641468682
Waypoints: (54.808477542290504, 25.269801888056374), (54.87847559790004, 25.35485913870284), (54.94847365350961, 25.414292250574967), (55.01847170911918, 25.475530078362976), (55.08846976472875, 25.546955000108785), (55.158467820338316, 25.62581227772026), (55.228465875947876, 25.70452674390959), (55.298463931557436, 25.775426815555736), (55.368461987377536, 25.833875833589236), (55.438460042987366, 25.87812345172867), (55.508458098597195, 25.915405932081455), (55.57845615399566, 25.966996739465415), (55.64845420960522, 26.01817651102731), (55.71845226521479, 26.06112070309036), (55.78845032082438, 26.08584230267399), (55.85844837643397, 26.08367222149537), (55.92844643204356, 26.052176865929436), (55.998444487653146, 26.00151288282876), (56.06844254326271, 25.962219081203337)
Associated file(s): api_response_2023-12-26_09-44-54.json, api_response_2023-12-26_10-04-57.json, api_response_2023-12-26_10-25-00.json, api_response_2023-12-26_09-24-51.json, api_response_2023-12-26_09-44-54.json, api_response_2023-12-26_10-04-57.json, api_response_2023-12-26_10-25-00.json, api_response_2023-12-26_09-24-51.json

Record time: 2023-12-26T06:41:49Z
Event time: 2023-12-26T12:20:51Z
Status: Underway
Travel distance: 73.76781857451404
Waypoints: (55.01847170911911, 25.488676389305304), (55.088469764728764, 25.54327682064658), (55.15846782033833, 25.62381274865967), (55.228465875947876, 25.704748838627186), (55.29846393155742, 25.77442203691882), (55.36846198716698, 25.830634787468142), (55.43846004277655, 25.87677568393652), (55.50845809783134, 25.91846755730521), (55.578456153440214, 25.95222566440544), (55.648454209605255, 26.005747326070587), (55.718452265214815, 26.060508377974088), (55.78845032082438, 26.097536697491172), (55.85844837643395, 26.097038162389605), (55.92844643204353, 26.0514963972919), (55.99844448765311, 25.983728970308267), (56.0684425432627, 25.96990004009957)
Associated file(s): api_response_2023-12-26_10-45-03.json, api_response_2023-12-26_11-25-09.json, api_response_2023-12-26_11-45-12.json, api_response_2023-12-26_11-05-06.json, api_response_2023-12-26_10-45-03.json, api_response_2023-12-26_11-25-09.json, api_response_2023-12-26_11-45-12.json, api_response_2023-12-26_11-05-06.json

Record time: 2023-12-26T08:02:07Z
Event time: 2023-12-26T12:36:46.250Z
Status: Underway
Travel distance: 58.61771058315335
Waypoints: (55.22846587594787, 25.694829571554113), (55.29846393155744, 25.7615148939193), (55.368461987167, 25.840569616394976), (55.438460042776576, 25.893488761221594), (55.50845809838614, 25.9232674799975), (55.578456154037184, 25.949532655571645), (55.6484542096468, 25.986626456135852), (55.71845226525644, 26.05139660945022), (55.788450320824374, 26.10310329385073), (55.85844837643393, 26.11089068800643), (55.92844643204349, 26.055491903250807), (55.998444487653074, 25.968010436951328), (56.06844254326263, 25.975538635295642)
Associated file(s): api_response_2023-12-26_13-25-27.json, api_response_2023-12-26_14-05-33.json, api_response_2023-12-26_12-25-18.json, api_response_2023-12-26_14-25-36.json, api_response_2023-12-26_13-05-24.json, api_response_2023-12-26_13-45-30.json, api_response_2023-12-26_12-05-15.json, api_response_2023-12-26_14-45-39.json, api_response_2023-12-26_12-45-21.json, api_response_2023-12-26_15-05-42.json, api_response_2023-12-26_13-25-27.json, api_response_2023-12-26_14-05-33.json, api_response_2023-12-26_12-25-18.json, api_response_2023-12-26_14-25-36.json, api_response_2023-12-26_13-05-24.json, api_response_2023-12-26_13-45-30.json, api_response_2023-12-26_12-05-15.json, api_response_2023-12-26_14-45-39.json, api_response_2023-12-26_12-45-21.json, api_response_2023-12-26_15-05-42.json

Record time: 2023-12-26T11:06:47Z
Event time: 2023-12-26T12:52:54.500Z
Status: Underway
Travel distance: 22.639308855291578
Waypoints: (55.718452265214864, 25.97432905484247), (55.78845032082444, 26.044340723453907), (55.858448376433984, 26.044340723453907), (55.92844643204356, 26.044340723453907), (55.99844448765313, 25.97432905484247), (56.06844254326268, 25.97432905484247)
Associated file(s): api_response_2023-12-26_15-25-45.json, api_response_2023-12-26_15-25-45.json

Record time: 2023-12-29T05:59:25Z
Event time: 2023-12-29T05:59:25Z
Status: Arrived
Travel distance: N/A
Waypoints: 
Associated file(s): api_response_2023-12-29_14-36-38.json, api_response_2023-12-29_20-17-33.json, api_response_2023-12-29_12-36-17.json, api_response_2023-12-29_13-36-28.json, api_response_2023-12-29_17-57-10.json, api_response_2023-12-29_15-36-47.json, api_response_2023-12-29_18-57-20.json, api_response_2023-12-29_20-37-37.json, api_response_2023-12-29_18-17-14.json, api_response_2023-12-29_20-57-40.json, api_response_2023-12-29_21-57-49.json, api_response_2023-12-29_17-17-03.json, api_response_2023-12-29_12-56-21.json, api_response_2023-12-29_12-16-14.json, api_response_2023-12-29_15-56-50.json, api_response_2023-12-29_15-16-44.json, api_response_2023-12-29_17-37-07.json, api_response_2023-12-29_11-36-08.json, api_response_2023-12-29_18-37-17.json, api_response_2023-12-29_13-16-24.json, api_response_2023-12-29_10-15-56.json, api_response_2023-12-29_16-36-57.json, api_response_2023-12-29_19-37-27.json, api_response_2023-12-29_14-56-41.json, api_response_2023-12-29_14-16-34.json, api_response_2023-12-29_13-56-31.json, api_response_2023-12-29_19-17-23.json, api_response_2023-12-29_21-17-43.json, api_response_2023-12-29_19-57-30.json, api_response_2023-12-29_16-16-54.json, api_response_2023-12-29_21-37-46.json, api_response_2023-12-29_10-35-59.json, api_response_2023-12-29_16-57-00.json, api_response_2023-12-29_11-16-05.json, api_response_2023-12-29_11-56-11.json, api_response_2023-12-29_10-56-02.json, api_response_2023-12-29_14-36-38.json, api_response_2023-12-29_20-17-33.json, api_response_2023-12-29_12-36-17.json, api_response_2023-12-29_13-36-28.json, api_response_2023-12-29_17-57-10.json, api_response_2023-12-29_15-36-47.json, api_response_2023-12-29_18-57-20.json, api_response_2023-12-29_20-37-37.json, api_response_2023-12-29_18-17-14.json, api_response_2023-12-29_20-57-40.json, api_response_2023-12-29_21-57-49.json, api_response_2023-12-29_17-17-03.json, api_response_2023-12-29_12-56-21.json, api_response_2023-12-29_12-16-14.json, api_response_2023-12-29_15-56-50.json, api_response_2023-12-29_15-16-44.json, api_response_2023-12-29_17-37-07.json, api_response_2023-12-29_11-36-08.json, api_response_2023-12-29_18-37-17.json, api_response_2023-12-29_13-16-24.json, api_response_2023-12-29_10-15-56.json, api_response_2023-12-29_16-36-57.json, api_response_2023-12-29_19-37-27.json, api_response_2023-12-29_14-56-41.json, api_response_2023-12-29_14-16-34.json, api_response_2023-12-29_13-56-31.json, api_response_2023-12-29_19-17-23.json, api_response_2023-12-29_21-17-43.json, api_response_2023-12-29_19-57-30.json, api_response_2023-12-29_16-16-54.json, api_response_2023-12-29_21-37-46.json, api_response_2023-12-29_10-35-59.json, api_response_2023-12-29_16-57-00.json, api_response_2023-12-29_11-16-05.json, api_response_2023-12-29_11-56-11.json, api_response_2023-12-29_10-56-02.json
