Record time: 2024-01-10T16:33:21Z
Event time: 2024-01-12T09:16:53Z
Status: Underway
Travel distance: 483.6301295896328
Waypoints: (60.2730228993535, 20.863477246207694), (60.18757042246826, 20.93348891481914), (60.126995997535616, 21.003500583430576), (60.06687315638297, 21.073512252042008), (59.99754766822966, 21.143523920653443), (59.91930598726329, 21.213535589264875), (59.83827505693654, 21.283547257876315), (59.7630534709844, 21.35355892648775), (59.70207399116199, 21.42357059509919), (59.66169741864183, 21.49358226260793), (59.647028826238106, 21.56359393121577), (59.65082788614124, 21.63360559982361), (59.67238227461939, 21.703617268431458), (59.710080783231525, 21.7736289370393), (59.759112400106254, 21.843640605647145), (59.81277223678361, 21.91365227425499), (59.86705394338558, 21.983663942862833), (59.91293475264223, 22.05367561147068), (59.952336807956954, 22.123687280078524), (59.98121230145676, 22.193698948686357), (60.001524834539985, 22.263710617294205), (60.005574526867285, 22.33372228590205), (60.002024214933996, 22.403733954509892), (59.98308168013924, 22.473745623117733), (59.95842736430958, 22.54375729172557), (59.917493247635115, 22.61376896033342), (59.859659344645564, 22.68378062894126), (59.786299422538, 22.753792297549108), (59.710037440782216, 22.823803966156948), (59.63505500350771, 22.89381563476479), (59.56455756750772, 22.96382730337264), (59.4976745148878, 23.033838971980483), (59.430143209982816, 23.10385064058832), (59.35835115386701, 23.17386230919617), (59.288353098261055, 23.243873977804007), (59.21835504265506, 23.313885646411855), (59.14835698704909, 23.383897315019702), (59.07835893144311, 23.453908983627542), (59.008360875837134, 23.52392065223539), (58.938362820231184, 23.59393232084323), (58.868364764625184, 23.663943989451074), (58.79836670901922, 23.733955658058914), (58.728368653413256, 23.803967326666754), (58.65837059780727, 23.873978995274598), (58.5883725422013, 23.943990663882442), (58.51837448659532, 24.01400233249029), (58.44837643098934, 24.08401400109813), (58.37837837538336, 24.15402566970597), (58.3083803197774, 24.224037338313817), (58.23838226417141, 24.294049006921664), (58.168384208565456, 24.36406067552951), (58.09838615295947, 24.43407234413735), (58.02838809735349, 24.50408401274519), (57.958390041747506, 24.57409568135304), (57.88839198614154, 24.64410734996088), (57.81839393053556, 24.714119018568724), (57.74839587492958, 24.78413068717657), (57.678397819323614, 24.854142355784415), (57.60839976371764, 24.92415402439226), (57.53840170811167, 24.994165693000095), (57.468403652505685, 25.064177361607943), (57.398405596899714, 25.134189030215786), (57.32840754129375, 25.204200698823634), (57.25661548517795, 25.27421236743147), (57.189084180272964, 25.344224036039307), (57.122201127653035, 25.414235704647155), (57.051703691653046, 25.484247373255), (56.976721254378546, 25.554259041862842), (56.90045927262277, 25.624270710470686), (56.82889335102503, 25.694282379078533), (56.77038669784429, 25.764294047686374), (56.72207682697298, 25.834305716294217), (56.697273639252266, 25.904317384902054), (56.688723870015906, 25.976123402911295), (56.69166173429616, 26.04366784109223), (56.69970458532122, 26.112358250319428), (56.70497728850026, 26.178607816610896), (56.700475327136886, 26.254750807280427), (56.68267665611256, 26.330381126692416), (56.6524123197811, 26.40759281075543), (56.6120058503154, 26.470332840717717), (56.55669146274771, 26.511063818200974), (56.48810674787951, 26.527529612707852), (56.42454787267482, 26.521262583548584), (56.35474014695487, 26.496588394458662), (56.27798934063656, 26.462974250363594), (56.2005028233302, 26.420168776278537), (56.12594603288787, 26.370432816112334), (56.058937938154855, 26.315022602928096), (56.005132073396574, 26.254370703099408), (55.97127062213742, 26.18854666651377), (55.96521155330295, 26.117997384182836), (55.99592880966533, 26.044567153259294), (56.07348554859199, 25.972797449460426)
Associated file(s): api_response_2024-01-10_21-41-53.json, api_response_2024-01-10_21-01-47.json, api_response_2024-01-10_22-01-56.json, api_response_2024-01-10_21-21-50.json, api_response_2024-01-10_21-41-53.json, api_response_2024-01-10_21-01-47.json, api_response_2024-01-10_22-01-56.json, api_response_2024-01-10_21-21-50.json

Record time: 2024-01-10T18:18:03Z
Event time: 2024-01-12T08:37:03Z
Status: Underway
Travel distance: 456.29373650107993
Waypoints: (60.19918579914629, 21.21353558926489), (60.12692854549202, 21.283547257876318), (60.05839360305614, 21.353558926487747), (59.987509431342914, 21.423570595099182), (59.916134273623065, 21.493582263710618), (59.85044780380734, 21.56359393232206), (59.797996113631825, 21.6336056009335), (59.76539004015502, 21.70361726954494), (59.75665683356663, 21.773628938156378), (59.772245162241624, 21.843640605647145), (59.81072195048669, 21.91365227425499), (59.8631173183173, 21.983663942862833), (59.91175319978545, 22.05367561147068), (59.95114017946564, 22.123687280078524), (59.981385671253925, 22.193698948686357), (60.00284583701623, 22.263710617294205), (60.008041277568275, 22.33372228590205), (60.000230214424185, 22.403733954509892), (59.98308168013924, 22.473745623117733), (59.95842736430958, 22.54375729172557), (59.917493247635115, 22.61376896033342), (59.859659344645564, 22.68378062894126), (59.786299422538, 22.753792297549108), (59.710037440782216, 22.823803966156948), (59.63505500350771, 22.89381563476479), (59.56455756750772, 22.96382730337264), (59.4976745148878, 23.033838971980483), (59.430143209982816, 23.10385064058832), (59.35835115386701, 23.17386230919617), (59.288353098261055, 23.243873977804007), (59.21835504265506, 23.313885646411855), (59.14835698704909, 23.383897315019702), (59.07835893144311, 23.453908983627542), (59.008360875837134, 23.52392065223539), (58.938362820231184, 23.59393232084323), (58.868364764625184, 23.663943989451074), (58.79836670901922, 23.733955658058914), (58.728368653413256, 23.803967326666754), (58.65837059780727, 23.873978995274598), (58.5883725422013, 23.943990663882442), (58.51837448659532, 24.01400233249029), (58.44837643098934, 24.08401400109813), (58.37837837538336, 24.15402566970597), (58.3083803197774, 24.224037338313817), (58.23838226417141, 24.294049006921664), (58.168384208565456, 24.36406067552951), (58.09838615295947, 24.43407234413735), (58.02838809735349, 24.50408401274519), (57.958390041747506, 24.57409568135304), (57.88839198614154, 24.64410734996088), (57.81839393053556, 24.714119018568724), (57.74839587492958, 24.78413068717657), (57.678397819323614, 24.854142355784415), (57.60839976371764, 24.92415402439226), (57.53840170811167, 24.994165693000095), (57.468403652505685, 25.064177361607943), (57.398405596899714, 25.134189030215786), (57.32840754129375, 25.204200698823634), (57.25661548517795, 25.27421236743147), (57.189084180272964, 25.344224036039307), (57.122201127653035, 25.414235704647155), (57.051703691653046, 25.484247373255), (56.976721254378546, 25.554259041862842), (56.90045927262277, 25.624270710470686), (56.82889335102503, 25.694282379078533), (56.77038669784429, 25.764294047686374), (56.72207682697298, 25.834305716294217), (56.697273639252266, 25.904317384902054), (56.688723870015906, 25.976123402911295), (56.69166173429616, 26.04366784109223), (56.69970458532122, 26.112358250319428), (56.70497728850026, 26.178607816610896), (56.700475327136886, 26.254750807280427), (56.68267665611256, 26.330381126692416), (56.6524123197811, 26.40759281075543), (56.6120058503154, 26.470332840717717), (56.55669146274771, 26.511063818200974), (56.48810674787951, 26.527529612707852), (56.42454787267482, 26.521262583548584), (56.35474014695487, 26.496588394458662), (56.27798934063656, 26.462974250363594), (56.2005028233302, 26.420168776278537), (56.12594603288787, 26.370432816112334), (56.058937938154855, 26.315022602928096), (56.005132073396574, 26.254370703099408), (55.97127062213742, 26.18854666651377), (55.96521155330295, 26.117997384182836), (55.99592880966533, 26.044567153259294), (56.07348554859199, 25.972797449460426)
Associated file(s): api_response_2024-01-10_23-22-08.json, api_response_2024-01-10_22-42-02.json, api_response_2024-01-10_23-02-05.json, api_response_2024-01-10_22-21-59.json, api_response_2024-01-10_23-22-08.json, api_response_2024-01-10_22-42-02.json, api_response_2024-01-10_23-02-05.json, api_response_2024-01-10_22-21-59.json

Record time: 2024-01-10T19:23:43Z
Event time: 2024-01-12T08:02:21.571Z
Status: Underway
Travel distance: 442.4098272138229
Waypoints: (60.18213463975445, 21.4235705950992), (60.16005076529582, 21.493582263710636), (60.07049040641796, 21.563593932322068), (59.96756729632036, 21.6336056009335), (59.88269503149843, 21.703617269544935), (59.83030657904141, 21.77362893815637), (59.812856937508045, 21.84364060676781), (59.82510895138, 21.91365227537925), (59.85770227909308, 21.98366394399069), (59.9000055115731, 22.05367561147068), (59.948771420389136, 22.123687280078524), (59.986468044546946, 22.193698948686357), (60.00663359019345, 22.263710617294205), (60.00871402775946, 22.33372228590205), (59.99843621391438, 22.403733954509892), (59.98308168013924, 22.473745623117733), (59.95842736430958, 22.54375729172557), (59.917493247635115, 22.61376896033342), (59.859659344645564, 22.68378062894126), (59.786299422538, 22.753792297549108), (59.710037440782216, 22.823803966156948), (59.63505500350771, 22.89381563476479), (59.56455756750772, 22.96382730337264), (59.4976745148878, 23.033838971980483), (59.430143209982816, 23.10385064058832), (59.35835115386701, 23.17386230919617), (59.288353098261055, 23.243873977804007), (59.21835504265506, 23.313885646411855), (59.14835698704909, 23.383897315019702), (59.07835893144311, 23.453908983627542), (59.008360875837134, 23.52392065223539), (58.938362820231184, 23.59393232084323), (58.868364764625184, 23.663943989451074), (58.79836670901922, 23.733955658058914), (58.728368653413256, 23.803967326666754), (58.65837059780727, 23.873978995274598), (58.5883725422013, 23.943990663882442), (58.51837448659532, 24.01400233249029), (58.44837643098934, 24.08401400109813), (58.37837837538336, 24.15402566970597), (58.3083803197774, 24.224037338313817), (58.23838226417141, 24.294049006921664), (58.168384208565456, 24.36406067552951), (58.09838615295947, 24.43407234413735), (58.02838809735349, 24.50408401274519), (57.958390041747506, 24.57409568135304), (57.88839198614154, 24.64410734996088), (57.81839393053556, 24.714119018568724), (57.74839587492958, 24.78413068717657), (57.678397819323614, 24.854142355784415), (57.60839976371764, 24.92415402439226), (57.53840170811167, 24.994165693000095), (57.468403652505685, 25.064177361607943), (57.398405596899714, 25.134189030215786), (57.32840754129375, 25.204200698823634), (57.25661548517795, 25.27421236743147), (57.189084180272964, 25.344224036039307), (57.122201127653035, 25.414235704647155), (57.051703691653046, 25.484247373255), (56.976721254378546, 25.554259041862842), (56.90045927262277, 25.624270710470686), (56.82889335102503, 25.694282379078533), (56.77038669784429, 25.764294047686374), (56.72207682697298, 25.834305716294217), (56.697273639252266, 25.904317384902054), (56.688723870015906, 25.976123402911295), (56.69166173429616, 26.04366784109223), (56.69970458532122, 26.112358250319428), (56.70497728850026, 26.178607816610896), (56.700475327136886, 26.254750807280427), (56.68267665611256, 26.330381126692416), (56.6524123197811, 26.40759281075543), (56.6120058503154, 26.470332840717717), (56.55669146274771, 26.511063818200974), (56.48810674787951, 26.527529612707852), (56.42454787267482, 26.521262583548584), (56.35474014695487, 26.496588394458662), (56.27798934063656, 26.462974250363594), (56.2005028233302, 26.420168776278537), (56.12594603288787, 26.370432816112334), (56.058937938154855, 26.315022602928096), (56.005132073396574, 26.254370703099408), (55.97127062213742, 26.18854666651377), (55.96521155330295, 26.117997384182836), (55.99592880966533, 26.044567153259294), (56.07348554859199, 25.972797449460426)
Associated file(s): api_response_2024-01-11_00-22-17.json, api_response_2024-01-11_01-42-29.json, api_response_2024-01-11_00-42-20.json, api_response_2024-01-11_00-02-14.json, api_response_2024-01-10_23-42-11.json, api_response_2024-01-11_01-22-26.json, api_response_2024-01-11_01-02-23.json, api_response_2024-01-11_00-22-17.json, api_response_2024-01-11_01-42-29.json, api_response_2024-01-11_00-42-20.json, api_response_2024-01-11_00-02-14.json, api_response_2024-01-10_23-42-11.json, api_response_2024-01-11_01-22-26.json, api_response_2024-01-11_01-02-23.json

Record time: 2024-01-10T21:35:24Z
Event time: 2024-01-12T07:14:51.571Z
Status: Underway
Travel distance: 404.8250539956803
Waypoints: (60.12908173441569, 21.913652275379246), (60.05195097353206, 21.983663943990685), (60.00331675951795, 22.05367561260212), (59.981109276277046, 22.123687281213556), (59.97871434612729, 22.19369894982499), (59.987208204175545, 22.26371061843643), (59.99719917552174, 22.333722287047866), (60.00027625529244, 22.403733955659305), (59.99006459150385, 22.47374562427074), (59.96288786767798, 22.54375729172557), (59.91637199731648, 22.61376896033342), (59.857865344135746, 22.68378062894126), (59.786299422538, 22.753792297549108), (59.710037440782216, 22.823803966156948), (59.63505500350771, 22.89381563476479), (59.56455756750772, 22.96382730337264), (59.4976745148878, 23.033838971980483), (59.430143209982816, 23.10385064058832), (59.35835115386701, 23.17386230919617), (59.288353098261055, 23.243873977804007), (59.21835504265506, 23.313885646411855), (59.14835698704909, 23.383897315019702), (59.07835893144311, 23.453908983627542), (59.008360875837134, 23.52392065223539), (58.938362820231184, 23.59393232084323), (58.868364764625184, 23.663943989451074), (58.79836670901922, 23.733955658058914), (58.728368653413256, 23.803967326666754), (58.65837059780727, 23.873978995274598), (58.5883725422013, 23.943990663882442), (58.51837448659532, 24.01400233249029), (58.44837643098934, 24.08401400109813), (58.37837837538336, 24.15402566970597), (58.3083803197774, 24.224037338313817), (58.23838226417141, 24.294049006921664), (58.168384208565456, 24.36406067552951), (58.09838615295947, 24.43407234413735), (58.02838809735349, 24.50408401274519), (57.958390041747506, 24.57409568135304), (57.88839198614154, 24.64410734996088), (57.81839393053556, 24.714119018568724), (57.74839587492958, 24.78413068717657), (57.678397819323614, 24.854142355784415), (57.60839976371764, 24.92415402439226), (57.53840170811167, 24.994165693000095), (57.468403652505685, 25.064177361607943), (57.398405596899714, 25.134189030215786), (57.32840754129375, 25.204200698823634), (57.25661548517795, 25.27421236743147), (57.189084180272964, 25.344224036039307), (57.122201127653035, 25.414235704647155), (57.051703691653046, 25.484247373255), (56.976721254378546, 25.554259041862842), (56.90045927262277, 25.624270710470686), (56.82889335102503, 25.694282379078533), (56.77038669784429, 25.764294047686374), (56.72207682697298, 25.834305716294217), (56.697273639252266, 25.904317384902054), (56.688723870015906, 25.976123402911295), (56.69166173429616, 26.04366784109223), (56.69970458532122, 26.112358250319428), (56.70497728850026, 26.178607816610896), (56.700475327136886, 26.254750807280427), (56.68267665611256, 26.330381126692416), (56.6524123197811, 26.40759281075543), (56.6120058503154, 26.470332840717717), (56.55669146274771, 26.511063818200974), (56.48810674787951, 26.527529612707852), (56.42454787267482, 26.521262583548584), (56.35474014695487, 26.496588394458662), (56.27798934063656, 26.462974250363594), (56.2005028233302, 26.420168776278537), (56.12594603288787, 26.370432816112334), (56.058937938154855, 26.315022602928096), (56.005132073396574, 26.254370703099408), (55.97127062213742, 26.18854666651377), (55.96521155330295, 26.117997384182836), (55.99592880966533, 26.044567153259294), (56.07348554859199, 25.972797449460426)
Associated file(s): api_response_2024-01-11_02-02-33.json, api_response_2024-01-11_02-02-33.json

Record time: 2024-01-10T22:05:33Z
Event time: 2024-01-12T06:32:35.333Z
Status: Underway
Travel distance: 400.7856371490281
Waypoints: (60.13318230700971, 21.983663943990667), (60.04461479287551, 22.053675612602103), (59.999553504246684, 22.12368728121354), (59.98470669956847, 22.19369894982498), (59.98690230013522, 22.26371061843642), (59.99420329860073, 22.333722287047856), (59.996754444302915, 22.403733955659288), (59.98736020540289, 22.473745624270723), (59.96179400783837, 22.54375729288216), (59.91883874801747, 22.61376896033342), (59.85607134362594, 22.68378062894126), (59.786299422538, 22.753792297549108), (59.710037440782216, 22.823803966156948), (59.63505500350771, 22.89381563476479), (59.56455756750772, 22.96382730337264), (59.4976745148878, 23.033838971980483), (59.430143209982816, 23.10385064058832), (59.35835115386701, 23.17386230919617), (59.288353098261055, 23.243873977804007), (59.21835504265506, 23.313885646411855), (59.14835698704909, 23.383897315019702), (59.07835893144311, 23.453908983627542), (59.008360875837134, 23.52392065223539), (58.938362820231184, 23.59393232084323), (58.868364764625184, 23.663943989451074), (58.79836670901922, 23.733955658058914), (58.728368653413256, 23.803967326666754), (58.65837059780727, 23.873978995274598), (58.5883725422013, 23.943990663882442), (58.51837448659532, 24.01400233249029), (58.44837643098934, 24.08401400109813), (58.37837837538336, 24.15402566970597), (58.3083803197774, 24.224037338313817), (58.23838226417141, 24.294049006921664), (58.168384208565456, 24.36406067552951), (58.09838615295947, 24.43407234413735), (58.02838809735349, 24.50408401274519), (57.958390041747506, 24.57409568135304), (57.88839198614154, 24.64410734996088), (57.81839393053556, 24.714119018568724), (57.74839587492958, 24.78413068717657), (57.678397819323614, 24.854142355784415), (57.60839976371764, 24.92415402439226), (57.53840170811167, 24.994165693000095), (57.468403652505685, 25.064177361607943), (57.398405596899714, 25.134189030215786), (57.32840754129375, 25.204200698823634), (57.25661548517795, 25.27421236743147), (57.189084180272964, 25.344224036039307), (57.122201127653035, 25.414235704647155), (57.051703691653046, 25.484247373255), (56.976721254378546, 25.554259041862842), (56.90045927262277, 25.624270710470686), (56.82889335102503, 25.694282379078533), (56.77038669784429, 25.764294047686374), (56.72207682697298, 25.834305716294217), (56.697273639252266, 25.904317384902054), (56.688723870015906, 25.976123402911295), (56.69166173429616, 26.04366784109223), (56.69970458532122, 26.112358250319428), (56.70497728850026, 26.178607816610896), (56.700475327136886, 26.254750807280427), (56.68267665611256, 26.330381126692416), (56.6524123197811, 26.40759281075543), (56.6120058503154, 26.470332840717717), (56.55669146274771, 26.511063818200974), (56.48810674787951, 26.527529612707852), (56.42454787267482, 26.521262583548584), (56.35474014695487, 26.496588394458662), (56.27798934063656, 26.462974250363594), (56.2005028233302, 26.420168776278537), (56.12594603288787, 26.370432816112334), (56.058937938154855, 26.315022602928096), (56.005132073396574, 26.254370703099408), (55.97127062213742, 26.18854666651377), (55.96521155330295, 26.117997384182836), (55.99592880966533, 26.044567153259294), (56.07348554859199, 25.972797449460426)
Associated file(s): api_response_2024-01-11_02-42-40.json, api_response_2024-01-11_02-22-36.json, api_response_2024-01-11_02-42-40.json, api_response_2024-01-11_02-22-36.json

Record time: 2024-01-10T22:49:44Z
Event time: 2024-01-12T05:55:19.166Z
Status: Underway
Travel distance: 388.1700863930885
Waypoints: (60.13444043723747, 22.193698949824974), (60.036491310047126, 22.263710618436416), (60.00598269132993, 22.33372228704785), (59.99868224106931, 22.40373395565928), (59.988544487863216, 22.473745624270713), (59.96296370005391, 22.543757292882148), (59.918646553882574, 22.613768961493587), (59.85810459866886, 22.683780630105026), (59.78676651901533, 22.753792298716462), (59.710710190973394, 22.823803966156948), (59.633261002997905, 22.89381563476479), (59.56455756750772, 22.96382730337264), (59.4976745148878, 23.033838971980483), (59.430143209982816, 23.10385064058832), (59.35835115386701, 23.17386230919617), (59.288353098261055, 23.243873977804007), (59.21835504265506, 23.313885646411855), (59.14835698704909, 23.383897315019702), (59.07835893144311, 23.453908983627542), (59.008360875837134, 23.52392065223539), (58.938362820231184, 23.59393232084323), (58.868364764625184, 23.663943989451074), (58.79836670901922, 23.733955658058914), (58.728368653413256, 23.803967326666754), (58.65837059780727, 23.873978995274598), (58.5883725422013, 23.943990663882442), (58.51837448659532, 24.01400233249029), (58.44837643098934, 24.08401400109813), (58.37837837538336, 24.15402566970597), (58.3083803197774, 24.224037338313817), (58.23838226417141, 24.294049006921664), (58.168384208565456, 24.36406067552951), (58.09838615295947, 24.43407234413735), (58.02838809735349, 24.50408401274519), (57.958390041747506, 24.57409568135304), (57.88839198614154, 24.64410734996088), (57.81839393053556, 24.714119018568724), (57.74839587492958, 24.78413068717657), (57.678397819323614, 24.854142355784415), (57.60839976371764, 24.92415402439226), (57.53840170811167, 24.994165693000095), (57.468403652505685, 25.064177361607943), (57.398405596899714, 25.134189030215786), (57.32840754129375, 25.204200698823634), (57.25661548517795, 25.27421236743147), (57.189084180272964, 25.344224036039307), (57.122201127653035, 25.414235704647155), (57.051703691653046, 25.484247373255), (56.976721254378546, 25.554259041862842), (56.90045927262277, 25.624270710470686), (56.82889335102503, 25.694282379078533), (56.77038669784429, 25.764294047686374), (56.72207682697298, 25.834305716294217), (56.697273639252266, 25.904317384902054), (56.688723870015906, 25.976123402911295), (56.69166173429616, 26.04366784109223), (56.69970458532122, 26.112358250319428), (56.70497728850026, 26.178607816610896), (56.700475327136886, 26.254750807280427), (56.68267665611256, 26.330381126692416), (56.6524123197811, 26.40759281075543), (56.6120058503154, 26.470332840717717), (56.55669146274771, 26.511063818200974), (56.48810674787951, 26.527529612707852), (56.42454787267482, 26.521262583548584), (56.35474014695487, 26.496588394458662), (56.27798934063656, 26.462974250363594), (56.2005028233302, 26.420168776278537), (56.12594603288787, 26.370432816112334), (56.058937938154855, 26.315022602928096), (56.005132073396574, 26.254370703099408), (55.97127062213742, 26.18854666651377), (55.96521155330295, 26.117997384182836), (55.99592880966533, 26.044567153259294), (56.07348554859199, 25.972797449460426)
Associated file(s): api_response_2024-01-11_04-42-59.json, api_response_2024-01-11_06-03-11.json, api_response_2024-01-11_05-03-02.json, api_response_2024-01-11_03-22-46.json, api_response_2024-01-11_03-02-43.json, api_response_2024-01-11_04-22-56.json, api_response_2024-01-11_05-23-05.json, api_response_2024-01-11_04-02-53.json, api_response_2024-01-11_05-43-08.json, api_response_2024-01-11_03-42-50.json, api_response_2024-01-11_04-42-59.json, api_response_2024-01-11_06-03-11.json, api_response_2024-01-11_05-03-02.json, api_response_2024-01-11_03-22-46.json, api_response_2024-01-11_03-02-43.json, api_response_2024-01-11_04-22-56.json, api_response_2024-01-11_05-23-05.json, api_response_2024-01-11_04-02-53.json, api_response_2024-01-11_05-43-08.json, api_response_2024-01-11_03-42-50.json

Record time: 2024-01-11T01:54:37Z
Event time: 2024-01-12T06:29:50.444Z
Status: Underway
Travel distance: 350.3390928725702
Waypoints: (59.91833560178886, 22.753792298716455), (59.84833754617929, 22.823803967327894), (59.778339490569714, 22.89381563593933), (59.70834143496015, 22.96382730455076), (59.63834337935059, 23.033838973162197), (59.56834532374102, 23.103850641773633), (59.49834726813146, 23.17386231038507), (59.428349212521894, 23.243873978996508), (59.35835115691233, 23.313885647607943), (59.288353098261055, 23.383897315019702), (59.21835504265506, 23.453908983627542), (59.14835698704909, 23.52392065223539), (59.07835893144311, 23.59393232084323), (59.008360875837134, 23.663943989451074), (58.938362820231184, 23.733955658058914), (58.868364764625184, 23.803967326666754), (58.79836670901922, 23.873978995274598), (58.728368653413256, 23.943990663882442), (58.65837059780727, 24.01400233249029), (58.5883725422013, 24.08401400109813), (58.51837448659532, 24.15402566970597), (58.44837643098934, 24.224037338313817), (58.37837837538336, 24.294049006921664), (58.3083803197774, 24.36406067552951), (58.23838226417141, 24.43407234413735), (58.168384208565456, 24.50408401274519), (58.09838615295947, 24.57409568135304), (58.02838809735349, 24.64410734996088), (57.958390041747506, 24.714119018568724), (57.88839198614154, 24.78413068717657), (57.81839393053556, 24.854142355784415), (57.74839587492958, 24.92415402439226), (57.678397819323614, 24.994165693000095), (57.60839976371764, 25.064177361607943), (57.53840170811167, 25.134189030215786), (57.468403652505685, 25.204200698823634), (57.398405596899714, 25.27421236743147), (57.32840754129375, 25.344224036039307), (57.25661548517795, 25.414235704647155), (57.189084180272964, 25.484247373255), (57.122201127653035, 25.554259041862842), (57.051703691653046, 25.624270710470686), (56.976721254378546, 25.694282379078533), (56.90225327313259, 25.764294047686374), (56.82642660032404, 25.834305716294217), (56.767271694858245, 25.904317384902054), (56.7243702078768, 25.976123402911295), (56.69979127021982, 26.04366784109223), (56.69187279317966, 26.112358250319428), (56.693728980681925, 26.178607816610896), (56.69499156507433, 26.254750807280427), (56.685292278704594, 26.330381126692416), (56.65799407346814, 26.40759281075543), (56.612678600506584, 26.470332840717717), (56.5548974622379, 26.511063818200974), (56.48810674787951, 26.527529612707852), (56.42454787267482, 26.521262583548584), (56.35474014695487, 26.496588394458662), (56.27798934063656, 26.462974250363594), (56.2005028233302, 26.420168776278537), (56.12594603288787, 26.370432816112334), (56.058937938154855, 26.315022602928096), (56.005132073396574, 26.254370703099408), (55.97127062213742, 26.18854666651377), (55.96521155330295, 26.117997384182836), (55.99592880966533, 26.044567153259294), (56.07348554859199, 25.972797449460426)
Associated file(s): api_response_2024-01-11_06-23-14.json, api_response_2024-01-11_06-43-17.json, api_response_2024-01-11_06-23-14.json, api_response_2024-01-11_06-43-17.json

Record time: 2024-01-11T02:39:47Z
Event time: 2024-01-12T07:04:27.333Z
Status: Underway
Travel distance: 340.29805615550754
Waypoints: (59.84833754617928, 22.89381563593931), (59.77833949056973, 22.96382730455075), (59.70834143496016, 23.033838973162187), (59.63834337935059, 23.10385064177362), (59.56834532374102, 23.173862310385054), (59.498347268131454, 23.243873978996493), (59.428349212521894, 23.313885647607933), (59.35835115691233, 23.38389731621937), (59.28835310130277, 23.453908984830807), (59.21835504265506, 23.52392065223539), (59.14835698704909, 23.59393232084323), (59.07835893144311, 23.663943989451074), (59.008360875837134, 23.733955658058914), (58.938362820231184, 23.803967326666754), (58.868364764625184, 23.873978995274598), (58.79836670901922, 23.943990663882442), (58.728368653413256, 24.01400233249029), (58.65837059780727, 24.08401400109813), (58.5883725422013, 24.15402566970597), (58.51837448659532, 24.224037338313817), (58.44837643098934, 24.294049006921664), (58.37837837538336, 24.36406067552951), (58.3083803197774, 24.43407234413735), (58.23838226417141, 24.50408401274519), (58.168384208565456, 24.57409568135304), (58.09838615295947, 24.64410734996088), (58.02838809735349, 24.714119018568724), (57.958390041747506, 24.78413068717657), (57.88839198614154, 24.854142355784415), (57.81839393053556, 24.92415402439226), (57.74839587492958, 24.994165693000095), (57.678397819323614, 25.064177361607943), (57.60839976371764, 25.134189030215786), (57.53840170811167, 25.204200698823634), (57.468403652505685, 25.27421236743147), (57.398405596899714, 25.344224036039307), (57.32840754129375, 25.414235704647155), (57.25661548517795, 25.484247373255), (57.189084180272964, 25.554259041862842), (57.122201127653035, 25.624270710470686), (57.051703691653046, 25.694282379078533), (56.97851525488835, 25.764294047686374), (56.89799252192179, 25.834305716294217), (56.8275723485488, 25.904317384902054), (56.7684193275373, 25.976123402911295), (56.72574020616527, 26.04366784109223), (56.70157019509508, 26.112358250319428), (56.692161114690165, 26.178607816610896), (56.68872763892453, 26.254750807280427), (56.68030789703606, 26.330381126692416), (56.65749469307412, 26.40759281075543), (56.61579360349262, 26.470332840717717), (56.55736421293889, 26.511063818200974), (56.486312747369695, 26.527529612707852), (56.42454787267482, 26.521262583548584), (56.35474014695487, 26.496588394458662), (56.27798934063656, 26.462974250363594), (56.2005028233302, 26.420168776278537), (56.12594603288787, 26.370432816112334), (56.058937938154855, 26.315022602928096), (56.005132073396574, 26.254370703099408), (55.97127062213742, 26.18854666651377), (55.96521155330295, 26.117997384182836), (55.99592880966533, 26.044567153259294), (56.07348554859199, 25.972797449460426)
Associated file(s): api_response_2024-01-11_07-43-27.json, api_response_2024-01-11_07-23-23.json, api_response_2024-01-11_07-03-20.json, api_response_2024-01-11_07-43-27.json, api_response_2024-01-11_07-23-23.json, api_response_2024-01-11_07-03-20.json

Record time: 2024-01-11T03:40:36Z
Event time: 2024-01-12T07:42:32.111Z
Status: Underway
Travel distance: 328.8677105831533
Waypoints: (59.70834143496017, 23.03383897316218), (59.638343379350594, 23.10385064177364), (59.56834532374102, 23.17386231038508), (59.498347268131454, 23.24387397899651), (59.42834921252189, 23.313885647607943), (59.35835115691232, 23.38389731621938), (59.28835310130276, 23.453908984830814), (59.2183550456932, 23.523920653442254), (59.14835699008364, 23.59393232205369), (59.07835893144311, 23.663943989451074), (59.008360875837134, 23.733955658058914), (58.938362820231184, 23.803967326666754), (58.868364764625184, 23.873978995274598), (58.79836670901922, 23.943990663882442), (58.728368653413256, 24.01400233249029), (58.65837059780727, 24.08401400109813), (58.5883725422013, 24.15402566970597), (58.51837448659532, 24.224037338313817), (58.44837643098934, 24.294049006921664), (58.37837837538336, 24.36406067552951), (58.3083803197774, 24.43407234413735), (58.23838226417141, 24.50408401274519), (58.168384208565456, 24.57409568135304), (58.09838615295947, 24.64410734996088), (58.02838809735349, 24.714119018568724), (57.958390041747506, 24.78413068717657), (57.88839198614154, 24.854142355784415), (57.81839393053556, 24.92415402439226), (57.74839587492958, 24.994165693000095), (57.678397819323614, 25.064177361607943), (57.60839976371764, 25.134189030215786), (57.53840170811167, 25.204200698823634), (57.468403652505685, 25.27421236743147), (57.398405596899714, 25.344224036039307), (57.32840754129375, 25.414235704647155), (57.25661548517795, 25.484247373255), (57.189084180272964, 25.554259041862842), (57.122201127653035, 25.624270710470686), (57.051703691653046, 25.694282379078533), (56.97851525488835, 25.764294047686374), (56.89799252192179, 25.834305716294217), (56.8275723485488, 25.904317384902054), (56.7684193275373, 25.976123402911295), (56.72574020616527, 26.04366784109223), (56.70157019509508, 26.112358250319428), (56.692161114690165, 26.178607816610896), (56.68872763892453, 26.254750807280427), (56.68030789703606, 26.330381126692416), (56.65749469307412, 26.40759281075543), (56.61579360349262, 26.470332840717717), (56.55736421293889, 26.511063818200974), (56.486312747369695, 26.527529612707852), (56.42454787267482, 26.521262583548584), (56.35474014695487, 26.496588394458662), (56.27798934063656, 26.462974250363594), (56.2005028233302, 26.420168776278537), (56.12594603288787, 26.370432816112334), (56.058937938154855, 26.315022602928096), (56.005132073396574, 26.254370703099408), (55.97127062213742, 26.18854666651377), (55.96521155330295, 26.117997384182836), (55.99592880966533, 26.044567153259294), (56.07348554859199, 25.972797449460426)
Associated file(s): api_response_2024-01-11_08-43-35.json, api_response_2024-01-11_08-23-33.json, api_response_2024-01-11_08-03-30.json, api_response_2024-01-11_09-03-39.json, api_response_2024-01-11_08-43-35.json, api_response_2024-01-11_08-23-33.json, api_response_2024-01-11_08-03-30.json, api_response_2024-01-11_09-03-39.json

Record time: 2024-01-11T05:09:20Z
Event time: 2024-01-12T08:14:30.777Z
Status: Underway
Travel distance: 311.7316414686825
Waypoints: (59.49834726813142, 23.243873978996504), (59.42834921252184, 23.313885647607933), (59.35835115691227, 23.383897316219368), (59.28835310130271, 23.453908984830804), (59.21835504569316, 23.523920653442243), (59.148356990083606, 23.593932322053682), (59.078358934474046, 23.66394399066512), (59.00836087886449, 23.73395565927656), (58.93836282325493, 23.803967327887996), (58.868364764625184, 23.873978995274598), (58.79836670901922, 23.943990663882442), (58.728368653413256, 24.01400233249029), (58.65837059780727, 24.08401400109813), (58.5883725422013, 24.15402566970597), (58.51837448659532, 24.224037338313817), (58.44837643098934, 24.294049006921664), (58.37837837538336, 24.36406067552951), (58.3083803197774, 24.43407234413735), (58.23838226417141, 24.50408401274519), (58.168384208565456, 24.57409568135304), (58.09838615295947, 24.64410734996088), (58.02838809735349, 24.714119018568724), (57.958390041747506, 24.78413068717657), (57.88839198614154, 24.854142355784415), (57.81839393053556, 24.92415402439226), (57.74839587492958, 24.994165693000095), (57.678397819323614, 25.064177361607943), (57.60839976371764, 25.134189030215786), (57.53840170811167, 25.204200698823634), (57.468403652505685, 25.27421236743147), (57.398405596899714, 25.344224036039307), (57.32840754129375, 25.414235704647155), (57.25661548517795, 25.484247373255), (57.189084180272964, 25.554259041862842), (57.122201127653035, 25.624270710470686), (57.051703691653046, 25.694282379078533), (56.97851525488835, 25.764294047686374), (56.89799252192179, 25.834305716294217), (56.8275723485488, 25.904317384902054), (56.7684193275373, 25.976123402911295), (56.72574020616527, 26.04366784109223), (56.70157019509508, 26.112358250319428), (56.692161114690165, 26.178607816610896), (56.68872763892453, 26.254750807280427), (56.68030789703606, 26.330381126692416), (56.65749469307412, 26.40759281075543), (56.61579360349262, 26.470332840717717), (56.55736421293889, 26.511063818200974), (56.486312747369695, 26.527529612707852), (56.42454787267482, 26.521262583548584), (56.35474014695487, 26.496588394458662), (56.27798934063656, 26.462974250363594), (56.2005028233302, 26.420168776278537), (56.12594603288787, 26.370432816112334), (56.058937938154855, 26.315022602928096), (56.005132073396574, 26.254370703099408), (55.97127062213742, 26.18854666651377), (55.96521155330295, 26.117997384182836), (55.99592880966533, 26.044567153259294), (56.07348554859199, 25.972797449460426)
Associated file(s): api_response_2024-01-11_11-44-02.json, api_response_2024-01-11_10-43-54.json, api_response_2024-01-11_12-04-05.json, api_response_2024-01-11_10-03-47.json, api_response_2024-01-11_09-43-44.json, api_response_2024-01-11_11-03-57.json, api_response_2024-01-11_09-23-41.json, api_response_2024-01-11_10-23-51.json, api_response_2024-01-11_12-24-09.json, api_response_2024-01-11_11-23-59.json, api_response_2024-01-11_11-44-02.json, api_response_2024-01-11_10-43-54.json, api_response_2024-01-11_12-04-05.json, api_response_2024-01-11_10-03-47.json, api_response_2024-01-11_09-43-44.json, api_response_2024-01-11_11-03-57.json, api_response_2024-01-11_09-23-41.json, api_response_2024-01-11_10-23-51.json, api_response_2024-01-11_12-24-09.json, api_response_2024-01-11_11-23-59.json

Record time: 2024-01-11T08:19:18Z
Event time: 2024-01-12T08:28:39.333Z
Status: Underway
Travel distance: 277.4978401727862
Waypoints: (59.078358934474004, 23.663943990665132), (59.00836087886446, 23.733955659276564), (58.9383628232549, 23.803967327887996), (58.86836476764534, 23.873978996499428), (58.79836671203577, 23.943990665110864), (58.728368656426206, 24.014002333722303), (58.658370600816646, 24.084014002333742), (58.588372545207086, 24.15402567094518), (58.51837448959752, 24.22403733955662), (58.44837643098934, 24.294049006921664), (58.37837837538336, 24.36406067552951), (58.3083803197774, 24.43407234413735), (58.23838226417141, 24.50408401274519), (58.168384208565456, 24.57409568135304), (58.09838615295947, 24.64410734996088), (58.02838809735349, 24.714119018568724), (57.958390041747506, 24.78413068717657), (57.88839198614154, 24.854142355784415), (57.81839393053556, 24.92415402439226), (57.74839587492958, 24.994165693000095), (57.678397819323614, 25.064177361607943), (57.60839976371764, 25.134189030215786), (57.53840170811167, 25.204200698823634), (57.468403652505685, 25.27421236743147), (57.398405596899714, 25.344224036039307), (57.32840754129375, 25.414235704647155), (57.25661548517795, 25.484247373255), (57.189084180272964, 25.554259041862842), (57.122201127653035, 25.624270710470686), (57.051703691653046, 25.694282379078533), (56.97851525488835, 25.764294047686374), (56.89799252192179, 25.834305716294217), (56.8275723485488, 25.904317384902054), (56.7684193275373, 25.976123402911295), (56.72574020616527, 26.04366784109223), (56.70157019509508, 26.112358250319428), (56.692161114690165, 26.178607816610896), (56.68872763892453, 26.254750807280427), (56.68030789703606, 26.330381126692416), (56.65749469307412, 26.40759281075543), (56.61579360349262, 26.470332840717717), (56.55736421293889, 26.511063818200974), (56.486312747369695, 26.527529612707852), (56.42454787267482, 26.521262583548584), (56.35474014695487, 26.496588394458662), (56.27798934063656, 26.462974250363594), (56.2005028233302, 26.420168776278537), (56.12594603288787, 26.370432816112334), (56.058937938154855, 26.315022602928096), (56.005132073396574, 26.254370703099408), (55.97127062213742, 26.18854666651377), (55.96521155330295, 26.117997384182836), (55.99592880966533, 26.044567153259294), (56.07348554859199, 25.972797449460426)
Associated file(s): api_response_2024-01-11_13-24-18.json, api_response_2024-01-11_13-44-22.json, api_response_2024-01-11_14-04-25.json, api_response_2024-01-11_12-44-12.json, api_response_2024-01-11_13-04-15.json, api_response_2024-01-11_13-24-18.json, api_response_2024-01-11_13-44-22.json, api_response_2024-01-11_14-04-25.json, api_response_2024-01-11_12-44-12.json, api_response_2024-01-11_13-04-15.json

Record time: 2024-01-11T10:05:18Z
Event time: 2024-01-12T07:49:20.285Z
Status: Underway
Travel distance: 254.70302375809936
Waypoints: (58.798366712035765, 23.943990665110835), (58.72836865642624, 24.014002333722292), (58.65837060081668, 24.084014002333728), (58.58837254520711, 24.154025670945156), (58.51837448959754, 24.224037339556588), (58.44837643398797, 24.294049008168024), (58.3783783783784, 24.364060676779463), (58.30838032276884, 24.434072345390906), (58.23838226715928, 24.50408401400235), (58.168384208565456, 24.57409568135304), (58.09838615295947, 24.64410734996088), (58.02838809735349, 24.714119018568724), (57.958390041747506, 24.78413068717657), (57.88839198614154, 24.854142355784415), (57.81839393053556, 24.92415402439226), (57.74839587492958, 24.994165693000095), (57.678397819323614, 25.064177361607943), (57.60839976371764, 25.134189030215786), (57.53840170811167, 25.204200698823634), (57.468403652505685, 25.27421236743147), (57.398405596899714, 25.344224036039307), (57.32840754129375, 25.414235704647155), (57.25661548517795, 25.484247373255), (57.189084180272964, 25.554259041862842), (57.122201127653035, 25.624270710470686), (57.051703691653046, 25.694282379078533), (56.97851525488835, 25.764294047686374), (56.89799252192179, 25.834305716294217), (56.8275723485488, 25.904317384902054), (56.7684193275373, 25.976123402911295), (56.72574020616527, 26.04366784109223), (56.70157019509508, 26.112358250319428), (56.692161114690165, 26.178607816610896), (56.68872763892453, 26.254750807280427), (56.68030789703606, 26.330381126692416), (56.65749469307412, 26.40759281075543), (56.61579360349262, 26.470332840717717), (56.55736421293889, 26.511063818200974), (56.486312747369695, 26.527529612707852), (56.42454787267482, 26.521262583548584), (56.35474014695487, 26.496588394458662), (56.27798934063656, 26.462974250363594), (56.2005028233302, 26.420168776278537), (56.12594603288787, 26.370432816112334), (56.058937938154855, 26.315022602928096), (56.005132073396574, 26.254370703099408), (55.97127062213742, 26.18854666651377), (55.96521155330295, 26.117997384182836), (55.99592880966533, 26.044567153259294), (56.07348554859199, 25.972797449460426)
Associated file(s): api_response_2024-01-11_14-24-29.json, api_response_2024-01-11_14-44-32.json, api_response_2024-01-11_14-24-29.json, api_response_2024-01-11_14-44-32.json

Record time: 2024-01-11T10:50:48Z
Event time: 2024-01-12T07:10:17.714Z
Status: Underway
Travel distance: 244.6987041036717
Waypoints: (58.72836865642626, 24.08401400233373), (58.65837060081668, 24.154025670945163), (58.58837254520711, 24.224037339556595), (58.51837448959754, 24.29404900816803), (58.44837643398798, 24.364060676779467), (58.378378378378414, 24.434072345390906), (58.308380322768855, 24.504084014002345), (58.23838226715929, 24.57409568261378), (58.16838421154972, 24.644107351225216), (58.09838615295947, 24.714119018568724), (58.02838809735349, 24.78413068717657), (57.958390041747506, 24.854142355784415), (57.88839198614154, 24.92415402439226), (57.81839393053556, 24.994165693000095), (57.74839587492958, 25.064177361607943), (57.678397819323614, 25.134189030215786), (57.60839976371764, 25.204200698823634), (57.53840170811167, 25.27421236743147), (57.468403652505685, 25.344224036039307), (57.398405596899714, 25.414235704647155), (57.32840754129375, 25.484247373255), (57.25661548517795, 25.554259041862842), (57.189084180272964, 25.624270710470686), (57.122201127653035, 25.694282379078533), (57.053497692162864, 25.764294047686374), (56.97425450367756, 25.834305716294217), (56.89913827014654, 25.904317384902054), (56.82871998122786, 25.976123402911295), (56.76978932582578, 26.04366784109223), (56.727519131040545, 26.112358250319428), (56.70185851660558, 26.178607816610896), (56.687159772932766, 26.254750807280427), (56.67404397088626, 26.330381126692416), (56.652510311405585, 26.40759281075543), (56.615294223098616, 26.470332840717717), (56.56047921592493, 26.511063818200974), (56.488779498070684, 26.527529612707852), (56.422753872165, 26.521262583548584), (56.35474014695487, 26.496588394458662), (56.27798934063656, 26.462974250363594), (56.2005028233302, 26.420168776278537), (56.12594603288787, 26.370432816112334), (56.058937938154855, 26.315022602928096), (56.005132073396574, 26.254370703099408), (55.97127062213742, 26.18854666651377), (55.96521155330295, 26.117997384182836), (55.99592880966533, 26.044567153259294), (56.07348554859199, 25.972797449460426)
Associated file(s): api_response_2024-01-11_15-04-34.json, api_response_2024-01-11_15-24-38.json, api_response_2024-01-11_15-04-34.json, api_response_2024-01-11_15-24-38.json

Record time: 2024-01-11T11:36:12Z
Event time: 2024-01-12T06:39:46.142Z
Status: Underway
Travel distance: 235.99298056155507
Waypoints: (58.65837060081667, 24.22403733955657), (58.5883725452071, 24.294049008168024), (58.51837448959753, 24.364060676779463), (58.44837643398797, 24.434072345390895), (58.3783783783784, 24.504084014002327), (58.30838032276884, 24.574095682613763), (58.23838226715928, 24.644107351225202), (58.16838421154973, 24.71411901983664), (58.09838615594017, 24.784130688448077), (58.02838809735349, 24.854142355784415), (57.958390041747506, 24.92415402439226), (57.88839198614154, 24.994165693000095), (57.81839393053556, 25.064177361607943), (57.74839587492958, 25.134189030215786), (57.678397819323614, 25.204200698823634), (57.60839976371764, 25.27421236743147), (57.53840170811167, 25.344224036039307), (57.468403652505685, 25.416030054048544), (57.398405596899714, 25.481780142828086), (57.32840754129375, 25.551143433080803), (57.25661548517795, 25.624770187982627), (57.189084180272964, 25.69926773009395), (57.122201127653035, 25.770559192024848), (57.053497692162864, 25.835873887199632), (56.97425450367756, 25.89461809706639), (56.89913827014654, 25.948375071096923), (56.82871998122786, 26.002077385324267), (56.76978932582578, 26.053367128927896), (56.727519131040545, 26.110790079414006), (56.70185851660558, 26.172342672272425), (56.687159772932766, 26.249765456265006), (56.67404397088626, 26.32988164918048), (56.652510311405585, 26.410708419537464), (56.615294223098616, 26.472800071144633), (56.56047921592493, 26.50926946879958), (56.488779498070684, 26.527529612707852), (56.422753872165, 26.521262583548584), (56.35474014695487, 26.496588394458662), (56.27798934063656, 26.462974250363594), (56.2005028233302, 26.420168776278537), (56.12594603288787, 26.370432816112334), (56.058937938154855, 26.315022602928096), (56.005132073396574, 26.254370703099408), (55.97127062213742, 26.18854666651377), (55.96521155330295, 26.117997384182836), (55.99592880966533, 26.044567153259294), (56.07348554859199, 25.972797449460426)
Associated file(s): api_response_2024-01-11_15-44-41.json, api_response_2024-01-11_16-24-47.json, api_response_2024-01-11_16-44-50.json, api_response_2024-01-11_16-04-44.json, api_response_2024-01-11_15-44-41.json, api_response_2024-01-11_16-24-47.json, api_response_2024-01-11_16-44-50.json, api_response_2024-01-11_16-04-44.json

Record time: 2024-01-11T12:51:18Z
Event time: 2024-01-12T06:08:46Z
Status: Underway
Travel distance: 219.07667386609072
Waypoints: (58.5183744895975, 24.506787772305014), (58.44837643398795, 24.569165299826526), (58.378378378378386, 24.642217081579755), (58.30838032276882, 24.716588923282274), (58.23838226715925, 24.788290830648094), (58.168384211549686, 24.856809172874517), (58.098386155940126, 24.923532480310083), (58.02838810033057, 24.990490876303596), (57.95839004472101, 25.059409143234294), (57.88839198614154, 25.131073421433747), (57.81839393053556, 25.20470017633557), (57.74839587492958, 25.279197718446895), (57.678397819323614, 25.35048918037778), (57.60839976371764, 25.41580387555257), (57.53840170811167, 25.476342434820715), (57.468403652505685, 25.52763217842434), (57.398405596899714, 25.574630185066862), (57.32840754129375, 25.631353867036264), (57.25661548517795, 25.698199036700473), (57.189084180272964, 25.76927939870179), (57.122201127653035, 25.837153680522686), (57.053497692162864, 25.895686790459866), (56.97425450367756, 25.941791392043292), (56.89913827014654, 25.97679628393681), (56.82871998122786, 26.009982323758546), (56.76978932582578, 26.05179895802248), (56.727519131040545, 26.104524935075535), (56.70185851660558, 26.16735732125701), (56.687159772932766, 26.24926597875307), (56.67404397088626, 26.33299725796251), (56.652510311405585, 26.413175649964376), (56.615294223098616, 26.47100572174324), (56.56047921592493, 26.50926946879958), (56.488779498070684, 26.527529612707852), (56.422753872165, 26.521262583548584), (56.35474014695487, 26.496588394458662), (56.27798934063656, 26.462974250363594), (56.2005028233302, 26.420168776278537), (56.12594603288787, 26.370432816112334), (56.058937938154855, 26.315022602928096), (56.005132073396574, 26.254370703099408), (55.97127062213742, 26.18854666651377), (55.96521155330295, 26.117997384182836), (55.99592880966533, 26.044567153259294), (56.07348554859199, 25.972797449460426)
Associated file(s): api_response_2024-01-11_17-04-53.json, api_response_2024-01-11_17-24-56.json, api_response_2024-01-11_18-05-02.json, api_response_2024-01-11_19-05-11.json, api_response_2024-01-11_18-25-05.json, api_response_2024-01-11_17-44-59.json, api_response_2024-01-11_18-45-08.json, api_response_2024-01-11_17-04-53.json, api_response_2024-01-11_17-24-56.json, api_response_2024-01-11_18-05-02.json, api_response_2024-01-11_19-05-11.json, api_response_2024-01-11_18-25-05.json, api_response_2024-01-11_17-44-59.json, api_response_2024-01-11_18-45-08.json

Record time: 2024-01-11T15:11:14Z
Event time: 2024-01-12T06:41:01.750Z
Status: Underway
Travel distance: 199.26133909287256
Waypoints: (57.95839004472096, 24.574095682613777), (57.888391989111405, 24.644107351225223), (57.81839393350184, 24.71411901983666), (57.74839587789227, 24.784130688448087), (57.678397822282705, 24.854142357059523), (57.608399766673145, 24.924154025670955), (57.53840171106358, 24.994165694282394), (57.46840365545402, 25.064177362893833), (57.39840559984446, 25.13418903150527), (57.32840754129375, 25.204200698823634), (57.25661548517795, 25.27421236743147), (57.189084180272964, 25.344224036039307), (57.122201127653035, 25.414235704647155), (57.051703691653046, 25.484247373255), (56.976721254378546, 25.554259041862842), (56.90045927262277, 25.624270710470686), (56.82889335102503, 25.694282379078533), (56.77038669784429, 25.764294047686374), (56.72207682697298, 25.834305716294217), (56.697273639252266, 25.904317384902054), (56.688723870015906, 25.976123402911295), (56.69166173429616, 26.04366784109223), (56.69970458532122, 26.112358250319428), (56.70497728850026, 26.178607816610896), (56.700475327136886, 26.254750807280427), (56.68267665611256, 26.330381126692416), (56.6524123197811, 26.40759281075543), (56.6120058503154, 26.470332840717717), (56.55669146274771, 26.511063818200974), (56.48810674787951, 26.527529612707852), (56.42454787267482, 26.521262583548584), (56.35474014695487, 26.496588394458662), (56.27798934063656, 26.462974250363594), (56.2005028233302, 26.420168776278537), (56.12594603288787, 26.370432816112334), (56.058937938154855, 26.315022602928096), (56.005132073396574, 26.254370703099408), (55.97127062213742, 26.18854666651377), (55.96521155330295, 26.117997384182836), (55.99592880966533, 26.044567153259294), (56.07348554859199, 25.972797449460426)
Associated file(s): api_response_2024-01-11_19-25-14.json, api_response_2024-01-11_19-45-17.json, api_response_2024-01-11_19-25-14.json, api_response_2024-01-11_19-45-17.json

Record time: 2024-01-11T15:57:55Z
Event time: 2024-01-12T07:19:18.200Z
Status: Underway
Travel distance: 192.1182505399568
Waypoints: (57.818711960864974, 24.644107351225205), (57.74753013673713, 24.714119019836648), (57.678468495030074, 24.78413068844808), (57.60917969092079, 24.854142357059516), (57.53901427292599, 24.92415402567095), (57.46825823268541, 24.994165694282387), (57.39753714050671, 25.064177362893826), (57.32738686667207, 25.134189031505265), (57.25799088850637, 25.204200700116704), (57.189084180272964, 25.27421236743147), (57.122201127653035, 25.344224036039307), (57.051703691653046, 25.414235704647155), (56.976721254378546, 25.484247373255), (56.90045927262277, 25.554259041862842), (56.82889335102503, 25.624270710470686), (56.768592697334476, 25.694282379078533), (56.726337578183774, 25.764294047686374), (56.696127891027515, 25.834305716294217), (56.68757623733684, 25.904317384902054), (56.69029173600768, 25.976123402911295), (56.69792566044595, 26.04366784109223), (56.704688966989764, 26.112358250319428), (56.70547666889428, 26.178607816610896), (56.697360324150836, 26.254750807280427), (56.68020990541157, 26.330381126692416), (56.65420632029091, 26.40759281075543), (56.6120058503154, 26.470332840717717), (56.55669146274771, 26.511063818200974), (56.48810674787951, 26.527529612707852), (56.42454787267482, 26.521262583548584), (56.35474014695487, 26.496588394458662), (56.27798934063656, 26.462974250363594), (56.2005028233302, 26.420168776278537), (56.12594603288787, 26.370432816112334), (56.058937938154855, 26.315022602928096), (56.005132073396574, 26.254370703099408), (55.97127062213742, 26.18854666651377), (55.96521155330295, 26.117997384182836), (55.99592880966533, 26.044567153259294), (56.07348554859199, 25.972797449460426)
Associated file(s): api_response_2024-01-11_20-45-26.json, api_response_2024-01-11_20-25-23.json, api_response_2024-01-11_20-05-20.json, api_response_2024-01-11_20-45-26.json, api_response_2024-01-11_20-25-23.json, api_response_2024-01-11_20-05-20.json

Record time: 2024-01-11T16:59:34Z
Event time: 2024-01-12T08:02:08.750Z
Status: Underway
Travel distance: 187.63120950323975
Waypoints: (57.606582467455304, 24.644107351225205), (57.54254791029397, 24.714119019836648), (57.46884781562607, 24.78413068844808), (57.39526464278285, 24.854142357059516), (57.32515015073836, 24.92415402567095), (57.25797318034621, 24.994165694282387), (57.19141422531307, 25.064177362893826), (57.12300679190885, 25.134189031505265), (57.0513255474137, 25.204200700116704), (56.976721254378546, 25.27421236743147), (56.90045927262277, 25.344224036039307), (56.82889335102503, 25.414235704647155), (56.768592697334476, 25.484247373255), (56.72454357767396, 25.554259041862842), (56.6985946417285, 25.624270710470686), (56.68889723981308, 25.694282379078533), (56.69225910631465, 25.764294047686374), (56.69426228125366, 25.834305716294217), (56.70039241114694, 25.904317384902054), (56.70203942422002, 25.976123402911295), (56.700294419522464, 26.04366784109223), (56.699606593696736, 26.112358250319428), (56.70168891571706, 26.178607816610896), (56.69668757395966, 26.254750807280427), (56.68200390592139, 26.330381126692416), (56.65420632029091, 26.40759281075543), (56.6120058503154, 26.470332840717717), (56.55669146274771, 26.511063818200974), (56.48810674787951, 26.527529612707852), (56.42454787267482, 26.521262583548584), (56.35474014695487, 26.496588394458662), (56.27798934063656, 26.462974250363594), (56.2005028233302, 26.420168776278537), (56.12594603288787, 26.370432816112334), (56.058937938154855, 26.315022602928096), (56.005132073396574, 26.254370703099408), (55.97127062213742, 26.18854666651377), (55.96521155330295, 26.117997384182836), (55.99592880966533, 26.044567153259294), (56.07348554859199, 25.972797449460426)
Associated file(s): api_response_2024-01-11_22-25-41.json, api_response_2024-01-12_00-05-56.json, api_response_2024-01-11_23-45-53.json, api_response_2024-01-11_23-05-47.json, api_response_2024-01-11_22-05-38.json, api_response_2024-01-11_21-25-32.json, api_response_2024-01-11_21-45-35.json, api_response_2024-01-11_23-25-50.json, api_response_2024-01-11_22-45-44.json, api_response_2024-01-11_21-05-29.json, api_response_2024-01-11_22-25-41.json, api_response_2024-01-12_00-05-56.json, api_response_2024-01-11_23-45-53.json, api_response_2024-01-11_23-05-47.json, api_response_2024-01-11_22-05-38.json, api_response_2024-01-11_21-25-32.json, api_response_2024-01-11_21-45-35.json, api_response_2024-01-11_23-25-50.json, api_response_2024-01-11_22-45-44.json, api_response_2024-01-11_21-05-29.json

Record time: 2024-01-11T20:08:48Z
Event time: 2024-01-12T07:57:16Z
Status: Underway
Travel distance: 145.06263498920086
Waypoints: (57.184782659257074, 25.204200700116676), (57.12462539540559, 25.274212368728115), (57.052829913005546, 25.34422403733955), (56.975447880125365, 25.41423570595099), (56.89891256683267, 25.48424737456243), (56.82915409389242, 25.554259043173868), (56.77091820253124, 25.624270711785307), (56.72728854526807, 25.694282380396743), (56.699412497810975, 25.76429404900818), (56.6864304891121, 25.834305716294217), (56.68914410332861, 25.904317384902054), (56.69655566215748, 25.976123402911295), (56.702910042114496, 26.04366784109223), (56.705188347383775, 26.112358250319428), (56.70236166590823, 26.178607816610896), (56.694893573449846, 26.254750807280427), (56.68200390592139, 26.330381126692416), (56.65420632029091, 26.40759281075543), (56.6120058503154, 26.470332840717717), (56.55669146274771, 26.511063818200974), (56.48810674787951, 26.527529612707852), (56.42454787267482, 26.521262583548584), (56.35474014695487, 26.496588394458662), (56.27798934063656, 26.462974250363594), (56.2005028233302, 26.420168776278537), (56.12594603288787, 26.370432816112334), (56.058937938154855, 26.315022602928096), (56.005132073396574, 26.254370703099408), (55.97127062213742, 26.18854666651377), (55.96521155330295, 26.117997384182836), (55.99592880966533, 26.044567153259294), (56.07348554859199, 25.972797449460426)
Associated file(s): api_response_2024-01-12_01-26-10.json, api_response_2024-01-12_00-46-04.json, api_response_2024-01-12_01-06-07.json, api_response_2024-01-12_01-46-13.json, api_response_2024-01-12_00-26-01.json, api_response_2024-01-12_01-26-10.json, api_response_2024-01-12_00-46-04.json, api_response_2024-01-12_01-06-07.json, api_response_2024-01-12_01-46-13.json, api_response_2024-01-12_00-26-01.json

Record time: 2024-01-11T21:57:02Z
Event time: 2024-01-12T07:38:12.666Z
Status: Underway
Travel distance: 120.90712742980561
Waypoints: (57.044609477857755, 25.559189425961115), (56.98888440487641, 25.61536168932947), (56.907014412699255, 25.690747644584423), (56.826358009102314, 25.768676308772083), (56.76191356599559, 25.84188289714034), (56.71939267596886, 25.90929746546005), (56.69793810075326, 25.973333406822306), (56.692486311598685, 26.037675802911888), (56.69577462156693, 26.105569629756804), (56.699992906831724, 26.178607816610896), (56.69997594674287, 26.254750807280427), (56.68579165909861, 26.330381126692416), (56.65487907048209, 26.40759281075543), (56.610211849805594, 26.470332840717717), (56.55669146274771, 26.511063818200974), (56.48810674787951, 26.527529612707852), (56.42454787267482, 26.521262583548584), (56.35474014695487, 26.496588394458662), (56.27798934063656, 26.462974250363594), (56.2005028233302, 26.420168776278537), (56.12594603288787, 26.370432816112334), (56.058937938154855, 26.315022602928096), (56.005132073396574, 26.254370703099408), (55.97127062213742, 26.18854666651377), (55.96521155330295, 26.117997384182836), (55.99592880966533, 26.044567153259294), (56.07348554859199, 25.972797449460426)
Associated file(s): api_response_2024-01-12_04-46-41.json, api_response_2024-01-12_02-06-16.json, api_response_2024-01-12_03-46-31.json, api_response_2024-01-12_02-46-23.json, api_response_2024-01-12_04-06-35.json, api_response_2024-01-12_02-26-19.json, api_response_2024-01-12_04-26-38.json, api_response_2024-01-12_03-26-29.json, api_response_2024-01-12_05-06-44.json, api_response_2024-01-12_03-06-26.json, api_response_2024-01-12_04-46-41.json, api_response_2024-01-12_02-06-16.json, api_response_2024-01-12_03-46-31.json, api_response_2024-01-12_02-46-23.json, api_response_2024-01-12_04-06-35.json, api_response_2024-01-12_02-26-19.json, api_response_2024-01-12_04-26-38.json, api_response_2024-01-12_03-26-29.json, api_response_2024-01-12_05-06-44.json, api_response_2024-01-12_03-06-26.json

Record time: 2024-01-12T01:07:01Z
Event time: 2024-01-12T07:36:33.250Z
Status: Underway
Travel distance: 87.92386609071275
Waypoints: (56.91387110823095, 26.18147271130029), (56.824968092702676, 26.129548434204406), (56.765919116408334, 26.166307888647598), (56.72250425838496, 26.244972992302817), (56.684776597833654, 26.333994072495614), (56.64614636932147, 26.4138104246954), (56.60259985646695, 26.473963897942504), (56.5520530241094, 26.510565507211076), (56.49383988896172, 26.52411507270777), (56.42833562585204, 26.517673884745804), (56.35541289714604, 26.496588394458662), (56.27757074051754, 26.462974250363594), (56.19948214576732, 26.420168776278537), (56.125077573550065, 26.370432816112334), (56.0587925153862, 26.315022602928096), (56.00574463525895, 26.254370703099408), (55.97205054638505, 26.18854666651377), (55.96528222605033, 26.117997384182836), (55.99506306851025, 26.044567153259294), (56.07380357595528, 25.972797449460426)
Associated file(s): api_response_2024-01-12_06-06-53.json, api_response_2024-01-12_06-26-56.json, api_response_2024-01-12_05-26-47.json, api_response_2024-01-12_05-46-50.json, api_response_2024-01-12_06-06-53.json, api_response_2024-01-12_06-26-56.json, api_response_2024-01-12_05-26-47.json, api_response_2024-01-12_05-46-50.json

Record time: 2024-01-12T02:28:48Z
Event time: 2024-01-12T07:21:29.666Z
Status: Underway
Travel distance: 63.67818574514039
Waypoints: (56.69970864705477, 26.461968079858973), (56.624109413382634, 26.474398110568625), (56.5611128303513, 26.521179165113097), (56.49204830441882, 26.54110313787854), (56.417499291633405, 26.524707865984034), (56.344100520771555, 26.486474210155706), (56.27610288618988, 26.44471791665322), (56.215206744931706, 26.41548184173962), (56.13708273781427, 26.377082967528384), (56.05990286837563, 26.324484406858293), (55.994434553358346, 26.25889422469038), (55.95844668121216, 26.1855637886576), (55.965723969376796, 26.112395539477564), (56.013522658955516, 26.044290703209604), (56.06580032087287, 25.974570819356572)
Associated file(s): api_response_2024-01-12_07-27-05.json, api_response_2024-01-12_06-46-59.json, api_response_2024-01-12_07-07-02.json, api_response_2024-01-12_07-27-05.json, api_response_2024-01-12_06-46-59.json, api_response_2024-01-12_07-07-02.json

Record time: 2024-01-12T03:29:00Z
Event time: 2024-01-12T07:49:28.333Z
Status: Underway
Travel distance: 56.165766738660906
Waypoints: (56.559033605161424, 26.60260530189833), (56.48581062884913, 26.544044328243643), (56.4216577420132, 26.51484448011318), (56.349298583746304, 26.484305453623854), (56.27521178938867, 26.449129702064013), (56.2068261941724, 26.413147563555075), (56.145293555407385, 26.381900068514575), (56.06058179909167, 26.324790591403683), (55.99437302526587, 26.257238403027387), (55.95779321043807, 26.184588697046628), (55.965412085598224, 26.113105372217156), (56.01422068455495, 26.044775596426334), (56.065577546745445, 25.974300255307842)
Associated file(s): api_response_2024-01-12_08-27-15.json, api_response_2024-01-12_09-07-22.json, api_response_2024-01-12_08-47-19.json, api_response_2024-01-12_07-47-09.json, api_response_2024-01-12_08-07-12.json, api_response_2024-01-12_08-27-15.json, api_response_2024-01-12_09-07-22.json, api_response_2024-01-12_08-47-19.json, api_response_2024-01-12_07-47-09.json, api_response_2024-01-12_08-07-12.json

Record time: 2024-01-12T05:10:38Z
Event time: 2024-01-12T08:06:46.666Z
Status: Underway
Travel distance: 42.29697624190065
Waypoints: (56.208438654481824, 26.534422403733956), (56.208438654481824, 26.46441073512252), (56.13844059887225, 26.394399066511085), (56.06844254326268, 26.32438739789965), (55.99844448765313, 26.254375729288213), (55.92844643204356, 26.184364060676778), (55.99844448765313, 26.114352392065342), (55.99844448765313, 26.044340723453907), (56.06844254326268, 25.97432905484247)
Associated file(s): api_response_2024-01-12_09-27-26.json, api_response_2024-01-12_10-47-40.json, api_response_2024-01-12_11-47-49.json, api_response_2024-01-12_10-27-35.json, api_response_2024-01-12_11-07-43.json, api_response_2024-01-12_11-27-46.json, api_response_2024-01-12_09-47-28.json, api_response_2024-01-12_10-07-31.json, api_response_2024-01-12_09-27-26.json, api_response_2024-01-12_10-47-40.json, api_response_2024-01-12_11-47-49.json, api_response_2024-01-12_10-27-35.json, api_response_2024-01-12_11-07-43.json, api_response_2024-01-12_11-27-46.json, api_response_2024-01-12_09-47-28.json, api_response_2024-01-12_10-07-31.json

Record time: 2024-01-12T07:56:16Z
Event time: 2024-01-12T08:23:02.250Z
Status: Underway
Travel distance: 11.303995680345572
Waypoints: (55.92844643204356, 26.114352392065342), (55.99844448765313, 26.044340723453907), (56.06844254326268, 25.97432905484247)
Associated file(s): api_response_2024-01-12_12-27-56.json, api_response_2024-01-12_12-07-53.json, api_response_2024-01-12_12-27-56.json, api_response_2024-01-12_12-07-53.json

Record time: 2024-01-13T19:23:39Z
Event time: 2024-01-13T19:23:39Z
Status: Arrived
Travel distance: N/A
Waypoints: 
Associated file(s): api_response_2024-01-13_23-35-46.json, api_response_2024-01-14_06-56-49.json, api_response_2024-01-14_00-55-57.json, api_response_2024-01-14_04-36-29.json, api_response_2024-01-14_11-17-28.json, api_response_2024-01-14_09-37-13.json, api_response_2024-01-14_01-16-00.json, api_response_2024-01-14_08-57-07.json, api_response_2024-01-14_03-56-23.json, api_response_2024-01-14_09-17-11.json, api_response_2024-01-14_04-16-26.json, api_response_2024-01-14_05-16-35.json, api_response_2024-01-14_08-17-02.json, api_response_2024-01-14_07-16-52.json, api_response_2024-01-14_04-56-32.json, api_response_2024-01-14_00-15-52.json, api_response_2024-01-14_02-16-09.json, api_response_2024-01-14_05-56-41.json, api_response_2024-01-14_01-36-03.json, api_response_2024-01-14_10-57-25.json, api_response_2024-01-14_10-37-22.json, api_response_2024-01-13_23-55-49.json, api_response_2024-01-14_08-37-05.json, api_response_2024-01-14_07-36-55.json, api_response_2024-01-14_03-16-18.json, api_response_2024-01-14_06-36-47.json, api_response_2024-01-14_01-56-06.json, api_response_2024-01-14_00-35-55.json, api_response_2024-01-14_03-36-20.json, api_response_2024-01-14_05-36-38.json, api_response_2024-01-14_07-56-58.json, api_response_2024-01-14_06-16-44.json, api_response_2024-01-14_02-36-12.json, api_response_2024-01-14_09-57-16.json, api_response_2024-01-14_02-56-15.json, api_response_2024-01-14_10-17-19.json, api_response_2024-01-13_23-35-46.json, api_response_2024-01-14_06-56-49.json, api_response_2024-01-14_00-55-57.json, api_response_2024-01-14_04-36-29.json, api_response_2024-01-14_11-17-28.json, api_response_2024-01-14_09-37-13.json, api_response_2024-01-14_01-16-00.json, api_response_2024-01-14_08-57-07.json, api_response_2024-01-14_03-56-23.json, api_response_2024-01-14_09-17-11.json, api_response_2024-01-14_04-16-26.json, api_response_2024-01-14_05-16-35.json, api_response_2024-01-14_08-17-02.json, api_response_2024-01-14_07-16-52.json, api_response_2024-01-14_04-56-32.json, api_response_2024-01-14_00-15-52.json, api_response_2024-01-14_02-16-09.json, api_response_2024-01-14_05-56-41.json, api_response_2024-01-14_01-36-03.json, api_response_2024-01-14_10-57-25.json, api_response_2024-01-14_10-37-22.json, api_response_2024-01-13_23-55-49.json, api_response_2024-01-14_08-37-05.json, api_response_2024-01-14_07-36-55.json, api_response_2024-01-14_03-16-18.json, api_response_2024-01-14_06-36-47.json, api_response_2024-01-14_01-56-06.json, api_response_2024-01-14_00-35-55.json, api_response_2024-01-14_03-36-20.json, api_response_2024-01-14_05-36-38.json, api_response_2024-01-14_07-56-58.json, api_response_2024-01-14_06-16-44.json, api_response_2024-01-14_02-36-12.json, api_response_2024-01-14_09-57-16.json, api_response_2024-01-14_02-56-15.json, api_response_2024-01-14_10-17-19.json
