Record time: 2023-10-15T08:14:10Z
Event time: 2023-10-17T03:40:10Z
Status: Underway
Travel distance: 522.408747300216
Waypoints: (47.96999999999999, 29.43909923028915), (48.150000000000006, 29.233124609943815), (48.33000000000001, 29.053284670639623), (48.510000000000005, 28.93433754695971), (48.690000000000005, 28.88013681028893), (48.870000000000005, 28.875007158677928), (49.05000000000001, 28.89330290385347), (49.23000000000002, 28.907149255375145), (49.41000000000002, 28.892366401938368), (49.58999999745587, 28.832576388344453), (49.76999999744665, 28.711293846958824), (49.9499999974374, 28.549887466565977), (50.12999999742817, 28.36585569917739), (50.30999999741891, 28.18070453483098), (50.48999999740969, 27.98955417813059), (50.674613269711415, 27.798975634594804), (50.84365674796363, 27.61545268400522), (51.02198976720337, 27.438505584808482), (51.21128415405597, 27.25674168658117), (51.40281733482418, 27.123010094179897), (51.586107683448496, 26.994478124877023), (51.754031764742884, 26.85044420376448), (51.90506312831031, 26.692497777604856), (52.04327230854282, 26.511111857571095), (52.176727686110326, 26.349564946824234), (52.31493686634284, 26.22947449051057), (52.465968229910274, 26.15799299906182), (52.63389231120466, 26.131805894473047), (52.817182659829, 26.138250907260442), (53.008715840597205, 26.153239196396832), (53.19801022744979, 26.135018709118185), (53.37634324668954, 26.098001075522028), (53.54538672494172, 26.045961231669537), (53.72999999724346, 26.00430125051674), (53.90999999723422, 25.971979269094252), (54.089999997225, 26.000128952764904), (54.26999999721577, 26.013396956533235), (54.44999999720652, 26.04049993136022), (54.630000000000074, 26.02514044958943), (54.810000000000066, 25.99393033199131), (54.99000000000006, 25.959340657619375), (55.170000000000044, 25.938356436079708), (55.35000000000003, 25.946780283654935), (55.530000000000015, 25.991274528567406), (55.71, 26.05914174671745), (55.88999999999997, 26.10584372789692), (56.069999999999936, 26.040258872477857)
Associated file(s): api_response_2023-10-15_12-19-24.json, api_response_2023-10-15_12-19-24.json

Record time: 2023-10-15T08:34:28Z
Event time: 2023-10-17T02:54:02Z
Status: Underway
Travel distance: 512.5788336933045
Waypoints: (48.14999999999998, 29.449643852714782), (48.329999999999984, 29.21425962138548), (48.509999999999984, 29.0436074597095), (48.68999999999999, 28.943588320953523), (48.87, 28.90119213402025), (49.05000000000001, 28.892995043992226), (49.23000000000002, 28.892159277524204), (49.41000000000003, 28.87393563308411), (49.59000000000003, 28.819668596042543), (49.76999999744665, 28.71930407713744), (49.9499999974374, 28.55623071599357), (50.12999999742817, 28.361242426866415), (50.30999999741891, 28.18070453483098), (50.48999999740969, 27.98955417813059), (50.674613269711415, 27.798975634594804), (50.84365674796363, 27.61545268400522), (51.02198976720337, 27.438505584808482), (51.21128415405597, 27.25674168658117), (51.40281733482418, 27.123010094179897), (51.586107683448496, 26.994478124877023), (51.754031764742884, 26.85044420376448), (51.90506312831031, 26.692497777604856), (52.04327230854282, 26.511111857571095), (52.176727686110326, 26.349564946824234), (52.31493686634284, 26.22947449051057), (52.465968229910274, 26.15799299906182), (52.63389231120466, 26.131805894473047), (52.817182659829, 26.138250907260442), (53.008715840597205, 26.153239196396832), (53.19801022744979, 26.135018709118185), (53.37634324668954, 26.098001075522028), (53.54538672494172, 26.045961231669537), (53.72999999724346, 26.00430125051674), (53.90999999723422, 25.971979269094252), (54.089999997225, 26.000128952764904), (54.26999999721577, 26.013396956533235), (54.44999999720652, 26.04049993136022), (54.630000000000074, 26.02514044958943), (54.810000000000066, 25.99393033199131), (54.99000000000006, 25.959340657619375), (55.170000000000044, 25.938356436079708), (55.35000000000003, 25.946780283654935), (55.530000000000015, 25.991274528567406), (55.71, 26.05914174671745), (55.88999999999997, 26.10584372789692), (56.069999999999936, 26.040258872477857)
Associated file(s): api_response_2023-10-15_13-19-34.json, api_response_2023-10-15_13-59-41.json, api_response_2023-10-15_14-19-45.json, api_response_2023-10-15_14-59-51.json, api_response_2023-10-15_15-39-58.json, api_response_2023-10-15_12-39-27.json, api_response_2023-10-15_14-39-48.json, api_response_2023-10-15_13-39-38.json, api_response_2023-10-15_12-59-31.json, api_response_2023-10-15_15-19-55.json, api_response_2023-10-15_13-19-34.json, api_response_2023-10-15_13-59-41.json, api_response_2023-10-15_14-19-45.json, api_response_2023-10-15_14-59-51.json, api_response_2023-10-15_15-39-58.json, api_response_2023-10-15_12-39-27.json, api_response_2023-10-15_14-39-48.json, api_response_2023-10-15_13-39-38.json, api_response_2023-10-15_12-59-31.json, api_response_2023-10-15_15-19-55.json

Record time: 2023-10-15T11:41:58Z
Event time: 2023-10-17T02:34:18Z
Status: Underway
Travel distance: 474.52591792656585
Waypoints: (48.69, 29.06137407946744), (48.87000000000002, 28.90604460162266), (49.050000000000026, 28.886543217611596), (49.23000000000002, 28.90103409978097), (49.41000000000002, 28.891565657925334), (49.59000000000002, 28.832275196710686), (49.77000000000002, 28.719187381147606), (49.95000000000002, 28.561606510113954), (50.13000000000002, 28.375102597927075), (50.30999999741891, 28.176091262520004), (50.48999999740969, 27.98955417813059), (50.674613269711415, 27.798975634594804), (50.84365674796363, 27.61545268400522), (51.02198976720337, 27.438505584808482), (51.21128415405597, 27.25674168658117), (51.40281733482418, 27.123010094179897), (51.586107683448496, 26.994478124877023), (51.754031764742884, 26.85044420376448), (51.90506312831031, 26.692497777604856), (52.04327230854282, 26.511111857571095), (52.176727686110326, 26.349564946824234), (52.31493686634284, 26.22947449051057), (52.465968229910274, 26.15799299906182), (52.63389231120466, 26.131805894473047), (52.817182659829, 26.138250907260442), (53.008715840597205, 26.153239196396832), (53.19801022744979, 26.135018709118185), (53.37634324668954, 26.098001075522028), (53.54538672494172, 26.045961231669537), (53.72999999724346, 26.00430125051674), (53.90999999723422, 25.971979269094252), (54.089999997225, 26.000128952764904), (54.26999999721577, 26.013396956533235), (54.44999999720652, 26.04049993136022), (54.630000000000074, 26.02514044958943), (54.810000000000066, 25.99393033199131), (54.99000000000006, 25.959340657619375), (55.170000000000044, 25.938356436079708), (55.35000000000003, 25.946780283654935), (55.530000000000015, 25.991274528567406), (55.71, 26.05914174671745), (55.88999999999997, 26.10584372789692), (56.069999999999936, 26.040258872477857)
Associated file(s): api_response_2023-10-15_16-00-02.json, api_response_2023-10-15_16-20-05.json, api_response_2023-10-15_16-00-02.json, api_response_2023-10-15_16-20-05.json

Record time: 2023-10-15T12:32:27Z
Event time: 2023-10-17T01:57:40.454Z
Status: Underway
Travel distance: 465.05885529157666
Waypoints: (48.85400870247189, 29.050329801517073), (48.87125790088108, 28.99060010452472), (48.92344642415599, 28.931508505046796), (48.992331383994646, 28.88484489988123), (49.06678182268787, 28.855282102485603), (49.14091423401799, 28.84231174242072), (49.212477962799845, 28.841957002011455), (49.28149048306437, 28.84826219022488), (49.34912255488458, 28.854559153765724), (49.41683325730873, 28.854510523908754), (49.48862531342452, 28.845959091940145), (49.55862336903051, 28.821151080573433), (49.628621424636464, 28.772831814550266), (49.69861948024245, 28.714313783179477), (49.76861753584842, 28.642733943666215), (49.8386155914544, 28.566457130719908), (49.90861364706036, 28.49146011109665), (49.97861170266634, 28.420948964976866), (50.04860975827232, 28.35405290515106), (50.11860781387829, 28.286508466970123), (50.18860586948427, 28.21470244896089), (50.25860392509024, 28.14469078035304), (50.32860198069622, 28.074679111745205), (50.3986000363022, 28.00466744313736), (50.46859809190816, 27.934655774529514), (50.53859614751414, 27.86464410592167), (50.60859420312011, 27.794632437313826), (50.6785922587261, 27.724620768705986), (50.74859031433206, 27.652814750696745), (50.818588369938055, 27.58527031251582), (50.888586425544034, 27.51837425269001), (50.958584481149984, 27.447863106570225), (51.028582536755984, 27.372866086946964), (51.09858059236195, 27.296589274000652), (51.16857864796792, 27.22500943448739), (51.2385767035739, 27.164697053715216), (51.308574759179876, 27.120639367520347), (51.37857281478584, 27.094685385107375), (51.448570870391826, 27.08498609727171), (51.5185689259978, 27.088348617578518), (51.58856698160376, 27.09035218208868), (51.658565037209755, 27.094689154748977), (51.728563092815726, 27.098803718554898), (51.79856114842171, 27.10196833267773), (51.86855920402767, 27.096519315745564), (51.93855725963364, 27.09476266276017), (52.00855531523963, 27.082848710484758), (52.0785533708456, 27.072225860457195), (52.14855142645157, 27.054755456464033), (52.21854948205756, 27.039435633003414), (52.288547537663526, 27.01932836471136), (52.358545593269504, 26.993255638587993), (52.428543648875475, 26.971205120051362), (52.49854170448145, 26.942324010936332), (52.568539760087425, 26.91221211383904), (52.6385378156934, 26.87208804865331), (52.708535871299375, 26.823346582770984), (52.778533926905354, 26.787193835010395), (52.848531982511325, 26.74739961346463), (52.91853003811731, 26.703564336124142), (52.98852809372327, 26.655708736017722), (53.058526149329246, 26.62055494328101), (53.12852420493523, 26.57962794443458), (53.198522260541196, 26.53886680981853), (53.268520316147175, 26.48946565665629), (53.33851837175316, 26.438956228863766), (53.40851642735913, 26.385674229674773), (53.47851448296509, 26.337475592182788), (53.54851253857108, 26.288562607607687), (53.618510594177046, 26.229243527397), (53.688508649783024, 26.16899711535282), (53.758506705388996, 26.103275298885276), (53.828504760994974, 26.04830826990128), (53.89850281660096, 26.007232370211664), (53.96850087220693, 25.974998164893822), (54.038498927812924, 25.961683790764173), (54.10849698341888, 25.962105990623325), (54.17849503902486, 25.976894294618404), (54.24849309463083, 25.980733674587555), (54.31849115023681, 25.97761806580552), (54.38848920584279, 25.970016583520003), (54.45848726144877, 25.966269559770033), (54.528485317054745, 25.970966533203086), (54.59848337266071, 25.986495571772476), (54.668481428266695, 26.003398644704912), (54.73847948387265, 26.017887262192822), (54.80847753947863, 26.02965608326665), (54.8784755950846, 26.04143809808608), (54.94847365069058, 26.048364814525275), (55.018471706296545, 26.05344252175988), (55.08846976190252, 26.066383701371176), (55.15846781750851, 26.09144050908346), (55.22846587311449, 26.11901920702584), (55.29846392872046, 26.129958706947768), (55.36846198432644, 26.106328708580925), (55.43846003993242, 26.066851136929515), (55.5084580983862, 26.047141190198378), (55.57845615399576, 26.034574541614095), (55.648454209605326, 26.032127153209657), (55.718452265214886, 26.03980262327932), (55.78845032082445, 26.053909358939187), (55.85844837643401, 26.06651322416689), (55.92844643204357, 26.06506566465783), (55.998444487653124, 26.032207309497796), (56.06844254326265, 25.945747049652102)
Associated file(s): api_response_2023-10-15_17-20-15.json, api_response_2023-10-15_16-40-08.json, api_response_2023-10-15_17-00-12.json, api_response_2023-10-15_17-20-15.json, api_response_2023-10-15_16-40-08.json, api_response_2023-10-15_17-00-12.json

Record time: 2023-10-15T13:35:29Z
Event time: 2023-10-17T01:26:06.818Z
Status: Underway
Travel distance: 452.695464362851
Waypoints: (49.06863698230604, 29.04795986211279), (49.138635037915606, 29.071922971143543), (49.20863309352517, 29.059049142461497), (49.27863114913473, 29.025256630132017), (49.3486292047443, 28.980504827261655), (49.418627260353865, 28.930351881907168), (49.48862531596343, 28.87730385180407), (49.558623371573006, 28.82195539791472), (49.62862142718258, 28.76392201679595), (49.69861948024245, 28.70256381031365), (49.76861753584842, 28.640364723920893), (49.8386155914544, 28.571540492416915), (49.90861364706036, 28.49524860090421), (49.97861170266634, 28.421621846002388), (50.04860975827232, 28.352258555749668), (50.11860781387829, 28.286508466970123), (50.18860586948427, 28.21470244896089), (50.25860392509024, 28.14469078035304), (50.32860198069622, 28.074679111745205), (50.3986000363022, 28.00466744313736), (50.46859809190816, 27.934655774529514), (50.53859614751414, 27.86464410592167), (50.60859420312011, 27.794632437313826), (50.6785922587261, 27.724620768705986), (50.74859031433206, 27.652814750696745), (50.818588369938055, 27.58527031251582), (50.888586425544034, 27.51837425269001), (50.958584481149984, 27.447863106570225), (51.028582536755984, 27.372866086946964), (51.09858059236195, 27.296589274000652), (51.16857864796792, 27.22500943448739), (51.2385767035739, 27.164697053715216), (51.308574759179876, 27.120639367520347), (51.37857281478584, 27.094685385107375), (51.448570870391826, 27.08498609727171), (51.5185689259978, 27.088348617578518), (51.58856698160376, 27.09035218208868), (51.658565037209755, 27.094689154748977), (51.728563092815726, 27.098803718554898), (51.79856114842171, 27.10196833267773), (51.86855920402767, 27.096519315745564), (51.93855725963364, 27.09476266276017), (52.00855531523963, 27.082848710484758), (52.0785533708456, 27.072225860457195), (52.14855142645157, 27.054755456464033), (52.21854948205756, 27.039435633003414), (52.288547537663526, 27.01932836471136), (52.358545593269504, 26.993255638587993), (52.428543648875475, 26.971205120051362), (52.49854170448145, 26.942324010936332), (52.568539760087425, 26.91221211383904), (52.6385378156934, 26.87208804865331), (52.708535871299375, 26.823346582770984), (52.778533926905354, 26.787193835010395), (52.848531982511325, 26.74739961346463), (52.91853003811731, 26.703564336124142), (52.98852809372327, 26.655708736017722), (53.058526149329246, 26.62055494328101), (53.12852420493523, 26.57962794443458), (53.198522260541196, 26.53886680981853), (53.268520316147175, 26.48946565665629), (53.33851837175316, 26.438956228863766), (53.40851642735913, 26.385674229674773), (53.47851448296509, 26.337475592182788), (53.54851253857108, 26.288562607607687), (53.618510594177046, 26.229243527397), (53.688508649783024, 26.16899711535282), (53.758506705388996, 26.103275298885276), (53.828504760994974, 26.04830826990128), (53.89850281660096, 26.007232370211664), (53.96850087220693, 25.974998164893822), (54.038498927812924, 25.961683790764173), (54.10849698341888, 25.962105990623325), (54.17849503902486, 25.976894294618404), (54.24849309463083, 25.980733674587555), (54.31849115023681, 25.97761806580552), (54.38848920584279, 25.970016583520003), (54.45848726144877, 25.966269559770033), (54.528485317054745, 25.970966533203086), (54.59848337266071, 25.986495571772476), (54.668481428266695, 26.003398644704912), (54.73847948387265, 26.017887262192822), (54.80847753947863, 26.02965608326665), (54.8784755950846, 26.04143809808608), (54.94847365069058, 26.048364814525275), (55.018471706296545, 26.05344252175988), (55.08846976190252, 26.066383701371176), (55.15846781750851, 26.09144050908346), (55.22846587311449, 26.11901920702584), (55.29846392872046, 26.129958706947768), (55.36846198432644, 26.106328708580925), (55.43846003993242, 26.066851136929515), (55.5084580983862, 26.047141190198378), (55.57845615399576, 26.034574541614095), (55.648454209605326, 26.032127153209657), (55.718452265214886, 26.03980262327932), (55.78845032082445, 26.053909358939187), (55.85844837643401, 26.06651322416689), (55.92844643204357, 26.06506566465783), (55.998444487653124, 26.032207309497796), (56.06844254326265, 25.945747049652102)
Associated file(s): api_response_2023-10-15_18-20-25.json, api_response_2023-10-15_18-00-21.json, api_response_2023-10-15_17-40-18.json, api_response_2023-10-15_18-40-28.json, api_response_2023-10-15_19-00-31.json, api_response_2023-10-15_19-20-34.json, api_response_2023-10-15_18-20-25.json, api_response_2023-10-15_18-00-21.json, api_response_2023-10-15_17-40-18.json, api_response_2023-10-15_18-40-28.json, api_response_2023-10-15_19-00-31.json, api_response_2023-10-15_19-20-34.json

Record time: 2023-10-15T15:26:03Z
Event time: 2023-10-17T02:01:10.454Z
Status: Underway
Travel distance: 428.225161987041
Waypoints: (49.48862531596344, 28.914819136522738), (49.558623371573034, 28.84480746791131), (49.6286214271826, 28.774795799299877), (49.69861948279216, 28.704784130688445), (49.76861753840171, 28.63477246207701), (49.83861559401128, 28.56476079346558), (49.908613649620854, 28.49474912485415), (49.97861170523043, 28.42473745624272), (50.048609760839994, 28.35472578763129), (50.11860781387829, 28.284714117568733), (50.18860586948427, 28.21470244896089), (50.25860392509024, 28.14469078035304), (50.32860198069622, 28.074679111745205), (50.3986000363022, 28.00466744313736), (50.46859809190816, 27.934655774529514), (50.53859614751414, 27.86464410592167), (50.60859420312011, 27.794632437313826), (50.6785922587261, 27.724620768705986), (50.74859031433206, 27.652814750696745), (50.818588369938055, 27.58527031251582), (50.888586425544034, 27.51837425269001), (50.958584481149984, 27.447863106570225), (51.028582536755984, 27.372866086946964), (51.09858059236195, 27.296589274000652), (51.16857864796792, 27.22500943448739), (51.2385767035739, 27.164697053715216), (51.308574759179876, 27.120639367520347), (51.37857281478584, 27.094685385107375), (51.448570870391826, 27.08498609727171), (51.5185689259978, 27.088348617578518), (51.58856698160376, 27.09035218208868), (51.658565037209755, 27.094689154748977), (51.728563092815726, 27.098803718554898), (51.79856114842171, 27.10196833267773), (51.86855920402767, 27.096519315745564), (51.93855725963364, 27.09476266276017), (52.00855531523963, 27.082848710484758), (52.0785533708456, 27.072225860457195), (52.14855142645157, 27.054755456464033), (52.21854948205756, 27.039435633003414), (52.288547537663526, 27.01932836471136), (52.358545593269504, 26.993255638587993), (52.428543648875475, 26.971205120051362), (52.49854170448145, 26.942324010936332), (52.568539760087425, 26.91221211383904), (52.6385378156934, 26.87208804865331), (52.708535871299375, 26.823346582770984), (52.778533926905354, 26.787193835010395), (52.848531982511325, 26.74739961346463), (52.91853003811731, 26.703564336124142), (52.98852809372327, 26.655708736017722), (53.058526149329246, 26.62055494328101), (53.12852420493523, 26.57962794443458), (53.198522260541196, 26.53886680981853), (53.268520316147175, 26.48946565665629), (53.33851837175316, 26.438956228863766), (53.40851642735913, 26.385674229674773), (53.47851448296509, 26.337475592182788), (53.54851253857108, 26.288562607607687), (53.618510594177046, 26.229243527397), (53.688508649783024, 26.16899711535282), (53.758506705388996, 26.103275298885276), (53.828504760994974, 26.04830826990128), (53.89850281660096, 26.007232370211664), (53.96850087220693, 25.974998164893822), (54.038498927812924, 25.961683790764173), (54.10849698341888, 25.962105990623325), (54.17849503902486, 25.976894294618404), (54.24849309463083, 25.980733674587555), (54.31849115023681, 25.97761806580552), (54.38848920584279, 25.970016583520003), (54.45848726144877, 25.966269559770033), (54.528485317054745, 25.970966533203086), (54.59848337266071, 25.986495571772476), (54.668481428266695, 26.003398644704912), (54.73847948387265, 26.017887262192822), (54.80847753947863, 26.02965608326665), (54.8784755950846, 26.04143809808608), (54.94847365069058, 26.048364814525275), (55.018471706296545, 26.05344252175988), (55.08846976190252, 26.066383701371176), (55.15846781750851, 26.09144050908346), (55.22846587311449, 26.11901920702584), (55.29846392872046, 26.129958706947768), (55.36846198432644, 26.106328708580925), (55.43846003993242, 26.066851136929515), (55.5084580983862, 26.047141190198378), (55.57845615399576, 26.034574541614095), (55.648454209605326, 26.032127153209657), (55.718452265214886, 26.03980262327932), (55.78845032082445, 26.053909358939187), (55.85844837643401, 26.06651322416689), (55.92844643204357, 26.06506566465783), (55.998444487653124, 26.032207309497796), (56.06844254326265, 25.945747049652102)
Associated file(s): api_response_2023-10-15_19-40-37.json, api_response_2023-10-15_20-00-41.json, api_response_2023-10-15_20-20-44.json, api_response_2023-10-15_19-40-37.json, api_response_2023-10-15_20-00-41.json, api_response_2023-10-15_20-20-44.json

Record time: 2023-10-15T16:27:28Z
Event time: 2023-10-17T02:31:29.090Z
Status: Underway
Travel distance: 413.33639308855294
Waypoints: (49.69861948279212, 28.77479579929988), (49.768617538401706, 28.704784130688452), (49.83861559401128, 28.63477246207702), (49.90861364962084, 28.564760793465584), (49.978611705230406, 28.494749124854152), (50.04860976083997, 28.42473745624272), (50.11860781644955, 28.35472578763129), (50.18860587205912, 28.284714119019856), (50.258603927668695, 28.214702450408424), (50.32860198069622, 28.14469078035304), (50.3986000363022, 28.074679111745205), (50.46859809190816, 28.00466744313736), (50.53859614751414, 27.934655774529514), (50.60859420312011, 27.86464410592167), (50.6785922587261, 27.794632437313826), (50.74859031433206, 27.724620768705986), (50.818588369938055, 27.652814750696745), (50.888586425544034, 27.58527031251582), (50.958584481149984, 27.51837425269001), (51.028582536755984, 27.447863106570225), (51.09858059236195, 27.372866086946964), (51.16857864796792, 27.296589274000652), (51.2385767035739, 27.22500943448739), (51.308574759179876, 27.164697053715216), (51.37857281478584, 27.120639367520347), (51.448570870391826, 27.094685385107375), (51.5185689259978, 27.086780446673096), (51.58856698160376, 27.084087037750216), (51.658565037209755, 27.089703803733556), (51.728563092815726, 27.098304241042957), (51.79856114842171, 27.105083941459764), (51.86855920402767, 27.098986546172476), (51.93855725963364, 27.092968313358778), (52.00855531523963, 27.082848710484758), (52.0785533708456, 27.072225860457195), (52.14855142645157, 27.054755456464033), (52.21854948205756, 27.039435633003414), (52.288547537663526, 27.01932836471136), (52.358545593269504, 26.993255638587993), (52.428543648875475, 26.971205120051362), (52.49854170448145, 26.942324010936332), (52.568539760087425, 26.91221211383904), (52.6385378156934, 26.87208804865331), (52.708535871299375, 26.823346582770984), (52.778533926905354, 26.787193835010395), (52.848531982511325, 26.74739961346463), (52.91853003811731, 26.703564336124142), (52.98852809372327, 26.655708736017722), (53.058526149329246, 26.62055494328101), (53.12852420493523, 26.57962794443458), (53.198522260541196, 26.53886680981853), (53.268520316147175, 26.48946565665629), (53.33851837175316, 26.438956228863766), (53.40851642735913, 26.385674229674773), (53.47851448296509, 26.337475592182788), (53.54851253857108, 26.288562607607687), (53.618510594177046, 26.229243527397), (53.688508649783024, 26.16899711535282), (53.758506705388996, 26.103275298885276), (53.828504760994974, 26.04830826990128), (53.89850281660096, 26.007232370211664), (53.96850087220693, 25.974998164893822), (54.038498927812924, 25.961683790764173), (54.10849698341888, 25.962105990623325), (54.17849503902486, 25.976894294618404), (54.24849309463083, 25.980733674587555), (54.31849115023681, 25.97761806580552), (54.38848920584279, 25.970016583520003), (54.45848726144877, 25.966269559770033), (54.528485317054745, 25.970966533203086), (54.59848337266071, 25.986495571772476), (54.668481428266695, 26.003398644704912), (54.73847948387265, 26.017887262192822), (54.80847753947863, 26.02965608326665), (54.8784755950846, 26.04143809808608), (54.94847365069058, 26.048364814525275), (55.018471706296545, 26.05344252175988), (55.08846976190252, 26.066383701371176), (55.15846781750851, 26.09144050908346), (55.22846587311449, 26.11901920702584), (55.29846392872046, 26.129958706947768), (55.36846198432644, 26.106328708580925), (55.43846003993242, 26.066851136929515), (55.5084580983862, 26.047141190198378), (55.57845615399576, 26.034574541614095), (55.648454209605326, 26.032127153209657), (55.718452265214886, 26.03980262327932), (55.78845032082445, 26.053909358939187), (55.85844837643401, 26.06651322416689), (55.92844643204357, 26.06506566465783), (55.998444487653124, 26.032207309497796), (56.06844254326265, 25.945747049652102)
Associated file(s): api_response_2023-10-15_20-40-48.json, api_response_2023-10-15_21-20-54.json, api_response_2023-10-15_21-00-51.json, api_response_2023-10-15_20-40-48.json, api_response_2023-10-15_21-20-54.json, api_response_2023-10-15_21-00-51.json

Record time: 2023-10-15T17:39:39Z
Event time: 2023-10-17T03:03:08.272Z
Status: Underway
Travel distance: 397.34611231101513
Waypoints: (49.90861364962083, 28.631985394694965), (49.97861170523041, 28.564942558729644), (50.04860976083998, 28.516236630284272), (50.11860781644955, 28.47027808517573), (50.18860587205911, 28.418952598513215), (50.25860392766867, 28.35943163685708), (50.32860198327824, 28.292296684558828), (50.398600038887814, 28.21997710428215), (50.46859809449738, 28.145501631705105), (50.53859614751414, 28.071563502963166), (50.60859420312011, 28.002200212710452), (50.6785922587261, 27.936450123930907), (50.74859031433206, 27.86464410592167), (50.818588369938055, 27.794632437313826), (50.888586425544034, 27.724620768705986), (50.958584481149984, 27.652814750696745), (51.028582536755984, 27.58527031251582), (51.09858059236195, 27.51837425269001), (51.16857864796792, 27.447863106570225), (51.2385767035739, 27.372866086946964), (51.308574759179876, 27.296589274000652), (51.37857281478584, 27.22500943448739), (51.448570870391826, 27.164697053715216), (51.5185689259978, 27.12243371692174), (51.58856698160376, 27.092218154680467), (51.658565037209755, 27.08187048848967), (51.728563092815726, 27.08705374568907), (51.79856114842171, 27.099599112932406), (51.86855920402767, 27.10160267744257), (51.93855725963364, 27.09855115256773), (52.00855531523963, 27.08352159151028), (52.0785533708456, 27.0704315110558), (52.14855142645157, 27.054755456464033), (52.21854948205756, 27.039435633003414), (52.288547537663526, 27.01932836471136), (52.358545593269504, 26.993255638587993), (52.428543648875475, 26.971205120051362), (52.49854170448145, 26.942324010936332), (52.568539760087425, 26.91221211383904), (52.6385378156934, 26.87208804865331), (52.708535871299375, 26.823346582770984), (52.778533926905354, 26.787193835010395), (52.848531982511325, 26.74739961346463), (52.91853003811731, 26.703564336124142), (52.98852809372327, 26.655708736017722), (53.058526149329246, 26.62055494328101), (53.12852420493523, 26.57962794443458), (53.198522260541196, 26.53886680981853), (53.268520316147175, 26.48946565665629), (53.33851837175316, 26.438956228863766), (53.40851642735913, 26.385674229674773), (53.47851448296509, 26.337475592182788), (53.54851253857108, 26.288562607607687), (53.618510594177046, 26.229243527397), (53.688508649783024, 26.16899711535282), (53.758506705388996, 26.103275298885276), (53.828504760994974, 26.04830826990128), (53.89850281660096, 26.007232370211664), (53.96850087220693, 25.974998164893822), (54.038498927812924, 25.961683790764173), (54.10849698341888, 25.962105990623325), (54.17849503902486, 25.976894294618404), (54.24849309463083, 25.980733674587555), (54.31849115023681, 25.97761806580552), (54.38848920584279, 25.970016583520003), (54.45848726144877, 25.966269559770033), (54.528485317054745, 25.970966533203086), (54.59848337266071, 25.986495571772476), (54.668481428266695, 26.003398644704912), (54.73847948387265, 26.017887262192822), (54.80847753947863, 26.02965608326665), (54.8784755950846, 26.04143809808608), (54.94847365069058, 26.048364814525275), (55.018471706296545, 26.05344252175988), (55.08846976190252, 26.066383701371176), (55.15846781750851, 26.09144050908346), (55.22846587311449, 26.11901920702584), (55.29846392872046, 26.129958706947768), (55.36846198432644, 26.106328708580925), (55.43846003993242, 26.066851136929515), (55.5084580983862, 26.047141190198378), (55.57845615399576, 26.034574541614095), (55.648454209605326, 26.032127153209657), (55.718452265214886, 26.03980262327932), (55.78845032082445, 26.053909358939187), (55.85844837643401, 26.06651322416689), (55.92844643204357, 26.06506566465783), (55.998444487653124, 26.032207309497796), (56.06844254326265, 25.945747049652102)
Associated file(s): api_response_2023-10-15_22-21-05.json, api_response_2023-10-15_21-40-57.json, api_response_2023-10-15_22-41-08.json, api_response_2023-10-16_00-21-25.json, api_response_2023-10-15_23-41-18.json, api_response_2023-10-16_00-01-21.json, api_response_2023-10-15_23-21-15.json, api_response_2023-10-15_22-01-02.json, api_response_2023-10-15_23-01-11.json, api_response_2023-10-15_22-21-05.json, api_response_2023-10-15_21-40-57.json, api_response_2023-10-15_22-41-08.json, api_response_2023-10-16_00-21-25.json, api_response_2023-10-15_23-41-18.json, api_response_2023-10-16_00-01-21.json, api_response_2023-10-15_23-21-15.json, api_response_2023-10-15_22-01-02.json, api_response_2023-10-15_23-01-11.json

Record time: 2023-10-15T20:30:41Z
Event time: 2023-10-17T02:27:58.333Z
Status: Underway
Travel distance: 361.19060475161984
Waypoints: (50.39860003888777, 28.215020539620486), (50.46859809449735, 28.143824872275196), (50.53859615010692, 28.074749799677107), (50.608594205716486, 28.00544752049896), (50.678592261326045, 27.935268456954184), (50.74859031693561, 27.864498656301258), (50.81858837254518, 27.793763810506807), (50.888586428154746, 27.72359989406737), (50.95858448376431, 27.654190419989924), (51.028582536755984, 27.58527031251582), (51.09858059236195, 27.51837425269001), (51.16857864796792, 27.447863106570225), (51.2385767035739, 27.372866086946964), (51.308574759179876, 27.296589274000652), (51.37857281478584, 27.22500943448739), (51.448570870391826, 27.164697053715216), (51.5185689259978, 27.12243371692174), (51.58856698160376, 27.092218154680467), (51.658565037209755, 27.08187048848967), (51.728563092815726, 27.08705374568907), (51.79856114842171, 27.099599112932406), (51.86855920402767, 27.10160267744257), (51.93855725963364, 27.09855115256773), (52.00855531523963, 27.08352159151028), (52.0785533708456, 27.0704315110558), (52.14855142645157, 27.054755456464033), (52.21854948205756, 27.039435633003414), (52.288547537663526, 27.01932836471136), (52.358545593269504, 26.993255638587993), (52.428543648875475, 26.971205120051362), (52.49854170448145, 26.942324010936332), (52.568539760087425, 26.91221211383904), (52.6385378156934, 26.87208804865331), (52.708535871299375, 26.823346582770984), (52.778533926905354, 26.787193835010395), (52.848531982511325, 26.74739961346463), (52.91853003811731, 26.703564336124142), (52.98852809372327, 26.655708736017722), (53.058526149329246, 26.62055494328101), (53.12852420493523, 26.57962794443458), (53.198522260541196, 26.53886680981853), (53.268520316147175, 26.48946565665629), (53.33851837175316, 26.438956228863766), (53.40851642735913, 26.385674229674773), (53.47851448296509, 26.337475592182788), (53.54851253857108, 26.288562607607687), (53.618510594177046, 26.229243527397), (53.688508649783024, 26.16899711535282), (53.758506705388996, 26.103275298885276), (53.828504760994974, 26.04830826990128), (53.89850281660096, 26.007232370211664), (53.96850087220693, 25.974998164893822), (54.038498927812924, 25.961683790764173), (54.10849698341888, 25.962105990623325), (54.17849503902486, 25.976894294618404), (54.24849309463083, 25.980733674587555), (54.31849115023681, 25.97761806580552), (54.38848920584279, 25.970016583520003), (54.45848726144877, 25.966269559770033), (54.528485317054745, 25.970966533203086), (54.59848337266071, 25.986495571772476), (54.668481428266695, 26.003398644704912), (54.73847948387265, 26.017887262192822), (54.80847753947863, 26.02965608326665), (54.8784755950846, 26.04143809808608), (54.94847365069058, 26.048364814525275), (55.018471706296545, 26.05344252175988), (55.08846976190252, 26.066383701371176), (55.15846781750851, 26.09144050908346), (55.22846587311449, 26.11901920702584), (55.29846392872046, 26.129958706947768), (55.36846198432644, 26.106328708580925), (55.43846003993242, 26.066851136929515), (55.5084580983862, 26.047141190198378), (55.57845615399576, 26.034574541614095), (55.648454209605326, 26.032127153209657), (55.718452265214886, 26.03980262327932), (55.78845032082445, 26.053909358939187), (55.85844837643401, 26.06651322416689), (55.92844643204357, 26.06506566465783), (55.998444487653124, 26.032207309497796), (56.06844254326265, 25.945747049652102)
Associated file(s): api_response_2023-10-16_01-41-38.json, api_response_2023-10-16_01-21-34.json, api_response_2023-10-16_01-01-31.json, api_response_2023-10-16_00-41-28.json, api_response_2023-10-16_01-41-38.json, api_response_2023-10-16_01-21-34.json, api_response_2023-10-16_01-01-31.json, api_response_2023-10-16_00-41-28.json

Record time: 2023-10-15T21:44:23Z
Event time: 2023-10-17T01:47:57.454Z
Status: Underway
Travel distance: 346.06155507559396
Waypoints: (50.608594205716535, 28.071233146721326), (50.67859226132611, 28.011155454693537), (50.748590316935676, 27.93690048330376), (50.81858837254524, 27.861125232591537), (50.88858642815481, 27.789131189424882), (50.958584483764376, 27.721454071279332), (51.02858253937395, 27.65603702462018), (51.098580594983524, 27.589987277887975), (51.16857865059309, 27.520916249087243), (51.2385767035739, 27.447863106570225), (51.308574759179876, 27.372866086946964), (51.37857281478584, 27.296589274000652), (51.448570870391826, 27.22500943448739), (51.5185689259978, 27.16649140311661), (51.58856698160376, 27.11817213709344), (51.658565037209755, 27.091569776325343), (51.728563092815726, 27.08548557478365), (51.79856114842171, 27.093333968593935), (51.86855920402767, 27.096617326427154), (51.93855725963364, 27.098051675055785), (52.00855531523963, 27.08663720029232), (52.0785533708456, 27.072898741482717), (52.14855142645157, 27.05296110706264), (52.21854948205756, 27.039435633003414), (52.288547537663526, 27.01932836471136), (52.358545593269504, 26.993255638587993), (52.428543648875475, 26.971205120051362), (52.49854170448145, 26.942324010936332), (52.568539760087425, 26.91221211383904), (52.6385378156934, 26.87208804865331), (52.708535871299375, 26.823346582770984), (52.778533926905354, 26.787193835010395), (52.848531982511325, 26.74739961346463), (52.91853003811731, 26.703564336124142), (52.98852809372327, 26.655708736017722), (53.058526149329246, 26.62055494328101), (53.12852420493523, 26.57962794443458), (53.198522260541196, 26.53886680981853), (53.268520316147175, 26.48946565665629), (53.33851837175316, 26.438956228863766), (53.40851642735913, 26.385674229674773), (53.47851448296509, 26.337475592182788), (53.54851253857108, 26.288562607607687), (53.618510594177046, 26.229243527397), (53.688508649783024, 26.16899711535282), (53.758506705388996, 26.103275298885276), (53.828504760994974, 26.04830826990128), (53.89850281660096, 26.007232370211664), (53.96850087220693, 25.974998164893822), (54.038498927812924, 25.961683790764173), (54.10849698341888, 25.962105990623325), (54.17849503902486, 25.976894294618404), (54.24849309463083, 25.980733674587555), (54.31849115023681, 25.97761806580552), (54.38848920584279, 25.970016583520003), (54.45848726144877, 25.966269559770033), (54.528485317054745, 25.970966533203086), (54.59848337266071, 25.986495571772476), (54.668481428266695, 26.003398644704912), (54.73847948387265, 26.017887262192822), (54.80847753947863, 26.02965608326665), (54.8784755950846, 26.04143809808608), (54.94847365069058, 26.048364814525275), (55.018471706296545, 26.05344252175988), (55.08846976190252, 26.066383701371176), (55.15846781750851, 26.09144050908346), (55.22846587311449, 26.11901920702584), (55.29846392872046, 26.129958706947768), (55.36846198432644, 26.106328708580925), (55.43846003993242, 26.066851136929515), (55.5084580983862, 26.047141190198378), (55.57845615399576, 26.034574541614095), (55.648454209605326, 26.032127153209657), (55.718452265214886, 26.03980262327932), (55.78845032082445, 26.053909358939187), (55.85844837643401, 26.06651322416689), (55.92844643204357, 26.06506566465783), (55.998444487653124, 26.032207309497796), (56.06844254326265, 25.945747049652102)
Associated file(s): api_response_2023-10-16_02-41-48.json, api_response_2023-10-16_03-01-52.json, api_response_2023-10-16_02-01-41.json, api_response_2023-10-16_02-21-45.json, api_response_2023-10-16_03-21-56.json, api_response_2023-10-16_02-41-48.json, api_response_2023-10-16_03-01-52.json, api_response_2023-10-16_02-01-41.json, api_response_2023-10-16_02-21-45.json, api_response_2023-10-16_03-21-56.json

Record time: 2023-10-15T23:25:44Z
Event time: 2023-10-17T01:17:53.400Z
Status: Underway
Travel distance: 321.92602591792655
Waypoints: (50.88858642815477, 27.725413662834665), (50.95858448376434, 27.65123129702673), (51.02858253937391, 27.585922324849925), (51.09858059498347, 27.51905477721897), (51.168578650593034, 27.447177118880923), (51.2385767062026, 27.37156381425646), (51.308574761812174, 27.296270757820633), (51.37857281742175, 27.226500569023138), (51.44857087303132, 27.167277751748077), (51.5185689259978, 27.12243371692174), (51.58856698160376, 27.092218154680467), (51.658565037209755, 27.08187048848967), (51.728563092815726, 27.08705374568907), (51.79856114842171, 27.099599112932406), (51.86855920402767, 27.10160267744257), (51.93855725963364, 27.09855115256773), (52.00855531523963, 27.08352159151028), (52.0785533708456, 27.0704315110558), (52.14855142645157, 27.054755456464033), (52.21854948205756, 27.039435633003414), (52.288547537663526, 27.01932836471136), (52.358545593269504, 26.993255638587993), (52.428543648875475, 26.971205120051362), (52.49854170448145, 26.942324010936332), (52.568539760087425, 26.91221211383904), (52.6385378156934, 26.87208804865331), (52.708535871299375, 26.823346582770984), (52.778533926905354, 26.787193835010395), (52.848531982511325, 26.74739961346463), (52.91853003811731, 26.703564336124142), (52.98852809372327, 26.655708736017722), (53.058526149329246, 26.62055494328101), (53.12852420493523, 26.57962794443458), (53.198522260541196, 26.53886680981853), (53.268520316147175, 26.48946565665629), (53.33851837175316, 26.438956228863766), (53.40851642735913, 26.385674229674773), (53.47851448296509, 26.337475592182788), (53.54851253857108, 26.288562607607687), (53.618510594177046, 26.229243527397), (53.688508649783024, 26.16899711535282), (53.758506705388996, 26.103275298885276), (53.828504760994974, 26.04830826990128), (53.89850281660096, 26.007232370211664), (53.96850087220693, 25.974998164893822), (54.038498927812924, 25.961683790764173), (54.10849698341888, 25.962105990623325), (54.17849503902486, 25.976894294618404), (54.24849309463083, 25.980733674587555), (54.31849115023681, 25.97761806580552), (54.38848920584279, 25.970016583520003), (54.45848726144877, 25.966269559770033), (54.528485317054745, 25.970966533203086), (54.59848337266071, 25.986495571772476), (54.668481428266695, 26.003398644704912), (54.73847948387265, 26.017887262192822), (54.80847753947863, 26.02965608326665), (54.8784755950846, 26.04143809808608), (54.94847365069058, 26.048364814525275), (55.018471706296545, 26.05344252175988), (55.08846976190252, 26.066383701371176), (55.15846781750851, 26.09144050908346), (55.22846587311449, 26.11901920702584), (55.29846392872046, 26.129958706947768), (55.36846198432644, 26.106328708580925), (55.43846003993242, 26.066851136929515), (55.5084580983862, 26.047141190198378), (55.57845615399576, 26.034574541614095), (55.648454209605326, 26.032127153209657), (55.718452265214886, 26.03980262327932), (55.78845032082445, 26.053909358939187), (55.85844837643401, 26.06651322416689), (55.92844643204357, 26.06506566465783), (55.998444487653124, 26.032207309497796), (56.06844254326265, 25.945747049652102)
Associated file(s): api_response_2023-10-16_04-42-09.json, api_response_2023-10-16_05-02-13.json, api_response_2023-10-16_05-22-16.json, api_response_2023-10-16_03-41-59.json, api_response_2023-10-16_04-22-06.json, api_response_2023-10-16_04-02-03.json, api_response_2023-10-16_05-42-19.json, api_response_2023-10-16_06-02-23.json, api_response_2023-10-16_06-22-26.json, api_response_2023-10-16_04-42-09.json, api_response_2023-10-16_05-02-13.json, api_response_2023-10-16_05-22-16.json, api_response_2023-10-16_03-41-59.json, api_response_2023-10-16_04-22-06.json, api_response_2023-10-16_04-02-03.json, api_response_2023-10-16_05-42-19.json, api_response_2023-10-16_06-02-23.json, api_response_2023-10-16_06-22-26.json

Record time: 2023-10-16T02:34:13Z
Event time: 2023-10-17T01:45:01.444Z
Status: Underway
Travel distance: 282.50863930885527
Waypoints: (51.448570873031336, 27.378755262344708), (51.51856892864088, 27.300266263779566), (51.58856698425044, 27.223945151828964), (51.658565039860015, 27.16274767062923), (51.72856309546958, 27.121005566746845), (51.798561151079156, 27.097287370188507), (51.86855920668873, 27.086818692790256), (51.9385572622983, 27.08346204398565), (52.00855531790787, 27.081256163953043), (52.0785533708456, 27.075514872752812), (52.14855142645157, 27.058543946271588), (52.21854948205756, 27.040108514028937), (52.288547537663526, 27.017534015309966), (52.358545593269504, 26.993255638587993), (52.428543648875475, 26.971205120051362), (52.49854170448145, 26.942324010936332), (52.568539760087425, 26.91221211383904), (52.6385378156934, 26.87208804865331), (52.708535871299375, 26.823346582770984), (52.778533926905354, 26.787193835010395), (52.848531982511325, 26.74739961346463), (52.91853003811731, 26.703564336124142), (52.98852809372327, 26.655708736017722), (53.058526149329246, 26.62055494328101), (53.12852420493523, 26.57962794443458), (53.198522260541196, 26.53886680981853), (53.268520316147175, 26.48946565665629), (53.33851837175316, 26.438956228863766), (53.40851642735913, 26.385674229674773), (53.47851448296509, 26.337475592182788), (53.54851253857108, 26.288562607607687), (53.618510594177046, 26.229243527397), (53.688508649783024, 26.16899711535282), (53.758506705388996, 26.103275298885276), (53.828504760994974, 26.04830826990128), (53.89850281660096, 26.007232370211664), (53.96850087220693, 25.974998164893822), (54.038498927812924, 25.961683790764173), (54.10849698341888, 25.962105990623325), (54.17849503902486, 25.976894294618404), (54.24849309463083, 25.980733674587555), (54.31849115023681, 25.97761806580552), (54.38848920584279, 25.970016583520003), (54.45848726144877, 25.966269559770033), (54.528485317054745, 25.970966533203086), (54.59848337266071, 25.986495571772476), (54.668481428266695, 26.003398644704912), (54.73847948387265, 26.017887262192822), (54.80847753947863, 26.02965608326665), (54.8784755950846, 26.04143809808608), (54.94847365069058, 26.048364814525275), (55.018471706296545, 26.05344252175988), (55.08846976190252, 26.066383701371176), (55.15846781750851, 26.09144050908346), (55.22846587311449, 26.11901920702584), (55.29846392872046, 26.129958706947768), (55.36846198432644, 26.106328708580925), (55.43846003993242, 26.066851136929515), (55.5084580983862, 26.047141190198378), (55.57845615399576, 26.034574541614095), (55.648454209605326, 26.032127153209657), (55.718452265214886, 26.03980262327932), (55.78845032082445, 26.053909358939187), (55.85844837643401, 26.06651322416689), (55.92844643204357, 26.06506566465783), (55.998444487653124, 26.032207309497796), (56.06844254326265, 25.945747049652102)
Associated file(s): api_response_2023-10-16_07-22-36.json, api_response_2023-10-16_08-22-47.json, api_response_2023-10-16_07-02-33.json, api_response_2023-10-16_08-02-43.json, api_response_2023-10-16_08-42-50.json, api_response_2023-10-16_07-42-40.json, api_response_2023-10-16_06-42-29.json, api_response_2023-10-16_09-43-00.json, api_response_2023-10-16_09-02-53.json, api_response_2023-10-16_09-22-56.json, api_response_2023-10-16_07-22-36.json, api_response_2023-10-16_08-22-47.json, api_response_2023-10-16_07-02-33.json, api_response_2023-10-16_08-02-43.json, api_response_2023-10-16_08-42-50.json, api_response_2023-10-16_07-42-40.json, api_response_2023-10-16_06-42-29.json, api_response_2023-10-16_09-43-00.json, api_response_2023-10-16_09-02-53.json, api_response_2023-10-16_09-22-56.json

Record time: 2023-10-16T05:44:13Z
Event time: 2023-10-17T01:33:10.111Z
Status: Underway
Travel distance: 238.6085313174946
Waypoints: (52.148551429126975, 27.087277766598167), (52.218549484736535, 27.045097544688232), (52.288547540346094, 27.019121812584206), (52.35854559595565, 26.997520406861998), (52.428543651565214, 26.973615321753982), (52.49854170717479, 26.944476329170996), (52.56853976278436, 26.90970583473267), (52.638537818393935, 26.87041296980606), (52.70853587400351, 26.828376919552575), (52.778533926905354, 26.785399485609002), (52.848531982511325, 26.74739961346463), (52.91853003811731, 26.703564336124142), (52.98852809372327, 26.655708736017722), (53.058526149329246, 26.62055494328101), (53.12852420493523, 26.57962794443458), (53.198522260541196, 26.53886680981853), (53.268520316147175, 26.48946565665629), (53.33851837175316, 26.438956228863766), (53.40851642735913, 26.385674229674773), (53.47851448296509, 26.337475592182788), (53.54851253857108, 26.288562607607687), (53.618510594177046, 26.229243527397), (53.688508649783024, 26.16899711535282), (53.758506705388996, 26.103275298885276), (53.828504760994974, 26.04830826990128), (53.89850281660096, 26.007232370211664), (53.96850087220693, 25.974998164893822), (54.038498927812924, 25.961683790764173), (54.10849698341888, 25.962105990623325), (54.17849503902486, 25.976894294618404), (54.24849309463083, 25.980733674587555), (54.31849115023681, 25.97761806580552), (54.38848920584279, 25.970016583520003), (54.45848726144877, 25.966269559770033), (54.528485317054745, 25.970966533203086), (54.59848337266071, 25.986495571772476), (54.668481428266695, 26.003398644704912), (54.73847948387265, 26.017887262192822), (54.80847753947863, 26.02965608326665), (54.8784755950846, 26.04143809808608), (54.94847365069058, 26.048364814525275), (55.018471706296545, 26.05344252175988), (55.08846976190252, 26.066383701371176), (55.15846781750851, 26.09144050908346), (55.22846587311449, 26.11901920702584), (55.29846392872046, 26.129958706947768), (55.36846198432644, 26.106328708580925), (55.43846003993242, 26.066851136929515), (55.5084580983862, 26.047141190198378), (55.57845615399576, 26.034574541614095), (55.648454209605326, 26.032127153209657), (55.718452265214886, 26.03980262327932), (55.78845032082445, 26.053909358939187), (55.85844837643401, 26.06651322416689), (55.92844643204357, 26.06506566465783), (55.998444487653124, 26.032207309497796), (56.06844254326265, 25.945747049652102)
Associated file(s): api_response_2023-10-16_11-23-16.json, api_response_2023-10-16_11-03-13.json, api_response_2023-10-16_12-43-29.json, api_response_2023-10-16_10-03-03.json, api_response_2023-10-16_10-23-06.json, api_response_2023-10-16_11-43-19.json, api_response_2023-10-16_12-03-22.json, api_response_2023-10-16_10-43-10.json, api_response_2023-10-16_12-23-26.json, api_response_2023-10-16_11-23-16.json, api_response_2023-10-16_11-03-13.json, api_response_2023-10-16_12-43-29.json, api_response_2023-10-16_10-03-03.json, api_response_2023-10-16_10-23-06.json, api_response_2023-10-16_11-43-19.json, api_response_2023-10-16_12-03-22.json, api_response_2023-10-16_10-43-10.json, api_response_2023-10-16_12-23-26.json

Record time: 2023-10-16T08:46:23Z
Event time: 2023-10-17T01:17:50.166Z
Status: Underway
Travel distance: 198.34233261339094
Waypoints: (52.848531985222664, 26.815421015492035), (52.918530040832216, 26.73880423798531), (52.988528096441776, 26.67722901585097), (53.05852615205134, 26.624890015351728), (53.12852420766091, 26.577610387921396), (53.198522263270476, 26.532430125302174), (53.26852031888005, 26.48727659286884), (53.338518374489624, 26.440717241139822), (53.40851643009919, 26.391794495475104), (53.47851448296509, 26.339942822609704), (53.54851253857108, 26.286768258206298), (53.618510594177046, 26.229243527397), (53.688508649783024, 26.16899711535282), (53.758506705388996, 26.103275298885276), (53.828504760994974, 26.04830826990128), (53.89850281660096, 26.007232370211664), (53.96850087220693, 25.974998164893822), (54.038498927812924, 25.961683790764173), (54.10849698341888, 25.962105990623325), (54.17849503902486, 25.976894294618404), (54.24849309463083, 25.980733674587555), (54.31849115023681, 25.97761806580552), (54.38848920584279, 25.970016583520003), (54.45848726144877, 25.966269559770033), (54.528485317054745, 25.970966533203086), (54.59848337266071, 25.986495571772476), (54.668481428266695, 26.003398644704912), (54.73847948387265, 26.017887262192822), (54.80847753947863, 26.02965608326665), (54.8784755950846, 26.04143809808608), (54.94847365069058, 26.048364814525275), (55.018471706296545, 26.05344252175988), (55.08846976190252, 26.066383701371176), (55.15846781750851, 26.09144050908346), (55.22846587311449, 26.11901920702584), (55.29846392872046, 26.129958706947768), (55.36846198432644, 26.106328708580925), (55.43846003993242, 26.066851136929515), (55.5084580983862, 26.047141190198378), (55.57845615399576, 26.034574541614095), (55.648454209605326, 26.032127153209657), (55.718452265214886, 26.03980262327932), (55.78845032082445, 26.053909358939187), (55.85844837643401, 26.06651322416689), (55.92844643204357, 26.06506566465783), (55.998444487653124, 26.032207309497796), (56.06844254326265, 25.945747049652102)
Associated file(s): api_response_2023-10-16_14-23-46.json, api_response_2023-10-16_14-03-42.json, api_response_2023-10-16_13-03-32.json, api_response_2023-10-16_13-43-39.json, api_response_2023-10-16_14-43-49.json, api_response_2023-10-16_15-03-52.json, api_response_2023-10-16_13-23-35.json, api_response_2023-10-16_15-23-56.json, api_response_2023-10-16_14-23-46.json, api_response_2023-10-16_14-03-42.json, api_response_2023-10-16_13-03-32.json, api_response_2023-10-16_13-43-39.json, api_response_2023-10-16_14-43-49.json, api_response_2023-10-16_15-03-52.json, api_response_2023-10-16_13-23-35.json, api_response_2023-10-16_15-23-56.json

Record time: 2023-10-16T11:28:34Z
Event time: 2023-10-17T01:49:01.833Z
Status: Underway
Travel distance: 167.4362850971922
Waypoints: (53.33851837448962, 26.53291643191485), (53.40851643009915, 26.46508361614808), (53.4785144857087, 26.398268603613232), (53.548512541318274, 26.32690174884668), (53.61851059692785, 26.2514778173084), (53.68850865253743, 26.176036922382917), (53.758506708147, 26.10608085598508), (53.82850476375657, 26.046924812770538), (53.898502819366136, 26.00248450795104), (53.96850087220693, 25.974498687381878), (54.038498927812924, 25.96479939954621), (54.10849698341888, 25.964573221050234), (54.17849503902486, 25.97509994521701), (54.24849309463083, 25.980733674587555), (54.31849115023681, 25.97761806580552), (54.38848920584279, 25.970016583520003), (54.45848726144877, 25.966269559770033), (54.528485317054745, 25.970966533203086), (54.59848337266071, 25.986495571772476), (54.668481428266695, 26.003398644704912), (54.73847948387265, 26.017887262192822), (54.80847753947863, 26.02965608326665), (54.8784755950846, 26.04143809808608), (54.94847365069058, 26.048364814525275), (55.018471706296545, 26.05344252175988), (55.08846976190252, 26.066383701371176), (55.15846781750851, 26.09144050908346), (55.22846587311449, 26.11901920702584), (55.29846392872046, 26.129958706947768), (55.36846198432644, 26.106328708580925), (55.43846003993242, 26.066851136929515), (55.5084580983862, 26.047141190198378), (55.57845615399576, 26.034574541614095), (55.648454209605326, 26.032127153209657), (55.718452265214886, 26.03980262327932), (55.78845032082445, 26.053909358939187), (55.85844837643401, 26.06651322416689), (55.92844643204357, 26.06506566465783), (55.998444487653124, 26.032207309497796), (56.06844254326265, 25.945747049652102)
Associated file(s): api_response_2023-10-16_17-04-12.json, api_response_2023-10-16_18-04-22.json, api_response_2023-10-16_15-43-59.json, api_response_2023-10-16_16-44-09.json, api_response_2023-10-16_17-44-19.json, api_response_2023-10-16_16-04-02.json, api_response_2023-10-16_18-24-25.json, api_response_2023-10-16_16-24-06.json, api_response_2023-10-16_17-24-15.json, api_response_2023-10-16_17-04-12.json, api_response_2023-10-16_18-04-22.json, api_response_2023-10-16_15-43-59.json, api_response_2023-10-16_16-44-09.json, api_response_2023-10-16_17-44-19.json, api_response_2023-10-16_16-04-02.json, api_response_2023-10-16_18-24-25.json, api_response_2023-10-16_16-24-06.json, api_response_2023-10-16_17-24-15.json

Record time: 2023-10-16T14:31:20Z
Event time: 2023-10-17T01:31:17.400Z
Status: Underway
Travel distance: 127.98758099352052
Waypoints: (53.968500874975675, 26.320702573235874), (54.03849893058526, 26.26334747629563), (54.10849698619484, 26.183892855476806), (54.17849504180441, 26.104829334973953), (54.24849309741398, 26.03942134116621), (54.318491153023544, 25.99383223806918), (54.38848920863311, 25.969027996342803), (54.45848726424268, 25.96245939585524), (54.52848531985225, 25.969522761802786), (54.59848337266071, 25.984799233052676), (54.668481428266695, 26.00668765700053), (54.73847948387265, 26.021675752000384), (54.80847753947863, 26.030328964292174), (54.8784755950846, 26.03964374868469), (54.94847365069058, 26.048364814525275), (55.018471706296545, 26.05344252175988), (55.08846976190252, 26.066383701371176), (55.15846781750851, 26.09144050908346), (55.22846587311449, 26.11901920702584), (55.29846392872046, 26.129958706947768), (55.36846198432644, 26.106328708580925), (55.43846003993242, 26.066851136929515), (55.5084580983862, 26.047141190198378), (55.57845615399576, 26.034574541614095), (55.648454209605326, 26.032127153209657), (55.718452265214886, 26.03980262327932), (55.78845032082445, 26.053909358939187), (55.85844837643401, 26.06651322416689), (55.92844643204357, 26.06506566465783), (55.998444487653124, 26.032207309497796), (56.06844254326265, 25.945747049652102)
Associated file(s): api_response_2023-10-16_18-44-29.json, api_response_2023-10-16_19-04-32.json, api_response_2023-10-16_18-44-29.json, api_response_2023-10-16_19-04-32.json

Record time: 2023-10-16T15:16:30Z
Event time: 2023-10-17T00:56:26.200Z
Status: Underway
Travel distance: 116.9244060475162
Waypoints: (54.1084969861948, 26.252251056474172), (54.1784950418044, 26.184585053059777), (54.24849309741397, 26.118081298689514), (54.31849115302352, 26.063673724497146), (54.38848920863309, 26.025738027643268), (54.45848726424265, 26.00419739311292), (54.52848531985222, 25.996305345710194), (54.598483375461804, 25.99810573224982), (54.668481431071385, 26.005569833945728), (54.73847948387265, 26.015410607661913), (54.80847753947863, 26.025343613276757), (54.8784755950846, 26.03914427117275), (54.94847365069058, 26.05148042330731), (55.018471706296545, 26.055909752186793), (55.08846976190252, 26.064589351969783), (55.15846781750851, 26.09144050908346), (55.22846587311449, 26.11901920702584), (55.29846392872046, 26.129958706947768), (55.36846198432644, 26.106328708580925), (55.43846003993242, 26.066851136929515), (55.5084580983862, 26.047141190198378), (55.57845615399576, 26.034574541614095), (55.648454209605326, 26.032127153209657), (55.718452265214886, 26.03980262327932), (55.78845032082445, 26.053909358939187), (55.85844837643401, 26.06651322416689), (55.92844643204357, 26.06506566465783), (55.998444487653124, 26.032207309497796), (56.06844254326265, 25.945747049652102)
Associated file(s): api_response_2023-10-16_19-24-35.json, api_response_2023-10-16_19-24-35.json

Record time: 2023-10-16T15:29:04Z
Event time: 2023-10-17T00:40:03.750Z
Status: Underway
Travel distance: 113.80723542116631
Waypoints: (54.178495041804375, 26.25315347440369), (54.248493097413956, 26.18745989597531), (54.318491153023515, 26.11403889496212), (54.388489208633075, 26.052476072664017), (54.45848726424264, 26.0112544934592), (54.52848531985221, 25.99127421068382), (54.598483375461775, 25.98883612644024), (54.66848143107135, 25.99809018533401), (54.73847948668093, 26.012947902139487), (54.80847753947863, 26.028459222058792), (54.8784755950846, 26.04161150159966), (54.94847365069058, 26.04968607390592), (55.018471706296545, 26.055909752186793), (55.08846976190252, 26.064589351969783), (55.15846781750851, 26.09144050908346), (55.22846587311449, 26.11901920702584), (55.29846392872046, 26.129958706947768), (55.36846198432644, 26.106328708580925), (55.43846003993242, 26.066851136929515), (55.5084580983862, 26.047141190198378), (55.57845615399576, 26.034574541614095), (55.648454209605326, 26.032127153209657), (55.718452265214886, 26.03980262327932), (55.78845032082445, 26.053909358939187), (55.85844837643401, 26.06651322416689), (55.92844643204357, 26.06506566465783), (55.998444487653124, 26.032207309497796), (56.06844254326265, 25.945747049652102)
Associated file(s): api_response_2023-10-16_19-44-39.json, api_response_2023-10-16_19-44-39.json

Record time: 2023-10-16T15:59:14Z
Event time: 2023-10-17T00:19:23.250Z
Status: Underway
Travel distance: 104.55939524838013
Waypoints: (54.318491153023565, 26.25999180988248), (54.38848920863315, 26.17673030797416), (54.45848726424272, 26.171897913022182), (54.52848531985227, 26.190964189075917), (54.59848337546183, 26.20400032367514), (54.6684814310714, 26.198923930103252), (54.738479486680966, 26.175622176133285), (54.80847754229054, 26.140953239266604), (54.87847559790011, 26.104626088464396), (54.94847365069058, 26.07595859103406), (55.018471706296545, 26.05658828767471), (55.08846976190252, 26.058050908615346), (55.15846781750851, 26.083305622511606), (55.22846587311449, 26.11600160892539), (55.29846392872046, 26.130780488816473), (55.36846198432644, 26.111911547789873), (55.43846003993242, 26.067524017955037), (55.5084580983862, 26.046722508671362), (55.57845615399576, 26.033553665553093), (55.648454209605326, 26.03125852497666), (55.718452265214886, 26.039657172229347), (55.78845032082445, 26.054522039930692), (55.85844837643401, 26.067293300091745), (55.92844643204357, 26.0651363511494), (55.998444487653124, 26.03134139997603), (56.06844254326265, 25.946065138864192)
Associated file(s): api_response_2023-10-16_20-04-42.json, api_response_2023-10-16_20-04-42.json

Record time: 2023-10-16T16:16:31Z
Event time: 2023-10-16T23:59:30Z
Status: Underway
Travel distance: 100.93574514038878
Waypoints: (54.38848920863312, 26.258848786010496), (54.45848726424269, 26.175569612479293), (54.528485319852244, 26.177141301716944), (54.5984833754618, 26.196768631807018), (54.66848143107136, 26.201998758217236), (54.73847948668093, 26.183906489013935), (54.808477542290504, 26.14791219185341), (54.878475597900085, 26.106232332750057), (54.94847365350966, 26.07196264662142), (55.018471706296545, 26.05479393827332), (55.08846976190252, 26.058050908615346), (55.15846781750851, 26.083305622511606), (55.22846587311449, 26.11600160892539), (55.29846392872046, 26.130780488816473), (55.36846198432644, 26.111911547789873), (55.43846003993242, 26.067524017955037), (55.5084580983862, 26.046722508671362), (55.57845615399576, 26.033553665553093), (55.648454209605326, 26.03125852497666), (55.718452265214886, 26.039657172229347), (55.78845032082445, 26.054522039930692), (55.85844837643401, 26.067293300091745), (55.92844643204357, 26.0651363511494), (55.998444487653124, 26.03134139997603), (56.06844254326265, 25.946065138864192)
Associated file(s): api_response_2023-10-16_20-24-45.json, api_response_2023-10-16_20-44-49.json, api_response_2023-10-16_20-24-45.json, api_response_2023-10-16_20-44-49.json

Record time: 2023-10-16T16:46:42Z
Event time: 2023-10-16T23:41:12.333Z
Status: Underway
Travel distance: 90.68952483801296
Waypoints: (54.52848531985224, 26.171537957942018), (54.59848337546183, 26.205145500812097), (54.6684814310714, 26.201839513705956), (54.73847948668096, 26.175148212241044), (54.80847754229052, 26.138484837966026), (54.878475597900085, 26.10333653405415), (54.94847365350965, 26.07798304412353), (55.018471709119225, 26.06674523418421), (55.088469764728806, 26.069763437712105), (55.15846781750851, 26.083305622511606), (55.22846587311449, 26.11600160892539), (55.29846392872046, 26.130780488816473), (55.36846198432644, 26.111911547789873), (55.43846003993242, 26.067524017955037), (55.5084580983862, 26.046722508671362), (55.57845615399576, 26.033553665553093), (55.648454209605326, 26.03125852497666), (55.718452265214886, 26.039657172229347), (55.78845032082445, 26.054522039930692), (55.85844837643401, 26.067293300091745), (55.92844643204357, 26.0651363511494), (55.998444487653124, 26.03134139997603), (56.06844254326265, 25.946065138864192)
Associated file(s): api_response_2023-10-16_22-05-02.json, api_response_2023-10-16_21-44-59.json, api_response_2023-10-16_21-24-56.json, api_response_2023-10-16_21-04-52.json, api_response_2023-10-16_22-05-02.json, api_response_2023-10-16_21-44-59.json, api_response_2023-10-16_21-24-56.json, api_response_2023-10-16_21-04-52.json

Record time: 2023-10-16T18:07:06Z
Event time: 2023-10-16T23:56:23Z
Status: Underway
Travel distance: 77.76403887688984
Waypoints: (54.808477542290504, 26.184747307572714), (54.87847559790004, 26.110713117237573), (54.94847365350961, 26.053373727137316), (55.01847170911918, 26.03607264287844), (55.08846976472875, 26.054588590800304), (55.158467820338316, 26.09079793151548), (55.228465875947876, 26.123396753002275), (55.298463931557436, 26.135682643249478), (55.368461987377536, 26.12039614255256), (55.438460042987366, 26.07302479640285), (55.508458098597195, 26.026226870734952), (55.57845615399566, 26.014859588885034), (55.64845420960522, 26.025440682883126), (55.71845226521479, 26.050259423231054), (55.78845032082438, 26.074456535180563), (55.85844837643397, 26.08084027824355), (55.92844643204356, 26.05726588208909), (55.998444487653146, 26.006578338728417), (56.06844254326271, 25.959118550987526)
Associated file(s): api_response_2023-10-16_23-25-15.json, api_response_2023-10-16_23-45-18.json, api_response_2023-10-17_01-05-31.json, api_response_2023-10-17_00-05-21.json, api_response_2023-10-16_22-45-08.json, api_response_2023-10-17_00-25-25.json, api_response_2023-10-16_22-25-05.json, api_response_2023-10-17_00-45-28.json, api_response_2023-10-16_23-05-12.json, api_response_2023-10-16_23-25-15.json, api_response_2023-10-16_23-45-18.json, api_response_2023-10-17_01-05-31.json, api_response_2023-10-17_00-05-21.json, api_response_2023-10-16_22-45-08.json, api_response_2023-10-17_00-25-25.json, api_response_2023-10-16_22-25-05.json, api_response_2023-10-17_00-45-28.json, api_response_2023-10-16_23-05-12.json

Record time: 2023-10-16T21:17:38Z
Event time: 2023-10-16T23:58:39.400Z
Status: Underway
Travel distance: 35.8158747300216
Waypoints: (55.57845615399572, 26.044340723453907), (55.64845420960529, 25.97432905484247), (55.718452265214864, 26.044340723453907), (55.78845032082444, 26.114352392065342), (55.858448376433984, 26.114352392065342), (55.92844643204356, 26.044340723453907), (55.99844448765313, 25.97432905484247), (56.06844254326268, 25.97432905484247)
Associated file(s): api_response_2023-10-17_01-45-38.json, api_response_2023-10-17_01-25-35.json, api_response_2023-10-17_01-45-38.json, api_response_2023-10-17_01-25-35.json

Record time: 2023-10-16T22:00:55Z
Event time: 2023-10-16T23:39:42.400Z
Status: Underway
Travel distance: 24.509719222462202
Waypoints: (55.718452265214864, 26.044340723453907), (55.78845032082444, 26.114352392065342), (55.858448376433984, 26.114352392065342), (55.92844643204356, 26.044340723453907), (55.99844448765313, 25.97432905484247), (56.06844254326268, 25.97432905484247)
Associated file(s): api_response_2023-10-17_02-05-42.json, api_response_2023-10-17_02-25-45.json, api_response_2023-10-17_02-05-42.json, api_response_2023-10-17_02-25-45.json

Record time: 2023-10-16T22:33:15Z
Event time: 2023-10-16T23:21:56.400Z
Status: Underway
Travel distance: 13.208963282937365
Waypoints: (55.858448376433984, 26.044340723453907), (55.92844643204356, 26.044340723453907), (55.99844448765313, 25.97432905484247), (56.06844254326268, 25.97432905484247)
Associated file(s): api_response_2023-10-17_02-45-49.json, api_response_2023-10-17_03-05-52.json, api_response_2023-10-17_02-45-49.json, api_response_2023-10-17_03-05-52.json

Record time: 2023-10-19T12:26:41Z
Event time: 2023-10-19T12:26:41Z
Status: Arrived
Travel distance: N/A
Waypoints: 
Associated file(s): api_response_2023-10-19_19-16-48.json, api_response_2023-10-19_21-37-11.json, api_response_2023-10-20_03-38-10.json, api_response_2023-10-20_00-37-40.json, api_response_2023-10-19_20-57-04.json, api_response_2023-10-20_01-57-54.json, api_response_2023-10-19_16-36-20.json, api_response_2023-10-19_20-16-57.json, api_response_2023-10-20_01-17-47.json, api_response_2023-10-19_23-37-31.json, api_response_2023-10-19_19-36-51.json, api_response_2023-10-19_22-57-24.json, api_response_2023-10-19_18-56-44.json, api_response_2023-10-20_02-58-03.json, api_response_2023-10-19_17-56-35.json, api_response_2023-10-19_16-56-25.json, api_response_2023-10-20_03-18-07.json, api_response_2023-10-19_17-36-31.json, api_response_2023-10-19_19-56-54.json, api_response_2023-10-19_23-57-34.json, api_response_2023-10-20_04-18-16.json, api_response_2023-10-20_03-58-13.json, api_response_2023-10-20_00-17-37.json, api_response_2023-10-19_18-36-41.json, api_response_2023-10-19_22-37-21.json, api_response_2023-10-19_21-17-07.json, api_response_2023-10-20_01-37-50.json, api_response_2023-10-19_21-57-14.json, api_response_2023-10-20_00-57-44.json, api_response_2023-10-19_18-16-38.json, api_response_2023-10-19_17-16-28.json, api_response_2023-10-19_23-17-27.json, api_response_2023-10-19_22-17-18.json, api_response_2023-10-20_02-17-57.json, api_response_2023-10-19_20-37-01.json, api_response_2023-10-20_02-38-00.json, api_response_2023-10-19_19-16-48.json, api_response_2023-10-19_21-37-11.json, api_response_2023-10-20_03-38-10.json, api_response_2023-10-20_00-37-40.json, api_response_2023-10-19_20-57-04.json, api_response_2023-10-20_01-57-54.json, api_response_2023-10-19_16-36-20.json, api_response_2023-10-19_20-16-57.json, api_response_2023-10-20_01-17-47.json, api_response_2023-10-19_23-37-31.json, api_response_2023-10-19_19-36-51.json, api_response_2023-10-19_22-57-24.json, api_response_2023-10-19_18-56-44.json, api_response_2023-10-20_02-58-03.json, api_response_2023-10-19_17-56-35.json, api_response_2023-10-19_16-56-25.json, api_response_2023-10-20_03-18-07.json, api_response_2023-10-19_17-36-31.json, api_response_2023-10-19_19-56-54.json, api_response_2023-10-19_23-57-34.json, api_response_2023-10-20_04-18-16.json, api_response_2023-10-20_03-58-13.json, api_response_2023-10-20_00-17-37.json, api_response_2023-10-19_18-36-41.json, api_response_2023-10-19_22-37-21.json, api_response_2023-10-19_21-17-07.json, api_response_2023-10-20_01-37-50.json, api_response_2023-10-19_21-57-14.json, api_response_2023-10-20_00-57-44.json, api_response_2023-10-19_18-16-38.json, api_response_2023-10-19_17-16-28.json, api_response_2023-10-19_23-17-27.json, api_response_2023-10-19_22-17-18.json, api_response_2023-10-20_02-17-57.json, api_response_2023-10-19_20-37-01.json, api_response_2023-10-20_02-38-00.json
